1115348.0 -0.0 -0.0 -0.0 -0.0 -0.0 1.0 -0.0
1155778.858 0.0023492025 -0.0049177594 0.0032295776 0.00226254 0.00055086165 0.9999973 -0.0001101402
1215352.873 0.006568238 -0.014802772 0.009135043 0.008509737 0.0011260277 0.99996257 -0.0011314735
1255783.9810000001 0.008463733 -0.022134114 0.013205985 0.012962598 0.0009864515 0.9999128 -0.0023283088
1315358.246 0.008529679 -0.03325369 0.019230045 0.016716065 -0.00013538351 0.999852 -0.004073083
1355789.104 0.0072381566 -0.04099218 0.023031896 0.018515198 -0.0011734574 0.999815 -0.005083994
1415363.3690000002 0.0037311793 -0.05121661 0.02729379 0.020380076 -0.002698267 0.999771 -0.005952246
1455794.477 0.00033554822 -0.056901846 0.02872164 0.020739421 -0.0037239338 0.99976224 -0.0056208344
1515368.4919999999 -0.005352538 -0.061949443 0.030539984 0.019864546 -0.0048455037 0.999772 -0.0061568865
1555799.851 -0.008926265 -0.063441575 0.031790126 0.018936154 -0.0051736785 0.9997824 -0.0070656855
1615373.8649999998 -0.011711876 -0.06326804 0.034358196 0.017921273 -0.005872178 0.99977803 -0.009389816
1655804.974 -0.010938695 -0.06339034 0.03662883 0.018436858 -0.004872124 0.9997713 -0.009685664
1715379.239 -0.011319772 -0.064860396 0.038123105 0.019582681 -0.0048513473 0.9997502 -0.009622173
1755810.0969999998 -0.012188136 -0.06514897 0.037198853 0.01917597 -0.00428969 0.9997563 -0.01006952
1815384.362 -0.012032416 -0.06420541 0.038461875 0.018057093 -0.0026671677 0.9997792 -0.010412729
1855815.7200000002 -0.013018796 -0.06373181 0.03908015 0.017810317 -0.0036644898 0.99977285 -0.011120074
1915389.735 -0.013496074 -0.062335514 0.039704334 0.01754336 -0.003458106 0.99977994 -0.0109714465
1955820.8429999999 -0.013724958 -0.06118981 0.039749213 0.01660471 -0.0024317345 0.99979967 -0.010909523
2015395.1080000002 -0.014512174 -0.059571724 0.04074785 0.015465933 -0.0017793374 0.9997966 -0.012823929
2056903.989 -0.013825439 -0.057398766 0.04140278 0.015393806 -0.0007723975 0.99978745 -0.013692377
2106384.04 -0.011985476 -0.05530118 0.041807804 0.015621514 -0.0007524555 0.9997794 -0.014024513
2156449.853 -0.010688608 -0.055098858 0.042047657 0.015593785 -0.00021537738 0.9997589 -0.015462076
2207070.927 -0.010469836 -0.054004118 0.04191699 0.01474641 0.0003304133 0.9997663 -0.015806692
2258064.51 -0.009533347 -0.05279157 0.041707292 0.013721142 0.00015046632 0.9997762 -0.01610594
2308027.571 -0.009238542 -0.051767837 0.04079043 0.01379724 -3.0773997e-05 0.99977136 -0.016336173
2357300.867 -0.008959287 -0.05065561 0.040018946 0.013510667 0.00010094723 0.9997772 -0.016217358
2406819.4179999996 -0.009247616 -0.05083539 0.0392065 0.013254955 0.00072290626 0.9997662 -0.017072873
2456687.477 -0.008328081 -0.05076476 0.038667187 0.01261348 0.0021179903 0.9997758 -0.016877562
2506848.792 -0.008531706 -0.04964411 0.038735893 0.012347867 0.002041155 0.9997843 -0.016577378
2557223.361 -0.00703135 -0.048805147 0.039215654 0.012458353 0.0016874373 0.9997798 -0.016802141
2607416.9269999997 -0.0059163743 -0.04917719 0.03839651 0.012975986 0.0015179613 0.9997799 -0.016420688
2657292.486 -0.004880481 -0.049769968 0.0385295 0.01366497 0.0007520751 0.99977696 -0.016088517
2707041.542 -0.0036369888 -0.05154639 0.038294926 0.0152584 -1.31544e-05 0.99974865 -0.016428262
2756893.35 -0.0029451647 -0.054402538 0.038826987 0.017442845 -0.0015492273 0.99970025 -0.017112367
2806911.912 -0.0029207582 -0.058494598 0.04040055 0.020327969 -0.0025880989 0.99961483 -0.018718071
2857049.477 -0.0039281123 -0.06382393 0.042110555 0.023042632 -0.0028625566 0.9995218 -0.02042191
2907202.541 -0.007414027 -0.070845805 0.04440683 0.025394546 -0.0027837057 0.99940974 -0.022968948
2957229.3540000003 -0.01328007 -0.07815062 0.04723484 0.027512819 -0.003659004 0.9993136 -0.024535954
3007144.413 -0.021249052 -0.08629302 0.05015652 0.030354416 -0.005617629 0.99920183 -0.025352105
3057059.973 -0.031603593 -0.09507051 0.05297419 0.032022692 -0.008297372 0.9991488 -0.024646282
3107054.784 -0.045511134 -0.10419099 0.05538419 0.032435898 -0.011964892 0.9991274 -0.023438325
3157128.3479999998 -0.06235331 -0.11230468 0.058727663 0.031297557 -0.016371923 0.99910027 -0.023476778
3207297.663 -0.08259728 -0.1190936 0.06357203 0.030777754 -0.020649955 0.9990536 -0.02276627
3257366.7260000003 -0.10333044 -0.12396327 0.06782849 0.029414976 -0.020412892 0.99912775 -0.021491285
3307350.537 -0.12525812 -0.1237379 0.06964573 0.02265931 -0.015733657 0.9993516 -0.023138847
3357313.0979999998 -0.14720975 -0.1215341 0.06999275 0.011138587 -0.008517778 0.9996199 -0.023738677
3407284.658 -0.1670838 -0.11740396 0.06783346 -0.001312784 -0.0005264451 0.9997527 -0.022195442
3457294.97 -0.18304256 -0.11009879 0.06407269 -0.011249779 0.005822006 0.9997316 -0.019400328
3507345.2830000003 -0.19649425 -0.09983579 0.057706315 -0.020330472 0.008404921 0.99964774 -0.014849873
3557395.345 -0.2064612 -0.08693821 0.049537506 -0.0311936 0.008592386 0.99942297 -0.010335835
3607397.907 -0.21167839 -0.07111485 0.040366963 -0.04013671 0.007476533 0.9991286 -0.008680888
3657368.968 -0.21118155 -0.054280628 0.030230416 -0.047286015 0.006577218 0.9988237 -0.00848847
3707334.7789999996 -0.20465721 -0.03744821 0.020446923 -0.051505037 0.0050564925 0.99861836 -0.009112691
3757286.839 -0.19171049 -0.02214164 0.011456976 -0.051199056 0.005562043 0.99864066 -0.008044188
3807257.9 -0.17325915 -0.008094203 0.0035764757 -0.046181493 0.005406941 0.9988941 -0.0069717937
3857212.961 -0.15331042 0.006290915 -0.0043030824 -0.04157067 0.0024751907 0.9990913 -0.009071089
3907160.271 -0.13336027 0.020055644 -0.011387381 -0.03833568 -0.0013558246 0.9991603 -0.014396551
3957099.3310000002 -0.11165389 0.03280222 -0.017468683 -0.033175778 -0.005333662 0.9991655 -0.023221618
4007030.3910000003 -0.08847995 0.042090856 -0.02258594 -0.025040003 -0.006720506 0.9991877 -0.030851346
4056945.9510000004 -0.06532972 0.046842437 -0.027124818 -0.01949781 -0.00803333 0.99919236 -0.034204643
4106853.011 -0.041975595 0.04699631 -0.030420806 -0.01287171 -0.009444162 0.9992366 -0.035656482
4156808.071 -0.01987351 0.04313815 -0.03205472 -0.0052895136 -0.011021883 0.99917495 -0.03873013
4206818.883 0.0011294995 0.0341331 -0.03216579 0.0028978388 -0.0097976485 0.99910647 -0.04101142
4256861.194999999 0.019860072 0.021256566 -0.031203188 0.012259875 -0.012207894 0.99894387 -0.042566188
4306895.758 0.03446297 0.003923467 -0.028917752 0.020465637 -0.014848634 0.99880296 -0.041872706
4356906.319 0.044632554 -0.015729755 -0.025330514 0.02589865 -0.017042132 0.99870193 -0.04041475
4406900.881 0.050109874 -0.035376433 -0.020643786 0.029238699 -0.018211976 0.9986225 -0.039579358
4456918.943 0.052739408 -0.05527083 -0.015266544 0.031093713 -0.016396917 0.9986041 -0.03942309
4506953.505 0.054440975 -0.07476616 -0.007624358 0.03649438 -0.012505303 0.99853396 -0.03796953
4557012.068 0.05384752 -0.092556134 0.0002427432 0.043512758 -0.007441711 0.9983279 -0.037318222
4607069.88 0.047530886 -0.1076818 0.0077880602 0.045550577 -0.006091851 0.99822813 -0.03779767
4657120.193 0.034724824 -0.1204927 0.015561633 0.041922804 -0.0062875925 0.99839145 -0.0376495
4707154.005 0.016754467 -0.13136356 0.023208 0.035628986 -0.0069028256 0.9986413 -0.037396573
4757188.818 -0.0035936283 -0.13761328 0.02998709 0.027584963 -0.0062075327 0.998924 -0.036761332
4807230.880000001 -0.026162373 -0.13768989 0.03278205 0.017980512 -0.0062348964 0.999143 -0.03675855
4857273.442 -0.04862406 -0.13049643 0.03236593 0.0071826954 -0.006096728 0.99913687 -0.040456884
4907338.505 -0.06960345 -0.11942546 0.030129526 -0.0030682827 -0.0025505826 0.9989312 -0.046050668
4957318.066 -0.09068883 -0.107799195 0.02683854 -0.013042998 0.0020062 0.99867123 -0.04981613
5007249.375999999 -0.11212914 -0.09638152 0.022500008 -0.026030809 0.004875066 0.9984046 -0.04986858
5057164.936 -0.1307551 -0.08387303 0.017361296 -0.039275423 0.00251336 0.99815553 -0.046224624
5107119.747 -0.14511205 -0.06941396 0.011141795 -0.04892488 -0.0034315023 0.9979409 -0.041335054
5157138.309 -0.15423235 -0.053616825 0.004525708 -0.055138268 -0.0095540965 0.99774146 -0.037156332
5207204.372 -0.16030826 -0.037433274 -0.0027354353 -0.060550343 -0.012964958 0.99751455 -0.033619527
5257246.433999999 -0.16344206 -0.021773476 -0.011599459 -0.06841393 -0.014175584 0.99708694 -0.03059881
5307233.495 -0.1621577 -0.0065310677 -0.020895537 -0.075882845 -0.015085694 0.99667037 -0.025739823
5357164.805 -0.15532221 0.007714375 -0.02947664 -0.079407044 -0.014283143 0.9965077 -0.021515915
5407112.116 -0.14362663 0.022574672 -0.036231548 -0.07966209 -0.0122644 0.9965164 -0.02141694
5457090.677 -0.12794426 0.03753968 -0.042360194 -0.07858184 -0.008609074 0.9966231 -0.022208996
5507085.238 -0.10841315 0.05116482 -0.047717284 -0.07452547 -0.0027341025 0.99690616 -0.024832346
5557103.55 -0.085562564 0.063859425 -0.05038855 -0.06514395 0.0019248719 0.997421 -0.030064434
5607021.109999999 -0.060314327 0.0724286 -0.050766643 -0.053888854 0.0037610093 0.99795485 -0.03417777
5656950.67 -0.032798313 0.07644869 -0.049468912 -0.04038729 0.0042776866 0.9984637 -0.037694477
5706873.48 -0.0032508357 0.075107254 -0.048342306 -0.02412206 0.005529177 0.9988877 -0.040135987
5756836.541 0.025916822 0.06699345 -0.048901845 -0.010052749 0.0087147225 0.99916166 -0.038718536
5806831.352 0.053648148 0.055176683 -0.050279606 0.0021075783 0.009041025 0.9993251 -0.035542473
5856873.914 0.08072017 0.040124577 -0.051243965 0.014763264 0.009242311 0.99936825 -0.030980349
5906939.727 0.10351596 0.021413706 -0.051174134 0.025965456 0.009629055 0.9992877 -0.02563322
5956997.79 0.1207359 0.0027695147 -0.04925098 0.035016127 0.008075794 0.9991056 -0.022287533
6007024.352 0.1326068 -0.01600513 -0.04385202 0.03999121 0.0054101795 0.99895287 -0.021556769
6057034.914 0.13858314 -0.034142252 -0.03489484 0.041160922 0.0028462315 0.99883276 -0.025118235
6107045.476000001 0.13865295 -0.050843254 -0.02241027 0.03868819 0.0029421526 0.9987701 -0.03086905
6157056.2870000005 0.13328508 -0.067251116 -0.0076564294 0.03315232 0.0012519022 0.99880487 -0.035892144
6207074.348999999 0.124917164 -0.08146196 0.010533915 0.027714867 -0.0014075026 0.9988723 -0.038525213
6257084.910999999 0.115190305 -0.09437137 0.028675377 0.02290284 -0.004326827 0.9988728 -0.041351657
6307103.473 0.10355125 -0.104270495 0.046849836 0.018040946 -0.0051087234 0.9988256 -0.044675395
6357145.785 0.090956256 -0.11237471 0.06503183 0.0142642325 -0.004447856 0.9987129 -0.04846983
6407203.848 0.07784192 -0.118930966 0.08349623 0.011958964 -0.0026714464 0.9986167 -0.05113255
6457253.911 0.06313414 -0.12331736 0.10348566 0.009291894 -0.0028821826 0.998488 -0.05410311
6507280.472999999 0.046305325 -0.1262689 0.12433909 0.0050356817 -0.005333561 0.9982861 -0.05806147
6557291.284999999 0.029801005 -0.12707041 0.14622448 0.0019223439 -0.008369133 0.9979882 -0.06281576
6607309.346 0.013905832 -0.12621707 0.16875301 0.001129202 -0.010600074 0.9976767 -0.06728838
6657327.908 -0.0011057002 -0.12327938 0.19067636 0.0005514393 -0.010496085 0.99720854 -0.07392321
6707346.72 -0.014732352 -0.1195528 0.21152 0.0011771639 -0.00957484 0.9967044 -0.08054415
6757357.282 -0.026974149 -0.11573021 0.23079647 0.0018836497 -0.009207004 0.99613714 -0.087307274
6807359.8440000005 -0.039200433 -0.11109337 0.2471146 0.0007202713 -0.009525509 0.9954346 -0.09496709
6857346.405 -0.05040509 -0.1056413 0.26147878 -0.0011160135 -0.010406075 0.9947841 -0.10146436
6907340.966 -0.06195927 -0.09941591 0.27272847 -0.004774837 -0.011764997 0.99414223 -0.10733153
6957327.528 -0.07332625 -0.09255857 0.2813148 -0.010797955 -0.012542938 0.9934375 -0.11317263
7007322.839000001 -0.082868546 -0.08700979 0.28781042 -0.0151049765 -0.012841892 0.9928641 -0.11759222
7057309.4 -0.09122942 -0.084203966 0.29103652 -0.016609205 -0.013079929 0.99293274 -0.1167806
7107296.211 -0.09994437 -0.07939452 0.28919265 -0.020585626 -0.012472352 0.993016 -0.11549852
7157290.773 -0.10869026 -0.070740715 0.28356007 -0.026794126 -0.010660351 0.99269515 -0.11715295
7207301.335 -0.114645846 -0.058593683 0.27522817 -0.028980259 -0.009330077 0.99203855 -0.1221995
7257295.896000001 -0.11792651 -0.048267562 0.26236933 -0.029818391 -0.006360422 0.9918595 -0.1236332
7307250.9569999995 -0.12055991 -0.038894128 0.24625018 -0.03369735 -0.0007758496 0.9918018 -0.12326044
7357158.766 -0.12091982 -0.030618459 0.22849551 -0.034321483 0.0057357377 0.992055 -0.1208969
7407081.825999999 -0.12041349 -0.021437835 0.20878054 -0.032660827 0.007580849 0.99263346 -0.1164248
7457038.637 -0.12106288 -0.010039225 0.18691476 -0.03359001 0.0070903045 0.993062 -0.11246935
7507039.448 -0.12405595 0.0023392125 0.16232494 -0.03949765 0.004925739 0.9932158 -0.10926134
7557058.26 -0.12740618 0.01359933 0.13655697 -0.049902353 0.002634467 0.9932928 -0.104270615
7607036.821 -0.1280631 0.02352185 0.11070584 -0.05687826 0.00067239447 0.993677 -0.096801035
7656992.132 -0.1261461 0.032600388 0.0844459 -0.06133596 -0.002140029 0.99405444 -0.089940175
7706947.192 -0.12240461 0.042363442 0.057735883 -0.06585436 -0.006216204 0.99439317 -0.08250335
7756941.754000001 -0.11733297 0.051673032 0.030459939 -0.07239096 -0.008684761 0.99454015 -0.07465948
7806960.316000001 -0.10957379 0.06199129 0.0038562864 -0.07899235 -0.010375167 0.9943902 -0.06957595
7856994.628 -0.098461755 0.07178687 -0.020237844 -0.08196426 -0.010720111 0.99437004 -0.06629637
7907026.4399999995 -0.08495064 0.07984547 -0.04074889 -0.08093577 -0.010837965 0.99474764 -0.061717972
7956976.251 -0.068790674 0.08388396 -0.058186613 -0.07707541 -0.011088171 0.99528706 -0.057794295
8006938.811 -0.050515436 0.0864636 -0.07415775 -0.072313756 -0.011756483 0.9958111 -0.054706644
8056917.872 -0.030401036 0.086515635 -0.08834318 -0.06732219 -0.00966943 0.9962465 -0.053545315
8106912.434 -0.007592497 0.08265773 -0.10068151 -0.061337013 -0.00579692 0.99664724 -0.053837556
8156938.996 0.018012688 0.07356728 -0.11071992 -0.051204015 0.001149862 0.9972349 -0.053848114
8206973.307999999 0.04579631 0.06072895 -0.118731394 -0.038067628 0.009076191 0.99781907 -0.053156417
8256992.12 0.07237781 0.04475942 -0.124691434 -0.024123667 0.016522013 0.99841017 -0.04818959
8306994.682 0.0975665 0.027800506 -0.12959668 -0.010319616 0.018878113 0.99880016 -0.043994837
8357005.243000001 0.11915809 0.010383848 -0.13296194 0.0029523594 0.019818563 0.9989027 -0.042331956
8407031.305 0.13652334 -0.008738088 -0.13532145 0.010646475 0.018579954 0.99891067 -0.041460913
8457089.368 0.14891668 -0.028085884 -0.13695382 0.012887002 0.01583376 0.99894 -0.041257594
8507131.431 0.15778361 -0.048336536 -0.13641463 0.011746155 0.011668818 0.9989743 -0.042144924
8557142.242 0.16416986 -0.067487225 -0.1328032 0.01051769 0.005293193 0.9988707 -0.046031296
8607147.304 0.16791609 -0.087707214 -0.12716325 0.008655623 0.0002263152 0.9987716 -0.048788983
8657107.865 0.16930293 -0.10917545 -0.12001334 0.006435751 -0.0024070358 0.99855995 -0.053205926
8707102.676 0.168365 -0.13056128 -0.11011423 0.0070322296 -0.0022164253 0.99830586 -0.05771567
8757129.238 0.16561337 -0.1535768 -0.098359406 0.008824113 -0.0019732025 0.99808854 -0.061135765
8807155.3 0.16060062 -0.17676744 -0.084797814 0.00926473 -0.0011438895 0.99792784 -0.063662976
8857189.863 0.15234384 -0.19865395 -0.07006229 0.008202228 -0.00097164157 0.9977949 -0.06585698
8907223.924999999 0.13830224 -0.21752562 -0.055304423 0.005627284 -0.002597104 0.99724483 -0.07392137
8957266.237 0.12070541 -0.23419812 -0.0398364 5.003987e-05 -0.0032962246 0.99650335 -0.08348821
9007317.05 0.09982628 -0.25017387 -0.023711048 -0.0056065978 -0.0017783509 0.9959723 -0.08946916
9057327.112 0.07892831 -0.26367843 -0.007877003 -0.009060836 -0.00047018292 0.9955808 -0.09347
9107401.424999999 0.055984925 -0.27441746 0.008536915 -0.012670636 -0.00068087655 0.99544233 -0.094517194
9157324.735 0.032306056 -0.28359637 0.024765618 -0.017330613 1.5430767e-05 0.9954276 -0.093933485
9207366.797 0.009658411 -0.29026207 0.040864732 -0.017170452 0.0020573249 0.9954644 -0.09354995
9257440.86 -0.011083428 -0.294342 0.057069097 -0.013675832 0.002478582 0.995674 -0.09186988
9307514.423 -0.03225308 -0.29455173 0.07294481 -0.010775174 -0.0016850664 0.99616903 -0.08676584
9357557.236000001 -0.052708425 -0.28721696 0.08957332 -0.009736696 -0.006847193 0.99621123 -0.08614818
9407567.797 -0.0716926 -0.27469292 0.106399246 -0.0075473045 -0.008866833 0.9958608 -0.09014291
9457562.609000001 -0.089274906 -0.2607384 0.12414367 -0.0033608826 -0.009697521 0.99554867 -0.09368844
9507549.17 -0.10510706 -0.24663201 0.14406365 0.0028148238 -0.008681481 0.9956335 -0.09290241
9557535.731 -0.120895185 -0.23080036 0.16318423 0.007816057 -0.0068609104 0.9953417 -0.095847614
9607566.043 -0.13591251 -0.21132147 0.18362185 0.01006289 -0.0069647487 0.9945437 -0.103600755
9657548.855 -0.15124986 -0.19388075 0.20183967 0.007980571 -0.009287766 0.9943926 -0.10504012
9707551.666 -0.16645283 -0.17616995 0.21777263 0.0032222236 -0.011716794 0.994634 -0.10274079
9757538.227 -0.18036282 -0.15733486 0.23065348 7.694711e-05 -0.0107164215 0.9945754 -0.103464894
9807525.288999999 -0.19473565 -0.13498142 0.23741724 -0.0048140353 -0.009818182 0.9935147 -0.11317663
9857543.6 -0.20841421 -0.1130375 0.23619348 -0.011034943 -0.012958576 0.99251884 -0.120899566
9907538.661999999 -0.22151908 -0.094965324 0.22713317 -0.021746146 -0.017554147 0.99213296 -0.122029364
9957477.722000001 -0.23068841 -0.080621034 0.21314879 -0.02698596 -0.020933658 0.9925882 -0.11662848
10007376.782 -0.23459797 -0.068341576 0.1939054 -0.02913115 -0.021605063 0.9929671 -0.112698436
10057323.842 -0.23404364 -0.057800293 0.1744029 -0.026414145 -0.021151183 0.9939625 -0.10437213
10107310.903 -0.23152716 -0.049147975 0.15456544 -0.025675885 -0.022871004 0.99489903 -0.094834484
10157329.215 -0.22887775 -0.04133778 0.13470033 -0.028348727 -0.022969963 0.9958779 -0.08304209
10207347.776999999 -0.22512719 -0.032235693 0.11595085 -0.031488426 -0.022080926 0.9966382 -0.072341666
10257362.089 -0.21945834 -0.021026712 0.09889146 -0.03361019 -0.0203129 0.99722785 -0.06320089
10307337.149999999 -0.21252212 -0.0066404464 0.083557084 -0.03326266 -0.021732708 0.99751925 -0.05810951
10357324.211000001 -0.20496644 0.010311132 0.068255536 -0.033746146 -0.023635862 0.9976202 -0.05528462
10407310.772 -0.19598667 0.029189954 0.053421114 -0.033886164 -0.025165213 0.9977703 -0.051699854
10457273.832999999 -0.18736 0.047556546 0.03830119 -0.039068293 -0.02372724 0.9978147 -0.047714543
10507213.143000001 -0.17688432 0.06532776 0.02418513 -0.042298913 -0.021427799 0.99786437 -0.044926904
10557160.204 -0.16538958 0.0811498 0.010472489 -0.04620043 -0.02062606 0.9978557 -0.0415223
10607138.764999999 -0.15131122 0.09480736 -0.0008948857 -0.046773303 -0.019686673 0.99802935 -0.036907263
10657141.326 -0.13639715 0.10714227 -0.011921581 -0.048341632 -0.018896868 0.9980139 -0.03569662
10707144.137999998 -0.12005442 0.12001287 -0.022113986 -0.04921914 -0.017091855 0.99789315 -0.03866129
10757131.199000001 -0.1025285 0.13112126 -0.031605244 -0.051528778 -0.014122744 0.9977225 -0.041173212
10807101.760000002 -0.083220884 0.14086223 -0.0403632 -0.05323075 -0.012005906 0.99753577 -0.044100083
10857056.820999999 -0.060041435 0.14777184 -0.04685645 -0.051929448 -0.008397643 0.997525 -0.04665602
10907027.632 -0.034034383 0.15136245 -0.050710294 -0.0484255 -0.006312654 0.99774355 -0.046075873
10957037.943 -0.0074665127 0.15247782 -0.053509362 -0.04692609 -0.008504167 0.9978857 -0.044156086
11007080.756 0.020579822 0.149712 -0.055552755 -0.044073813 -0.009249961 0.99819446 -0.039747436
11057123.318 0.04696672 0.14420268 -0.056977123 -0.04468329 -0.009835276 0.9983542 -0.0345776
11107149.629999999 0.072942846 0.13727288 -0.056770887 -0.045733705 -0.0109753 0.99842167 -0.030696183
11157136.191 0.09850693 0.12872086 -0.05352619 -0.04610431 -0.014507841 0.99846345 -0.02710464
11207122.753 0.120755374 0.11848745 -0.04678381 -0.04743066 -0.018689716 0.99837464 -0.025479011
11257125.314000001 0.13950478 0.106648035 -0.036629654 -0.04916917 -0.019153459 0.9982873 -0.025258284
11307144.126 0.15272923 0.093250364 -0.02453013 -0.054540213 -0.017246554 0.9980581 -0.024658924
11357162.688 0.1618375 0.08010849 -0.010235164 -0.060722597 -0.015085822 0.99771994 -0.02530258
11407172.75 0.16881955 0.06585497 0.006174073 -0.06824162 -0.015107054 0.9972817 -0.023326183
11457227.313 0.17480409 0.052616365 0.02614529 -0.07195348 -0.018014302 0.9970015 -0.022051422
11507170.623 0.18094951 0.03919996 0.04812289 -0.07374056 -0.019454332 0.99685097 -0.02172561
11557188.685 0.18677106 0.025562175 0.07119567 -0.075331084 -0.017643217 0.99672544 -0.023504244
11607223.247 0.19249666 0.013219613 0.093728654 -0.07731968 -0.01574848 0.99648666 -0.028071005
11657265.309 0.19900726 0.0020012076 0.11568085 -0.077216856 -0.016258765 0.9964322 -0.029935073
11707307.372 0.20438144 -0.00912848 0.13496147 -0.07720924 -0.017891582 0.9963765 -0.030862777
11757326.184 0.20848157 -0.017468818 0.1519153 -0.07700882 -0.019978855 0.9962146 -0.035028037
11807344.746000001 0.21130864 -0.022839457 0.16676614 -0.077241816 -0.0220093 0.9958891 -0.041883897
11857362.808 0.21418566 -0.026775679 0.18045144 -0.074441336 -0.025360733 0.9957025 -0.04890732
11907381.62 0.21577586 -0.028804831 0.19159359 -0.0711509 -0.030095197 0.9954118 -0.05645555
11957376.181 0.21410994 -0.030246228 0.20051757 -0.06876644 -0.03263244 0.9951533 -0.062260337
12007355.242 0.20694554 -0.033297274 0.20752548 -0.06904977 -0.03303585 0.9948627 -0.066250615
12057333.803 0.19635932 -0.0373322 0.21471779 -0.07109207 -0.032166593 0.9945651 -0.06893122
12107368.865 0.18404503 -0.042338416 0.22181518 -0.07338402 -0.029411627 0.99441093 -0.06997603
12157347.176 0.17093068 -0.04849387 0.22892745 -0.074616365 -0.029160673 0.9944349 -0.068421006
12207405.239 0.15627451 -0.053138547 0.23579118 -0.07799038 -0.03173984 0.9940639 -0.0688986
12257471.302 0.1395735 -0.055986427 0.24224445 -0.08255641 -0.033354566 0.9935249 -0.07057115
12307521.615 0.12194397 -0.057358447 0.24886674 -0.08836614 -0.036206212 0.9927822 -0.0725544
12357532.176 0.103398584 -0.05689432 0.254915 -0.09447792 -0.03969326 0.9920197 -0.07345348
12407526.738 0.08272382 -0.05234206 0.2584806 -0.10098191 -0.047397163 0.9909902 -0.07412617
12457529.549 0.062000245 -0.042364947 0.25791153 -0.10880194 -0.05967552 0.9893503 -0.076072335
12507555.861000001 0.041955546 -0.027888369 0.25321722 -0.11571977 -0.07540076 0.98730737 -0.07840906
12557566.423 0.024731463 -0.010180863 0.24605575 -0.12000106 -0.0956239 0.9846739 -0.08290425
12607538.734 0.010151436 0.007255831 0.2381491 -0.123006575 -0.11826421 0.98151135 -0.08670922
12657428.793 -0.0009786532 0.024348903 0.22898024 -0.12358796 -0.13994697 0.9782972 -0.08986414
12707328.603 -0.009476349 0.038834773 0.21906681 -0.11782189 -0.15658723 0.97647536 -0.089968555
12757251.663 -0.016445955 0.050885923 0.20641606 -0.11287676 -0.16262741 0.9764953 -0.08525355
12807222.724 -0.024008421 0.062029324 0.19081467 -0.10765467 -0.1586989 0.9782725 -0.07879179
12857241.285 -0.03231713 0.07411621 0.17328696 -0.10529194 -0.14911461 0.98025906 -0.07596502
12907267.348000001 -0.04029473 0.085271366 0.15592001 -0.09797824 -0.13511303 0.98313147 -0.07481579
12957278.159 -0.04650445 0.09360463 0.13941592 -0.08576551 -0.12076389 0.9865262 -0.06947267
13007241.22 -0.05295709 0.09984347 0.123276845 -0.07428785 -0.10507527 0.9896524 -0.06347294
13057188.53 -0.06023909 0.10375119 0.10703255 -0.06641053 -0.08711347 0.99232155 -0.057436593
13107167.092 -0.06867372 0.106694885 0.09138133 -0.06201471 -0.06621584 0.9944239 -0.053765714
13157193.654 -0.07793728 0.10788641 0.0762337 -0.060166065 -0.045798417 0.9958755 -0.050146386
13207235.716 -0.08553625 0.10662186 0.0628769 -0.05464914 -0.021575052 0.9971718 -0.04686635
13257269.778 -0.09166991 0.10391041 0.050576996 -0.048435874 0.0072042155 0.99785006 -0.043558363
13307264.84 -0.095875785 0.09806319 0.03975602 -0.044272866 0.039971083 0.9974082 -0.040238157
13357269.900999999 -0.097942576 0.09179407 0.03016135 -0.038563043 0.06959469 0.9961985 -0.03547026
13407245.962 -0.09856398 0.087486744 0.021691728 -0.03198096 0.088687584 0.9950244 -0.0322241
13457280.525 -0.099812165 0.086945154 0.01264174 -0.027655933 0.09150896 0.99482065 -0.03454324
13507338.337000001 -0.102955855 0.08820047 0.003914882 -0.024955146 0.08136313 0.995573 -0.039898735
13557365.149 -0.106969066 0.09150746 -0.0032799405 -0.024359528 0.058483813 0.9969519 -0.04553304
13607328.209999999 -0.11187385 0.095253654 -0.008068826 -0.023778671 0.0274889 0.9979015 -0.053586304
13657259.27 -0.114865914 0.09989308 -0.007914194 -0.01983503 -0.006806074 0.9978024 -0.06285437
13707206.331 -0.11732507 0.10338328 -0.0024809996 -0.013832313 -0.04762492 0.9962049 -0.07152937
13757184.892 -0.12122688 0.10252672 0.006425487 -0.0112797525 -0.08547857 0.9933255 -0.07662058
13807233.454 -0.12679029 0.09751565 0.018073186 -0.013558511 -0.11116541 0.9904087 -0.080925964
13857214.265 -0.13319999 0.089191385 0.03180778 -0.016739383 -0.12317352 0.98824114 -0.08903714
13907225.077 -0.13858616 0.07923858 0.047517635 -0.017289497 -0.13357908 0.9860753 -0.09753576
13957235.889 -0.14328735 0.06536226 0.064080104 -0.017128253 -0.13983686 0.9847111 -0.102451615
14007222.2 -0.14803816 0.045560353 0.07988239 -0.018172326 -0.13523613 0.985096 -0.10472351
14057224.762 -0.15142903 0.023023434 0.09487203 -0.01947136 -0.122432455 0.9863877 -0.108029366
14107250.824000001 -0.15237808 0.00041800505 0.110576704 -0.015162483 -0.10340445 0.98813784 -0.11252229
14157316.887 -0.15112117 -0.024985475 0.12622924 -0.009125631 -0.08187941 0.9903265 -0.11165062
14207383.2 -0.14791535 -0.050028175 0.14180698 -0.004025188 -0.060022105 0.9922521 -0.10870587
14257433.512 -0.14331183 -0.07338303 0.15673877 0.00046277032 -0.034535732 0.9937856 -0.1058171
14307476.075 -0.13810936 -0.095304236 0.16872421 0.0015989528 -0.005601793 0.99456936 -0.10391338
14357526.137 -0.13263504 -0.11700669 0.1793077 0.0010410147 0.028370742 0.99441415 -0.10165884
14407607.700000001 -0.12708943 -0.13836361 0.18794008 -0.0038984143 0.061984833 0.99363637 -0.093966134
14457705.764 -0.122065924 -0.1578973 0.1922742 -0.010884003 0.09652425 0.99183244 -0.08266306
14507811.578000002 -0.11874781 -0.17115012 0.19142522 -0.022286654 0.12847628 0.98856866 -0.075692035
14557901.391 -0.1196476 -0.17640322 0.1880021 -0.038429763 0.15104283 0.9850871 -0.07288829
14607943.704000002 -0.1192821 -0.17591223 0.18457223 -0.050177477 0.16364925 0.9826856 -0.0709237
14657906.264 -0.11661085 -0.17098258 0.18282826 -0.04994431 0.17002182 0.9818059 -0.06822942
14707846.075 -0.11100924 -0.16184112 0.17718744 -0.039373156 0.17090775 0.98209566 -0.06876352
14757808.635 -0.106317915 -0.14351541 0.1658522 -0.028465956 0.156923 0.9846108 -0.07146031
14807827.197 -0.10144909 -0.12275982 0.14974116 -0.016979422 0.13034344 0.9887703 -0.07110284
14857853.759 -0.094905555 -0.10180044 0.13127509 -0.0054847095 0.1032438 0.9922955 -0.06826625
14907832.32 -0.08801521 -0.08221939 0.11165557 0.0019358561 0.07927195 0.9947472 -0.06473124
14957755.63 -0.082040526 -0.06434651 0.090279475 0.0074751643 0.060088985 0.99637616 -0.059733167
15007647.190000001 -0.07697986 -0.047036454 0.06788736 0.008856349 0.041597325 0.9976663 -0.053415764
15057571.0 -0.07207609 -0.029107505 0.04497707 0.008737968 0.024050979 0.9984818 -0.048778564
15107526.06 -0.067416206 -0.010188471 0.021921052 0.0061909105 0.007867487 0.9988887 -0.04605694
15157520.621000001 -0.063496575 0.008940441 0.0001333139 0.0018961123 -0.0037130974 0.9988399 -0.047973927
15207515.183 -0.05980091 0.027484309 -0.019954873 -5.483291e-05 -0.012579108 0.9985428 -0.052479085
15257478.244 -0.05541881 0.043840624 -0.038986497 -0.002063121 -0.01905056 0.99826705 -0.055640023
15307409.554 -0.05034101 0.05887062 -0.056283694 -0.0014548545 -0.02897678 0.99800056 -0.05615394
15357348.614 -0.044693455 0.072551504 -0.07179556 0.00029406152 -0.039751664 0.99763155 -0.056134343
15407319.175 -0.039968263 0.08633491 -0.08671617 -0.0005335964 -0.05122679 0.9969795 -0.058373667
15457337.737 -0.036023926 0.098963484 -0.09871547 -0.002345106 -0.06327669 0.9960458 -0.06231712
15507372.549 -0.030278115 0.10883688 -0.10608195 0.00079446344 -0.08029664 0.99470234 -0.06418059
15557398.611000001 -0.023042606 0.114363745 -0.106930405 0.0062311445 -0.099212155 0.9930309 -0.0633073
15607417.173 -0.014931658 0.11365835 -0.10232763 0.011957125 -0.11260478 0.99158555 -0.062732406
15657419.735 -0.0061821085 0.108376786 -0.09354783 0.017652065 -0.12530082 0.98992205 -0.06358065
15707430.296 0.0020491094 0.09885889 -0.081908956 0.024837032 -0.1387667 0.9879181 -0.0643802
15757432.858000001 0.008371453 0.08754387 -0.06854037 0.028269146 -0.15274234 0.9856055 -0.06672839
15807419.669 0.011517721 0.07438517 -0.054214552 0.027596338 -0.16567788 0.9834259 -0.068284914
15857398.73 0.013343222 0.06041138 -0.038695734 0.023327548 -0.18246597 0.9805883 -0.06788674
15907369.791 0.014737836 0.045161977 -0.020983681 0.01922779 -0.20046137 0.9774225 -0.06395968
15957356.102 0.014172008 0.031995617 -0.0022609406 0.010816558 -0.2158274 0.97440904 -0.061875783
16007390.665 0.012480854 0.023046464 0.017408172 0.00056794815 -0.2253645 0.97185844 -0.06856887
16057464.728 0.010316541 0.017476674 0.03735858 -0.009770785 -0.22510943 0.9709398 -0.08066118
16107569.541000001 0.0077614835 0.012146688 0.057416733 -0.01832771 -0.21785446 0.97124946 -0.09422369
16157518.852 0.0027287 0.007236736 0.07746494 -0.031008162 -0.20989329 0.9715369 -0.105353884
16207417.410999998 -0.0060830973 0.0007458306 0.095687844 -0.049130663 -0.20064723 0.97200364 -0.11196332
16257340.221 -0.018573077 -0.005752113 0.11054476 -0.07277939 -0.18826313 0.9720329 -0.1200511
16307327.032000002 -0.032124687 -0.013741202 0.122612216 -0.09739021 -0.16880701 0.97257376 -0.12696333
16357401.096 -0.044945374 -0.025128227 0.13555662 -0.11801094 -0.14277005 0.974082 -0.12982462
16407498.658999998 -0.05585321 -0.03779211 0.1502806 -0.1302751 -0.113560244 0.9760563 -0.13208573
16457556.722000001 -0.0629876 -0.050640993 0.16644345 -0.13148576 -0.08567171 0.9787336 -0.13210768
16507559.283 -0.06504129 -0.062191214 0.18534724 -0.11986728 -0.058562033 0.98262185 -0.12906066
16557546.344999999 -0.066528656 -0.06991999 0.20232636 -0.105673626 -0.037757322 0.985553 -0.12685756
16607580.657 -0.0664806 -0.0742564 0.21710768 -0.08852894 -0.019189943 0.9877974 -0.1266919
16657686.220999999 -0.066057146 -0.07616931 0.22918895 -0.0728707 -0.0019483645 0.989542 -0.12447006
16707801.534999998 -0.06555449 -0.078029916 0.23788522 -0.058452725 0.017560875 0.991183 -0.11760609
16757818.597000001 -0.06445442 -0.079043716 0.24341148 -0.043301422 0.038354713 0.99231607 -0.1093743
16807781.657 -0.06159001 -0.07808855 0.24535786 -0.028069286 0.061188396 0.99224746 -0.10446592
16857760.218 -0.05816612 -0.07602598 0.2452683 -0.0071921567 0.08329382 0.99172264 -0.097451195
16907786.779999997 -0.057828344 -0.071142055 0.24071078 0.008231429 0.09554528 0.99132866 -0.08983822
16957837.093 -0.05982636 -0.06330481 0.23280449 0.016464176 0.10584516 0.9907045 -0.08384797
17007863.155 -0.06215397 -0.05575022 0.22282651 0.021820296 0.11608698 0.9899701 -0.077504694
17057842.466000002 -0.064256676 -0.04610154 0.20974062 0.02537555 0.12108582 0.9896174 -0.07315515
17107781.526 -0.06566511 -0.033801064 0.1950234 0.030503066 0.11975859 0.98988986 -0.06960946
17157728.586999997 -0.0655283 -0.021040343 0.17905079 0.03587262 0.109235905 0.9911422 -0.06646723
17207691.648000002 -0.061674353 -0.006875612 0.1637408 0.04408652 0.092411004 0.99274975 -0.06296489
17257670.209000003 -0.052040547 0.0055185854 0.15046766 0.06237634 0.07627784 0.9935712 -0.05574245
17307641.52 -0.039462242 0.017709317 0.14015755 0.08580379 0.05722906 0.99342066 -0.049779303
17357603.83 -0.030125832 0.030002123 0.13130306 0.101086244 0.035727173 0.99310386 -0.04743436
17407559.141000003 -0.026340587 0.04252798 0.12323817 0.09704999 0.015520497 0.9939796 -0.04842705
17457530.202000003 -0.029699637 0.05334467 0.114656314 0.07750685 -0.0016076821 0.995692 -0.050868314
17507516.763 -0.03224866 0.060280263 0.108353235 0.057810966 -0.017861376 0.9968803 -0.050681308
17557519.575000003 -0.032883912 0.06667301 0.10429218 0.041734118 -0.037402425 0.99704945 -0.05245759
17607530.136 -0.033095285 0.07217351 0.09978645 0.028880918 -0.057713453 0.99631035 -0.0565759
17657548.698 -0.034250155 0.076484635 0.09540873 0.014876555 -0.07535288 0.9951146 -0.062028855
17707543.51 -0.036660448 0.07602506 0.093336485 -0.0015071273 -0.08405833 0.9941606 -0.067651674
17757513.821000002 -0.03754591 0.06857055 0.09599132 -0.016088128 -0.081731305 0.99428046 -0.066839315
17807477.131 -0.036580358 0.05503866 0.10651212 -0.024096718 -0.07317163 0.99522436 -0.059947718
17857471.693 -0.03355413 0.043020792 0.12036303 -0.027739337 -0.063181326 0.996055 -0.055795327
17907514.005 -0.032982852 0.036713406 0.13451578 -0.032801352 -0.056833465 0.9959975 -0.060688373
17957612.069000002 -0.035155427 0.034595355 0.14772746 -0.04204951 -0.057049725 0.99517894 -0.06779481
18007693.632 -0.037670106 0.034198157 0.1595499 -0.04865297 -0.06521602 0.9940114 -0.0729457
18057696.194 -0.038865723 0.031294324 0.170395 -0.05061897 -0.080337375 0.99266785 -0.07479426
18107619.753 -0.03712117 0.027227977 0.18169335 -0.04852441 -0.090671234 0.9920631 -0.0723536
18157567.064 -0.033521857 0.020223944 0.19106595 -0.04227651 -0.093624346 0.9921499 -0.071315065
18207577.626 -0.029018411 0.011986496 0.19777195 -0.030421954 -0.09058028 0.99289614 -0.0709016
18257667.439 -0.026833959 0.0053042145 0.19936599 -0.023553832 -0.08783424 0.99362963 -0.06656172
18307765.003000002 -0.031730466 0.0017899844 0.19386262 -0.032302372 -0.08627911 0.99380666 -0.06213557
18357799.565 -0.041230686 0.005003696 0.18362628 -0.04882421 -0.08612007 0.9931818 -0.061558705
18407778.126000002 -0.049297106 0.010107258 0.17214657 -0.059731886 -0.08823197 0.99241984 -0.061238006
18457769.937 -0.054375112 0.017374124 0.15979607 -0.06064397 -0.08835658 0.9926446 -0.056321077
18507704.746999998 -0.05569209 0.023538608 0.14757966 -0.054916624 -0.08266993 0.9938307 -0.049502287
18557706.809 -0.058096103 0.03261324 0.13269748 -0.051499065 -0.07660957 0.99454105 -0.04865179
18607725.121 -0.062848635 0.044187818 0.115447946 -0.052714 -0.069949724 0.9948449 -0.051107153
18657735.683 -0.06828092 0.055776373 0.09705774 -0.055103898 -0.06644808 0.99491906 -0.05181074
18707698.992999997 -0.072329044 0.0666805 0.07773844 -0.055191692 -0.06400777 0.99524266 -0.048466984
18757622.053 -0.07564061 0.07571881 0.05861588 -0.05148841 -0.059716117 0.9959574 -0.043033727
18807569.114 -0.0783606 0.0833359 0.038500406 -0.04792398 -0.05591035 0.9964495 -0.04081444
18857563.925 -0.08151087 0.090815686 0.017222479 -0.047205184 -0.054060917 0.9966696 -0.038714968
18907606.487999998 -0.08580682 0.09715836 -0.0051666326 -0.048639577 -0.052541114 0.99677104 -0.03634736
18957640.55 -0.08898783 0.10355137 -0.026502278 -0.04778291 -0.051455725 0.99693817 -0.034401186
19007635.111 -0.09049603 0.108881615 -0.04474913 -0.044673588 -0.050522555 0.99715227 -0.0337511
19057598.422 -0.09166845 0.112551235 -0.05835383 -0.04181015 -0.04883834 0.9973104 -0.035195693
19107569.233 -0.090786666 0.11421933 -0.06675343 -0.03784155 -0.046571486 0.99755734 -0.035757817
19157548.044 -0.08886202 0.11376037 -0.07081577 -0.032543845 -0.044029787 0.99793184 -0.033681355
19207606.357 -0.08708725 0.11294601 -0.07274606 -0.029383225 -0.041785274 0.9982054 -0.031252004
19257577.168 -0.08605052 0.11147186 -0.073253006 -0.028879356 -0.03868542 0.99842566 -0.028560484
19307603.48 -0.08485594 0.10952358 -0.07284813 -0.028679356 -0.03570846 0.9986074 -0.026186591
19357613.791 -0.08322757 0.108360805 -0.070492364 -0.028162543 -0.033745058 0.9987467 -0.023944275
19407608.853 -0.0820559 0.10773023 -0.06736458 -0.028255308 -0.032324664 0.9987995 -0.023586174
19457611.164 -0.08202481 0.10814926 -0.0658268 -0.027923968 -0.031226039 0.99879736 -0.02547732
19507613.976 -0.08132792 0.10942205 -0.06332104 -0.027374666 -0.030109841 0.9987923 -0.02753342
19557616.538 -0.07970043 0.109211266 -0.061625123 -0.026016979 -0.028620044 0.99886996 -0.027619753
19607619.099000003 -0.0785355 0.10832001 -0.05936606 -0.023834556 -0.027598437 0.99897206 -0.026928168
19657699.162 -0.0767257 0.10691913 -0.05781386 -0.021975903 -0.02705477 0.99903685 -0.02665451
19707600.972 -0.075357415 0.105822854 -0.056681443 -0.020048492 -0.025707498 0.999128 -0.026086044
19757611.034 -0.07430307 0.10458731 -0.056405533 -0.01918134 -0.023476291 0.99922156 -0.025244258
19807621.595000003 -0.07511705 0.104951054 -0.055127323 -0.0197915 -0.022911482 0.99921656 -0.025489638
19857640.156999998 -0.07463987 0.10543142 -0.05445851 -0.021326935 -0.022357356 0.9991941 -0.0256239
19907642.719 -0.07560685 0.10602559 -0.053537577 -0.02244748 -0.02252127 0.9991606 -0.025826562
19957637.53 -0.07513199 0.10644992 -0.053409938 -0.022457175 -0.023212854 0.9991388 -0.026050698
20007624.091000002 -0.07451892 0.10605969 -0.051845353 -0.021594128 -0.02326443 0.9991662 -0.025679773
20057626.653 -0.07379759 0.106148034 -0.050859984 -0.021249609 -0.023182664 0.99921197 -0.024220336
20107629.215 -0.07309152 0.10521858 -0.050103042 -0.020473082 -0.023165237 0.9992605 -0.022862636
20157647.777 -0.071760006 0.104036175 -0.04952409 -0.020081446 -0.023152724 0.9992707 -0.02277947
20207658.588000003 -0.07080568 0.10414758 -0.04854893 -0.01984436 -0.023111394 0.9992888 -0.02222648
20257669.15 -0.07192944 0.104430094 -0.04742116 -0.019912366 -0.02355295 0.99926734 -0.022664817
20307663.961 -0.07117807 0.103745386 -0.047536027 -0.020100929 -0.023651129 0.999269 -0.022318775
20357658.523 -0.071180895 0.10291484 -0.04746299 -0.020626817 -0.022379277 0.9992914 -0.02214572
20407661.084000003 -0.07003194 0.10247131 -0.047666907 -0.02092053 -0.020781584 0.99933124 -0.02162307
20457663.646 -0.06874547 0.10185324 -0.046839118 -0.01972108 -0.018874457 0.99941546 -0.020582281
20507674.208 -0.0675022 0.10118541 -0.046327733 -0.018695693 -0.017914202 0.99947476 -0.019488595
