0 361
1 363
2 365
3 367
4 369
5 372
6 374
7 376
8 378
9 380
10 383
11 385
12 387
13 389
14 391
15 394
16 396
17 398
18 400
19 402
20 405
21 407
22 409
23 411
24 413
25 416
26 418
27 420
28 422
29 424
30 426
31 429
32 431
33 433
34 435
35 437
36 439
37 442
38 444
39 446
40 448
41 450
42 453
43 455
44 457
45 459
46 461
47 463
48 466
49 468
50 470
51 472
52 474
53 476
54 478
55 481
56 483
57 485
58 487
59 489
60 492
61 494
62 496
63 498
64 500
65 503
66 505
67 507
68 509
69 511
70 513
71 516
72 518
73 520
74 522
75 524
76 526
77 529
78 531
79 533
80 535
81 537
82 539
83 542
84 544
85 546
86 548
87 550
88 552
89 554
90 557
91 559
92 561
93 563
94 565
95 568
96 570
97 572
98 574
99 576
100 578
101 581
102 583
103 585
104 587
105 589
106 591
107 593
108 596
109 598
110 600
111 602
112 604
113 606
114 609
115 611
116 613
117 615
118 617
119 620
120 622
121 624
122 626
123 628
124 630
125 633
126 635
127 637
128 639
129 641
130 643
131 646
132 648
133 650
134 652
135 654
136 656
137 659
138 661
139 663
140 665
141 667
142 670
143 672
144 674
145 676
146 678
147 680
148 683
149 685
150 687
151 689
152 691
153 693
154 696
155 698
156 700
157 702
158 704
159 706
160 708
161 711
162 713
163 715
164 717
165 719
166 722
167 724
168 726
169 728
170 730
171 732
172 735
173 737
174 739
175 741
176 743
177 745
178 748
179 750
180 752
181 754
182 756
183 758
184 761
185 763
186 765
187 767
188 769
189 772
190 774
191 776
192 778
193 780
194 782
195 784
196 787
197 789
198 791
199 793
200 795
201 798
202 800
203 802
204 804
205 806
206 808
207 811
208 813
209 815
210 817
211 819
212 821
213 824
214 826
215 828
216 830
217 832
218 834
219 837
220 839
221 841
222 843
223 845
224 847
225 850
226 852
227 854
228 856
229 858
230 860
231 863
232 865
233 867
234 869
235 871
236 873
237 875
238 878
239 880
240 882
241 884
242 887
243 893
244 895
245 897
246 899
247 902
248 904
249 906
250 908
251 910
252 913
253 915
254 917
255 919
256 921
257 923
258 926
259 928
260 930
261 932
262 934
263 936
264 939
265 941
266 943
267 945
268 947
269 949
270 951
271 954
272 956
273 958
274 960
275 962
276 965
277 967
278 969
279 971
280 973
281 975
282 977
283 980
284 982
285 984
286 986
287 988
288 991
289 993
290 995
291 997
292 999
293 1001
294 1003
295 1006
296 1008
297 1010
298 1012
299 1014
300 1016
301 1019
302 1021
303 1023
304 1025
305 1027
306 1030
307 1032
308 1034
309 1036
310 1038
311 1040
312 1042
313 1045
314 1047
315 1049
316 1051
317 1053
318 1056
319 1058
320 1060
321 1062
322 1064
323 1066
324 1068
325 1071
326 1073
327 1075
328 1077
329 1079
330 1081
331 1084
332 1086
333 1088
334 1090
335 1092
336 1095
337 1097
338 1099
339 1101
340 1103
341 1105
342 1108
343 1110
344 1112
345 1114
346 1116
347 1118
348 1121
349 1123
350 1125
351 1127
352 1129
353 1132
354 1134
355 1136
356 1138
357 1140
358 1142
359 1145
360 1147
361 1149
362 1151
363 1153
364 1155
365 1157
366 1160
367 1162
368 1164
369 1166
370 1168
371 1170
372 1173
373 1175
374 1177
375 1179
376 1181
377 1183
378 1186
379 1188
380 1190
381 1192
382 1194
383 1197
384 1199
385 1201
386 1203
387 1205
388 1207
389 1210
390 1212
391 1214
392 1216
393 1218
394 1220
395 1223
396 1225
397 1227
398 1229
399 1231
400 1233
401 1236
402 1238
403 1240
404 1242
405 1244
406 1246
407 1248
408 1251
409 1253
410 1255
411 1257
412 1259
413 1262
414 1264
415 1266
416 1268
417 1270
418 1272
419 1275
420 1277
421 1279
422 1281
423 1283
424 1285
425 1287
426 1290
427 1292
428 1294
429 1296
430 1298
431 1301
432 1303
433 1305
434 1307
435 1309
436 1311
437 1313
438 1316
439 1318
440 1320
441 1322
442 1324
443 1327
444 1329
445 1331
446 1333
447 1335
448 1337
449 1340
450 1342
451 1344
452 1346
453 1348
454 1350
455 1353
456 1355
457 1357
458 1359
459 1361
460 1363
461 1365
462 1368
463 1370
464 1372
465 1374
466 1376
467 1379
468 1385
469 1387
470 1389
471 1391
472 1394
473 1396
474 1398
475 1400
476 1402
477 1405
478 1407
479 1409
480 1411
481 1413
482 1415
483 1418
484 1420
485 1422
486 1424
487 1426
488 1428
489 1431
490 1433
491 1435
492 1437
493 1439
494 1441
495 1444
496 1446
497 1448
498 1450
499 1452
500 1454
501 1457
502 1459
503 1461
504 1463
505 1465
506 1467
507 1470
508 1472
509 1474
510 1476
511 1478
512 1480
513 1483
514 1485
515 1487
516 1489
517 1491
518 1493
519 1495
520 1498
521 1500
522 1502
523 1504
524 1506
525 1509
526 1511
527 1513
528 1515
529 1517
530 1519
531 1522
532 1524
533 1526
534 1528
535 1530
536 1532
537 1535
538 1537
539 1539
540 1541
541 1543
542 1545
543 1547
544 1550
545 1552
546 1554
547 1556
548 1558
549 1561
550 1563
551 1565
552 1567
553 1569
554 1571
555 1574
556 1576
557 1578
558 1580
559 1582
560 1584
561 1587
562 1589
563 1591
564 1593
565 1595
566 1597
567 1600
568 1602
569 1604
570 1606
571 1608
572 1610
573 1613
574 1615
575 1617
576 1619
577 1621
578 1623
579 1626
580 1628
581 1630
582 1632
583 1634
584 1636
585 1639
586 1641
587 1643
588 1645
589 1647
590 1649
591 1652
592 1654
593 1656
594 1658
595 1660
596 1662
597 1665
598 1667
599 1669
600 1671
601 1673
602 1675
603 1678
604 1680
605 1682
606 1684
607 1686
608 1688
609 1690
610 1693
611 1695
612 1697
613 1699
614 1701
615 1704
616 1706
617 1708
618 1710
619 1712
620 1714
621 1717
622 1719
623 1721
624 1723
625 1725
626 1727
627 1730
628 1732
629 1734
630 1736
631 1738
632 1740
633 1743
634 1745
635 1747
636 1749
637 1751
638 1753
639 1756
640 1758
641 1760
642 1762
643 1764
644 1766
645 1769
646 1771
647 1773
648 1775
649 1777
650 1780
651 1782
652 1784
653 1786
654 1788
655 1790
656 1792
657 1795
658 1797
659 1799
660 1801
661 1803
662 1805
663 1808
664 1810
665 1812
666 1814
667 1816
668 1818
669 1821
670 1823
671 1825
672 1827
673 1829
674 1831
675 1833
676 1836
677 1838
678 1840
679 1842
680 1844
681 1847
682 1849
683 1851
684 1853
685 1855
686 1857
687 1860
688 1862
689 1864
690 1866
691 1868
692 1871
693 1873
694 1875
695 1877
696 1879
697 1881
698 1883
699 1886
700 1888
701 1890
702 1892
703 1894
704 1897
705 1899
706 1901
707 1903
708 1905
709 1907
710 1910
711 1912
712 1914
713 1916
714 1918
715 1920
716 1922
717 1925
718 1927
719 1929
720 1931
721 1933
722 1935
723 1938
724 1944
725 1946
726 1949
727 1951
728 1953
729 1955
730 1957
731 1959
732 1962
733 1964
734 1966
735 1968
736 1970
737 1972
738 1975
739 1977
740 1979
741 1981
742 1983
743 1985
744 1988
745 1990
746 1992
747 1994
748 1996
749 1998
750 2000
751 2003
752 2005
753 2007
754 2009
755 2011
756 2014
757 2016
758 2018
759 2020
760 2022
761 2024
762 2027
763 2029
764 2031
765 2033
766 2035
767 2037
768 2040
769 2042
770 2044
771 2046
772 2048
773 2050
774 2052
775 2055
776 2057
777 2059
778 2061
779 2063
780 2066
781 2068
782 2070
783 2072
784 2074
785 2076
786 2078
787 2081
788 2083
789 2085
790 2087
791 2089
792 2092
793 2094
794 2096
795 2098
796 2100
797 2102
798 2105
799 2107
800 2109
801 2111
802 2113
803 2115
804 2118
805 2120
806 2122
807 2124
808 2126
809 2128
810 2131
811 2133
812 2135
813 2137
814 2139
815 2141
816 2143
817 2146
818 2148
819 2150
820 2152
821 2154
822 2157
823 2159
824 2161
825 2163
826 2165
827 2167
828 2169
829 2172
830 2174
831 2176
832 2178
833 2180
834 2183
835 2185
836 2187
837 2189
838 2191
839 2193
840 2196
841 2198
842 2200
843 2202
844 2204
845 2206
846 2209
847 2211
848 2213
849 2215
850 2217
851 2219
852 2222
853 2224
854 2226
855 2228
856 2230
857 2232
858 2235
859 2237
860 2239
861 2241
862 2243
863 2244
864 2245
865 2246
866 2248
867 2250
868 2251
869 2253
870 2256
871 2258
872 2260
873 2262
874 2265
875 2267
876 2269
877 2271
878 2273
879 2276
880 2278
881 2280
882 2282
883 2285
884 2287
885 2289
886 2291
887 2294
888 2296
889 2298
890 2300
891 2302
892 2305
893 2307
894 2309
895 2311
896 2314
897 2316
898 2318
899 2320
900 2323
901 2325
902 2327
903 2330
904 2332
905 2334
906 2336
907 2338
908 2341
909 2343
910 2345
911 2347
912 2350
913 2352
914 2354
915 2356
916 2358
917 2361
918 2363
919 2365
920 2367
921 2370
922 2372
923 2374
924 2376
925 2378
926 2380
927 2382
928 2384
929 2386
930 2389
931 2391
932 2393
933 2395
934 2397
935 2400
936 2402
937 2404
938 2406
939 2408
940 2410
941 2412
942 2415
943 2417
944 2419
945 2421
946 2423
947 2425
948 2428
949 2430
950 2432
951 2434
952 2436
953 2438
954 2441
955 2443
956 2445
957 2447
958 2449
959 2451
960 2454
961 2456
962 2458
963 2460
964 2462
965 2464
966 2466
967 2469
968 2471
969 2473
970 2475
971 2477
972 2479
973 2482
974 2484
975 2486
976 2488
977 2490
978 2493
979 2495
980 2497
981 2499
982 2501
983 2503
984 2506
985 2508
986 2510
987 2512
988 2514
989 2516
990 2519
991 2521
992 2523
993 2525
994 2527
995 2529
996 2532
997 2534
998 2536
999 2538
1000 2541
1001 2543
1002 2545
1003 2547
1004 2549
1005 2551
1006 2554
1007 2556
1008 2558
1009 2560
1010 2562
1011 2564
1012 2567
1013 2569
1014 2571
1015 2573
1016 2575
1017 2578
1018 2580
1019 2582
1020 2584
1021 2586
1022 2589
1023 2591
1024 2593
1025 2595
1026 2597
1027 2599
1028 2602
1029 2604
1030 2606
1031 2608
1032 2610
1033 2612
1034 2615
1035 2617
1036 2619
1037 2622
1038 2624
1039 2626
1040 2628
1041 2630
1042 2633
1043 2635
1044 2637
1045 2639
1046 2641
1047 2644
1048 2646
1049 2648
1050 2650
1051 2652
1052 2655
1053 2657
1054 2659
1055 2662
1056 2664
1057 2666
1058 2668
1059 2670
1060 2673
1061 2675
1062 2677
1063 2679
1064 2681
1065 2683
1066 2685
1067 2688
1068 2690
1069 2692
1070 2694
1071 2696
1072 2698
1073 2701
1074 2703
1075 2705
1076 2707
1077 2709
1078 2712
1079 2714
1080 2716
1081 2718
1082 2720
1083 2722
1084 2724
1085 2727
1086 2729
1087 2731
1088 2733
1089 2735
1090 2738
1091 2740
1092 2742
1093 2744
1094 2746
1095 2748
1096 2751
1097 2753
1098 2755
1099 2757
1100 2759
1101 2761
1102 2764
1103 2766
1104 2768
1105 2770
1106 2772
1107 2775
1108 2777
1109 2779
1110 2781
1111 2783
1112 2785
1113 2787
1114 2790
1115 2792
1116 2794
1117 2796
1118 2798
1119 2800
1120 2803
1121 2805
1122 2807
1123 2809
1124 2811
1125 2814
1126 2816
1127 2818
1128 2820
1129 2823
1130 2825
1131 2827
1132 2829
1133 2831
1134 2833
1135 2835
1136 2838
1137 2840
1138 2842
1139 2844
1140 2846
1141 2849
1142 2851
1143 2853
1144 2855
1145 2857
1146 2859
1147 2862
1148 2864
1149 2866
1150 2868
1151 2870
1152 2873
1153 2875
1154 2877
1155 2879
1156 2881
1157 2883
1158 2885
1159 2888
1160 2890
1161 2892
1162 2894
1163 2896
1164 2899
1165 2901
1166 2903
1167 2905
1168 2907
1169 2909
1170 2911
1171 2914
1172 2916
1173 2918
1174 2920
1175 2922
1176 2925
1177 2927
1178 2929
1179 2931
1180 2933
1181 2935
1182 2937
1183 2940
1184 2942
1185 2944
1186 2950
1187 2952
1188 2954
1189 2955
1190 2957
1191 2959
1192 2960
1193 2962
1194 2964
1195 2966
1196 2968
1197 2970
1198 2972
1199 2974
1200 2976
1201 2978
1202 2980
1203 2983
1204 2985
1205 2988
1206 2990
1207 2992
1208 2994
1209 2996
1210 2998
1211 3001
1212 3003
1213 3005
1214 3007
1215 3010
1216 3012
1217 3014
1218 3016
1219 3019
1220 3021
1221 3023
1222 3025
1223 3027
1224 3030
1225 3032
1226 3034
1227 3036
1228 3037
1229 3039
1230 3041
1231 3043
1232 3044
1233 3046
1234 3048
1235 3049
1236 3051
1237 3053
1238 3055
1239 3057
1240 3058
1241 3060
1242 3062
1243 3064
1244 3066
1245 3068
1246 3071
1247 3073
1248 3075
1249 3078
1250 3080
1251 3082
1252 3084
1253 3086
1254 3089
1255 3091
1256 3093
1257 3095
1258 3098
1259 3100
1260 3102
1261 3104
1262 3107
1263 3109
1264 3111
1265 3113
1266 3116
1267 3118
1268 3120
1269 3122
1270 3124
1271 3125
1272 3127
1273 3129
1274 3131
1275 3133
1276 3134
1277 3136
1278 3138
1279 3139
1280 3141
1281 3143
1282 3145
1283 3146
1284 3148
1285 3150
1286 3152
1287 3154
1288 3156
1289 3158
1290 3161
1291 3163
1292 3165
1293 3167
1294 3169
1295 3172
1296 3174
1297 3176
1298 3178
1299 3180
1300 3183
1301 3185
1302 3187
1303 3189
1304 3192
1305 3194
1306 3196
1307 3198
1308 3201
1309 3203
1310 3205
1311 3207
1312 3209
1313 3211
1314 3214
1315 3216
1316 3218
1317 3220
1318 3222
1319 3225
1320 3227
1321 3229
1322 3231
1323 3234
1324 3236
1325 3238
1326 3240
1327 3242
1328 3244
1329 3247
1330 3249
1331 3251
1332 3254
1333 3256
1334 3258
1335 3260
1336 3262
1337 3265
1338 3267
1339 3269
1340 3271
1341 3273
1342 3275
1343 3277
1344 3279
1345 3281
1346 3284
1347 3286
1348 3288
1349 3290
1350 3292
1351 3294
1352 3297
1353 3299
1354 3301
1355 3303
1356 3305
1357 3307
1358 3310
1359 3312
1360 3314
1361 3316
1362 3318
1363 3320
1364 3323
1365 3325
1366 3327
1367 3329
1368 3331
1369 3334
1370 3336
1371 3338
1372 3340
1373 3342
1374 3344
1375 3346
1376 3349
1377 3351
1378 3353
1379 3355
1380 3358
1381 3360
1382 3362
1383 3364
1384 3366
1385 3369
1386 3371
1387 3373
1388 3375
1389 3377
1390 3379
1391 3381
1392 3384
1393 3386
1394 3388
1395 3390
1396 3393
1397 3395
1398 3397
1399 3399
1400 3401
1401 3403
1402 3406
1403 3408
1404 3410
1405 3412
1406 3414
1407 3416
1408 3419
1409 3421
1410 3423
1411 3425
1412 3427
1413 3429
1414 3432
1415 3434
1416 3436
1417 3438
1418 3440
1419 3442
1420 3445
1421 3447
1422 3449
1423 3451
1424 3453
1425 3455
1426 3458
1427 3460
1428 3462
1429 3464
1430 3466
1431 3468
1432 3470
1433 3473
1434 3475
1435 3477
1436 3479
1437 3481
1438 3484
1439 3486
1440 3488
1441 3490
1442 3492
1443 3494
1444 3497
1445 3499
1446 3501
1447 3503
1448 3505
1449 3507
1450 3510
1451 3512
1452 3514
1453 3516
1454 3518
1455 3521
1456 3523
1457 3525
1458 3527
1459 3529
1460 3531
1461 3533
1462 3536
1463 3538
1464 3540
1465 3542
1466 3544
1467 3546
1468 3549
1469 3551
1470 3553
1471 3555
1472 3557
1473 3559
1474 3562
1475 3564
1476 3566
1477 3568
1478 3570
1479 3573
1480 3575
1481 3577
1482 3579
1483 3581
1484 3583
1485 3585
1486 3587
1487 3590
1488 3592
1489 3594
1490 3596
1491 3598
1492 3600
1493 3602
1494 3604
1495 3606
1496 3608
1497 3611
1498 3613
1499 3615
1500 3617
1501 3620
1502 3622
1503 3624
1504 3626
1505 3629
1506 3631
1507 3633
1508 3635
1509 3637
1510 3640
1511 3642
1512 3644
1513 3646
1514 3648
1515 3651
1516 3653
1517 3655
1518 3657
1519 3659
1520 3662
1521 3664
1522 3666
1523 3668
1524 3670
1525 3673
1526 3675
1527 3677
1528 3679
1529 3682
1530 3684
1531 3686
1532 3688
1533 3690
1534 3693
1535 3695
1536 3697
1537 3699
1538 3701
1539 3704
1540 3706
1541 3708
1542 3711
1543 3713
1544 3715
1545 3717
1546 3719
1547 3722
1548 3724
1549 3726
1550 3728
1551 3730
1552 3732
1553 3734
1554 3737
1555 3739
1556 3741
1557 3743
1558 3745
1559 3748
1560 3750
1561 3752
1562 3754
1563 3756
1564 3759
1565 3761
1566 3763
1567 3765
1568 3767
1569 3769
1570 3772
1571 3774
1572 3776
1573 3778
1574 3780
1575 3782
1576 3784
1577 3787
1578 3789
1579 3791
1580 3793
1581 3795
1582 3798
1583 3800
1584 3802
1585 3804
1586 3806
1587 3808
1588 3811
1589 3813
1590 3815
1591 3817
1592 3819
1593 3821
1594 3824
1595 3826
1596 3828
1597 3830
1598 3832
1599 3834
1600 3837
1601 3839
1602 3841
1603 3843
1604 3845
1605 3847
1606 3850
1607 3852
1608 3854
1609 3856
1610 3858
1611 3860
1612 3862
1613 3865
1614 3867
1615 3869
1616 3871
1617 3873
1618 3876
1619 3878
1620 3880
