1115348.0 -0.0 -0.0 -0.0 -0.0 -0.0 1.0 -0.0
1155778.858 0.005700734 -0.012118191 0.0078059505 0.0023087095 0.0007042593 0.9999971 -0.0003123747
1215352.873 0.015537642 -0.03502797 0.021164877 0.008585032 0.0011907491 0.9999617 -0.0012752543
1255783.9810000001 0.019657934 -0.052461054 0.030902471 0.013044721 0.0010329386 0.9999112 -0.0025481354
1315358.246 0.01989343 -0.07825166 0.045136552 0.016714776 -4.0739e-05 0.9998514 -0.0042213784
1355789.104 0.016712083 -0.09679941 0.0543471 0.018536028 -0.0011877787 0.99981356 -0.0052801347
1415363.3690000002 0.008564084 -0.12074058 0.06404713 0.020441663 -0.0024356511 0.9997691 -0.006157425
1455794.477 0.0013374195 -0.13379239 0.067971274 0.020630417 -0.0036043362 0.99976444 -0.005703576
1515368.4919999999 -0.013039533 -0.1461416 0.07168312 0.019894212 -0.004522339 0.9997737 -0.0060363826
1555799.851 -0.020108597 -0.14890023 0.07530295 0.018638544 -0.0050513954 0.9997902 -0.0068371906
1615373.8649999998 -0.027286429 -0.1497994 0.08114148 0.0177385 -0.00586707 0.99977803 -0.009734045
1655804.974 -0.026627975 -0.15091507 0.085758954 0.018530905 -0.0050058826 0.999766 -0.00998275
1715379.239 -0.026372477 -0.15228774 0.08947561 0.0193656 -0.004752187 0.99975485 -0.009631543
1755810.0969999998 -0.029789196 -0.15321895 0.088891625 0.019095208 -0.0042342977 0.9997595 -0.00992237
1815384.362 -0.030606512 -0.15133423 0.090336576 0.018184414 -0.0030882861 0.9997762 -0.010365429
1855815.7200000002 -0.033293054 -0.14996578 0.09248944 0.017954268 -0.003605576 0.9997747 -0.010733226
1915389.735 -0.032888282 -0.1475334 0.09233206 0.017597368 -0.0035646784 0.9997781 -0.0110186385
1955820.8429999999 -0.033444658 -0.14481716 0.09387806 0.016826577 -0.0025674626 0.9997926 -0.011185424
2015395.1080000002 -0.03553805 -0.140553 0.09536801 0.015536522 -0.001638473 0.99979776 -0.012666354
2056903.989 -0.032636173 -0.13660552 0.09712128 0.01521428 -0.0008298534 0.99978787 -0.013859252
2106384.04 -0.028250005 -0.13162617 0.09942898 0.015486572 -0.00053727033 0.99977875 -0.01422968
2156449.853 -0.026415596 -0.12990935 0.09920187 0.015485879 -0.00045165364 0.9997639 -0.015239816
2207070.927 -0.025122898 -0.1262596 0.09890464 0.014822436 0.0002608405 0.9997655 -0.01578688
2258064.51 -0.02549674 -0.12502994 0.09738389 0.014388727 -4.371914e-05 0.9997609 -0.016465731
2308027.571 -0.021459078 -0.121549614 0.09559302 0.013725495 -0.0001503161 0.99977106 -0.016417207
2357300.867 -0.02192883 -0.119893506 0.09407482 0.013483619 8.52376e-06 0.9997743 -0.016420921
2406819.4179999996 -0.021666376 -0.11955765 0.09248048 0.01307528 0.00055796927 0.99976856 -0.017076675
2456687.477 -0.019325735 -0.1174018 0.09251726 0.012487656 0.0019978005 0.9997814 -0.01665074
2506848.792 -0.021872194 -0.11585739 0.0914705 0.01256463 0.0019265298 0.99978316 -0.016498273
2557223.361 -0.016261714 -0.114955395 0.09123545 0.012297164 0.0014979934 0.99977964 -0.016948778
2607416.9269999997 -0.014078008 -0.115828834 0.0911078 0.012876848 0.0015603753 0.99977946 -0.016515259
2657292.486 -0.011546366 -0.11692752 0.09053904 0.013656094 0.00062492373 0.99977446 -0.01625618
2707041.542 -0.008105677 -0.12143811 0.09036775 0.0151502155 4.6132096e-05 0.9997475 -0.01659515
2756893.35 -0.0069742682 -0.1278991 0.09131199 0.017398758 -0.0014826173 0.9996998 -0.017192794
2806911.912 -0.0065072956 -0.13719605 0.09383007 0.020270318 -0.0024176396 0.9996171 -0.018680627
2857049.477 -0.009559956 -0.15061684 0.09844361 0.023171032 -0.002750991 0.99951196 -0.020772718
2907202.541 -0.017508004 -0.16686532 0.104059435 0.025526486 -0.002644941 0.99939775 -0.023358518
2957229.3540000003 -0.03179812 -0.18402387 0.11029408 0.027805261 -0.0034550256 0.9992962 -0.02494233
3007144.413 -0.04919645 -0.20108606 0.118042484 0.030097065 -0.0052526607 0.99922013 -0.025015319
3057059.973 -0.074074686 -0.22218083 0.12446457 0.032239076 -0.008197038 0.99914134 -0.024700673
3107054.784 -0.10661101 -0.24336635 0.12954037 0.03252223 -0.01183883 0.99912214 -0.023602877
3157128.3479999998 -0.14548661 -0.2610209 0.13681506 0.030929768 -0.015992252 0.99912554 -0.023146058
3207297.663 -0.19262555 -0.27788097 0.14859766 0.030727642 -0.020450596 0.9990615 -0.022664996
3257366.7260000003 -0.24209169 -0.28883368 0.15738185 0.029482223 -0.020241257 0.99913514 -0.021215564
3307350.537 -0.29248044 -0.28963158 0.16207102 0.022572296 -0.015534186 0.99935627 -0.023157597
3357313.0979999998 -0.34323406 -0.28474092 0.16278566 0.010937555 -0.008317886 0.9996228 -0.023779104
3407284.658 -0.38966691 -0.27485284 0.15778817 -0.0015214339 -0.00033175971 0.99975234 -0.022201069
3457294.97 -0.4278085 -0.25747275 0.14829083 -0.011363898 0.006027253 0.9997305 -0.01932653
3507345.2830000003 -0.45914555 -0.2348936 0.13344178 -0.020429661 0.008587314 0.9996407 -0.0150784645
3557395.345 -0.48234248 -0.2047014 0.113491364 -0.031362813 0.008673955 0.99941576 -0.010456756
3607397.907 -0.49543118 -0.16725375 0.09271572 -0.04013361 0.007843529 0.99912524 -0.008753208
3657368.968 -0.4943937 -0.12785797 0.069313854 -0.047221255 0.0069022398 0.99882334 -0.008632505
3707334.7789999996 -0.47938025 -0.08898823 0.046209946 -0.051332247 0.005398176 0.99862355 -0.009318159
3757286.839 -0.4478094 -0.05221551 0.02574929 -0.051328365 0.005661833 0.9986326 -0.008141564
3807257.9 -0.4043474 -0.019492391 0.0070096706 -0.04638095 0.005451877 0.9988836 -0.007120069
3857212.961 -0.35760555 0.0144151375 -0.010919459 -0.041722633 0.0025584064 0.99908435 -0.009119833
3907160.271 -0.3107829 0.046446722 -0.027727287 -0.03851039 -0.0013376845 0.9991517 -0.014528989
3957099.3310000002 -0.26071763 0.07639338 -0.042499132 -0.033280242 -0.0053876564 0.9991597 -0.023309644
4007030.3910000003 -0.20590359 0.09780046 -0.054522835 -0.025179889 -0.006760261 0.99917793 -0.031045934
4056945.9510000004 -0.15133324 0.10857479 -0.06475607 -0.019723937 -0.0081214495 0.99918073 -0.034393344
4106853.011 -0.09623089 0.10939273 -0.07225206 -0.0132101085 -0.009506681 0.999226 -0.035814296
4156808.071 -0.04455815 0.1004238 -0.07598551 -0.005619621 -0.011098963 0.9991646 -0.038929123
4206818.883 0.00472871 0.07954688 -0.07618025 0.0025238225 -0.009932576 0.99910027 -0.04115422
4256861.194999999 0.04819232 0.048811752 -0.07331593 0.0119855255 -0.012261476 0.99893445 -0.042848933
4306895.758 0.08185926 0.008298542 -0.068028174 0.020297887 -0.014842325 0.99879414 -0.04216592
4356906.319 0.10549722 -0.03751064 -0.05957713 0.025834544 -0.017042354 0.998694 -0.040651623
4406900.881 0.11887095 -0.08306929 -0.049279843 0.0289941 -0.018140158 0.9986251 -0.03972768
4456918.943 0.124999106 -0.1287121 -0.035831288 0.03090184 -0.01632366 0.9986134 -0.039369795
4506953.505 0.12965463 -0.17474382 -0.019089583 0.03614414 -0.012247474 0.99854815 -0.038016338
4557012.068 0.12769435 -0.21608292 -7.070835e-05 0.043298773 -0.007180479 0.99834013 -0.037293073
4607069.88 0.11294895 -0.25142705 0.016867014 0.04530104 -0.0057728407 0.9982436 -0.037740238
4657120.193 0.08439742 -0.28053173 0.03524504 0.04145728 -0.0059302417 0.9984221 -0.03740983
4707154.005 0.04193779 -0.3058722 0.052695088 0.035207152 -0.0064272224 0.9986696 -0.037123136
4757188.818 -0.0062774206 -0.32142186 0.069250554 0.027331844 -0.0059525827 0.99893636 -0.03665804
4807230.880000001 -0.060119927 -0.32270902 0.074819565 0.017826075 -0.006228453 0.9991422 -0.03685618
4857273.442 -0.111952804 -0.30488232 0.073884726 0.0069480776 -0.006001493 0.99914014 -0.040431965
4907338.505 -0.16146013 -0.27955583 0.06895078 -0.0032368691 -0.002500399 0.9989286 -0.04609769
4957318.066 -0.21044001 -0.2528979 0.061450392 -0.013309753 0.0021314202 0.9986594 -0.04997812
5007249.375999999 -0.25944144 -0.22601257 0.05104317 -0.026503904 0.005070559 0.9983851 -0.04999132
5057164.936 -0.3032616 -0.1971522 0.03896899 -0.039729305 0.0027299386 0.9981295 -0.046386465
5107119.747 -0.3361074 -0.16305447 0.024226218 -0.049464542 -0.0029931238 0.99791044 -0.041462418
5157138.309 -0.35737678 -0.12611097 0.008652091 -0.05575328 -0.0094556315 0.9977023 -0.037313458
5207204.372 -0.37180042 -0.08796409 -0.0082317935 -0.06113744 -0.012834176 0.9974787 -0.03367168
5257246.433999999 -0.3792212 -0.05162587 -0.029276859 -0.069008306 -0.014174937 0.9970409 -0.030763995
5307233.495 -0.37514278 -0.016571762 -0.051216546 -0.07667945 -0.014907581 0.996604 -0.026049985
5357164.805 -0.35857755 0.017065797 -0.069854654 -0.080352865 -0.014163465 0.99642825 -0.021762557
5407112.116 -0.3327971 0.052456316 -0.0865465 -0.08017045 -0.012508389 0.99646956 -0.021556512
5457090.677 -0.296135 0.087157995 -0.100946166 -0.07916906 -0.008663854 0.9965718 -0.022404073
5507085.238 -0.25157204 0.11861499 -0.11348267 -0.074903294 -0.0027540834 0.9968706 -0.025121653
5557103.55 -0.19732559 0.1479525 -0.12061944 -0.0656981 0.0020920855 0.997371 -0.030504301
5607021.109999999 -0.13806722 0.16854665 -0.12115971 -0.054392193 0.0038005528 0.99791783 -0.034455437
5656950.67 -0.07413262 0.17739484 -0.117476396 -0.04080015 0.0043814396 0.99842936 -0.03814451
5706873.48 -0.004530057 0.17405504 -0.11468148 -0.02461571 0.0056453673 0.99885464 -0.040640913
5756836.541 0.063201316 0.15644556 -0.11611159 -0.010417842 0.008794239 0.99915016 -0.038900007
5806831.352 0.1283922 0.12842068 -0.11967664 0.0016730179 0.009218361 0.99931484 -0.035808064
5856873.914 0.19004217 0.09268102 -0.1215642 0.014597616 0.009345814 0.9993602 -0.03128642
5906939.727 0.24419135 0.04821442 -0.12023572 0.025613911 0.009528851 0.9992862 -0.026082722
5956997.79 0.28496698 0.0055154674 -0.11536664 0.03453899 0.008083512 0.9991169 -0.02252165
6007024.352 0.31230026 -0.038937986 -0.10241485 0.03955156 0.0053967065 0.9989618 -0.021952504
6057034.914 0.32601812 -0.07902694 -0.07975489 0.040777896 0.0029883964 0.9988498 -0.025046477
6107045.476000001 0.32646385 -0.11980063 -0.052113783 0.03824181 0.0027717664 0.99877846 -0.031170163
6157056.2870000005 0.31428337 -0.15669812 -0.014940266 0.03264912 0.0014971285 0.9988178 -0.035983372
6207074.348999999 0.2938934 -0.19118084 0.026640976 0.027303234 -0.0015627942 0.99887186 -0.03882304
6257084.910999999 0.27095968 -0.22050081 0.06900895 0.022650179 -0.0043934486 0.99887174 -0.04150788
6307103.473 0.24448396 -0.2437133 0.11175115 0.017578764 -0.005074533 0.9988257 -0.044861484
6357145.785 0.21501909 -0.2628744 0.15423426 0.013819752 -0.004440646 0.9987105 -0.048648477
6407203.848 0.18446122 -0.2785057 0.19803977 0.011488313 -0.0026952939 0.998605 -0.051466707
6457253.911 0.14931796 -0.28926224 0.24425215 0.008945857 -0.0031695077 0.998472 -0.054439925
6507280.472999999 0.11081791 -0.2942467 0.2920456 0.0044864374 -0.005395784 0.9982844 -0.05813041
6557291.284999999 0.07248772 -0.29661116 0.34331676 0.0013004598 -0.008387177 0.9979794 -0.06296985
6607309.346 0.03588743 -0.29421508 0.39492673 0.00040848128 -0.010599165 0.9976741 -0.06733413
6657327.908 0.00015749561 -0.2875367 0.44622672 -7.483267e-05 -0.010553401 0.99720997 -0.07389817
6707346.72 -0.031558458 -0.2788758 0.49465874 0.00052710855 -0.00972564 0.99670005 -0.080586605
6757357.282 -0.06084392 -0.26991802 0.5390026 0.0015443165 -0.009333898 0.9961366 -0.08730647
6807359.8440000005 -0.08907447 -0.25925565 0.5779891 0.00017191158 -0.009689407 0.9954352 -0.09494704
6857346.405 -0.11521405 -0.24672666 0.6113534 -0.0016377494 -0.010457328 0.99477464 -0.101545654
6907340.966 -0.14158331 -0.23094697 0.63814473 -0.00551601 -0.01187603 0.9941641 -0.10708106
6957327.528 -0.1681979 -0.2150382 0.65776384 -0.011535146 -0.012609563 0.9934552 -0.112937115
7007322.839000001 -0.1909468 -0.20332214 0.67253715 -0.01575047 -0.012970856 0.9928411 -0.11768688
7057309.4 -0.20966439 -0.19674508 0.68069494 -0.017503383 -0.012862183 0.9928864 -0.117067404
7107296.211 -0.23062083 -0.18486477 0.67650276 -0.021265645 -0.012593732 0.99299455 -0.11554716
7157290.773 -0.25060347 -0.16464977 0.6625723 -0.027702741 -0.010641103 0.9926747 -0.117116675
7207301.335 -0.264124 -0.1374663 0.642967 -0.029945888 -0.00946124 0.9919664 -0.12254142
7257295.896000001 -0.27157348 -0.11178312 0.6136719 -0.030772157 -0.006356806 0.9918273 -0.12365805
7307250.9569999995 -0.27846134 -0.09042902 0.57560426 -0.034405254 -0.00093492836 0.99176496 -0.12336005
7357158.766 -0.27892962 -0.071215056 0.5341252 -0.035142433 0.0054982165 0.9920147 -0.12100264
7407081.825999999 -0.27755567 -0.049679354 0.48767194 -0.03344498 0.007346428 0.9926024 -0.11648157
7457038.637 -0.2790706 -0.023379585 0.43690732 -0.03440432 0.0069835354 0.99301916 -0.1126082
7507039.448 -0.28580326 0.004960919 0.38022146 -0.040339556 0.00499138 0.99314445 -0.10959927
7557058.26 -0.29401076 0.030508192 0.3197279 -0.050632067 0.0026465007 0.99320453 -0.10475759
7607036.821 -0.29523692 0.0526675 0.25859085 -0.05765212 0.00070015737 0.9935618 -0.097522855
7656992.132 -0.29099235 0.07425956 0.19783588 -0.062006347 -0.0022173035 0.99394846 -0.09064693
7706947.192 -0.28215888 0.0971676 0.13552035 -0.06658128 -0.0062845424 0.9942909 -0.08314516
7756941.754000001 -0.2696925 0.11823824 0.07160463 -0.0732205 -0.008620103 0.9944216 -0.0754332
7806960.316000001 -0.2520452 0.14168057 0.008843875 -0.07974593 -0.010326684 0.9942656 -0.0704974
7856994.628 -0.22627684 0.16497888 -0.046594735 -0.082603805 -0.01084871 0.9942623 -0.067093454
7907026.4399999995 -0.19391175 0.18285689 -0.09494007 -0.081878014 -0.011021425 0.99460423 -0.06274544
7956976.251 -0.15699452 0.19338456 -0.13509789 -0.077661976 -0.011269332 0.9951952 -0.058551252
8006938.811 -0.11387621 0.19936244 -0.17222105 -0.0730552 -0.011935233 0.99571383 -0.055448223
8056917.872 -0.06729981 0.19932437 -0.2050808 -0.06796751 -0.009920527 0.996161 -0.05427159
8106912.434 -0.013975285 0.19014072 -0.2339513 -0.06196587 -0.0059640305 0.9965632 -0.054649327
8156938.996 0.04643737 0.1699095 -0.25637946 -0.05197606 0.0009149328 0.99716395 -0.05442256
8206973.307999999 0.11032822 0.14051452 -0.27382255 -0.038667157 0.00889865 0.99777216 -0.053632945
8256992.12 0.17288207 0.10226103 -0.2888394 -0.024739023 0.016487505 0.9983646 -0.048828837
8306994.682 0.23122407 0.06289267 -0.30003121 -0.0109522715 0.01873924 0.99877024 -0.04457621
8357005.243000001 0.28228986 0.022368819 -0.30764598 0.0021770853 0.019702308 0.9988808 -0.042944804
8407031.305 0.32160398 -0.022251144 -0.31339195 0.010121452 0.018318363 0.9988967 -0.042039867
8457089.368 0.35234305 -0.06711445 -0.3160319 0.012054736 0.015760254 0.9989251 -0.04189349
8507131.431 0.3728022 -0.11392325 -0.31472164 0.010983734 0.011660499 0.9989606 -0.04267494
8557142.242 0.38671857 -0.1576426 -0.30785865 0.009931157 0.0053709056 0.99886537 -0.046265695
8607147.304 0.39701667 -0.20598236 -0.2938086 0.007739697 0.00027450605 0.9987522 -0.049337383
8657107.865 0.39987886 -0.25547156 -0.27729893 0.005512491 -0.0024427453 0.99854237 -0.053637166
8707102.676 0.39717618 -0.3072889 -0.25517672 0.0063645616 -0.0024232632 0.99826765 -0.058441438
8757129.238 0.39146107 -0.3598059 -0.22534065 0.00785585 -0.001941622 0.9980567 -0.061784703
8807155.3 0.3794082 -0.41312695 -0.19268237 0.008362489 -0.0009516559 0.99790007 -0.06422417
8857189.863 0.35904333 -0.4646125 -0.16010892 0.0073820297 -0.0009962256 0.9977663 -0.06638459
8907223.924999999 0.32730204 -0.50862557 -0.12571286 0.0047696545 -0.002425342 0.9972093 -0.074465096
8957266.237 0.2847323 -0.54705364 -0.088459 -0.0005185779 -0.0031708605 0.99645287 -0.08409148
9007317.05 0.23664825 -0.5852428 -0.05221108 -0.006390554 -0.0018008352 0.9959022 -0.09019325
9057327.112 0.18769534 -0.61533654 -0.014690002 -0.009758918 -0.0005484221 0.9955307 -0.09393111
9107401.424999999 0.13410477 -0.6417232 0.022300228 -0.013341186 -0.0005933081 0.9953669 -0.09521869
9157324.735 0.07821514 -0.66399556 0.059979666 -0.017900918 -0.00020789428 0.9953406 -0.09474553
9207366.797 0.02744806 -0.6791144 0.098298065 -0.01826099 0.0020452773 0.9953722 -0.09432239
9257440.86 -0.02192302 -0.6892871 0.13612874 -0.014486629 0.002378951 0.99557847 -0.0927794
9307514.423 -0.07017651 -0.6873012 0.17296074 -0.011703208 -0.0015663328 0.9961171 -0.087242916
9357557.236000001 -0.11820509 -0.67061186 0.21109544 -0.010723146 -0.0067909765 0.99614817 -0.086762786
9407567.797 -0.16499417 -0.64252806 0.2515951 -0.008177818 -0.0090487525 0.9957851 -0.09090258
9457562.609000001 -0.20539421 -0.61039627 0.29219693 -0.004052522 -0.009787608 0.99546677 -0.09451826
9507549.17 -0.24348986 -0.57750535 0.33776173 0.0022571802 -0.008652943 0.9955635 -0.09366647
9557535.731 -0.27790716 -0.539827 0.38346413 0.0068372465 -0.0067959414 0.9952783 -0.09658247
9607566.043 -0.31434795 -0.49565396 0.42995664 0.009301508 -0.007215168 0.9944405 -0.10464011
9657548.855 -0.35013783 -0.45442307 0.47311834 0.0072253114 -0.009301204 0.99430007 -0.10596566
9707551.666 -0.3855754 -0.4124636 0.5093877 0.0025096429 -0.011704254 0.9945599 -0.10347669
9757538.227 -0.41798937 -0.36815727 0.5399565 -0.0006275743 -0.010840067 0.99449277 -0.104241565
9807525.288999999 -0.45078474 -0.31622806 0.5550017 -0.005688817 -0.009863456 0.9934186 -0.11397344
9857543.6 -0.48271486 -0.26444107 0.552285 -0.01196741 -0.01300671 0.9924288 -0.121543124
9907538.661999999 -0.5134181 -0.22278911 0.53146213 -0.02263225 -0.017614543 0.99202305 -0.12275058
9957477.722000001 -0.5346719 -0.18973988 0.49828884 -0.027935022 -0.02096441 0.992467 -0.117428385
10007376.782 -0.54355645 -0.16068782 0.45404196 -0.030000297 -0.021633193 0.99285775 -0.113426246
10057323.842 -0.5430491 -0.13533708 0.40804935 -0.027164325 -0.021379048 0.9938881 -0.104840815
10107310.903 -0.53646606 -0.11448304 0.3618927 -0.026486203 -0.02310325 0.9948467 -0.095104456
10157329.215 -0.529683 -0.098312736 0.3154395 -0.029399555 -0.023026086 0.99578047 -0.08382651
10207347.776999999 -0.520356 -0.07707345 0.27135214 -0.03255606 -0.02205365 0.9965508 -0.07307716
10257362.089 -0.5073248 -0.048149843 0.23247047 -0.03464246 -0.020711977 0.9971734 -0.06337307
10307337.149999999 -0.49183974 -0.017858073 0.19550176 -0.03416487 -0.02194726 0.9974312 -0.059008658
10357324.211000001 -0.47397202 0.021644294 0.16009979 -0.0347164 -0.023790274 0.99753106 -0.05621891
10407310.772 -0.4529082 0.065483876 0.12535891 -0.03484254 -0.025415497 0.9976819 -0.052639607
10457273.832999999 -0.43248475 0.10851128 0.09064453 -0.03999725 -0.023968507 0.99773186 -0.048547864
10507213.143000001 -0.4082795 0.14983232 0.056903668 -0.04325997 -0.021624677 0.99777806 -0.0458254
10557160.204 -0.38139042 0.18697974 0.02455482 -0.047143877 -0.020730525 0.99777544 -0.042331908
10607138.764999999 -0.3494084 0.21870454 -0.0019123424 -0.04754077 -0.019993057 0.9979531 -0.037813812
10657141.326 -0.31359106 0.24760756 -0.027118698 -0.04928806 -0.019091785 0.99793315 -0.036546037
10707144.137999998 -0.27557653 0.27749485 -0.05045389 -0.050117537 -0.017170003 0.99781203 -0.03955573
10757131.199000001 -0.23452279 0.30315596 -0.073236525 -0.05243596 -0.01424353 0.99763405 -0.042118672
10807101.760000002 -0.18851934 0.3262039 -0.09287698 -0.054330584 -0.012146193 0.99743664 -0.04495375
10857056.820999999 -0.13411516 0.34213653 -0.10779615 -0.0530679 -0.008568968 0.99742013 -0.04757547
10907027.632 -0.07426318 0.35032213 -0.11682291 -0.04938291 -0.006696889 0.9976546 -0.04692307
10957037.943 -0.012525681 0.3530986 -0.12316138 -0.047839068 -0.008866957 0.9978024 -0.04498114
11007080.756 0.05296084 0.34681287 -0.12801316 -0.045035183 -0.009526228 0.99811655 -0.040551014
11057123.318 0.11450584 0.3340158 -0.13144378 -0.04564468 -0.010214315 0.9982792 -0.035366923
11107149.629999999 0.17476855 0.31782484 -0.13094194 -0.046584953 -0.011228982 0.9983554 -0.031470843
11157136.191 0.23432598 0.29789057 -0.12312076 -0.04695472 -0.014854736 0.99839836 -0.027844407
11207122.753 0.28578323 0.27442917 -0.10702106 -0.048251532 -0.019021524 0.9983133 -0.026087955
11257125.314000001 0.3295679 0.2461168 -0.08336251 -0.050049663 -0.019446721 0.9982181 -0.026030434
11307144.126 0.36061236 0.2150418 -0.05511182 -0.055412963 -0.017489417 0.9979869 -0.025411034
11357162.688 0.38183814 0.18456511 -0.021405704 -0.061595447 -0.015319163 0.9976442 -0.026028652
11407172.75 0.39712328 0.15208648 0.016810216 -0.06892694 -0.015423739 0.99721783 -0.023831185
11457227.313 0.41103658 0.120985605 0.06327638 -0.07265224 -0.018260088 0.9969336 -0.022623109
11507170.623 0.42520264 0.09020758 0.11458842 -0.074403234 -0.01976312 0.9967859 -0.022172997
11557188.685 0.4389224 0.058570027 0.16862912 -0.0761165 -0.018008338 0.9966505 -0.023868933
11607223.247 0.45219275 0.029763917 0.22072604 -0.07805441 -0.016068479 0.9964124 -0.028490167
11657265.309 0.4671253 0.003295398 0.27193865 -0.0779641 -0.016525848 0.9963545 -0.030434916
11707307.372 0.47973588 -0.021912742 0.31711322 -0.07794889 -0.018220982 0.9963019 -0.031218449
11757326.184 0.48917353 -0.040816244 0.35631093 -0.07772006 -0.020342581 0.9961471 -0.03516851
11807344.746000001 0.49537066 -0.053926647 0.39129084 -0.07782409 -0.02236978 0.9958205 -0.042244054
11857362.808 0.50271 -0.06313094 0.42247698 -0.07514209 -0.025586922 0.99562573 -0.049279578
11907381.62 0.5057424 -0.0681839 0.44850716 -0.07174832 -0.030704418 0.99532694 -0.0568663
11957376.181 0.5005555 -0.07201171 0.46944514 -0.06900279 -0.033365596 0.99507886 -0.06279744
12007355.242 0.48478004 -0.07946906 0.48614708 -0.06960463 -0.03360747 0.9947683 -0.06679752
12057333.803 0.4604747 -0.0878971 0.5030768 -0.07178475 -0.03274298 0.99447054 -0.06930522
12107368.865 0.4328694 -0.09917861 0.51939064 -0.0743247 -0.029731613 0.9943168 -0.0701856
12157347.176 0.4028291 -0.113142066 0.53570515 -0.075728096 -0.02934263 0.9943388 -0.06851763
12207405.239 0.3681367 -0.124565735 0.551695 -0.07903113 -0.03223952 0.9939516 -0.069100946
12257471.302 0.3299216 -0.13095598 0.5671123 -0.0837661 -0.033712972 0.9933964 -0.070784025
12307521.615 0.28816926 -0.13440931 0.5824215 -0.08942687 -0.0366742 0.99264956 -0.07283364
12357532.176 0.24441196 -0.13268003 0.5961863 -0.09540485 -0.040260103 0.9918961 -0.073615454
12407526.738 0.19573253 -0.12144498 0.6045511 -0.1018211 -0.04783777 0.99088 -0.07416863
12457529.549 0.147772 -0.09813856 0.60362154 -0.10977384 -0.060192186 0.9892098 -0.07609669
12507555.861000001 0.102132685 -0.06495213 0.59360117 -0.11704381 -0.075678125 0.98711246 -0.078629404
12557566.423 0.061903827 -0.02361063 0.5765799 -0.12129366 -0.09604975 0.98445827 -0.08309184
12607538.734 0.02806535 0.017237782 0.5578242 -0.124207616 -0.11867197 0.98130333 -0.08679448
12657428.793 0.0024537214 0.05614905 0.5370865 -0.12492582 -0.14046925 0.97801447 -0.09027558
12707328.603 -0.017128522 0.09107332 0.5136821 -0.11909199 -0.15733185 0.9762085 -0.089892894
12757251.663 -0.033782065 0.118603505 0.48485056 -0.11403361 -0.16329883 0.9762227 -0.085551836
12807222.724 -0.050979864 0.1447996 0.44832367 -0.10890903 -0.1592772 0.9780327 -0.0788781
12857241.285 -0.07062637 0.17269436 0.40749747 -0.106451616 -0.1497394 0.9800216 -0.07618352
12907267.348000001 -0.08902636 0.19852677 0.36636028 -0.09914595 -0.13581459 0.9828961 -0.07509877
12957278.159 -0.102163136 0.21870327 0.3278727 -0.08730319 -0.12133847 0.9863253 -0.06940857
13007241.22 -0.11659281 0.23363931 0.2906226 -0.07590718 -0.10563452 0.98948234 -0.06327876
13057188.53 -0.1341109 0.24358758 0.2532929 -0.06779576 -0.08765965 0.9921988 -0.05710572
13107167.092 -0.15385422 0.2502686 0.21671066 -0.063323244 -0.06670978 0.99432164 -0.053521935
13157193.654 -0.17550215 0.25339442 0.18164335 -0.0614394 -0.046373364 0.9957855 -0.049861517
13207235.716 -0.1929105 0.25095898 0.15070702 -0.055961646 -0.022083744 0.99710697 -0.04645771
13257269.778 -0.20614691 0.2440393 0.12240358 -0.05002946 0.0070072524 0.99778366 -0.043311134
13307264.84 -0.21691425 0.23075165 0.09713337 -0.04557396 0.039504364 0.9973762 -0.040040366
13357269.900999999 -0.22180408 0.21520832 0.073503844 -0.03988011 0.06896036 0.99618983 -0.035494544
13407245.962 -0.22325592 0.20536743 0.054217823 -0.03329771 0.08802413 0.9950407 -0.0322036
13457280.525 -0.22738184 0.20397303 0.033309177 -0.028589815 0.09093204 0.99484867 -0.034499064
13507338.337000001 -0.23473318 0.20798899 0.013538852 -0.025939822 0.08104294 0.9955857 -0.039602436
13557365.149 -0.24322078 0.21459137 -0.004172806 -0.025637792 0.058263935 0.9969388 -0.045399763
13607328.209999999 -0.2546213 0.22273888 -0.014854046 -0.02490884 0.026728682 0.99788666 -0.053734865
13657259.27 -0.26157403 0.23353916 -0.013145262 -0.021063527 -0.0075732106 0.9977587 -0.06306043
13707206.331 -0.26651236 0.24168196 -0.0006325111 -0.015136213 -0.048423253 0.9961347 -0.07170654
13757184.892 -0.27497995 0.2400644 0.02076939 -0.01277095 -0.086036205 0.99326676 -0.07652399
13807233.454 -0.28810734 0.2279476 0.047599167 -0.015117672 -0.111596376 0.99033797 -0.08092258
13857214.265 -0.30321267 0.2095783 0.07868183 -0.018159328 -0.12375699 0.988165 -0.088794015
13907225.077 -0.31548923 0.18560816 0.11504026 -0.018895105 -0.1341919 0.98596543 -0.09750797
13957235.889 -0.32624453 0.15354295 0.15319815 -0.01881439 -0.14030656 0.98463076 -0.102286346
14007222.2 -0.3369773 0.10654127 0.18959028 -0.020019889 -0.13562132 0.9849998 -0.104793146
14057224.762 -0.3463227 0.053782042 0.22498955 -0.020876044 -0.12287807 0.98627836 -0.10825997
14107250.824000001 -0.3482982 0.0001472868 0.2610549 -0.016712114 -0.103689566 0.9880285 -0.11299956
14157316.887 -0.34464103 -0.05903782 0.297808 -0.010876665 -0.082252465 0.9902087 -0.11226313
14207383.2 -0.3374128 -0.11807621 0.33416227 -0.0057804994 -0.060144287 0.9921418 -0.10956298
14257433.512 -0.32688704 -0.17339548 0.3689413 -0.0012163213 -0.034731906 0.9936462 -0.10704921
14307476.075 -0.31574106 -0.2259313 0.3981459 0.000112483904 -0.0055536414 0.9943863 -0.10566467
14357526.137 -0.30233985 -0.27614886 0.42366228 -0.00047046723 0.028346516 0.9942276 -0.10347839
14407607.700000001 -0.289743 -0.32688788 0.44420436 -0.0052609975 0.061900266 0.99342465 -0.09616729
14457705.764 -0.27738568 -0.37251577 0.45452374 -0.012285597 0.09655586 0.9916042 -0.085129894
14507811.578000002 -0.26994443 -0.4031268 0.45310956 -0.023423066 0.12880993 0.98830926 -0.07812953
14557901.391 -0.27297977 -0.41627494 0.44484195 -0.039384004 0.1512427 0.9848187 -0.07554308
14607943.704000002 -0.27277192 -0.4156025 0.4370805 -0.050883736 0.16368298 0.9824386 -0.073709406
14657906.264 -0.26395077 -0.40207565 0.43235144 -0.051236473 0.17026584 0.981531 -0.070577934
14707846.075 -0.2503755 -0.3787798 0.42119113 -0.040951632 0.17119147 0.9818381 -0.070784934
14757808.635 -0.24143466 -0.33789018 0.3938541 -0.029631086 0.15706031 0.98439384 -0.07364069
14807827.197 -0.22960664 -0.2875081 0.3570236 -0.018329602 0.13033074 0.9886291 -0.0727362
14857853.759 -0.21413285 -0.23903432 0.3130997 -0.006993781 0.10313352 0.99219376 -0.069757596
14907832.32 -0.19872011 -0.1934306 0.26708865 0.00057582377 0.07903341 0.9946773 -0.06610936
14957755.63 -0.18318412 -0.15218839 0.21737896 0.005772259 0.060069356 0.9963084 -0.061057556
15007647.190000001 -0.17165448 -0.111294985 0.16529195 0.0071033984 0.041467898 0.99762315 -0.054571606
15057571.0 -0.15936548 -0.069008455 0.11140779 0.006804846 0.023799304 0.99846035 -0.049641274
15107526.06 -0.14945002 -0.02484773 0.058291476 0.0043834513 0.007606086 0.9988652 -0.046811886
15157520.621000001 -0.13947256 0.019970378 0.008196033 -1.70016e-05 -0.0039762277 0.9988108 -0.048592184
15207515.183 -0.13033839 0.06370488 -0.0377219 -0.0020593512 -0.012952201 0.9985126 -0.05292063
15257478.244 -0.11989596 0.10174272 -0.08145277 -0.004085611 -0.019521656 0.99823207 -0.055991862
15307409.554 -0.10813409 0.13704605 -0.12208446 -0.0034065065 -0.029315185 0.9979741 -0.056362852
15357348.614 -0.09439085 0.16965105 -0.15818454 -0.0017123151 -0.040335592 0.99760646 -0.05613799
15407319.175 -0.08280743 0.20093179 -0.19296926 -0.0025815573 -0.051901754 0.99693644 -0.0584579
15457337.737 -0.07343378 0.23191282 -0.22072485 -0.0044776592 -0.064011045 0.99601114 -0.062004067
15507372.549 -0.05995098 0.25507835 -0.23678039 -0.0012538431 -0.08116962 0.9946581 -0.06375967
15557398.611000001 -0.041734695 0.26697928 -0.24073994 0.0037942475 -0.0999283 0.9929891 -0.06302759
15607417.173 -0.023837807 0.26537445 -0.22763439 0.009655509 -0.11322929 0.99156296 -0.06236124
15657419.735 -0.0041015074 0.25247613 -0.20718512 0.015463184 -0.12599538 0.9898848 -0.06335807
15707430.296 0.015430127 0.23040609 -0.18009011 0.022572383 -0.13953076 0.9878839 -0.06408617
15757432.858000001 0.028961627 0.20339812 -0.1498375 0.026140932 -0.15362075 0.98553425 -0.066630095
15807419.669 0.036377236 0.17290822 -0.11583154 0.025312278 -0.16663145 0.98333704 -0.068128705
15857398.73 0.0405127 0.14079954 -0.07954666 0.02104847 -0.1831658 0.9805308 -0.06757803
15907369.791 0.043559168 0.10568087 -0.038336426 0.01691591 -0.20106515 0.97736704 -0.063564725
15957356.102 0.04117931 0.07456811 0.005037889 0.008619533 -0.2164329 0.97430855 -0.06168802
16007390.665 0.037247088 0.053550746 0.051032674 -0.0015786823 -0.2260731 0.97169375 -0.06855493
16057464.728 0.032592762 0.039978888 0.09743979 -0.012068178 -0.22580956 0.9707433 -0.080758415
16107569.541000001 0.02583653 0.027930668 0.14392419 -0.020446356 -0.21853131 0.97104406 -0.09433703
16157518.852 0.013932409 0.016281106 0.19003962 -0.033134438 -0.21040262 0.9713399 -0.10550709
16207417.410999998 -0.007519986 0.0013774177 0.23246703 -0.050978124 -0.20123343 0.9717616 -0.11218678
16257340.221 -0.035950482 -0.012986794 0.26759577 -0.07476485 -0.1886792 0.97178775 -0.12016241
16307327.032000002 -0.06744661 -0.031441014 0.2952766 -0.09939491 -0.1692107 0.9722788 -0.12713148
16357401.096 -0.09952812 -0.05883421 0.32472378 -0.11941202 -0.14326364 0.97375774 -0.13043065
16407498.658999998 -0.124373116 -0.08857776 0.35924473 -0.13181448 -0.114034235 0.9756897 -0.1328562
16457556.722000001 -0.1401311 -0.117171034 0.39730906 -0.1331733 -0.08588317 0.9784161 -0.13263112
16507559.283 -0.14582784 -0.14508219 0.44049776 -0.12126553 -0.05896385 0.9823224 -0.12984903
16557546.344999999 -0.1491766 -0.16415352 0.48016438 -0.10721027 -0.03788241 0.9852206 -0.12810618
16607580.657 -0.14906444 -0.17429969 0.5144104 -0.09002018 -0.019372864 0.9874996 -0.12792851
16657686.220999999 -0.14924106 -0.17854339 0.5430724 -0.07414219 -0.0023285262 0.9892778 -0.1258056
16707801.534999998 -0.14813437 -0.18201713 0.56220186 -0.059628032 0.017299313 0.99098957 -0.11868007
16757818.597000001 -0.14514835 -0.18501866 0.57537156 -0.044578616 0.038136758 0.9921158 -0.11074607
16807781.657 -0.13936596 -0.18183607 0.5788071 -0.029139698 0.060945675 0.992128 -0.10544415
16857760.218 -0.13076745 -0.17638017 0.57854474 -0.0085181445 0.08290225 0.9916546 -0.09836642
16907786.779999997 -0.12939775 -0.16466181 0.5685558 0.0068413317 0.09541451 0.9912843 -0.090579815
16957837.093 -0.1341478 -0.14668344 0.5511605 0.015151491 0.10569234 0.9906647 -0.08475316
17007863.155 -0.13918798 -0.12807044 0.5279123 0.02039771 0.11603088 0.9899566 -0.07814588
17057842.466000002 -0.14421867 -0.10448575 0.49645126 0.02394982 0.12074235 0.9896831 -0.07331548
17107781.526 -0.14701849 -0.07894478 0.4623469 0.02914342 0.11975518 0.98986 -0.07061534
17157728.586999997 -0.14700654 -0.0482756 0.4254469 0.034635913 0.109121256 0.99115175 -0.06716555
17207691.648000002 -0.13808541 -0.016169079 0.3888145 0.042824697 0.09220666 0.9927764 -0.063710846
17257670.209000003 -0.11486102 0.012599759 0.3586954 0.060869843 0.076010354 0.9936446 -0.056459486
17307641.52 -0.08550941 0.040312693 0.3344306 0.084147654 0.056884144 0.9935417 -0.050578758
17357603.83 -0.0649044 0.0697607 0.31366244 0.099718906 0.035657976 0.9932198 -0.047948867
17407559.141000003 -0.05566041 0.09899988 0.29482207 0.09555224 0.015328198 0.99410915 -0.048804495
17457530.202000003 -0.06370105 0.12365494 0.27583367 0.0761166 -0.0019228547 0.9957724 -0.051379554
17507516.763 -0.06953221 0.13933589 0.26113653 0.056338735 -0.018145286 0.9969303 -0.051251926
17557519.575000003 -0.07117615 0.1542126 0.25186613 0.040364694 -0.037818402 0.997061 -0.05300917
17607530.136 -0.07138965 0.16807884 0.24179785 0.027396167 -0.05820846 0.99631125 -0.056791764
17657548.698 -0.07468021 0.1772038 0.23132494 0.013593141 -0.07582662 0.9950667 -0.06251222
17707543.51 -0.080171496 0.17657156 0.22628532 -0.0028995564 -0.08469923 0.9940812 -0.06797251
17757513.821000002 -0.08240453 0.1592655 0.23333588 -0.01737365 -0.08220344 0.9941969 -0.06718109
17807477.131 -0.07913186 0.12767522 0.25677288 -0.025702858 -0.07346682 0.9951392 -0.060333602
17857471.693 -0.07301082 0.10032902 0.28953424 -0.02916042 -0.06361924 0.9959697 -0.056094766
17907514.005 -0.07084053 0.08468825 0.32100967 -0.03435508 -0.057218555 0.99588865 -0.061249696
17957612.069000002 -0.0762967 0.08040173 0.35221642 -0.04350961 -0.05744631 0.9950668 -0.068182886
18007693.632 -0.08318897 0.07822484 0.3786646 -0.04996791 -0.06552586 0.9938723 -0.07367216
18057696.194 -0.084672436 0.07452443 0.40628436 -0.052161086 -0.08056595 0.99256754 -0.07482082
18107619.753 -0.08116926 0.06382577 0.4308813 -0.050065804 -0.09121788 0.9919187 -0.072595306
18157567.064 -0.07285085 0.046896122 0.45262274 -0.04379485 -0.09405836 0.9920116 -0.07175049
18207577.626 -0.062392052 0.027643148 0.4681096 -0.031950068 -0.09097856 0.99277484 -0.0714153
18257667.439 -0.058066547 0.011221312 0.47129014 -0.02482218 -0.08820276 0.9935136 -0.06734165
18307765.003000002 -0.068659395 0.004322578 0.45955023 -0.033806123 -0.086397946 0.99371696 -0.06260353
18357799.565 -0.090835676 0.011155328 0.43661025 -0.050262004 -0.086555555 0.9930328 -0.062190916
18407778.126000002 -0.10909257 0.023506261 0.4087197 -0.06129665 -0.088613294 0.99226433 -0.06166082
18457769.937 -0.12047323 0.039982818 0.3802682 -0.062226545 -0.08871015 0.99248344 -0.056877866
18507704.746999998 -0.124796666 0.054625835 0.35201898 -0.05627599 -0.08313864 0.9936929 -0.049954247
18557706.809 -0.13030869 0.07450752 0.31776196 -0.052786697 -0.07697597 0.99440366 -0.049494028
18607725.121 -0.1401685 0.102746055 0.2785513 -0.054305136 -0.07028928 0.99471456 -0.051510077
18657735.683 -0.15291594 0.12984693 0.23552273 -0.056604896 -0.06676353 0.9947968 -0.052133344
18707698.992999997 -0.1633734 0.15448484 0.1901878 -0.056352608 -0.06449781 0.9951233 -0.048927985
18757622.053 -0.17052606 0.17502807 0.14500788 -0.052761648 -0.060133554 0.99584216 -0.043573156
18807569.114 -0.17680135 0.19316733 0.099602126 -0.0491723 -0.056412186 0.9963431 -0.041235022
18857563.925 -0.18412948 0.2103083 0.04979024 -0.048451286 -0.05450945 0.9965668 -0.039190795
18907606.487999998 -0.1933926 0.22500364 -0.0011242417 -0.04994211 -0.05289016 0.9966702 -0.036837358
18957640.55 -0.20132309 0.23934788 -0.05107896 -0.04893742 -0.051877934 0.9968391 -0.035009455
19007635.111 -0.20500575 0.2523878 -0.092412025 -0.045713384 -0.051049277 0.9970646 -0.034153104
19057598.422 -0.20669262 0.26112792 -0.123911895 -0.04309916 -0.04908399 0.9972319 -0.035520934
19107569.233 -0.20526984 0.2659701 -0.1421418 -0.038969856 -0.04690934 0.9974899 -0.035982747
19157548.044 -0.20055826 0.26424983 -0.15302452 -0.033821154 -0.044209406 0.99787354 -0.03391271
19207606.357 -0.19583185 0.26263738 -0.1575212 -0.030718435 -0.042218532 0.99814075 -0.031449206
19257577.168 -0.1929105 0.25890365 -0.15925702 -0.030225303 -0.039063264 0.99836266 -0.028854381
19307603.48 -0.19050361 0.25473717 -0.15807948 -0.030023748 -0.03610137 0.99854606 -0.026477102
19357613.791 -0.18747932 0.2507777 -0.15232201 -0.029332515 -0.034066472 0.99868923 -0.02447533
19407608.853 -0.18517737 0.25007463 -0.14564663 -0.029349318 -0.03280608 0.99874514 -0.023887873
19457611.164 -0.18425258 0.25213784 -0.140712 -0.029166598 -0.031476166 0.9987512 -0.025584541
19507613.976 -0.18295741 0.25451806 -0.13645993 -0.028535783 -0.030329915 0.99874747 -0.027738238
19557616.538 -0.17975089 0.25349995 -0.13012928 -0.027062185 -0.028731743 0.9988252 -0.028114216
19607619.099000003 -0.17656782 0.2510226 -0.12579449 -0.025063965 -0.027874589 0.9989197 -0.027463822
19657699.162 -0.17352386 0.24768001 -0.12269374 -0.0229802 -0.027682537 0.9989811 -0.027248688
19707600.972 -0.1691755 0.24585423 -0.12073208 -0.021297628 -0.025740283 0.9990922 -0.026431955
19757611.034 -0.16697071 0.24325098 -0.119655184 -0.020349786 -0.023856523 0.99918234 -0.025524508
19807621.595000003 -0.16807379 0.24427938 -0.11754402 -0.021078 -0.02349474 0.99917334 -0.025620956
19857640.156999998 -0.16756463 0.24478953 -0.11615862 -0.02257503 -0.02290091 0.999145 -0.025986489
19907642.719 -0.17013508 0.24623273 -0.11413566 -0.0235712 -0.022967672 0.9991139 -0.026236061
19957637.53 -0.16778353 0.24757263 -0.11232423 -0.02382199 -0.023452455 0.99909735 -0.026212838
20007624.091000002 -0.1684896 0.2467005 -0.11018843 -0.022627683 -0.02353537 0.99912935 -0.025972564
20057626.653 -0.16648449 0.246367 -0.10855868 -0.022213593 -0.023365745 0.9991768 -0.024626423
20107629.215 -0.16482334 0.24350503 -0.10617757 -0.021536628 -0.023638133 0.9992146 -0.023403011
20157647.777 -0.1623023 0.24101318 -0.10555542 -0.020993596 -0.02376882 0.99922633 -0.02326216
20207658.588000003 -0.15998432 0.24193561 -0.10298119 -0.020819021 -0.02351938 0.9992518 -0.022567587
20257669.15 -0.16140047 0.24239768 -0.0995004 -0.021133296 -0.024279585 0.9992158 -0.023059383
20307663.961 -0.1604526 0.2403245 -0.09828463 -0.02108876 -0.023959015 0.9992325 -0.022710923
20357658.523 -0.15930267 0.2388586 -0.098484896 -0.021768158 -0.022852825 0.9992474 -0.022552066
20407661.084000003 -0.15717237 0.23760274 -0.1001328 -0.022128047 -0.02135979 0.99928516 -0.021983055
20457663.646 -0.15463379 0.23684151 -0.09791233 -0.020874375 -0.01942295 0.9993757 -0.02086338
20507674.208 -0.15206489 0.23507145 -0.09661322 -0.019783277 -0.018373866 0.99943906 -0.019814838
