943929.4789999999 -0.0 -0.0 -0.0 -0.0 -0.0 1.0 -0.0
984360.358 -0.0 -0.0 -0.0 -0.0 -0.0 1.0 -0.0
1043934.0360000001 0.007912152 0.0027988043 -0.0007781717 -0.009491519 0.0002139181 0.9999484 0.0036275699
1084364.9149999998 0.007912152 0.0027988043 -0.0007781717 -0.009491519 0.0002139181 0.9999484 0.0036275699
1143938.8429999999 0.007912152 0.0027988043 -0.0007781717 -0.009491519 0.0002139181 0.9999484 0.0036275699
1184369.722 0.007912152 0.0027988043 -0.0007781717 -0.009491519 0.0002139181 0.9999484 0.0036275699
1243943.4000000001 0.0060110195 0.0023551164 8.3244495e-06 -0.009601634 0.0017354153 0.9999515 0.0013559029
1284374.5289999999 0.0060110195 0.0023551164 8.3244495e-06 -0.009601634 0.0017354153 0.9999515 0.0013559029
1343948.207 0.0060110195 0.0023551164 8.3244495e-06 -0.009601634 0.0017354153 0.9999515 0.0013559029
1384379.0860000001 0.0060110195 0.0023551164 8.3244495e-06 -0.009601634 0.0017354153 0.9999515 0.0013559029
1443952.764 0.0056223497 0.002040032 0.00058366824 -0.005765701 0.002896365 0.9999781 0.0015055488
1484383.643 0.0056223497 0.002040032 0.00058366824 -0.005765701 0.002896365 0.9999781 0.0015055488
1543957.571 0.0056223497 0.002040032 0.00058366824 -0.005765701 0.002896365 0.9999781 0.0015055488
1584388.45 0.0056223497 0.002040032 0.00058366824 -0.005765701 0.002896365 0.9999781 0.0015055488
1643962.1279999998 0.0053729066 0.0026814616 0.0008033486 -0.0051964265 0.0041407077 0.9999777 -0.0006533113
1684415.257 0.0053729066 0.0026814616 0.0008033486 -0.0051964265 0.0041407077 0.9999777 -0.0006533113
1744049.6860000002 0.0045355763 0.0024704207 0.0008663979 -0.0016268683 0.0039644535 0.99998957 -0.001565905
1784397.814 0.0045355763 0.0024704207 0.0008663979 -0.0016268683 0.0039644535 0.99998957 -0.001565905
1843971.4919999999 0.00452124 0.002316764 0.0009400766 -0.0020309074 0.0037852796 0.9999885 -0.0021580264
1884402.371 0.00452124 0.002316764 0.0009400766 -0.0020309074 0.0037852796 0.9999885 -0.0021580264
1943976.2989999999 0.00452124 0.002316764 0.0009400766 -0.0020309074 0.0037852796 0.9999885 -0.0021580264
1984406.928 0.0041280854 0.002435615 0.0009961992 0.00018184143 0.0037111877 0.9999914 -0.0018335152
2043980.8549999997 0.004055545 0.0026891802 0.0009282535 0.0007695026 0.0035366197 0.9999932 -0.0007264414
2085974.0089999996 0.0042870305 0.002766151 0.0009197161 7.721363e-05 0.0037351318 0.999993 -0.00018421128
2135310.2770000002 0.00450947 0.0028604923 0.00082464906 -0.0013318671 0.0035183425 0.99999297 0.00020903697
2185280.555 0.0044388175 0.0029257017 0.0008944978 -0.00065876043 0.0033006335 0.99999416 0.0006647582
2235687.34 0.0044434634 0.002899901 0.00087338366 -0.000412526 0.003257001 0.9999946 0.0004962339
2286292.128 0.0041556084 0.0027847576 0.00095865416 0.001332603 0.0034570943 0.99999315 -5.5821638e-05
2336548.6599999997 0.0040941336 0.0026215327 0.0009850858 0.0020275174 0.0030334787 0.9999927 -0.0011552708
2386249.434 0.0040762764 0.0024180477 0.0010364561 0.0023673722 0.0026407095 0.99999046 -0.0025630398
2435887.2070000004 0.0041349833 0.0023326746 0.0010647747 0.0019687256 0.0035633887 0.9999874 -0.0029568002
2485706.983 0.004256169 0.002498212 0.0009496132 0.0014964916 0.003181293 0.999992 -0.0019232973
2535733.512 0.004176867 0.002476812 0.0009855201 0.0023254247 0.0033422613 0.9999897 -0.0020271444
2585902.293 0.004346095 0.0025239447 0.00095202227 0.001710823 0.0035891214 0.9999906 -0.0017646183
2636078.574 0.0043257014 0.0026199536 0.0010755175 0.0031373077 0.004936976 0.99998283 -0.00034956026
2686105.1029999997 0.0044907886 0.0021396915 0.0013911739 0.0033503042 0.003743699 0.9999767 -0.0046392726
2736012.38 0.004364322 0.0014261104 0.0017619225 0.008016938 0.0016440741 0.9998467 -0.015481692
2785903.656 0.004585056 0.00084476627 0.0018649888 0.007055047 -0.0023300075 0.99969894 -0.0233842
2835850.434 0.0040186876 0.0012288882 0.0017462191 0.009861103 -0.0032479735 0.9997254 -0.021009915
2885868.4630000005 0.0037297525 0.0015144655 0.0020271055 0.014223422 -0.00317312 0.9997731 -0.015540789
2935980.743 0.0031824887 0.0017069366 0.0017806675 0.019190881 -0.0012664102 0.99976265 -0.010237169
2985976.521 0.003237244 0.001939013 0.001840279 0.021733295 -0.00087011803 0.99974215 -0.0065301745
3036010.3 0.0028839842 0.0022657518 0.0017478643 0.023019906 0.0005264382 0.99972737 -0.003892211
3085988.5790000004 0.0035655254 0.0028497141 0.0021674826 0.022155691 0.0038841793 0.9997454 -0.0017722591
3135951.856 0.0047527235 0.004295813 0.0012815181 0.020618359 0.007743682 0.9997557 0.001906244
3185930.3850000002 0.0050290353 0.0047413968 0.0021517042 0.019546218 0.011007481 0.99974114 0.0038018718
3235940.1629999997 0.0053634695 0.0053107752 0.002100492 0.022741117 0.01419716 0.99958915 0.01014363
3285974.442 0.0053064995 0.005886741 0.0024748556 0.02890901 0.017383056 0.9992512 0.018952342
3336029.471 0.0055859024 0.0066345953 0.003016316 0.03245879 0.021436721 0.99890494 0.025997482
3385987.2490000003 0.006436242 0.007464554 0.0032770475 0.03100623 0.022254493 0.9987611 0.031931493
3435965.527 0.0069173416 0.007957329 0.0037082708 0.027877094 0.022135561 0.9987142 0.036095254
3485944.305 0.0076946053 0.00894716 0.003919112 0.022364462 0.0208063 0.998678 0.041343074
3535962.334 0.008259236 0.00966341 0.003866809 0.016344871 0.021253424 0.9986112 0.045353077
3585996.613 0.008800257 0.010141628 0.004212738 0.011420512 0.02021164 0.9986391 0.046701748
3636046.3919999995 0.009357688 0.010186624 0.004219854 0.008036098 0.01857552 0.9988304 0.043912772
3686080.421 0.0105531 0.010572745 0.0040631173 0.0028514587 0.016001767 0.9988696 0.044670556
3736082.7 0.012480365 0.010307166 0.00528604 -0.0049647246 0.014509729 0.99873394 0.047910932
3786061.478 -0.017786 -0.019676834 0.011990535 0.020052947 0.0026891495 0.9997652 0.0077578793
3836047.756 -0.016330076 -0.01963579 0.011916816 0.0058171977 0.0064258096 0.9999251 0.008646856
3886058.0349999997 -0.015649354 -0.019381046 0.010140558 -0.0046950732 0.010888678 0.99990076 0.0076150876
3936100.064 -0.01596323 -0.019489473 0.011656559 -0.012911598 0.013988235 0.9998027 0.005675907
3986149.843 -0.015934782 -0.019923333 0.0118504735 -0.01839775 0.016333943 0.9996956 0.0018891906
4036176.1220000004 -0.033030394 -0.013061043 0.015123422 -0.0048694066 0.01145847 0.9999034 0.006187085
4086178.4000000004 -0.031793013 -0.013987486 0.015150505 -0.014624163 0.011344323 0.9998285 -0.00067612197
4136191.1789999995 -0.032661412 -0.01412314 0.016129883 -0.021582829 0.014099885 0.999608 -0.0109244585
4186159.2070000004 -0.031206802 -0.015128466 0.017286768 -0.02841211 0.015267812 0.99922466 -0.022576924
4236185.486 -0.032880012 -0.0157124 0.020821664 -0.029251985 0.018108482 0.99887276 -0.032705933
4286219.515 -0.038546108 0.0042357645 0.018827237 -0.019481942 0.023098582 0.9994711 -0.012016899
4336245.794 -0.03845375 0.00424898 0.019381858 -0.021262625 0.02927638 0.99916965 -0.01873342
4386256.072 -0.038872525 0.004120392 0.018867096 -0.020511685 0.0343208 0.9989317 -0.023169136
4436275.101000001 -0.039592154 0.0044312617 0.018626498 -0.020530099 0.03463901 0.9988367 -0.026531495
4486237.129 -0.038435295 0.004764614 0.018991495 -0.021643031 0.0365631 0.99872243 -0.027353795
4536231.157000001 -0.037738286 0.0067538307 0.019573322 -0.025445564 0.037228566 0.99869823 -0.02384266
4586233.436000001 -0.03518699 0.008568554 0.016199166 -0.028696055 0.038895164 0.99854326 -0.023980489
4636243.714 -0.03169655 0.024812184 0.018569501 -0.033422798 0.030458113 0.99896896 -0.004042003
4686254.243000001 -0.028772622 0.027444182 0.017960614 -0.036515016 0.02761165 0.99893343 -0.006024274
4736248.521 -0.024800489 0.029901493 0.01824005 -0.033763576 0.02625868 0.9990519 -0.008111133
4786227.3 -0.019589415 0.03225772 0.018322844 -0.022318546 0.024070831 0.99942386 -0.0086257635
4836197.578 -0.013719031 0.034328718 0.018689012 -0.005459954 0.022195866 0.99967974 -0.010861117
4886152.3549999995 -0.007076279 0.036260244 0.01919512 0.01277067 0.021634681 0.9995521 -0.016266586
4936083.383 -0.00091266574 0.038252637 0.019707503 0.029052792 0.021349374 0.9990741 -0.023475742
4986006.66 0.0049795797 0.039827928 0.019976577 0.04122034 0.020055395 0.9985152 -0.029431377
5035937.437 0.010685065 0.041123588 0.01986124 0.052093063 0.018821338 0.99783146 -0.035559606
5085939.716 0.016428903 0.042007614 0.01978368 0.06571979 0.01707897 0.99685156 -0.0409421
5135973.495 0.021764288 0.0423538 0.019547358 0.07761739 0.017833425 0.99581975 -0.044727847
5186000.024 0.026771314 0.042100333 0.019118778 0.08764528 0.018736042 0.99485105 -0.047315765
5235970.801999999 0.031035827 0.04116256 0.018735176 0.095570005 0.018487109 0.9940376 -0.04913116
5285945.08 0.034956675 0.039869312 0.018153861 0.10135961 0.016532594 0.9933645 -0.051767897
5335864.607 0.037979163 0.037956048 0.017644824 0.10669981 0.015154852 0.99276406 -0.05296343
5385851.135 0.040747266 0.03526291 0.016915612 0.110161014 0.01518882 0.99240065 -0.05267677
5435861.164 0.043120034 0.03196957 0.016169392 0.109805904 0.016653359 0.99256575 -0.04978526
5485871.442000001 0.044857915 0.028537655 0.015500473 0.10847066 0.018623129 0.9927846 -0.047603056
5535849.97 0.04610742 0.025139783 0.014978336 0.10842688 0.019478591 0.9929033 -0.04480285
5585804.748 0.047377262 0.021147514 0.014319057 0.109435394 0.02015261 0.99285287 -0.043139722
5635775.026 0.04862263 0.017068695 0.013641061 0.11158625 0.020114757 0.99268436 -0.041493796
5685793.305 0.0489521 0.013170371 0.0130145475 0.111336365 0.018498702 0.99282837 -0.039419208
5735835.334 0.048875842 0.009375197 0.012269842 0.10808787 0.016917333 0.993328 -0.036473233
5785885.613 0.048313163 0.004936778 0.011359927 0.104964025 0.015793227 0.9937428 -0.03476176
5835919.392 0.047851484 0.00036407198 0.010251031 0.10234029 0.015207752 0.9940902 -0.03286259
5885921.671 0.046446245 -0.0040757963 0.009491935 0.09628063 0.015731089 0.99476004 -0.030579368
5935915.949 0.04504978 -0.008337891 0.008931954 0.0903035 0.017369285 0.9952967 -0.030463137
5985926.478 0.043911047 -0.012464235 0.008308327 0.08791838 0.018475806 0.99554396 -0.02865823
6035944.756 0.042262483 -0.016365923 0.008389092 0.09134839 0.016748974 0.9953355 -0.026120225
6085962.785 0.040995076 -0.019383438 0.008404711 0.09589449 0.01315815 0.99503523 -0.023154417
6135981.064 0.038984917 -0.02207176 0.00838195 0.09693069 0.008465906 0.995027 -0.021310965
6185991.343 0.035776146 -0.024327826 0.008342835 0.092639476 0.0059735263 0.995464 -0.020825485
6236001.620999999 0.03195487 -0.025775544 0.008407044 0.083977535 0.004156988 0.9962385 -0.020961486
6286011.9 0.027863178 -0.027048856 0.0086424835 0.074217156 0.0018511072 0.9969863 -0.022512512
6336022.428 0.02386231 -0.028064754 0.009042003 0.06948002 -0.0018551706 0.9972912 -0.024071319
6386040.2069999995 0.019963503 -0.028835498 0.009758704 0.06816756 -0.0057697515 0.9973281 -0.025622819
6436066.736 0.01598286 -0.029671486 0.010421122 0.06502047 -0.0066296263 0.997504 -0.026724786
6486113.015 0.011471405 -0.030315654 0.010967633 0.058666933 -0.008074519 0.997858 -0.027793076
6536118.794 0.006968576 -0.030617116 0.011202369 0.049740553 -0.009285216 0.9983032 -0.028818011
6586137.322 0.0026002324 -0.030539528 0.011679588 0.042564128 -0.010444566 0.9986319 -0.028523292
6636154.851 -0.0013368035 -0.030453403 0.012161073 0.037094116 -0.012153549 0.9988416 -0.028139886
6686173.38 -0.0047419635 -0.030304682 0.012721903 0.032951083 -0.012815876 0.99896884 -0.028482897
6736199.659 -0.008326492 -0.029391227 0.013514984 0.029565569 -0.012591855 0.9990661 -0.0288849
6786225.437999999 -0.011651718 -0.028552387 0.014398217 0.025692577 -0.0114211915 0.9991062 -0.03156596
6836235.716 -0.015013223 -0.027848512 0.015254472 0.020600302 -0.009823809 0.9991004 -0.035742935
6886257.245 -0.01818342 -0.026781484 0.016035788 0.017276086 -0.00966588 0.99907446 -0.03818883
6936224.523 -0.020980952 -0.02567249 0.017034056 0.015605149 -0.00830012 0.99910235 -0.038497984
6986219.551 -0.023760345 -0.024774343 0.017544953 0.0124385 -0.0060379007 0.9992298 -0.03672379
7036221.58 -0.025541829 -0.023200113 0.018121835 0.008948189 -0.0010532755 0.9994303 -0.032525122
7086247.359 -0.027363725 -0.021059664 0.018547071 0.007420907 0.0043741725 0.99950814 -0.030154685
7136273.886999999 -0.028898431 -0.018413628 0.018980626 0.0037310168 0.0088853575 0.99949056 -0.03042799
7186291.665999999 -0.03049403 -0.015415188 0.019315742 -0.0014807938 0.012287114 0.99942213 -0.031659886
7236286.445 -0.03246521 -0.012249569 0.019432949 -0.005386026 0.012909387 0.99936867 -0.032659616
7286288.723 -0.03383186 -0.008858741 0.019572604 -0.009892742 0.013396058 0.9993549 -0.03182054
7336314.751999999 -0.034991257 -0.005369948 0.019487992 -0.016166614 0.014874887 0.9992569 -0.031670295
7386341.0309999995 -0.03618349 -0.0018388163 0.019170716 -0.024465429 0.014435811 0.99904555 -0.033184092
7436374.81 -0.036863882 0.0019689242 0.018702082 -0.030295013 0.013925037 0.9988387 -0.03477819
7486409.339000001 -0.036996752 0.005605614 0.018288514 -0.03343314 0.013439703 0.998708 -0.03583324
7536427.117000001 -0.03662662 0.009240814 0.018019382 -0.033416778 0.012576714 0.9987431 -0.035177425
7586421.896 -0.035769917 0.012458197 0.017693693 -0.02944644 0.009897444 0.9989204 -0.03454009
7636392.174 -0.034424882 0.015474009 0.017437205 -0.025858108 0.0074678813 0.9990716 -0.033639558
7686361.2020000005 -0.032934494 0.018362615 0.017000942 -0.02367348 0.008852096 0.9991575 -0.032334898
7736325.48 -0.031111388 0.020963423 0.016667822 -0.025722375 0.012584905 0.9990956 -0.031432018
7786312.507999999 -0.029111117 0.02426517 0.01629823 -0.025166705 0.015016717 0.9990799 -0.031314988
7836314.785999999 -0.026754258 0.027282428 0.016028581 -0.02220775 0.016011281 0.99912745 -0.031542473
7886332.5649999995 -0.024146168 0.030579135 0.016150447 -0.016454086 0.016287388 0.9992001 -0.03260578
7936343.0940000005 -0.021434404 0.034085084 0.016275734 -0.01549105 0.017057383 0.99908876 -0.035927188
7986329.1219999995 -0.018701466 0.037715044 0.016412277 -0.01735734 0.017543197 0.99883485 -0.04147278
8036331.4 -0.015903192 0.041216675 0.01665824 -0.01648693 0.01637322 0.9985682 -0.048185486
8086381.68 -0.012767195 0.044909213 0.017085822 -0.013452407 0.013786073 0.99823797 -0.05612394
8136495.21 -0.009430961 0.04828691 0.017403496 -0.011135709 0.012047334 0.99770683 -0.06566614
8186639.991 -0.006129984 0.051430363 0.01775534 -0.007422913 0.010688881 0.9970628 -0.075474955
8236761.271 -0.002614893 0.05423938 0.018492633 -0.0021959213 0.010985136 0.9964809 -0.08306867
8286835.301000001 0.0008502255 0.05621948 0.018733595 0.0027641333 0.010946078 0.99603736 -0.08821684
8336837.579 0.0044729896 0.05729026 0.018793728 0.007911 0.011006564 0.99586725 -0.08980379
8386760.356000001 0.00844222 0.05756501 0.018678468 0.015940446 0.009596185 0.99585676 -0.089012384
8436675.633000001 0.012392203 0.057310514 0.018210521 0.026227783 0.0057481807 0.9957321 -0.08829817
8486606.410999998 0.016508609 0.05646714 0.017845675 0.036728363 0.0033155885 0.99551296 -0.08714373
8536577.439 0.020762555 0.055200532 0.017447487 0.04767251 0.0035113455 0.99510473 -0.086496554
8586555.717 0.02478228 0.053242046 0.01685177 0.055636663 0.005287761 0.9947749 -0.085438065
8636502.495 0.028679688 0.05077706 0.016327972 0.06194494 0.007445932 0.9945244 -0.08383678
8686410.022 0.032431766 0.047781203 0.015848547 0.06820473 0.009469077 0.99438024 -0.0804145
8736316.799 0.036017172 0.04480558 0.015440354 0.07628837 0.010178871 0.99404323 -0.077166356
8786248.076000001 0.03950167 0.041672904 0.014862972 0.08289076 0.011405968 0.9936636 -0.07504466
8836218.354 0.04276503 0.038493764 0.014647347 0.091857955 0.012343573 0.99304646 -0.07258493
8886197.382 0.04588027 0.035381407 0.0142386835 0.10044453 0.012451312 0.9923012 -0.07137388
8936159.66 0.048393823 0.032554455 0.014079565 0.10818319 0.0126142865 0.99153745 -0.070646234
8986114.438000001 0.050629143 0.029628092 0.0138709145 0.11158204 0.015003376 0.99112546 -0.07067273
9036069.215 0.05234716 0.0262881 0.013585189 0.11423759 0.016272726 0.9908109 -0.07056044
9086031.992999999 0.054027382 0.023307 0.013350258 0.12022758 0.016095841 0.9903353 -0.067247614
9136026.272 0.055119835 0.020177016 0.013339075 0.12697403 0.013900553 0.9897311 -0.06416325
9186028.799999999 0.0553195 0.0172485 0.013394881 0.13022189 0.012507069 0.98942035 -0.06271548
9236031.079 0.05468244 0.01449091 0.013455374 0.12910548 0.0116906585 0.9896655 -0.06129732
9286041.356999999 0.05331669 0.011700903 0.013512747 0.12539907 0.010660136 0.99025387 -0.05965557
9336059.386 0.051493388 0.009208833 0.013119876 0.12114179 0.010678657 0.9909333 -0.05711301
9386085.665000001 0.04923617 0.00627286 0.012853602 0.11503942 0.009990958 0.99183285 -0.054163966
9436095.943 0.046565983 0.0029674652 0.012554748 0.10782812 0.008497106 0.9927853 -0.05175234
9486106.222000001 0.043751996 -3.146226e-05 0.0121030575 0.1003734 0.008488221 0.9936388 -0.050349697
9536108.751 0.040949415 -0.0031277542 0.012000629 0.092904456 0.009905952 0.99438953 -0.04959939
9586126.529000001 0.038142443 -0.006106057 0.012106196 0.08608936 0.010399262 0.99499875 -0.049578715
9636136.808 0.035680287 -0.0087847095 0.012207293 0.08073792 0.009165869 0.9955458 -0.047810704
9686155.087 0.033255298 -0.011359181 0.012504515 0.07618138 0.0077870293 0.995957 -0.046962835
9736157.615 0.030932758 -0.013402258 0.01281822 0.07252535 0.006572223 0.9961822 -0.048144832
9786167.894000001 0.028557902 -0.014998279 0.013367773 0.06983593 0.00429009 0.996324 -0.04942732
9836186.172 0.025817564 -0.016458362 0.013799117 0.06626784 0.0014859965 0.99654347 -0.050075848
9886211.951000001 0.022512715 -0.01748094 0.013949526 0.05990229 0.00062495354 0.9969472 -0.05007553
9936238.48 0.018927524 -0.01808369 0.013810792 0.050122216 -5.592643e-05 0.99744713 -0.05086251
9986256.259 0.015200479 -0.018698586 0.01349348 0.039479606 -0.00040060526 0.9978348 -0.05260143
10036282.538 0.011423635 -0.019608662 0.013259014 0.031906035 -0.0023597286 0.99813336 -0.05202175
10086398.318 0.007701577 -0.019967152 0.013074608 0.02639973 -0.0055408957 0.9983713 -0.050270483
10136342.846 0.0039601116 -0.02009944 0.012745031 0.020741867 -0.0075140535 0.9985753 -0.048586927
10186408.625 -0.00037652766 -0.020099655 0.012534076 0.012567316 -0.008216997 0.9987331 -0.048028626
10236427.154 -0.00479669 -0.020091724 0.012233872 0.0033330254 -0.00939754 0.9988089 -0.04776413
10286405.432 -0.009023103 -0.019991614 0.01197553 -0.0042539947 -0.010655473 0.99889123 -0.04565823
10336376.209999999 -0.013058251 -0.019655716 0.01193027 -0.011359514 -0.012284269 0.9988894 -0.044046387
10386385.989 -0.016778989 -0.019005565 0.011933538 -0.01845814 -0.014044636 0.9987695 -0.043835554
10436428.268 -0.020436097 -0.017722575 0.01185598 -0.023946142 -0.016215213 0.99866885 -0.042710133
10486494.047 -0.023925029 -0.016537368 0.011707085 -0.030279651 -0.016790692 0.99854577 -0.041323364
10536544.076 -0.027357869 -0.015225562 0.011557584 -0.039574645 -0.014757182 0.9983495 -0.038915854
10586569.854999999 -0.030378075 -0.013664871 0.01125835 -0.0488899 -0.012897032 0.99801195 -0.037624586
10636580.134 -0.033023145 -0.0115427 0.011275406 -0.057288717 -0.012637766 0.99761665 -0.036322493
10686598.663 -0.035641193 -0.009056959 0.011206345 -0.06399491 -0.013170183 0.9972368 -0.03535776
10736632.442 -0.037907198 -0.006511903 0.011390974 -0.07129656 -0.013161059 0.9966682 -0.037364256
10786666.721 -0.03980449 -0.003548898 0.011648981 -0.07767646 -0.013124565 0.99609154 -0.039947446
10836692.499 -0.041668627 -0.00043324975 0.011783141 -0.084200665 -0.012052321 0.99549294 -0.041939013
10886695.028 -0.04287389 0.0026557583 0.011759772 -0.092335984 -0.010195048 0.9947632 -0.04261975
10936689.806 -0.043917287 0.0063606217 0.011916415 -0.09701362 -0.01081196 0.9942356 -0.044353485
10986684.084999999 -0.043745022 0.010493994 0.012370189 -0.09560542 -0.0142119685 0.99417436 -0.047697194
11036694.363 -0.04301988 0.014591558 0.013029779 -0.09170384 -0.014858981 0.9943457 -0.051441934
11086712.391999999 -0.04179659 0.018665988 0.01382343 -0.08988377 -0.011946754 0.9943243 -0.055654243
11136722.671 -0.04026194 0.022563973 0.014452773 -0.08826768 -0.009815107 0.9942799 -0.059328835
11186716.949 -0.038352914 0.026133887 0.014943567 -0.08303142 -0.01035713 0.9945977 -0.06143317
11236735.228 -0.035471123 0.029481107 0.015649926 -0.07429733 -0.01268846 0.9952103 -0.062252585
11286845.008 -0.032846134 0.03274113 0.016291695 -0.06470697 -0.015034182 0.995773 -0.063428864
11336851.036 -0.030018644 0.035730563 0.016620997 -0.060052995 -0.015848946 0.9958464 -0.066577114
11386900.816 -0.027232666 0.038564503 0.016870156 -0.057667833 -0.014822758 0.9956863 -0.07115861
11436935.095 -0.023968253 0.041481588 0.017327845 -0.0548031 -0.014330079 0.9953219 -0.078266285
11486976.874 -0.020351551 0.043936238 0.018073259 -0.049583282 -0.01222639 0.9949827 -0.08603232
11537058.902999999 -0.016538896 0.045922704 0.018766489 -0.04437053 -0.009156803 0.9945535 -0.093866035
11587179.684 -0.012413851 0.04734413 0.019522188 -0.038122553 -0.0056698723 0.9944564 -0.09783173
11637237.463000001 -0.008037338 0.048130278 0.020112723 -0.030992396 -0.0025010007 0.9946403 -0.098610274
11687208.491 -0.0036832828 0.04852977 0.020417197 -0.021404387 -0.0012871366 0.9946995 -0.10056449
11737115.768 0.00084556756 0.048549008 0.020611178 -0.010633648 -0.0009627057 0.99477255 -0.10155585
11786983.044 0.0051501314 0.047623657 0.020489728 -0.0023268315 -0.0006765762 0.9948677 -0.10115576
11836842.821 0.009252476 0.04607544 0.020181919 0.005471762 0.00028363225 0.9951657 -0.098057985
11886710.097000001 0.013230691 0.043907385 0.019725941 0.014185852 0.00070862996 0.9954302 -0.094430655
11936633.124000002 0.017099107 0.041242797 0.019370398 0.023886632 3.1908097e-05 0.99548554 -0.09185828
11986603.901999999 0.020703955 0.038340222 0.01885013 0.032081313 -0.00063559646 0.99536496 -0.09065861
12036614.181 0.023877852 0.035211813 0.018423162 0.039206095 -0.00022485667 0.99521923 -0.08945148
12086592.458999999 0.026665116 0.032031626 0.018040314 0.04479658 -0.00021152907 0.995033 -0.08889629
12136515.986 0.029087657 0.028806642 0.01767696 0.04893698 1.0291261e-05 0.9949032 -0.08816338
12186399.262999998 0.031324994 0.025370805 0.017362047 0.05562246 -0.00039316996 0.99473894 -0.08602633
12236306.04 0.03316486 0.021924432 0.017054524 0.063078694 -0.0027783015 0.99463826 -0.081903525
12286260.818 0.034547966 0.018485283 0.016568813 0.06920822 -0.0042607184 0.99452937 -0.078124754
12336247.596 0.03550302 0.015143119 0.016067753 0.0706458 -0.0040918496 0.9946409 -0.07537862
12386242.124 0.03568795 0.011909088 0.015439029 0.07019806 -0.003988301 0.9949794 -0.07122083
12436236.402999999 0.035799373 0.008469079 0.014860734 0.068933114 -0.0025475984 0.9953763 -0.06684117
12486276.932 0.035600834 0.0053018625 0.014614107 0.068783894 2.825824e-05 0.99558526 -0.0638654
12536272.709999999 0.03555016 0.0023809406 0.014609524 0.071103185 0.0019796605 0.99549747 -0.06265124
12586307.239 0.035218976 -0.00011977622 0.014617464 0.073488414 0.0028521954 0.9954281 -0.060945667
12636317.268 0.034414284 -0.0022858141 0.014886235 0.0751527 0.0031050032 0.9953154 -0.060743097
12686319.546 0.03266901 -0.004423089 0.014941964 0.074176416 0.0020812806 0.9954037 -0.060540207
12736306.074000001 0.030149935 -0.006296562 0.015035267 0.06932893 0.00032841452 0.9958562 -0.058854364
12786308.353 0.027084472 -0.008204988 0.014860276 0.06325209 -0.0013515276 0.99644595 -0.055613924
12836334.132 0.023598334 -0.00973729 0.014613506 0.057084784 -0.0035024742 0.9969514 -0.053075805
12886368.411 0.019929467 -0.010781533 0.014524467 0.050145254 -0.0059832763 0.99736845 -0.05201806
12936418.44 0.015992424 -0.011739697 0.014344609 0.0413956 -0.007877146 0.9978161 -0.050866373
12986452.218999999 0.012022972 -0.012920089 0.014256866 0.030130927 -0.008449767 0.9982882 -0.049411602
13036470.498000002 0.0077182096 -0.014075846 0.01423768 0.018412784 -0.008347933 0.9986316 -0.048232645
13086480.776 0.0036364247 -0.015109717 0.0142181 0.0065972544 -0.009161027 0.9988256 -0.04711823
13136522.805 4.4330372e-05 -0.016090797 0.014415596 -0.0010623796 -0.012510751 0.9988705 -0.045827758
13186572.584999999 -0.0034602177 -0.01700718 0.014766092 -0.004183665 -0.016524468 0.99889755 -0.043740034
13236590.863 -0.006622621 -0.018118655 0.015221607 -0.006621424 -0.02021995 0.99886715 -0.04256416
13286593.391999999 -0.009917819 -0.01868292 0.015697107 -0.010623321 -0.023750117 0.998773 -0.042139865
13336579.67 -0.012768897 -0.019111698 0.016157355 -0.01548452 -0.025547042 0.998628 -0.043007545
13386581.949000001 -0.01577039 -0.019195106 0.016582785 -0.019136734 -0.026163064 0.99855524 -0.042857487
13436616.228 -0.018827459 -0.018933395 0.017232448 -0.02370549 -0.02553023 0.99848753 -0.042531896
13486658.257 -0.021849856 -0.018202169 0.017635722 -0.030235328 -0.02318182 0.99837685 -0.042334262
13536700.536 -0.025006264 -0.017249053 0.01831511 -0.03862094 -0.021193337 0.99811065 -0.04283046
13586726.315000001 -0.028092343 -0.0162619 0.019045068 -0.046265002 -0.019863945 0.99775785 -0.044094726
13636781.344 -0.03099383 -0.014852204 0.020054592 -0.05150892 -0.017814247 0.99750805 -0.044802018
13686771.122 -0.034057654 -0.012979049 0.021194382 -0.058089662 -0.0155106075 0.9971278 -0.04605757
13736804.901 -0.037347008 -0.0108248 0.021913134 -0.067967236 -0.011839614 0.9964512 -0.048222672
13786823.18 -0.040440578 -0.008380056 0.02242781 -0.08001507 -0.0064470973 0.995529 -0.049781416
13836840.959 -0.04315778 -0.005446239 0.022640834 -0.088764824 -0.0022974878 0.99478924 -0.050098542
13886859.237 -0.04502037 -0.001956473 0.022722991 -0.09312228 -0.0028615426 0.99436885 -0.050504725
13936885.766 -0.04605116 0.0018886973 0.022522038 -0.09641616 -0.0029384322 0.99407727 -0.05005688
13986911.545 -0.04662087 0.0060277074 0.022334129 -0.09962817 3.828411e-06 0.9937402 -0.0505453
14036905.824000001 -0.046725985 0.010179254 0.02216382 -0.1026289 0.0017917036 0.9933485 -0.052181426
14086892.602 -0.046553083 0.013991921 0.02193241 -0.10331246 0.002242252 0.99312294 -0.055031806
14136879.129999999 -0.04523843 0.017732052 0.02234592 -0.10077357 0.0029632587 0.9932618 -0.057157107
14186881.409 -0.043705452 0.021122307 0.022633398 -0.09750537 0.003446582 0.9934757 -0.059051514
14236891.687 -0.041720454 0.024082797 0.022955231 -0.09392026 0.0033771875 0.99369615 -0.061119903
14286909.466 -0.039084148 0.026937284 0.023324188 -0.08696534 0.0026074343 0.99419266 -0.06333492
14336927.995000001 -0.03599031 0.029392049 0.023679193 -0.075199254 0.0016440322 0.995107 -0.06406688
14386954.273 -0.032549962 0.031558994 0.023894547 -0.06148472 0.00061625504 0.9961032 -0.06322724
14436972.052000001 -0.029117847 0.03345808 0.023681197 -0.050995566 -0.0004706939 0.9966885 -0.06333513
14486958.83 -0.026216198 0.03538544 0.023379292 -0.04449421 -0.00085195 0.9968965 -0.06493817
14536929.358000001 -0.02354469 0.0371173 0.02285768 -0.041659478 -0.0013181558 0.9967163 -0.06942197
14586900.136 -0.02102401 0.038821824 0.02263951 -0.04017948 -0.0016975357 0.9963962 -0.074682444
14636933.915000001 -0.018069785 0.04042262 0.022559704 -0.037381466 -0.0018547593 0.99608266 -0.080116436
14687015.945 -0.014382387 0.041504644 0.022597447 -0.030513259 -0.0016644517 0.99587333 -0.085454956
14737105.225 -0.010151024 0.0424858 0.022837745 -0.019681877 0.00054000696 0.9959455 -0.08777743
14787155.003999999 -0.0056916466 0.043145664 0.02280703 -0.008991531 0.0019700492 0.995993 -0.088956125
14837131.532 -0.001687345 0.04350186 0.02270002 -0.0002514685 0.0037525652 0.99596155 -0.08970184
14886993.309 0.0021046633 0.043376524 0.022147812 0.0054915817 0.004690769 0.9959209 -0.08994174
14936869.085 0.0055910037 0.042855337 0.021293387 0.009920826 0.0036830963 0.9958295 -0.09061783
14986783.862 0.008571432 0.04217321 0.020150375 0.010782102 0.0035298525 0.9956 -0.093016215
15036770.639999999 0.011571055 0.040423755 0.018407026 0.009416539 0.00240204 0.99570125 -0.09211214
15086812.42 0.014881101 0.03830296 0.01707204 0.016727267 0.0016773063 0.9959548 -0.08826904
15136870.449000001 0.018108204 0.03579987 0.015887113 0.027047902 0.0015195308 0.99607307 -0.0842888
15186880.727999998 0.021291887 0.033334382 0.014640172 0.035000212 0.00050701975 0.9961938 -0.07982969
15236803.505 0.023819832 0.030777905 0.013373807 0.03972422 0.0015953305 0.9962656 -0.07664461
15286655.531 0.026357938 0.028216578 0.012025169 0.041554607 0.0033014924 0.99639285 -0.073917374
15336522.807 0.028358478 0.025682492 0.011092495 0.04420935 0.0051189736 0.9962645 -0.07400276
15386461.585 0.030772004 0.023315364 0.010444239 0.04843264 0.0066761696 0.9960122 -0.07462924
15436479.864 0.033223044 0.020573203 0.010222413 0.056860995 0.00786807 0.99559003 -0.07419948
15486537.893000001 0.03579788 0.017346019 0.01008542 0.067446314 0.008585268 0.9949573 -0.07373785
15536532.171 0.037985675 0.013975776 0.009897951 0.076133214 0.010167708 0.99452525 -0.07085171
15586462.949000001 0.03970345 0.010156246 0.009438429 0.08063826 0.013872334 0.99433845 -0.06779464
15636370.226 0.040996604 0.0058825975 0.008620285 0.083945446 0.017231092 0.9944085 -0.06170883
15686333.253 0.04211769 0.0010221011 0.0074999356 0.085448325 0.021486053 0.99465066 -0.053918023
15736391.033 0.04327558 -0.0038135452 0.006619365 0.08823055 0.02652915 0.9946223 -0.047309186
15786504.313000001 0.044282116 -0.008764718 0.0055147205 0.09406502 0.030423472 0.99428165 -0.040376738
15836585.593 0.04492961 -0.01366925 0.0044339835 0.09977468 0.033757985 0.9938965 -0.03279126
15886572.621 0.04523018 -0.018468818 0.0035233628 0.10503198 0.036550257 0.9934579 -0.025957486
15936503.648 0.04506228 -0.022674082 0.0026925826 0.11094826 0.034845416 0.9930297 -0.019191135
15986466.426 0.04389909 -0.026503036 0.0024303352 0.11405611 0.031650692 0.9928736 -0.013837613
16036491.205000002 0.041887324 -0.029689142 0.0020912616 0.11295869 0.027308729 0.9931777 -0.009625214
16086557.985 0.038930498 -0.032343674 0.0020651717 0.10806731 0.023995565 0.99381983 -0.008244331
16136623.764 0.03499401 -0.03413287 0.0022814583 0.10064221 0.020701678 0.99466723 -0.008926
16186642.043 0.030425837 -0.035479683 0.0026244777 0.088926405 0.016122589 0.9958485 -0.010865081
16236612.570999999 0.025572116 -0.03631026 0.003091654 0.07532846 0.011614071 0.9969811 -0.014815025
16286575.349 0.020482866 -0.037154462 0.0037537396 0.06436192 0.00819976 0.9977291 -0.018081103
16336585.626999998 0.015663618 -0.037839454 0.0040542064 0.05615314 0.0051028403 0.9982238 -0.01923788
16386659.407 0.010678287 -0.0376733 0.0044854367 0.04910077 0.0034203855 0.99859416 -0.019679701
16436756.686999999 0.0056397016 -0.03738841 0.004597434 0.04062151 0.0027880643 0.99896777 -0.020139914
16486806.716000002 0.00063152704 -0.036554668 0.004852587 0.032955147 0.00181655 0.99924076 -0.020702025
16536784.993999999 -0.004210456 -0.035353024 0.0051692794 0.024697945 -0.000712536 0.9993985 -0.024332445
16586755.772 -0.009185986 -0.033929106 0.005629104 0.017806469 -0.0030146884 0.9993708 -0.03052694
16636742.049999999 -0.013441708 -0.032131296 0.006318971 0.0128084645 -0.0070730965 0.9992668 -0.03538128
16686776.329000002 -0.017544622 -0.0307993 0.0071790316 0.009450027 -0.008966024 0.999054 -0.04149027
16736818.359000001 -0.021495009 -0.02912608 0.007879794 0.006373408 -0.008533534 0.9988633 -0.04646217
16786836.637000002 -0.02512964 -0.027492322 0.0085991835 0.0043869237 -0.010715728 0.9987001 -0.049639862
16836822.915 -0.02819622 -0.025473347 0.0091735395 0.00076106074 -0.012809981 0.99857944 -0.051716343
16886801.444000002 -0.031368665 -0.023383953 0.009399406 -0.002563356 -0.011293876 0.99863017 -0.051026274
16936819.722 -0.034339875 -0.02090356 0.009362267 -0.009554872 -0.010785205 0.99872136 -0.04845808
16986854.001000002 -0.037034877 -0.01787494 0.009094675 -0.02016602 -0.01114412 0.99852926 -0.04907639
17036895.779999997 -0.03923802 -0.014445066 0.009050816 -0.029323544 -0.009563947 0.99820465 -0.051343516
17086937.81 -0.04081187 -0.010693499 0.009115132 -0.036007028 -0.007870031 0.9978995 -0.053275604
17136964.088 -0.04191094 -0.006395049 0.009597725 -0.04109508 -0.009396245 0.9976531 -0.053956464
17186966.367000002 -0.04264495 -0.0023125452 0.009916329 -0.04582566 -0.010963185 0.9974264 -0.054041773
17236952.895 -0.043038487 0.0014485866 0.010132622 -0.04948549 -0.009638888 0.99723864 -0.054529108
17286931.673 -0.04264924 0.005959112 0.010384713 -0.05183964 -0.0077641434 0.9971366 -0.0545078
17336925.952 -0.041845925 0.0102364905 0.010926503 -0.05197966 -0.00850553 0.99690634 -0.058340263
17386951.73 -0.040685754 0.014874629 0.01136576 -0.053066164 -0.0129646 0.9964117 -0.06465163
17436978.009 -0.039265063 0.019729936 0.012124315 -0.05299303 -0.018448709 0.9959661 -0.07002137
17487039.538999997 -0.03739193 0.023820966 0.012973058 -0.0493236 -0.018266438 0.9959032 -0.07355567
17537054.316999998 -0.034843333 0.02716017 0.014090831 -0.042823896 -0.014613962 0.996148 -0.07511208
17587135.597 -0.032129716 0.0304624 0.014992402 -0.037583504 -0.012773068 0.9962278 -0.07716569
17637217.627 -0.029616319 0.034003023 0.015781235 -0.03705759 -0.010555011 0.99589384 -0.081919976
17687259.156 -0.02710789 0.036940925 0.016185699 -0.039439794 -0.0075679026 0.99527174 -0.08843942
17737293.185 -0.024587968 0.039645195 0.016751166 -0.040568918 -0.00562147 0.9947809 -0.09345389
17787382.965 -0.02138717 0.041642062 0.017458031 -0.035572153 -0.0041191853 0.9945096 -0.098327994
17837504.244999997 -0.01723385 0.043279897 0.018431984 -0.027080346 -0.0026328308 0.9943843 -0.10227234
17887578.275 -0.013198523 0.044447046 0.01930095 -0.016523901 -0.0021610342 0.994256 -0.10572247
17937556.553 -0.008997804 0.04492677 0.01972752 -0.007818479 -0.0018984826 0.9942006 -0.10724058
17987431.829 -0.0049360683 0.04513408 0.019825816 -0.00071358186 -0.0017451519 0.9941947 -0.10757984
18037275.604999997 -0.0005560547 0.044890337 0.019627413 0.00651861 -0.0010492052 0.994116 -0.10811976
18087135.632 0.0038439445 0.04417668 0.019090008 0.015185029 -0.0007287507 0.9940992 -0.10740461
18137050.409 0.007911005 0.043250203 0.018625041 0.02336876 0.00047500274 0.99420005 -0.10497585
18187013.187 0.012196885 0.04205908 0.018041233 0.032100108 0.0025299194 0.99400187 -0.10451553
18237031.465 0.016100436 0.040886834 0.017715005 0.041374277 0.003952674 0.9935757 -0.10526176
18287049.244 0.019758616 0.039235722 0.017399568 0.048715223 0.006540743 0.9930336 -0.10709026
18337020.272 0.023376709 0.037400488 0.017099705 0.056489978 0.009580548 0.9925043 -0.10794575
18386927.549 0.026516944 0.03542595 0.016691193 0.063574046 0.011973477 0.99186444 -0.10963581
18436910.077 0.029172156 0.033124946 0.016149364 0.06777205 0.016423032 0.9913245 -0.11141388
18486741.603 0.031754177 0.030631838 0.015582018 0.06866131 0.02107857 0.9913515 -0.10983417
18536736.130999997 0.034254584 0.027799629 0.014923509 0.071757294 0.023813007 0.99134886 -0.10729104
18586769.91 0.03705774 0.025002131 0.014103299 0.08102013 0.020407163 0.99114186 -0.10323388
18636812.19 0.03954815 0.022015031 0.013112714 0.09036011 0.017170895 0.99078596 -0.09941517
18686782.968 0.041568954 0.018534245 0.011949387 0.097771324 0.021617122 0.9904905 -0.09435077
18736697.995 0.04301324 0.014690225 0.010801387 0.0980275 0.02706112 0.9910059 -0.086981125
18786605.272 0.04449377 0.010565018 0.009670398 0.09566605 0.03390908 0.99155384 -0.080742136
18836559.549000002 0.046105824 0.0065058884 0.008750287 0.09750784 0.037668735 0.9917174 -0.074632555
18886562.078 0.047995076 0.0023436465 0.007807701 0.10522014 0.042168472 0.9911583 -0.06896154
18936612.356999997 0.049769305 -0.0021433213 0.007164672 0.11703957 0.047615077 0.99006534 -0.061686233
18986677.637000002 0.05091619 -0.0066480306 0.0066883485 0.12769248 0.053334296 0.98889065 -0.054271292
19036711.915999997 0.050554466 -0.010720497 0.0064864466 0.12878148 0.05617361 0.98892164 -0.047895096
19086706.444000002 0.048558705 -0.014857301 0.0060104458 0.11832895 0.054948933 0.9903945 -0.045800954
19136684.722 0.045485485 -0.018036466 0.0055166525 0.10588427 0.05313378 0.99198556 -0.043931615
19186679.5 0.042216334 -0.02131205 0.0049820147 0.09771321 0.047815517 0.99317485 -0.042066064
19236705.279 0.038600978 -0.024493488 0.0046463143 0.09251076 0.039919473 0.99409866 -0.04020045
19286739.808000002 0.034744713 -0.027506405 0.004512433 0.08842976 0.033234 0.9948061 -0.037901994
19336765.586999997 0.030485533 -0.030334381 0.004204258 0.0808151 0.025294786 0.99578 -0.035374217
19386775.866 0.025892423 -0.03269481 0.0040985723 0.07376248 0.01841536 0.9965284 -0.033929728
19436778.143999998 0.021256452 -0.03451755 0.0040378654 0.06813021 0.011612933 0.99708277 -0.032392923
19486796.673 0.016244473 -0.03598183 0.0042836596 0.059647504 0.004722521 0.99770635 -0.03165439
19536838.452 0.011038926 -0.036892697 0.0045102937 0.0485825 -0.0018795643 0.99828 -0.032763086
19586904.481999997 0.0059796865 -0.037543632 0.00491447 0.037019506 -0.00786379 0.9987011 -0.03411679
19637000.511 0.00093212264 -0.038018618 0.005532887 0.02841483 -0.012598124 0.99886775 -0.03601645
19686956.539 -0.0033546272 -0.037917543 0.0063138707 0.023758624 -0.016157072 0.99888545 -0.037447803
19736958.818 -0.0077608954 -0.037667107 0.0074085663 0.020006288 -0.018985827 0.99886596 -0.038809687
19786969.096 -0.012057536 -0.037166674 0.008396875 0.01634283 -0.020726103 0.99882215 -0.040715907
19836987.625 -0.016404852 -0.036197584 0.009267583 0.0102372365 -0.019803982 0.99881965 -0.04315568
19887005.154000003 -0.020722972 -0.03526013 0.01022097 0.0048007616 -0.021143556 0.99868006 -0.046564054
19937023.683000002 -0.02487597 -0.033730093 0.011122297 -0.0004176471 -0.020101361 0.9985904 -0.049122628
19987017.961 -0.028670322 -0.031940203 0.01205605 -0.005720618 -0.018962376 0.99848735 -0.05129025
20037028.740000002 -0.032653958 -0.030067535 0.01297522 -0.011836764 -0.018065223 0.99825466 -0.054966617
20087055.018000003 -0.036459524 -0.027890326 0.013821831 -0.017807573 -0.016135829 0.9980356 -0.05785826
20137104.548 -0.03973727 -0.025751809 0.014716299 -0.02273057 -0.016860288 0.99784935 -0.059125192
20187146.327 -0.04313644 -0.023473276 0.015544193 -0.026207069 -0.015444221 0.997776 -0.059311386
20237164.605 -0.04632398 -0.020902263 0.016029455 -0.031322293 -0.014748228 0.9976457 -0.05919906
20287175.134 -0.04902291 -0.018019218 0.016331421 -0.036466375 -0.014020228 0.9974483 -0.059753694
20337177.413 -0.05153373 -0.014937531 0.016277894 -0.04135991 -0.0125046065 0.99726635 -0.05994046
20387195.191 -0.053803977 -0.01146952 0.01607546 -0.046817902 -0.013042291 0.99699765 -0.060280304
20437205.72 -0.055806015 -0.0074466225 0.015620321 -0.05219822 -0.011784923 0.9967346 -0.060469583
20487215.999 -0.057189904 -0.003545397 0.014876984 -0.056656845 -0.010618027 0.99644655 -0.06141324
20537218.277000003 -0.057779722 0.0004303901 0.014352047 -0.060779255 -0.011061621 0.9961523 -0.06216304
20587204.555 -0.057864286 0.0043822904 0.013887683 -0.061722584 -0.012549679 0.99614936 -0.06098647
20637199.584 -0.05743426 0.007866931 0.0136940135 -0.06096646 -0.013144935 0.9963138 -0.058900196
20687209.362 -0.056233913 0.011208086 0.013272301 -0.05981683 -0.013843734 0.99644226 -0.057734065
20737227.641000003 -0.05459652 0.014697688 0.013073911 -0.0567958 -0.014303115 0.9966581 -0.05694172
20787246.17 -0.051984448 0.01802536 0.013013171 -0.053357877 -0.014187214 0.996815 -0.057545956
20837288.948999997 -0.04881394 0.021771546 0.013419158 -0.04633926 -0.016080998 0.9970253 -0.059452888
20887266.727 -0.04518998 0.025030572 0.013823459 -0.03904542 -0.015915822 0.997166 -0.062307674
20937269.005000003 -0.04185096 0.028030291 0.014396375 -0.033262283 -0.016381236 0.99718755 -0.06513364
20987295.033999998 -0.03833528 0.030869415 0.015195856 -0.029033512 -0.017834777 0.9970267 -0.069114685
21037336.813 -0.03472714 0.033545777 0.015879972 -0.026537867 -0.017220004 0.99666107 -0.07527238
21087402.593000002 -0.030750489 0.03578759 0.016728504 -0.021187488 -0.013889377 0.9962565 -0.08265118
21137468.372 -0.026023397 0.037396546 0.017727697 -0.014170901 -0.011788808 0.9959714 -0.087756865
21187526.152000003 -0.020770362 0.03876962 0.018662143 -0.0027235022 -0.010217866 0.9957138 -0.091881685
21237560.680999998 -0.015722051 0.03947937 0.019184168 0.007206219 -0.0074039516 0.99542326 -0.095004335
21287538.959 -0.0106281815 0.039789394 0.019584684 0.016535265 -0.00398817 0.99498904 -0.09852671
21337446.235999998 -0.005582456 0.03938646 0.019678105 0.026833259 -0.0019669367 0.994555 -0.100680456
21387313.512 -0.0007413743 0.03848188 0.019596435 0.037428226 -0.001582875 0.9940809 -0.101979226
21437196.788999997 0.0040080636 0.037201483 0.019275522 0.04836849 -0.0017887836 0.993423 -0.10376947
21487128.316 0.008736651 0.035385773 0.018797118 0.05859088 -0.0010522505 0.99289334 -0.103580035
21537114.594 0.013165463 0.03300258 0.018176371 0.067955874 0.0010853342 0.99246013 -0.101999074
21587100.873 0.017029522 0.030210314 0.017629666 0.07498402 0.0039205328 0.9920509 -0.1009804
21637047.65 0.0201505 0.027076025 0.016964769 0.07850408 0.007618407 0.9917403 -0.1011451
21686947.177 0.023078807 0.02358328 0.016346704 0.082813084 0.010225911 0.9915463 -0.099365205
21736861.954 0.025824433 0.019683994 0.015726613 0.08843204 0.011008434 0.9913947 -0.09589155
21786816.732 0.028226044 0.015655447 0.015123634 0.09845671 0.01153729 0.9908317 -0.091793016
21836803.759999998 0.02997566 0.011274083 0.014307867 0.103155404 0.013302443 0.9905286 -0.089639716
21886782.038 0.031173605 0.0069084847 0.013209585 0.10472427 0.013263343 0.9906345 -0.08660404
21936752.816 0.03159938 0.0024124586 0.012238493 0.10430888 0.013514016 0.9908897 -0.084111065
21986760.845 0.032277323 -0.0024364286 0.011368691 0.10610978 0.015508535 0.9910323 -0.079720534
22036744.373 0.032553226 -0.007189992 0.010923535 0.108459964 0.017803688 0.9911377 -0.074603416
22086791.402 0.03210765 -0.011517621 0.010896515 0.10779658 0.020580588 0.9912722 -0.07304732
22136857.182 0.031000175 -0.014909562 0.011230235 0.1032979 0.019480629 0.99147826 -0.076947674
22186890.961 0.029375529 -0.017642792 0.01176146 0.09870493 0.017859805 0.9916541 -0.08099751
22236877.989 0.027679753 -0.020330997 0.012250136 0.09861413 0.016285159 0.9915194 -0.08306245
22286840.267 0.026163783 -0.022858916 0.012769376 0.10514817 0.014064477 0.9910482 -0.08105265
