27700.934701492537 -0.0 -0.0 -0.0 -0.0 -0.0 1.0 -0.0
77684.93470149254 -0.0 -0.0 -0.0 -0.0 -0.0 1.0 -0.0
127702.93470149254 -0.0 -0.0 -0.0 -0.0 -0.0 1.0 -0.0
177698.93470149254 -2.1014608e-05 -0.0002817921 0.057245933 0.0033787952 -0.00012640291 0.9999943 -0.00031217383
227640.93470149254 -2.1014608e-05 -0.0002817921 0.057245933 0.0033787952 -0.00012640291 0.9999943 -0.00031217383
277666.93470149254 0.000113223716 -0.00033650256 0.09698016 0.0058960957 1.30496555e-05 0.9999826 -0.00027360002
327670.93470149254 0.000113223716 -0.00033650256 0.09698016 0.0058960957 1.30496555e-05 0.9999826 -0.00027360002
377678.93470149254 0.000768181 -0.00065089256 0.13757 0.008869321 -6.620865e-05 0.99996066 -0.00022045261
427676.93470149254 0.000768181 -0.00065089256 0.13757 0.008869321 -6.620865e-05 0.99996066 -0.00022045261
477669.93470149254 0.000768181 -0.00065089256 0.13757 0.008869321 -6.620865e-05 0.99996066 -0.00022045261
527685.9347014925 0.0022525764 -0.0007663447 0.20017557 0.014962866 -0.0006144318 0.9998879 0.00032821245
577680.9347014925 0.0022525757 -0.0007663447 0.20017557 0.014962865 -0.0006144318 0.9998878 0.00032821245
627674.9347014925 0.0040245517 -0.0008737989 0.24510318 0.020005146 -0.0006976423 0.9997996 0.00027010567
677688.9347014925 0.0040245517 -0.0008737989 0.24510318 0.020005146 -0.0006976423 0.9997996 0.00027010567
727680.9347014925 0.0063571027 -0.0010960395 0.29024082 0.02595475 -0.00014912827 0.9996631 0.00030148425
777678.9347014925 0.0063571027 -0.0010960395 0.29024082 0.02595475 -0.00014912827 0.9996631 0.00030148425
827676.9347014925 0.009870594 -0.001479147 0.33218765 0.032315563 0.0014961374 0.9994763 0.00072779064
877692.9347014925 0.011866024 -0.0013770292 0.35568914 0.035651308 0.0021310793 0.9993618 0.0006814096
927690.9347014925 0.013983617 -0.0017030436 0.37866804 0.039094478 0.0026830127 0.9992319 0.00018711321
977678.9347014925 0.016562156 -0.001768841 0.4025098 0.042605735 0.002871585 0.99908787 -0.00018621694
1027696.9347014925 0.0189346 -0.0020792414 0.42561305 0.046097774 0.0032297475 0.9989317 -0.0004079665
1077690.9347014925 0.02145591 -0.0020892967 0.44963315 0.049572486 0.0035468251 0.99876416 -0.00032020672
1127702.9347014925 0.024517937 -0.0022812039 0.4733011 0.05302281 0.0043281945 0.9985839 -0.00029200473
1177684.9347014925 0.026783543 -0.003091854 0.4944935 0.056542322 0.005092615 0.99838716 -0.00039962278
1227638.9347014925 0.030016143 -0.003385451 0.51830673 0.05997825 0.0056560305 0.99818355 -0.0005331531
1277666.9347014925 0.03316367 -0.003491229 0.54270875 0.06360296 0.0060209692 0.9979569 -0.00070437824
1327672.9347014925 0.036647208 -0.0035573856 0.5669072 0.067276575 0.006278815 0.99771446 -0.00066778203
1377684.9347014925 0.040762417 -0.0036914262 0.59114695 0.0707853 0.0066774995 0.99746907 -0.0006307118
1427678.9347014925 0.04433653 -0.00393404 0.6152881 0.07450841 0.006866989 0.9971962 -0.0011106915
1477676.9347014925 0.04865977 -0.003645894 0.64054346 0.07833837 0.007330523 0.9968984 -0.0017266676
1527684.9347014925 0.05287066 -0.003721103 0.665088 0.082111456 0.007734292 0.9965903 -0.002383477
1577682.9347014925 0.057395414 -0.0039077606 0.6891341 0.085972264 0.0075366567 0.9962648 -0.0029151984
1627680.9347014925 0.062328033 -0.003497013 0.7153861 0.08970071 0.007409112 0.9959366 -0.003042159
1677672.9347014925 0.067247935 -0.0036796825 0.7398562 0.093550146 0.0071125217 0.99558455 -0.0030539948
1727694.9347014925 0.07222074 -0.0038820594 0.7640676 0.09758324 0.006845795 0.9951992 -0.0030554906
1777690.9347014925 0.077381015 -0.0038834508 0.7893498 0.101487 0.006211366 0.99481404 -0.0026345013
1827676.9347014925 0.083161786 -0.004365666 0.8144722 0.10517916 0.005771006 0.99443495 -0.0017720436
1877694.9347014925 0.088563666 -0.0042061014 0.84045213 0.109097525 0.0058270562 0.99401397 -0.00031444666
1927686.9347014925 0.09469506 -0.0046313303 0.8651189 0.11292486 0.006018709 0.99358404 0.0015734951
1977684.9347014925 0.101053454 -0.005029853 0.8903217 0.11682485 0.0060130535 0.9931284 0.0034487268
2027682.9347014925 0.10777789 -0.0052275606 0.9163084 0.12101832 0.006030735 0.9926176 0.0053435755
2077690.9347014925 0.11470199 -0.005466093 0.9417342 0.12536687 0.0059765335 0.9920684 0.006909384
2127697.9347014925 0.121512294 -0.0056990106 0.96653664 0.12974904 0.0057657044 0.99149674 0.008133227
2177679.9347014925 0.12889768 -0.00625767 0.99219304 0.13418864 0.0050271424 0.99090487 0.008706106
2227626.9347014925 0.1364025 -0.006367148 1.0188773 0.13871464 0.0044041676 0.99028367 0.008786454
2277653.9347014925 0.14464039 -0.006568743 1.0455184 0.14307666 0.004303645 0.9896652 0.00856458
2327660.9347014925 0.15319249 -0.0067393775 1.0737991 0.14756636 0.0044735516 0.98901 0.00797386
2377672.9347014925 0.16180584 -0.0070666485 1.1001067 0.15215972 0.005015141 0.98831713 0.0071757673
2427665.9347014925 0.17091328 -0.0077707404 1.1269976 0.15672788 0.0054290793 0.9876065 0.0063526276
2477656.9347014925 0.18044063 -0.007945281 1.1547676 0.16142777 0.0055711274 0.98685324 0.0055463314
2527650.9347014925 0.19088702 -0.008310402 1.182835 0.16605061 0.0058420934 0.9860874 0.0049835206
2577666.9347014925 0.20087631 -0.008264466 1.2096186 0.17084952 0.0061735003 0.9852672 0.004561678
2627666.9347014925 0.21115404 -0.0089062005 1.2352369 0.1756057 0.0064892257 0.98443204 0.0037581688
2677656.9347014925 0.22169708 -0.008847024 1.2630005 0.18039624 0.0067375684 0.9835652 0.0033701912
2727673.9347014925 0.23264669 -0.009207144 1.2909019 0.18531087 0.006809307 0.9826518 0.003004612
2777669.9347014925 0.24431829 -0.009930243 1.3183538 0.19000612 0.006972804 0.98175436 0.002749927
2827670.9347014925 0.25595632 -0.009888579 1.3449135 0.19491704 0.0070669106 0.9807908 0.002637174
2877689.9347014925 0.26795354 -0.0104607735 1.371573 0.19986574 0.0072806966 0.9797928 0.002618237
2927686.9347014925 0.28066638 -0.010139322 1.4005834 0.20496318 0.0073583066 0.9787374 0.0030211771
2977675.9347014925 0.29346755 -0.010812811 1.4274535 0.2098962 0.007112496 0.97769254 0.0031985682
3027694.9347014925 0.30631608 -0.010928461 1.4551222 0.21519531 0.0068269353 0.9765406 0.0035824524
3077682.9347014925 0.3196204 -0.01116895 1.4822693 0.22029614 0.0067500956 0.97540176 0.003948393
3127695.9347014925 0.33359876 -0.011316597 1.5098425 0.22544262 0.0073458245 0.974219 0.0043587536
3177684.9347014925 0.34801942 -0.011964275 1.5379107 0.23049459 0.007288086 0.9730354 0.00462286
3227636.9347014925 0.3620244 -0.0119848065 1.5657271 0.2357991 0.0074226353 0.97176045 0.005040048
3277663.9347014925 0.3770582 -0.012469683 1.5932276 0.24088924 0.00718088 0.9705127 0.005108535
3327670.9347014925 0.39262015 -0.012679797 1.6208102 0.24605802 0.0068790955 0.9692172 0.00511281
3377684.9347014925 0.40821663 -0.0125616575 1.6486236 0.25132212 0.0065891542 0.96786976 0.004688822
3427687.9347014925 0.42463738 -0.012984706 1.6760956 0.25638014 0.006105324 0.9665484 0.004035633
3477683.9347014925 0.44098982 -0.013339595 1.7035737 0.2613876 0.005550448 0.96521264 0.0032157172
3527680.9347014925 0.45824808 -0.013275161 1.7324699 0.26653486 0.004954211 0.963809 0.0026169678
3577690.9347014925 0.47581202 -0.013321994 1.760596 0.2716698 0.0046069655 0.962377 0.0022098362
3627691.9347014925 0.49373713 -0.013864708 1.7888759 0.276924 0.0040111933 0.9608817 0.0018528722
3677686.9347014925 0.5117544 -0.013981963 1.8166363 0.28219253 0.0029648838 0.95935065 0.002229425
3727710.9347014925 0.5310331 -0.014593122 1.8446969 0.2873277 0.0022035688 0.9578256 0.0028422584
3777708.9347014925 0.55008245 -0.01474185 1.8729563 0.29267514 0.0019134001 0.9562022 0.0038778963
3827697.9347014925 0.5694689 -0.015019862 1.9009535 0.297843 0.0021294006 0.9546006 0.004770508
3877714.9347014925 0.5900153 -0.015281774 1.928952 0.30294195 0.0018847648 0.9529921 0.005357705
3927707.9347014925 0.61060876 -0.015665408 1.9569641 0.30784762 0.0015918514 0.9514172 0.0057075038
3977704.9347014925 0.63199073 -0.016057326 1.9854872 0.31271374 0.0013389323 0.9498297 0.00565043
4027698.9347014925 0.65363574 -0.016522754 2.0142465 0.3175386 0.0016977121 0.9482257 0.00586719
4077703.9347014925 0.67586154 -0.017102333 2.0418906 0.32224357 0.002189817 0.9466345 0.006133327
4127712.9347014925 0.6983713 -0.017647007 2.070378 0.32681173 0.002153772 0.9450647 0.0064948024
4177705.9347014925 0.7212308 -0.018260209 2.0986292 0.33151895 0.0026414092 0.9434168 0.0072842124
4227655.934701493 0.74459887 -0.019181194 2.1263678 0.33610764 0.0036016116 0.9417828 0.007995923
4277688.934701493 0.76896334 -0.019484054 2.1553695 0.34069976 0.0038570983 0.94012296 0.008815905
4327693.934701493 0.7929393 -0.020139433 2.1833305 0.34485412 0.0041723307 0.93859905 0.009500123
4377682.934701493 0.8172178 -0.020994125 2.211255 0.34894812 0.004452472 0.9370776 0.010052029
4427700.934701493 0.8418686 -0.022118911 2.2389426 0.3528411 0.0053768037 0.9356103 0.010378911
4477693.934701493 0.8673269 -0.022502579 2.2675896 0.35663915 0.0064178896 0.9341609 0.010529265
4527686.934701493 0.892628 -0.02345075 2.2952626 0.36012524 0.007078487 0.93282276 0.0100764325
4577708.934701493 0.9188574 -0.02392407 2.324143 0.36351615 0.007846795 0.9315069 0.0094633885
4627705.934701493 0.94446886 -0.024361063 2.35106 0.36663142 0.008415125 0.9302877 0.0086847795
4677702.934701493 0.9708813 -0.02533365 2.379108 0.36964613 0.0089171855 0.92909634 0.00789057
4727692.934701493 0.9969456 -0.026008364 2.4065425 0.3723272 0.009142335 0.9280281 0.007262661
4777713.934701493 1.0234288 -0.026308676 2.434563 0.37483138 0.009334148 0.92702 0.0069530094
4827710.934701493 1.0502187 -0.026610505 2.4621909 0.37712073 0.009720962 0.92608994 0.006551479
4877710.934701493 1.0771147 -0.027222678 2.4904037 0.37925413 0.00959426 0.92522216 0.006181144
4927710.934701493 1.1043016 -0.027601026 2.5184212 0.3812521 0.009440445 0.9244025 0.0061485763
4977733.934701493 1.1310991 -0.028040655 2.5459352 0.38299993 0.009206176 0.9236802 0.006425763
5027720.934701493 1.159194 -0.028573073 2.5746446 0.38468707 0.008995862 0.922979 0.0066914293
5077726.934701493 1.1860578 -0.029230949 2.6028204 0.38625714 0.008557318 0.9223244 0.0070628664
5127716.934701493 1.2138624 -0.029637234 2.6304402 0.38744044 0.008192898 0.92182696 0.007614264
5177708.934701493 1.2417332 -0.030272452 2.6585155 0.38866425 0.008419297 0.92130667 0.007958257
5227662.934701493 1.2702947 -0.030550178 2.687129 0.38962886 0.008809857 0.9208922 0.008330156
5277704.934701493 1.2984147 -0.031154107 2.7151008 0.39052624 0.009043067 0.92050767 0.0085545005
5327708.934701493 1.3271911 -0.031690642 2.7431464 0.39130408 0.009451399 0.92016894 0.0090018045
5377698.934701493 1.3564074 -0.032244947 2.7722216 0.3921994 0.009797346 0.9197766 0.009732714
5427696.934701493 1.3850912 -0.032983173 2.8001096 0.3931113 0.01048896 0.9193705 0.01056089
5477712.934701493 1.4146199 -0.03358566 2.829062 0.3940693 0.010885144 0.9189441 0.011519399
5527706.934701493 1.4441024 -0.0346055 2.857283 0.39512125 0.010877601 0.91848147 0.012360307
5577714.934701493 1.4727783 -0.035533383 2.8850703 0.39638403 0.010869495 0.917926 0.0131691545
5627712.934701493 1.502145 -0.036590558 2.9131305 0.3975641 0.010921318 0.91740465 0.013866611
5677704.934701493 1.5313624 -0.037611116 2.9416242 0.39885756 0.010980665 0.9168347 0.014362281
5727698.934701493 1.5610381 -0.038802106 2.969154 0.3999442 0.011942701 0.91634035 0.014914307
5777713.934701493 1.5918199 -0.040062223 2.997664 0.40111685 0.0123694 0.91582376 0.014808188
5827706.934701493 1.6225955 -0.041015644 3.0260663 0.4022351 0.012801712 0.915327 0.0148213385
5877694.934701493 1.652889 -0.042285576 3.0548139 0.40362746 0.012914441 0.91471267 0.01479665
5927712.934701493 1.6833754 -0.042888805 3.0831876 0.40503076 0.013320776 0.9140836 0.014965475
5977708.934701493 1.7144539 -0.044273764 3.110927 0.4062533 0.013675845 0.91353524 0.014987755
6027702.934701493 1.7448554 -0.04522317 3.1390872 0.407562 0.013987134 0.91294676 0.015027018
6077712.934701493 1.7765191 -0.045457248 3.1675177 0.40882868 0.014232559 0.9123741 0.015170017
6127700.934701493 1.8081524 -0.046389617 3.1961281 0.41009212 0.014930548 0.91179836 0.015010019
6177710.934701493 1.8396503 -0.047523677 3.2244234 0.41148764 0.015370759 0.9111684 0.014623714
6227652.934701493 1.8711793 -0.04825583 3.2525046 0.41267556 0.015666371 0.9106323 0.014221744
6277680.934701493 1.9026701 -0.049068972 3.2806802 0.4139723 0.016204258 0.9100354 0.014143589
6327687.934701493 1.9343915 -0.049910977 3.3089771 0.4153671 0.016893763 0.90939087 0.0138953775
6377705.934701493 1.9666119 -0.050314147 3.3371327 0.41653645 0.017145036 0.908858 0.013443336
6427698.934701493 1.998902 -0.050751224 3.365426 0.41774702 0.017694933 0.9082993 0.012909822
6477694.934701493 2.0308816 -0.05177021 3.393497 0.41902825 0.018433426 0.90770566 0.012083573
6527693.934701493 2.0625958 -0.052339625 3.4213018 0.42017722 0.01923923 0.9071677 0.011310513
6577714.934701493 2.0944486 -0.053188667 3.449771 0.42143562 0.01932291 0.90658903 0.01072722
6627712.934701493 2.1269684 -0.053730883 3.4774978 0.4224649 0.019420724 0.90611106 0.010445253
6677714.934701493 2.1593142 -0.054017592 3.5054975 0.42371824 0.019870572 0.905517 0.010348304
6727732.934701493 2.1921933 -0.05445834 3.5334978 0.4246305 0.020115055 0.90508264 0.010479948
6777733.934701493 2.2246706 -0.054806285 3.5613034 0.42549735 0.020271726 0.9046685 0.010775848
6827729.934701493 2.257984 -0.055311788 3.5894837 0.42633775 0.020804567 0.904256 0.011154155
6877732.934701493 2.2904832 -0.05588914 3.6167824 0.42704123 0.021516431 0.90389824 0.011869709
6927751.934701493 2.323936 -0.05665633 3.6445043 0.4275604 0.022091078 0.9036345 0.012204241
6977752.934701493 2.3571627 -0.057055376 3.6723285 0.42822585 0.0223322 0.90331364 0.012184234
7027746.934701493 2.390287 -0.057520054 3.6998875 0.42878655 0.022798762 0.9030384 0.012003141
7077760.934701493 2.4241927 -0.057857014 3.7274864 0.42906472 0.02350121 0.9028908 0.011808091
7127778.934701493 2.4570863 -0.058735356 3.7556272 0.4294909 0.024139741 0.9026768 0.011380145
7177771.934701493 2.4901586 -0.058994606 3.7831771 0.42970002 0.023968654 0.9025847 0.011155076
7227722.934701493 2.523502 -0.059506133 3.811283 0.42993695 0.023770647 0.90247756 0.011111615
7277754.934701493 2.556719 -0.059832886 3.8389704 0.4299791 0.023938794 0.9024481 0.011508868
7327760.934701493 2.5898466 -0.060079098 3.8670967 0.43005037 0.023746163 0.90241754 0.011640989
7377782.934701493 2.6232512 -0.060881384 3.8946397 0.4301236 0.023836836 0.90238225 0.0114805205
7427786.934701493 2.656479 -0.061160676 3.9226584 0.43022102 0.023590473 0.9023429 0.011434384
7477784.934701493 2.6903362 -0.06177277 3.951108 0.43026683 0.02348926 0.9023252 0.011309952
7527786.934701493 2.7244968 -0.06210757 3.9792802 0.43032762 0.023447447 0.90229625 0.011400497
7577808.934701493 2.759006 -0.061944142 4.006954 0.4302504 0.022916708 0.9023439 0.011615158
7627801.934701493 2.7927067 -0.062360644 4.0349903 0.43019444 0.022457622 0.90237856 0.011888912
7677821.934701493 2.8257384 -0.06285326 4.063262 0.43034574 0.022019716 0.9023124 0.012250922
7727821.934701493 2.8594368 -0.06363031 4.091545 0.43048212 0.02159929 0.9022546 0.012463896
7777814.934701493 2.8935497 -0.064530715 4.1197033 0.4304921 0.021910314 0.90224236 0.012460946
7827813.934701493 2.9271097 -0.06539346 4.1476803 0.43052876 0.021972103 0.90222704 0.012191555
7877825.934701493 2.9607701 -0.06612521 4.1766076 0.4306971 0.021709008 0.90215886 0.011755025
7927827.934701493 2.9953582 -0.06620816 4.205602 0.4307551 0.021123854 0.9021495 0.011406362
7977824.934701493 3.0284603 -0.066285096 4.2337036 0.43110734 0.020489117 0.9019959 0.01140982
8027849.934701493 3.0633214 -0.06708925 4.262356 0.43100244 0.020076877 0.90205705 0.011261381
8077834.934701493 3.0981438 -0.06718561 4.2911983 0.43101466 0.019331675 0.90206707 0.01130026
8127855.934701493 3.1334198 -0.06748684 4.3205366 0.43098417 0.019106943 0.9020851 0.011404106
8177864.934701493 3.167499 -0.0679924 4.3490944 0.4310426 0.018613817 0.90207124 0.011104253
8227801.934701493 3.2023606 -0.06835893 4.3783226 0.4310606 0.018181913 0.9020762 0.01071355
8277831.934701493 3.2360954 -0.06881293 4.4071555 0.43122122 0.018341612 0.90199894 0.010476084
8327842.934701493 3.2708812 -0.069125265 4.4361305 0.43112412 0.01808849 0.9020546 0.010116275
8377854.934701492 3.3064501 -0.0697741 4.4652004 0.43108308 0.017882818 0.90208113 0.0098619135
8427855.934701491 3.342482 -0.07017791 4.49452 0.4311058 0.017485308 0.9020811 0.009581781
8477839.934701491 3.3771794 -0.07056783 4.5238724 0.4311552 0.016950632 0.90207076 0.009286946
8527860.934701491 3.41243 -0.0710234 4.5535355 0.43121025 0.016874759 0.9020479 0.009090568
8577854.934701491 3.448532 -0.07183019 4.5832577 0.431289 0.01627582 0.90202206 0.0090096975
8627850.934701491 3.4840684 -0.072352305 4.6130667 0.4312392 0.015859576 0.9020538 0.008959816
8677850.934701491 3.5197701 -0.07285693 4.6433096 0.43136185 0.015459462 0.90200406 0.008752565
8727870.934701491 3.5557413 -0.0727188 4.673759 0.43141916 0.0149802845 0.9019871 0.008509223
8777862.934701491 3.5919013 -0.073390886 4.7037497 0.4315477 0.014525434 0.9019402 0.0077144164
8827884.934701491 3.6271272 -0.073787704 4.733342 0.43162653 0.014009321 0.9019134 0.007388443
8877884.934701491 3.6633048 -0.07391177 4.764582 0.4319366 0.013357655 0.9017755 0.007305897
8927882.934701491 3.700604 -0.07404359 4.7945375 0.4316552 0.0131890215 0.9019084 0.0078257
8977882.934701491 3.7362905 -0.075306006 4.824447 0.4317543 0.012212687 0.90187454 0.00784325
9027903.934701491 3.7727711 -0.0758755 4.8547645 0.43174288 0.011380943 0.9018868 0.008290614
9077890.934701491 3.8093212 -0.07665157 4.8854 0.43173513 0.0103394715 0.90189976 0.008648759
9127901.934701491 3.8449686 -0.07738292 4.915597 0.43205002 0.009789954 0.90175116 0.009049572
9177886.934701491 3.8815343 -0.07801935 4.9461193 0.43206358 0.009603009 0.9017453 0.009181393
9227840.934701491 3.9179428 -0.079151265 4.976869 0.43215626 0.009837584 0.9017041 0.008602764
9277865.934701491 3.9550593 -0.07978951 5.0068665 0.43221834 0.009940316 0.9016781 0.008071625
9327864.934701491 3.99254 -0.08050842 5.037649 0.43230447 0.0102165155 0.9016359 0.007826241
9377875.934701491 4.0299454 -0.0810244 5.069182 0.4324672 0.0105088055 0.90155286 0.008010115
9427872.934701491 4.0668063 -0.082259975 5.100054 0.43265137 0.010364816 0.90146464 0.008186345
9477868.934701491 4.104249 -0.083121926 5.1307454 0.43253723 0.01046769 0.90151453 0.008572742
9527883.934701491 4.1406384 -0.08376773 5.1618695 0.4327542 0.010601025 0.90140355 0.009119828
9577879.934701491 4.17841 -0.08441067 5.192761 0.43295574 0.011070205 0.90130204 0.009027277
9627865.934701491 4.2157154 -0.085574366 5.2237906 0.43309572 0.011278667 0.90123475 0.008766355
9677859.934701491 4.2535663 -0.086750105 5.255232 0.4331455 0.011719269 0.9012057 0.008712578
9727874.934701491 4.291266 -0.0872306 5.286442 0.43318895 0.011723323 0.90118456 0.008732129
9777868.934701491 4.3297353 -0.08784382 5.31756 0.43312785 0.011744419 0.90121466 0.008635055
9827859.934701491 4.368124 -0.088430434 5.349006 0.4328795 0.012006864 0.90133077 0.0085993735
9877852.934701491 4.4066873 -0.08884917 5.380456 0.43269888 0.012439264 0.9014106 0.00871533
9927863.934701491 4.443787 -0.08946513 5.4123287 0.4328224 0.012535316 0.9013503 0.008675393
9977856.934701491 4.481811 -0.09035694 5.4438367 0.43264252 0.012931469 0.9014298 0.008812392
10027851.934701491 4.520364 -0.09113491 5.475476 0.43251792 0.0132693015 0.9014823 0.009056441
10077844.934701491 4.55885 -0.091114566 5.5071917 0.43231434 0.013155343 0.90157884 0.009321407
10127853.934701491 4.597536 -0.091201946 5.5391617 0.432217 0.013021987 0.90162647 0.009414976
10177850.934701491 4.6356487 -0.091578215 5.5705237 0.43210965 0.013215231 0.9016741 0.009511248
10227782.934701491 4.6730304 -0.0926452 5.6020064 0.43206134 0.014023432 0.90168476 0.00953763
10277806.934701491 4.7115903 -0.093514316 5.633209 0.4317837 0.014576611 0.9018093 0.009515314
10327806.934701491 4.750481 -0.094205275 5.6653967 0.431714 0.014626423 0.90184414 0.009290648
10377815.934701491 4.7887607 -0.09488528 5.6972313 0.43168813 0.015089632 0.9018484 0.00934507
10427807.934701491 4.8264713 -0.09554334 5.728736 0.43159488 0.015263616 0.90188926 0.00941935
10477791.934701491 4.8644404 -0.096727274 5.759728 0.43135676 0.015840482 0.90199065 0.009661125
10527804.934701491 4.9028196 -0.097672425 5.791722 0.4314073 0.01598866 0.9019631 0.009731419
10577796.934701491 4.9409084 -0.098109074 5.8235826 0.43128756 0.015780365 0.90202194 0.009923201
10627784.934701491 4.979575 -0.098464325 5.855375 0.43111703 0.015850237 0.9020997 0.010150378
10677772.934701491 5.0187364 -0.09905953 5.886611 0.4307793 0.015741725 0.90226376 0.010080778
10727789.934701491 5.0569086 -0.09975604 5.918542 0.43079212 0.015736423 0.90225804 0.010049145
10777772.934701491 5.094538 -0.10031126 5.950141 0.4306009 0.015629306 0.9023529 0.00989199
10827763.934701491 5.133745 -0.10100943 5.9821687 0.43021733 0.015615409 0.90253884 0.009635702
10877777.934701491 5.171516 -0.101730235 6.013564 0.43006527 0.015805049 0.90260834 0.009604202
10927771.934701491 5.2097116 -0.102425456 6.0451717 0.42981598 0.015999626 0.90272427 0.009548676
10977766.934701491 5.24801 -0.10318433 6.0774374 0.42960885 0.015942514 0.9028262 0.009327818
11027761.934701491 5.2857265 -0.10364751 6.109212 0.42953587 0.015884379 0.9028601 0.009501383
11077758.934701491 5.32475 -0.104025386 6.140643 0.42930007 0.015894834 0.90296876 0.009811262
11127775.934701491 5.3631186 -0.10476501 6.172407 0.42891783 0.016264679 0.9031417 0.010011095
11177768.934701491 5.401995 -0.10477508 6.2049103 0.4286298 0.016250426 0.90327203 0.010590739
11227714.934701491 5.4390974 -0.10585819 6.2359114 0.42861694 0.016653681 0.9032691 0.010729225
11277743.934701491 5.4770803 -0.10658557 6.2676516 0.4282482 0.016946906 0.90343845 0.010740526
11327748.934701491 5.515326 -0.10677739 6.2989826 0.42780286 0.017451737 0.90363467 0.011166257
11377757.934701491 5.5530987 -0.10771594 6.3302298 0.42771918 0.017696483 0.9036701 0.011121255
11427754.934701491 5.5901375 -0.108510815 6.361926 0.42759886 0.017643334 0.9037309 0.0108816195
11477746.934701491 5.6276126 -0.10897652 6.393649 0.42736593 0.01775579 0.9038353 0.011177674
11527740.934701491 5.665785 -0.1096704 6.42527 0.42742363 0.017912641 0.90380645 0.011053076
11577757.934701491 5.7029476 -0.110418886 6.4564643 0.42713022 0.017962482 0.90394616 0.010890164
11627744.934701491 5.740494 -0.110808104 6.488578 0.42707938 0.017904267 0.9039723 0.010800914
11677733.934701491 5.7776084 -0.111899875 6.5200076 0.4270095 0.01847283 0.90399563 0.010659357
11727747.934701491 5.8141265 -0.11250262 6.551432 0.42687908 0.018285476 0.904064 0.010401809
11777736.934701491 5.8510222 -0.1128971 6.582965 0.42672855 0.01812968 0.9041375 0.010464713
11827729.934701491 5.8866196 -0.11422177 6.6136904 0.42674866 0.018028721 0.9041325 0.010246951
11877742.934701491 5.922555 -0.11463558 6.6448746 0.4266913 0.01794511 0.90416235 0.010148063
11927726.934701491 5.959525 -0.11536301 6.6764364 0.42650068 0.01796242 0.90425354 0.010009122
11977712.934701491 5.9974093 -0.11571434 6.70769 0.4263148 0.01826184 0.90433985 0.009576597
12027728.934701491 6.0342584 -0.116146386 6.7394648 0.4262435 0.018147623 0.90438116 0.009052025
12077710.934701491 6.071248 -0.11651653 6.7707043 0.4260966 0.018180875 0.90445095 0.00892644
12127724.934701491 6.1068487 -0.11697239 6.801362 0.42613587 0.018062795 0.90443516 0.008889989
12177702.934701491 6.143468 -0.11759046 6.832807 0.42597923 0.017765824 0.904514 0.008971833
12227650.934701491 6.179939 -0.11852535 6.864309 0.42595413 0.017252699 0.9045351 0.00904378
12277672.934701491 6.216582 -0.119010486 6.8956623 0.42596805 0.017013205 0.90453106 0.009235945
12327674.934701491 6.2526965 -0.1199413 6.9266195 0.42587912 0.01697525 0.9045729 0.009312454
12377688.934701491 6.288698 -0.12032775 6.957259 0.4258036 0.01665531 0.90461236 0.009513088
12427684.934701491 6.3252006 -0.121410556 6.988937 0.42591035 0.016310882 0.90456825 0.009519232
12477674.934701491 6.361205 -0.12212602 7.019699 0.4258649 0.016012229 0.9045936 0.009654931
12527684.934701491 6.3979454 -0.12300253 7.0505624 0.42571476 0.01570314 0.90467024 0.009598699
12577675.934701491 6.4331226 -0.12364918 7.081368 0.4258818 0.015664976 0.90459305 0.009533543
12627670.934701491 6.4691787 -0.12436868 7.1122384 0.42571846 0.015987692 0.9046672 0.009247218
12677663.934701491 6.5051394 -0.12520462 7.14359 0.42576703 0.016059326 0.90464526 0.0090252515
12727684.934701491 6.54167 -0.12569705 7.1740713 0.42568925 0.015988186 0.904686 0.008744238
12777677.934701491 6.577827 -0.12596448 7.2051845 0.42573655 0.01614622 0.9046614 0.008683606
12827667.934701491 6.6136765 -0.12699692 7.2363253 0.42577896 0.016180154 0.9046431 0.008445778
12877684.934701491 6.6495547 -0.12738389 7.267113 0.4259079 0.016133782 0.90458184 0.008593198
12927681.934701491 6.6848793 -0.12845957 7.297578 0.42593244 0.016103428 0.9045699 0.008693812
12977674.934701491 6.7209473 -0.1291093 7.3287783 0.4259103 0.01590567 0.9045826 0.008825629
13027692.934701491 6.757261 -0.12970869 7.3595667 0.42597568 0.01565083 0.9045552 0.008924105
13077693.934701491 6.792551 -0.13049102 7.390216 0.42593306 0.01543546 0.9045805 0.008776301
13127686.934701491 6.8281946 -0.13088357 7.421031 0.42597586 0.014974711 0.9045713 0.008439795
13177674.934701491 6.864293 -0.13166767 7.4515553 0.42600688 0.015151138 0.90455645 0.008135256
13227628.934701491 6.900166 -0.13214163 7.482573 0.42610115 0.015204986 0.90451306 0.007922474
13277653.934701491 6.935154 -0.13290349 7.512864 0.42613137 0.015069113 0.9045045 0.007532848
13327662.934701491 6.9705486 -0.13398236 7.5434194 0.42614007 0.015079145 0.9045013 0.0073962873
