28361871.689590443 -0.0 -0.0 -0.0 -0.0 -0.0 1.0 -0.0
28386138.689590443 -0.0 -0.0 -0.0 -0.0 -0.0 1.0 -0.0
28410404.689590443 -0.0 -0.0 -0.0 -0.0 -0.0 1.0 -0.0
28434673.689590443 0.04110339 -0.02046913 0.020132234 0.003325051 0.00065083004 0.9999912 0.0025042924
28458943.689590443 0.04110339 -0.02046913 0.020132234 0.003325051 0.00065083004 0.9999912 0.0025042924
28483215.689590443 0.04110339 -0.02046913 0.020132234 0.003325051 0.00065083004 0.9999912 0.0025042924
28507492.689590443 0.04110339 -0.02046913 0.020132234 0.003325051 0.00065083004 0.9999912 0.0025042924
28531774.439590443 0.04110339 -0.02046913 0.020132234 0.003325051 0.00065083004 0.9999912 0.0025042924
28556061.439590443 0.05065558 -0.019207587 0.025966296 0.0032615135 -0.0020516573 0.99988735 0.014510487
28580353.439590443 0.05065558 -0.019207587 0.025966296 0.0032615135 -0.0020516573 0.99988735 0.014510487
28604653.689590443 0.05065558 -0.019207587 0.025966296 0.0032615135 -0.0020516573 0.99988735 0.014510487
28628961.689590443 0.05065558 -0.019207587 0.025966296 0.0032615135 -0.0020516573 0.99988735 0.014510487
28653279.689590443 0.06005227 -0.017852105 0.032696344 0.0039774054 -0.006011446 0.9996853 0.02402801
28677609.689590443 0.06005227 -0.017852105 0.032696344 0.0039774054 -0.006011446 0.9996853 0.02402801
28701949.689590443 0.06005227 -0.017852105 0.032696344 0.0039774054 -0.006011446 0.9996853 0.02402801
28726301.689590443 0.06005227 -0.017852105 0.032696344 0.0039774054 -0.006011446 0.9996853 0.02402801
28750665.689590443 0.061665483 -0.015653502 0.034649648 0.0039063427 -0.0049077664 0.999516 0.030472578
28775041.689590443 0.07102964 -0.015531899 0.038482316 0.0026976408 -0.0025495344 0.9995409 0.030068481
28799427.439590443 0.07102964 -0.015531899 0.038482316 0.0026976408 -0.0025495344 0.9995409 0.030068481
28823824.689590443 0.073966615 -0.015403305 0.038497046 -0.0027908531 -0.0029855156 0.99966884 0.025407977
28848232.439590443 0.073966615 -0.015403305 0.038497046 -0.0027908531 -0.0029855156 0.99966884 0.025407977
28872646.689590443 0.073966615 -0.015403305 0.038497046 -0.0027908531 -0.0029855156 0.99966884 0.025407977
28897062.689590443 0.073966615 -0.015403305 0.038497046 -0.0027908531 -0.0029855156 0.99966884 0.025407977
28921477.689590443 0.09407352 -0.007593608 0.044229463 -0.019107727 -0.0024451038 0.9997027 0.014951289
28945888.439590443 0.08562576 -0.0051035592 0.037873015 -0.024563838 -0.0010399021 0.99959105 0.014603914
28970290.689590443 0.09527622 0.003354112 0.038160786 -0.032317206 0.0018296065 0.9993484 0.015972191
28994681.689590443 0.10281357 0.009710188 0.04625357 -0.043164164 0.0028102458 0.99886304 0.020041885
29019059.689590443 0.105123095 0.0045174565 0.048063576 -0.047376838 0.002920236 0.9986824 0.019506637
29043426.439590443 0.10200424 0.0019850708 0.053972997 -0.05189854 -0.0008752908 0.9984615 0.019505285
29067779.689590443 0.10614776 0.0027783392 0.059970018 -0.0548408 0.0038840766 0.99832094 0.018242732
29092117.689590443 0.1189007 0.006902897 0.073958956 -0.057595734 0.005807929 0.99809813 0.021192715
29116440.439590443 0.09224689 0.015544176 0.060503457 -0.055247847 0.002933425 0.99825174 0.02080021
29140751.689590443 0.09567687 0.018432468 0.06556181 -0.05845043 0.0030355025 0.99795794 0.025579797
29165049.689590443 0.09177271 0.029138789 0.06649721 -0.058631573 0.003298749 0.9977981 0.030828835
29189337.439590443 0.097239986 0.035362907 0.06946574 -0.061204046 0.0019689645 0.99743855 0.036966957
29213617.689590443 0.10220677 0.033690646 0.08269063 -0.06384753 0.0011547602 0.997019 0.043306246
29237893.689590443 0.10861437 0.03928749 0.09332598 -0.0664537 0.0007789702 0.99659705 0.048761893
29262166.439590443 0.105634585 0.053646356 0.09258409 -0.067549445 0.0028950933 0.9961522 0.0557629
29286441.689590443 0.11287556 0.060085837 0.10583549 -0.06905051 0.0031361328 0.9957302 0.061184075
29310720.689590443 0.110327214 0.069697775 0.10501849 -0.06982398 0.004457021 0.9953755 0.06582096
29335004.689590443 0.10511203 0.084608525 0.11218122 -0.072190575 0.009496373 0.99481857 0.07095332
29359290.689590443 0.10573827 0.087683946 0.112740085 -0.072333135 0.009878042 0.99426466 0.0781543
29383589.439590443 0.09820243 0.09809755 0.121320784 -0.074264675 0.012285621 0.9934173 0.08634816
29407908.689590443 0.104922704 0.09424053 0.10719308 -0.07326309 0.009380796 0.9933268 0.08858032
29432243.689590443 0.11206086 0.10078279 0.10529303 -0.07480225 0.007471947 0.99242145 0.0972033
29456595.689590443 0.110646866 0.10363763 0.10464765 -0.07494599 0.0066369358 0.9919428 0.101924405
29480965.689590443 0.10803997 0.09874625 0.09680024 -0.066599235 0.016112767 0.99345964 0.09133898
29505354.689590443 0.10519403 0.11233785 0.08987866 -0.06789613 0.017021082 0.99281377 0.097063676
29529752.439590443 0.10636641 0.11354104 0.10039568 -0.06802773 0.016771773 0.9924465 0.100702435
29554170.689590443 0.109675504 0.12226378 0.10432039 -0.07174503 0.018648302 0.99192125 0.102942795
29578618.439590443 0.10775991 0.12982944 0.1082668 -0.073791884 0.02667282 0.99135286 0.105180115
29603085.439590443 0.119899675 0.14324908 0.10766582 -0.0767119 0.026491983 0.9909776 0.106662974
29627568.689590443 0.11936197 0.15183958 0.11327259 -0.07934058 0.023702944 0.9902371 0.112132885
29652065.439590443 0.1214232 0.14579722 0.11740655 -0.07817551 0.0182451 0.99003863 0.11566877
29676574.689590443 0.10943949 0.16158707 0.11419414 -0.07838406 0.025151035 0.9895053 0.118754804
29701093.689590443 0.10972951 0.16397876 0.13054404 -0.08091927 0.026297582 0.9886459 0.12385382
29725621.689590443 0.1094409 0.16830875 0.13839893 -0.081756756 0.029093381 0.9881877 0.12631153
29750157.689590443 0.1137905 0.18059956 0.14540917 -0.081065595 0.033070564 0.98779696 0.12880991
29774702.689590443 0.12155238 0.18749674 0.14673972 -0.08734602 0.035125215 0.9863095 0.13539003
29799254.689590443 0.12445705 0.19962928 0.14318137 -0.083035 0.023697196 0.9861128 0.14186345
29823815.689590443 0.11770122 0.19696169 0.15509802 -0.08008301 0.015801588 0.98633933 0.14307961
29848381.439590443 0.117806606 0.21307091 0.15471973 -0.08060223 0.018399926 0.98568237 0.14695239
29872957.689590443 0.11584529 0.2367371 0.14339902 -0.0798178 0.028811287 0.9847915 0.15160741
29897543.689590443 0.107936576 0.22967294 0.1722431 -0.07892432 0.0288925 0.98383945 0.1581021
29922139.689590443 0.10349959 0.21164125 0.180545 -0.077519886 0.031051181 0.9836108 0.15980084
29946748.439590443 0.08575059 0.23740128 0.19402598 -0.07644066 0.036122587 0.98212004 0.16820316
29971374.439590443 0.09123302 0.24021287 0.2003521 -0.07437434 0.033230234 0.9816476 0.17243019
29996015.689590443 0.11095161 0.28387833 0.15855634 -0.07849481 0.02653951 0.9832978 0.16204834
30020678.439590443 0.10970122 0.2914733 0.16738275 -0.07888624 0.02895336 0.9821059 0.16854279
30045363.689590443 0.10861619 0.3010931 0.17268829 -0.078158334 0.029207056 0.9811483 0.17431661
30070074.689590443 0.10672345 0.3059322 0.1792317 -0.07965072 0.030100675 0.9801516 0.17903239
30094814.689590443 0.10500614 0.31346002 0.18590954 -0.079847485 0.028045485 0.97915107 0.18466459
30119583.689590443 0.09786915 0.32144797 0.19442156 -0.08018418 0.029757002 0.9778157 0.19121076
30144382.689590443 0.09653568 0.32961562 0.20383507 -0.08169624 0.031937696 0.97660965 0.19631428
30169209.689590443 0.095049456 0.3348774 0.21160384 -0.08353241 0.03501862 0.97518265 0.20202705
30194066.439590443 0.088512525 0.34220213 0.22829974 -0.0827409 0.034655023 0.9737958 0.20898537
30218951.689590443 0.09136806 0.35637468 0.23559831 -0.08347208 0.031506225 0.97160095 0.21916074
30243851.689590443 0.10115309 0.3621047 0.24386 -0.088423595 0.025874853 0.97002625 0.22485752
30268779.439590443 0.08520869 0.3541742 0.26347446 -0.08989409 0.036376946 0.97373307 0.20600936
30293751.689590443 0.08433466 0.36462784 0.27363136 -0.092104666 0.034057252 0.9721054 0.21299778
30318750.689590443 0.08499663 0.37334004 0.28723124 -0.094029516 0.031195723 0.9703401 0.22051191
30343776.689590443 0.08233878 0.3828872 0.29906574 -0.09542387 0.02895015 0.96874106 0.22714975
30368827.689590443 0.08164337 0.39188436 0.3160111 -0.095209606 0.026225315 0.96665305 0.23628224
30393903.439590443 0.07754959 0.40396762 0.33022672 -0.09500507 0.021431293 0.9646409 0.24491361
30419004.689590443 0.055669777 0.40441692 0.32202065 -0.0953798 0.029463055 0.96578676 0.23935446
30444133.439590443 0.055613652 0.4162109 0.34028333 -0.09478732 0.020729218 0.9624609 0.25348538
30469288.689590443 0.058057904 0.42905283 0.3605299 -0.09521751 0.0114900805 0.95843214 0.26871845
30494473.689590443 0.05095732 0.43868756 0.3808186 -0.09196205 0.0068702437 0.9545122 0.28355324
30519688.689590443 0.04364042 0.44501314 0.39743114 -0.0892761 0.003522355 0.9511598 0.29548693
30544934.439590443 0.04421847 0.44940397 0.41162923 -0.090316206 0.0028933752 0.95002735 0.2988021
30570213.689590443 0.035782125 0.43738306 0.41269687 -0.08849611 0.0040533855 0.9521495 0.29251224
30595525.439590443 0.028785191 0.45004165 0.43909377 -0.0868538 0.0034761033 0.94756424 0.30751655
30620871.689590443 0.020819876 0.45696306 0.46563673 -0.08579885 0.0055391844 0.94309837 0.32120627
30646254.689590443 0.011299953 0.46561962 0.47988063 -0.08204455 0.003543656 0.93892765 0.3341723
30671675.689590443 0.011009108 0.45204055 0.49379304 -0.078121096 0.0041654846 0.9363861 0.34214172
30697134.439590443 0.02306047 0.5005949 0.5172853 -0.090276174 -0.009595395 0.9272576 0.36325136
30722630.439590443 0.02485573 0.5069084 0.54141635 -0.091284566 -0.0145912925 0.92099273 0.378453
30748168.689590443 0.015572667 0.51310456 0.563129 -0.091167085 -0.010999391 0.9141659 0.39480153
30773749.689590443 0.00747915 0.5190485 0.5896876 -0.090800844 -0.010089272 0.9061248 0.413027
30799376.439590443 0.00932467 0.5243068 0.62109244 -0.090475164 -0.014701094 0.8969916 0.43243992
30825051.689590443 0.00048823655 0.50601494 0.6029718 -0.08782446 -0.012283729 0.9031078 0.4201575
30850779.439590443 -0.0059916377 0.5087637 0.6285785 -0.085860796 -0.012059286 0.89412713 0.4393395
30876560.689590443 -0.009895936 0.51084626 0.65701485 -0.0861201 -0.011468382 0.88372934 0.45986333
30902396.689590443 -0.017670732 0.5104139 0.6911892 -0.08557604 -0.009160809 0.8737387 0.47872078
30928290.689590443 0.0036669448 0.48020536 0.6088218 -0.099128254 -0.013588703 0.90052176 0.4231425
30954244.689590443 0.0028001517 0.48526448 0.6435843 -0.10122916 -0.013175893 0.8905078 0.4433677
30980263.689590443 -0.002835974 0.48878044 0.6687373 -0.10124382 -0.011922387 0.8804868 0.46298018
31006348.689590443 -0.006277278 0.4899805 0.6939669 -0.10272964 -0.0104790395 0.8694755 0.48306233
31032506.689590443 0.0041088685 0.45220235 0.61327684 -0.11156612 -0.012170206 0.89822996 0.42495635
31058740.689590443 0.0009596944 0.4462691 0.6396766 -0.10979532 -0.012237322 0.8896386 0.44310105
31085053.689590443 -0.013608836 0.4403256 0.66119266 -0.10828422 -0.009251287 0.8803804 0.46164846
31111448.439590443 0.0025716051 0.43047664 0.6177636 -0.11638464 -0.01696033 0.8962118 0.42775154
31137924.689590443 -0.0039017573 0.42750692 0.6431322 -0.11722116 -0.016862141 0.88711226 0.44610178
31164443.439590443 -0.0020192266 0.4243929 0.67337614 -0.11721694 -0.026923658 0.8766348 0.46588293
31191047.689590443 0.02608218 0.41820237 0.6944336 -0.12374603 -0.03993561 0.86783373 0.47953814
31217785.689590443 0.0019778833 0.4000488 0.6263302 -0.12832819 -0.027615696 0.8922881 0.43196213
31244613.689590443 -0.004331574 0.39208758 0.64152306 -0.12674676 -0.029622568 0.8860895 0.44486323
31271526.689590443 -0.0046398193 0.38059387 0.6550997 -0.12428562 -0.03494719 0.8811247 0.45491883
31298520.689590443 -0.008947805 0.37149605 0.6363949 -0.13063185 -0.032983374 0.88731176 0.44105023
31325592.439590443 -0.016457185 0.36771348 0.6532506 -0.12776357 -0.04086857 0.87991565 0.4558012
31352739.689590443 0.0015858635 0.35730085 0.6392032 -0.14029281 -0.06025489 0.88581395 0.43820196
31379959.689590443 0.00083792955 0.35137615 0.6425351 -0.14135315 -0.066565625 0.88391435 0.44077626
31407246.689590443 0.00046743453 0.34586254 0.64319694 -0.14405295 -0.075905584 0.8825866 0.4410533
31434596.689590443 -0.0020911545 0.3395623 0.6472025 -0.14626674 -0.08204581 0.88009685 0.44418928
31462004.689590443 -0.0024783015 0.32139853 0.65109086 -0.15049388 -0.089369275 0.8791712 0.44319603
31489465.689590443 -0.0016880557 0.3152315 0.6519068 -0.15360117 -0.09831699 0.8772928 0.44395703
31516974.689590443 -0.0034504533 0.30657202 0.65674114 -0.15670393 -0.10578734 0.87482274 0.4460249
31544525.689590443 -0.0038760304 0.29878727 0.6579385 -0.16014282 -0.114839576 0.87325984 0.44562694
31572114.689590443 -0.006183833 0.2854309 0.6609447 -0.16266483 -0.1236428 0.8712497 0.44629222
31599736.689590443 -0.0071020573 0.2763526 0.66407377 -0.16561939 -0.13310532 0.86890066 0.44706252
31627385.689590443 -0.007947408 0.26595595 0.66687703 -0.16971366 -0.14271943 0.8663332 0.44754368
31655054.689590443 -0.00973326 0.25608838 0.6700628 -0.17400314 -0.15231055 0.863552 0.44810987
31682741.689590443 -0.012440935 0.24955705 0.6718818 -0.17648019 -0.16102415 0.8611258 0.4487632
31710443.439590443 -0.016343266 0.23831564 0.6769093 -0.1813558 -0.17132673 0.8576951 0.44957364
31738151.689590443 -0.015740782 0.22951168 0.67726886 -0.18749845 -0.18157439 0.8547492 0.44864118
31765863.689590443 -0.018455908 0.21940935 0.680108 -0.19328246 -0.19172427 0.85150445 0.44813383
31793573.689590443 -0.020476043 0.20870447 0.68562454 -0.19904503 -0.20225094 0.84717894 0.44918102
31821274.439590443 -0.023744076 0.19935113 0.6885004 -0.20521824 -0.21252224 0.84353256 0.4485228
31848963.439590443 -0.026637495 0.18911362 0.6926552 -0.21239492 -0.22253051 0.83913034 0.44858536
31876638.689590443 -0.030181602 0.17943692 0.6948955 -0.21932387 -0.23203567 0.8354596 0.4472849
31904296.689590443 -0.033735678 0.16858914 0.7002113 -0.22623013 -0.24204728 0.8308914 0.4470487
31931933.689590443 -0.03631507 0.15732858 0.70575464 -0.23425032 -0.25104946 0.82621056 0.44662863
31959548.689590443 -0.03967601 0.14683425 0.70974296 -0.24245124 -0.25936526 0.8217607 0.4457089
31987137.689590443 -0.042239085 0.13679111 0.7131825 -0.25014699 -0.26828602 0.8175411 0.4439321
32014699.689590443 -0.046172947 0.1258997 0.71768093 -0.25849923 -0.2758174 0.813148 0.4425982
32042230.689590443 -0.050858483 0.11580923 0.7202537 -0.26676622 -0.28358853 0.80895203 0.4404657
32069727.689590443 -0.055705786 0.104984224 0.72512424 -0.27596435 -0.2899238 0.80479425 0.43828544
32097190.689590443 -0.059555918 0.09432003 0.72819597 -0.28573593 -0.2957923 0.80100703 0.4350284
32124636.689590443 -0.06590329 0.0842461 0.73073363 -0.29486635 -0.3007319 0.7976895 0.43163142
32152044.439590443 -0.071862414 0.074714094 0.734492 -0.30455673 -0.30515215 0.7938645 0.42884338
32179391.689590443 -0.07837199 0.06470689 0.7395302 -0.314378 -0.31029257 0.78918076 0.4267069
32206691.439590443 -0.082840785 0.054911584 0.7415889 -0.3224808 -0.31787226 0.784429 0.4238332
32233947.439590443 -0.08841635 0.045089155 0.7456978 -0.32972565 -0.32675162 0.7785992 0.4222531
32261159.689590443 -0.09590609 0.035477936 0.7495454 -0.33549947 -0.33790368 0.77143836 0.42207122
32288327.689590443 -0.10040893 0.023647428 0.7541135 -0.34262913 -0.3512116 0.76244974 0.42181298
32315448.439590443 -0.106927365 0.01549679 0.7566681 -0.34705222 -0.3655435 0.7535446 0.42202282
32342526.689590443 -0.11373228 0.006155342 0.75934076 -0.35282728 -0.38034263 0.74358445 0.42182302
32369562.689590443 -0.12047055 -0.004080564 0.7626266 -0.35922065 -0.39625826 0.7323943 0.4213533
32396557.689590443 -0.12852323 -0.013365626 0.7667411 -0.3652235 -0.41147396 0.72070116 0.42177108
32423512.689590443 -0.13589486 -0.023068875 0.7700144 -0.37145615 -0.42668462 0.7088745 0.42125705
32450428.439590443 -0.1444417 -0.03210011 0.772371 -0.37668565 -0.4420767 0.6965499 0.42130074
32477307.689590443 -0.15130049 -0.04122594 0.77550733 -0.38272548 -0.45689544 0.684299 0.42012212
32504155.689590443 -0.15890288 -0.049798608 0.7783964 -0.38830912 -0.4707501 0.67241484 0.4188899
32530974.689590443 -0.16751465 -0.058490247 0.7802849 -0.3941489 -0.48396406 0.66082627 0.4168142
32557765.689590443 -0.1756128 -0.06686923 0.78389996 -0.4010072 -0.49586472 0.64860505 0.4154792
32584531.689590443 -0.18427202 -0.07462156 0.78652954 -0.40712625 -0.50737613 0.63666743 0.41409206
32611273.439590443 -0.19396645 -0.08179012 0.7892119 -0.41416433 -0.5174537 0.6245283 0.41312727
32637997.689590443 -0.20359072 -0.090046376 0.79080784 -0.4215442 -0.5274303 0.6122948 0.41135508
32664704.689590443 -0.21410364 -0.09738636 0.7934311 -0.42898798 -0.5368056 0.5989453 0.41118574
32691396.689590443 -0.22315529 -0.10537478 0.7955959 -0.4359988 -0.5464187 0.5851646 0.41099167
32718076.689590443 -0.23336321 -0.11191058 0.7980732 -0.44314244 -0.55519336 0.57095796 0.41157284
32744744.689590443 -0.24444515 -0.11850053 0.7998566 -0.45108807 -0.56296444 0.55695635 0.41157052
32771399.439590443 -0.25461465 -0.124513805 0.8021206 -0.45797843 -0.571754 0.54143625 0.412553
32798039.689590443 -0.26524946 -0.13023615 0.80427223 -0.46550113 -0.5800047 0.525317 0.41345552
32824665.689590443 -0.27589178 -0.13797954 0.8065183 -0.47307158 -0.5887725 0.5086541 0.41330537
32851271.689590443 -0.28717247 -0.14279053 0.8077391 -0.47974584 -0.5974316 0.49152637 0.41390988
32877856.439590443 -0.2976689 -0.14868063 0.8092 -0.4879376 -0.6052379 0.47338772 0.41413528
32904420.689590443 -0.30855703 -0.15352583 0.81028354 -0.49567252 -0.6128449 0.45492938 0.41445047
32930961.689590443 -0.32042438 -0.15738922 0.81163406 -0.50365716 -0.619881 0.435883 0.4148289
32957476.689590443 -0.33093235 -0.16163772 0.8124165 -0.5131617 -0.6258019 0.4166462 0.41405678
32983971.689590443 -0.342767 -0.16509378 0.8134295 -0.5225094 -0.63168585 0.39649212 0.4132203
33010444.689590443 -0.35425788 -0.167871 0.81425023 -0.53341913 -0.63662535 0.37524176 0.41154087
33036899.689590443 -0.36577287 -0.1707362 0.81477714 -0.545076 -0.6408301 0.3533059 0.4091503
33063342.689590443 -0.37650654 -0.17340052 0.8144391 -0.55647737 -0.6445181 0.33115995 0.40652505
33089778.689590443 -0.38778427 -0.1754837 0.81448615 -0.5680154 -0.6474036 0.3092271 0.40324393
33116213.689590443 -0.3990386 -0.17638528 0.8148103 -0.5785747 -0.65026134 0.28658554 0.40035006
33142650.689590443 -0.4099777 -0.17783713 0.8140193 -0.58879274 -0.65318745 0.26408106 0.39614445
33169094.689590443 -0.42095166 -0.17837727 0.8140337 -0.59782666 -0.6559852 0.24101676 0.39268023
33195542.689590443 -0.43187454 -0.17897642 0.8134598 -0.6063768 -0.6583073 0.2178687 0.3891938
33222004.689590443 -0.4432375 -0.17854232 0.81298923 -0.6147345 -0.65980476 0.1957609 0.38527521
33248492.689590443 -0.4536855 -0.17838973 0.81275314 -0.6219953 -0.6611085 0.17203672 0.38270196
33275001.439590443 -0.46507508 -0.17746782 0.81198317 -0.62789446 -0.66218394 0.14962755 0.38062137
33301537.439590443 -0.4745454 -0.17618906 0.8110723 -0.632818 -0.6635205 0.12786987 0.3780625
33328101.689590443 -0.48453838 -0.17565447 0.8098336 -0.63723195 -0.66495913 0.106831424 0.37463564
33354700.689590443 -0.49423385 -0.17299521 0.8094696 -0.6402858 -0.666599 0.08773051 0.37146097
33381334.689590443 -0.5032443 -0.17132753 0.80843157 -0.6427814 -0.66936916 0.071041286 0.3656915
33408003.689590443 -0.51254547 -0.16963899 0.80717546 -0.6461151 -0.672061 0.056523986 0.35731548
33434708.689590443 -0.52136314 -0.16588032 0.8067724 -0.64920545 -0.6749471 0.04491753 0.34779477
33461450.689590443 -0.53057384 -0.16146058 0.80627203 -0.65332013 -0.67711514 0.03657196 0.3366756
33488228.689590443 -0.53885853 -0.15889692 0.8047851 -0.65789694 -0.67886424 0.02652616 0.32497907
33515038.439590443 -0.54687166 -0.15551221 0.80306274 -0.66339266 -0.67845494 0.016496276 0.31517792
33541882.439590443 -0.5545739 -0.15061188 0.80271745 -0.6697735 -0.67641467 0.0060680946 0.3063168
33568758.43959044 -0.5618781 -0.14616865 0.801412 -0.67648816 -0.67371666 -0.0041890168 0.29740906
33595667.68959044 -0.56931454 -0.14185184 0.7996262 -0.6826863 -0.67152387 -0.012905194 0.28779948
33622610.68959044 -0.5763242 -0.13682854 0.7987263 -0.68906546 -0.66909975 -0.01923644 0.27771276
33649587.68959044 -0.582988 -0.13169402 0.79683197 -0.6940334 -0.6681604 -0.024259184 0.2670036
33676598.68959044 -0.5888109 -0.12648726 0.79528195 -0.6992246 -0.6675922 -0.0277086 0.2542399
33703646.68959044 -0.5952329 -0.120121896 0.7944192 -0.7050192 -0.6661437 -0.030394793 0.24140583
33730729.68959044 -0.60203886 -0.113590956 0.7930475 -0.7105682 -0.6641036 -0.033521567 0.2300774
33757845.68959044 -0.6078108 -0.10765439 0.79105794 -0.7154991 -0.6623406 -0.037601117 0.21897991
33784992.68959044 -0.6140267 -0.101552665 0.788824 -0.7196509 -0.6602673 -0.04413272 0.21024261
33812169.68959044 -0.6184629 -0.0943737 0.7868278 -0.7229417 -0.6580262 -0.051352195 0.20425433
33839376.68959044 -0.6237365 -0.088235736 0.78464943 -0.725367 -0.65618783 -0.059912466 0.19917524
33866612.68959044 -0.62877786 -0.08129448 0.78251207 -0.7259198 -0.65641254 -0.067772076 0.19382998
33893879.68959044 -0.63392013 -0.073500276 0.779839 -0.72540027 -0.6576436 -0.07452726 0.1890639
33921169.43959044 -0.6383418 -0.06653875 0.77775997 -0.7241811 -0.6594652 -0.080669686 0.18482389
33948480.68959044 -0.6425687 -0.058450103 0.77517873 -0.72272354 -0.66174656 -0.08562853 0.1800834
33975811.68959044 -0.6474042 -0.050277174 0.77298933 -0.7222155 -0.66282535 -0.09169327 0.17509948
34003158.68959044 -0.6511539 -0.042706847 0.7694613 -0.72163194 -0.66390693 -0.09640893 0.17082258
34030516.68959044 -0.65467876 -0.03384924 0.7669663 -0.72169167 -0.6642737 -0.10134829 0.16622336
34057879.68959044 -0.65842503 -0.026288569 0.7635586 -0.72200626 -0.66478634 -0.10611306 0.15970641
34085244.68959044 -0.6627242 -0.017097414 0.76052266 -0.7227082 -0.6648254 -0.109923325 0.15367834
34112602.68959044 -0.6657846 -0.007914841 0.75776064 -0.7236041 -0.664619 -0.11371572 0.14747052
34139951.68959044 -0.66813207 0.0008366108 0.7546674 -0.72410387 -0.6646252 -0.11726572 0.14211164
34167286.68959044 -0.67031854 0.005967796 0.7497024 -0.72441655 -0.6654679 -0.11920429 0.13477206
34194608.68959044 -0.6727862 0.015698254 0.7463595 -0.72510606 -0.666016 -0.1196318 0.12779811
34221916.68959044 -0.6744685 0.024657905 0.74242526 -0.72588646 -0.6670634 -0.117734835 0.11938951
34249214.68959044 -0.676492 0.033849597 0.7378727 -0.72675955 -0.66791815 -0.11531939 0.111388385
34276505.68959044 -0.67851716 0.043319166 0.7337793 -0.7280713 -0.66824716 -0.113249056 0.10262914
34303787.68959044 -0.6801523 0.052814662 0.7292932 -0.72965556 -0.6679473 -0.11070611 0.0958821
34331064.68959044 -0.6817074 0.06324577 0.72581184 -0.73124015 -0.6675716 -0.1080331 0.0892463
34358337.68959044 -0.683012 0.072645485 0.7210202 -0.7318159 -0.66807586 -0.105754204 0.083284065
34385608.68959044 -0.68421674 0.081882 0.71579075 -0.73217595 -0.6687975 -0.1023025 0.07850245
34412880.68959044 -0.6846343 0.09277415 0.71133333 -0.73262596 -0.66893524 -0.10068518 0.07514926
34440159.68959044 -0.6867366 0.10389656 0.7078614 -0.7331717 -0.6692387 -0.09792784 0.070633255
34467448.68959044 -0.68721616 0.11509216 0.70353293 -0.73369277 -0.66909873 -0.096303724 0.068756975
34494744.68959044 -0.68795604 0.12481499 0.69846654 -0.73440444 -0.6685934 -0.09491003 0.06800818
34522053.68959044 -0.68913674 0.13611788 0.6935433 -0.7353323 -0.6677284 -0.09468186 0.066786624
34549382.68959044 -0.6896697 0.14551556 0.687174 -0.7356744 -0.66784006 -0.092291676 0.06523103
34576733.68959044 -0.6896784 0.15741467 0.6829254 -0.73816293 -0.66551447 -0.09068234 0.06310882
34604107.68959044 -0.690127 0.16809082 0.6762342 -0.74094963 -0.66301787 -0.08742722 0.061298743
34631510.43959044 -0.69090605 0.17889506 0.6706784 -0.74377495 -0.66075945 -0.083374 0.056960918
34658943.68959044 -0.69149256 0.19006038 0.66429955 -0.745922 -0.65927553 -0.07919055 0.051817905
34686407.68959044 -0.6916423 0.19986188 0.6584319 -0.7468984 -0.65885 -0.07548495 0.048595786
34713902.68959044 -0.69163793 0.20943207 0.652943 -0.7478563 -0.65829426 -0.07283224 0.045333885
34741430.43959044 -0.69206405 0.22130263 0.64691263 -0.74807334 -0.6584496 -0.070364095 0.043352928
34768989.68959044 -0.6919852 0.23162377 0.640933 -0.748446 -0.65842336 -0.06753369 0.041792337
34796586.43959044 -0.6935629 0.24451858 0.63474137 -0.74867004 -0.6585411 -0.06622529 0.037828546
34824202.43959044 -0.69378537 0.2572317 0.62860847 -0.7494992 -0.65798765 -0.06344476 0.03575084
34851861.68959044 -0.69343704 0.26678234 0.6208953 -0.7490657 -0.65880555 -0.061287776 0.03346089
34879587.68959044 -0.6914321 0.27890003 0.61501014 -0.7496591 -0.65853155 -0.05799519 0.031370558
34907368.68959044 -0.6929591 0.29109284 0.6085485 -0.75048447 -0.6577631 -0.05688906 0.029738262
34935205.68959044 -0.6931937 0.30222034 0.6026144 -0.752168 -0.65593755 -0.05614919 0.02892389
34963104.43959044 -0.69367313 0.31095356 0.5964151 -0.75360185 -0.65448356 -0.05413989 0.028363086
34991069.68959044 -0.69380206 0.32465798 0.5898811 -0.7555507 -0.6522455 -0.053873353 0.02857847
35019105.68959044 -0.6941597 0.3372249 0.5842811 -0.75647193 -0.65125096 -0.052537058 0.02936722
35047214.43959044 -0.69443303 0.35004187 0.57628465 -0.7565037 -0.6512117 -0.052067425 0.030239463
35075397.43959044 -0.69479036 0.36399156 0.5689273 -0.75640345 -0.6513144 -0.050629273 0.032865893
35103656.43959044 -0.6963874 0.3771048 0.5625806 -0.7564885 -0.65128195 -0.049047373 0.033931773
35131992.68959044 -0.6959079 0.38911825 0.5550195 -0.7562114 -0.6517111 -0.04599809 0.036073335
35160408.43959044 -0.69695926 0.40354398 0.5487733 -0.75693697 -0.6509264 -0.043769404 0.03775749
35188909.43959044 -0.6981357 0.41471264 0.5415864 -0.756592 -0.6513728 -0.039708853 0.041294713
35217495.68959044 -0.69841456 0.43025947 0.5362809 -0.75779057 -0.64995486 -0.03624485 0.044704404
35246171.68959044 -0.70101506 0.44404227 0.5287788 -0.75766504 -0.65006316 -0.032728385 0.047859255
35274942.68959044 -0.7010218 0.45713964 0.5220898 -0.7581718 -0.6492282 -0.028038412 0.053777926
35303813.68959044 -0.7026184 0.471148 0.5157331 -0.7586779 -0.6483431 -0.024052704 0.058996826
35332786.68959044 -0.70377666 0.48491606 0.5094829 -0.75927776 -0.6471272 -0.020273883 0.06567106
35361866.68959044 -0.7049413 0.49796963 0.50256336 -0.75893515 -0.6468472 -0.017298777 0.07284866
35391057.43959044 -0.7061084 0.51292425 0.49676424 -0.7594885 -0.64545846 -0.013531399 0.0798592
35420360.68959044 -0.7070385 0.5266916 0.49037266 -0.7591622 -0.64520127 -0.008918432 0.08549074
35449775.68959044 -0.7088837 0.5403459 0.4838306 -0.7594248 -0.644447 -0.004116047 0.08913524
35479301.68959044 -0.7100507 0.55542725 0.47734907 -0.7596798 -0.64383286 0.0019010332 0.09144514
35508936.68959044 -0.71126056 0.5700856 0.47174153 -0.7603197 -0.64251363 0.0068880543 0.09509366
35538680.68959044 -0.7121669 0.58612794 0.4657724 -0.7605239 -0.64203066 0.01257421 0.096135326
35568527.68959044 -0.71320933 0.6002931 0.4593493 -0.7608904 -0.6411632 0.01861011 0.098027244
35598472.68959044 -0.71433336 0.6161657 0.45406783 -0.76297253 -0.6382834 0.023701409 0.09952653
35628508.68959044 -0.71482563 0.6334547 0.4480816 -0.7663053 -0.63378984 0.02933488 0.10112398
35658628.68959044 -0.71552217 0.6495659 0.44271877 -0.7704233 -0.6282785 0.034329068 0.10264331
35688825.68959044 -0.7168899 0.6650631 0.43636712 -0.77356017 -0.6240851 0.038720444 0.103069365
35719092.68959044 -0.71766204 0.6824863 0.42994347 -0.77708054 -0.61896837 0.043557394 0.10548415
35749419.68959044 -0.7184054 0.69753283 0.42370275 -0.7794917 -0.6149852 0.049768396 0.10820803
35779802.68959044 -0.72077084 0.7125809 0.41788298 -0.7818895 -0.61117417 0.055557698 0.10967385
35810239.68959044 -0.72113776 0.7290538 0.41214117 -0.78407997 -0.60702324 0.06229228 0.11340681
35840732.68959044 -0.72311646 0.74562144 0.4068642 -0.7864063 -0.60246646 0.06897494 0.11765146
35871281.68959044 -0.72459364 0.7592662 0.40026048 -0.78718275 -0.5995901 0.07715578 0.1219919
35901886.68959044 -0.7257395 0.77637 0.39591372 -0.7886442 -0.59527415 0.08803792 0.12624751
35932539.68959044 -0.72712636 0.79148996 0.38965493 -0.78866005 -0.59247154 0.09970228 0.13058433
35963233.68959044 -0.7286039 0.80627996 0.38450575 -0.78830516 -0.58960885 0.113740265 0.13416266
35993961.68959044 -0.7318976 0.82260346 0.38025528 -0.78783906 -0.5861797 0.12897168 0.1380919
36024720.68959044 -0.73319125 0.8377535 0.3740834 -0.78588283 -0.5835805 0.14718096 0.14198533
36055499.68959044 -0.7352744 0.8512185 0.3674057 -0.7830906 -0.58131003 0.16666731 0.14515479
36086289.68959044 -0.7374445 0.86643416 0.36141074 -0.7802213 -0.57834345 0.18707877 0.14756447
36117083.68959044 -0.7397736 0.88544965 0.35843438 -0.7784055 -0.5729431 0.2074979 0.15088329
36147874.68959044 -0.7410731 0.8996842 0.3527239 -0.7744642 -0.5695988 0.22793621 0.15429723
36178654.68959044 -0.7442211 0.9181296 0.34868795 -0.7712918 -0.5645958 0.24755344 0.15829703
36209420.68959044 -0.744009 0.9304663 0.33929926 -0.76583284 -0.5613816 0.26870304 0.16170813
36240169.43959044 -0.7476963 0.94613713 0.33455664 -0.76236564 -0.5558259 0.2872836 0.16530085
36270907.68959044 -0.7496588 0.96202576 0.32889414 -0.75799334 -0.5511902 0.30497757 0.16918692
36301637.68959044 -0.7531895 0.97523534 0.32237387 -0.753072 -0.5475245 0.32102305 0.17333125
36332352.68959044 -0.75754356 0.9902529 0.31826305 -0.7485712 -0.54335886 0.3352036 0.17899962
36363051.68959044 -0.7588164 1.005177 0.31093025 -0.74248946 -0.54038495 0.3494529 0.18594673
36393734.68959044 -0.7637788 1.0191169 0.3042428 -0.7376344 -0.536785 0.3613144 0.19289704
36424400.68959044 -0.7679736 1.0339117 0.29951572 -0.73280346 -0.533143 0.3717859 0.20132804
36455047.68959044 -0.7729516 1.0470163 0.29245245 -0.72753096 -0.5304499 0.38203198 0.20826237
36485668.68959044 -0.7751275 1.0606362 0.28687364 -0.7215219 -0.5279557 0.39310727 0.21479215
36516263.68959044 -0.7791853 1.0733802 0.28231877 -0.7158925 -0.5254113 0.40344232 0.2206247
36546840.68959044 -0.7860115 1.0855603 0.2775783 -0.7104126 -0.5224322 0.41374907 0.2262528
36577397.68959044 -0.7877689 1.0988003 0.26925248 -0.7038497 -0.5194769 0.4255934 0.23153783
36607934.68959044 -0.7930479 1.1105781 0.26420593 -0.698298 -0.5154319 0.4371607 0.23579767
36638453.68959044 -0.7982438 1.1229281 0.25854635 -0.6929868 -0.5102735 0.44930264 0.23982787
36668953.68959044 -0.8036167 1.1343436 0.25337476 -0.68713176 -0.5053767 0.4616649 0.2435363
36699433.68959044 -0.80967134 1.1459267 0.24725169 -0.6806367 -0.50030357 0.47427827 0.24797232
36729893.68959044 -0.8166938 1.1574807 0.24251097 -0.6739163 -0.4947324 0.48706996 0.25266507
36760325.68959044 -0.82262033 1.1679206 0.23819631 -0.6664952 -0.48912528 0.4997184 0.2584998
36790729.43959044 -0.8291956 1.179927 0.23311752 -0.6587038 -0.48299983 0.5132322 0.263464
36821098.68959044 -0.8351401 1.1904504 0.22780019 -0.6510377 -0.4763253 0.52687496 0.26770684
36851425.68959044 -0.84152865 1.2004285 0.22248942 -0.64291507 -0.46973523 0.54054385 0.27170098
36881705.43959044 -0.8482338 1.2105896 0.21838951 -0.6350747 -0.46318814 0.55338115 0.27551085
36911933.68959044 -0.85523987 1.2213385 0.212309 -0.62700886 -0.45637277 0.56612897 0.27943125
36942103.68959044 -0.86275315 1.2309654 0.20786 -0.6195246 -0.44915026 0.57821417 0.2830579
36972209.68959044 -0.86942744 1.2405312 0.2026822 -0.6115033 -0.44251287 0.5898832 0.28685188
37002247.68959044 -0.8768788 1.2493708 0.19652435 -0.60323673 -0.43597642 0.6016226 0.289966
37032212.43959044 -0.88403076 1.2584152 0.19201717 -0.5956449 -0.42928752 0.6123704 0.29312465
37062100.68959044 -0.8916785 1.2684269 0.18660268 -0.58788574 -0.42084587 0.624231 0.29599804
37091907.43959044 -0.89948905 1.2761292 0.18188038 -0.5810229 -0.4132188 0.63480836 0.29779363
37121630.68959044 -0.90743935 1.284894 0.17620116 -0.5738 -0.40519425 0.645839 0.29910418
37151266.68959044 -0.9154045 1.2928288 0.17112401 -0.5666157 -0.39732578 0.6563382 0.30049792
37180816.68959044 -0.9242467 1.3005328 0.16676226 -0.5597368 -0.3892136 0.66613567 0.30244145
37210276.68959044 -0.9306872 1.3098226 0.159946 -0.5515834 -0.38154745 0.6768285 0.30344772
37239649.43959044 -0.9394916 1.316348 0.15433426 -0.5447413 -0.37383237 0.686293 0.3041518
37268979.68959044 -0.94755936 1.3233182 0.14884146 -0.53718454 -0.3663545 0.69574976 0.305204
37298226.68959044 -0.9568508 1.3316673 0.14418115 -0.5288119 -0.35888013 0.70472705 0.3080955
37327344.68959044 -0.9656742 1.3373668 0.13980867 -0.5216363 -0.3518395 0.7127384 0.3100137
37356378.68959044 -0.97510874 1.342274 0.13473296 -0.5147667 -0.34415507 0.720856 0.31135067
37385334.43959044 -0.98438823 1.3490512 0.12980413 -0.5056486 -0.33752832 0.72891515 0.3147646
37414212.68959044 -0.99374145 1.3514605 0.12659514 -0.4984538 -0.3315619 0.7354597 0.31734788
37443010.68959044 -1.0028636 1.3566878 0.1193675 -0.48938096 -0.32513168 0.7431052 0.3202974
37471727.68959044 -1.0133088 1.3629067 0.11647023 -0.4807465 -0.3179563 0.7498496 0.32482624
37500357.68959044 -1.0234494 1.3675488 0.11302148 -0.472527 -0.31168887 0.7560602 0.32854438
37528896.68959044 -1.0329231 1.3706508 0.1083363 -0.4638815 -0.30509773 0.7631548 0.330642
37557341.68959044 -1.0426658 1.3741763 0.103443444 -0.45629194 -0.29736313 0.7704443 0.33134338
37585688.68959044 -1.0530624 1.3781471 0.099103056 -0.44753498 -0.28928602 0.7779493 0.3328979
37613934.43959044 -1.0632454 1.3814356 0.09494182 -0.43988132 -0.28022063 0.78537935 0.33340693
37642075.68959044 -1.0732783 1.3838149 0.09023871 -0.43228164 -0.2712565 0.7921547 0.33472893
37670114.43959044 -1.0841765 1.386395 0.08677773 -0.42471224 -0.26138422 0.7984963 0.33719656
37698050.43959044 -1.0942824 1.3880388 0.08173402 -0.41622332 -0.2524515 0.8049037 0.33934727
37725882.43959044 -1.1039038 1.3887546 0.07783454 -0.40856063 -0.2431325 0.8109186 0.341139
37753610.68959044 -1.1151655 1.3902513 0.075693175 -0.4010743 -0.23318413 0.81672096 0.3431202
37781231.68959044 -1.1261824 1.3918874 0.072603144 -0.39288104 -0.22294055 0.82328916 0.34371084
37808742.43959044 -1.1366184 1.3926336 0.068927854 -0.38465598 -0.21236295 0.83025247 0.3429616
37836148.43959044 -1.1470826 1.3926274 0.06559454 -0.377309 -0.20156026 0.83690625 0.3414664
37863455.43959044 -1.1583637 1.3936176 0.06295976 -0.36867115 -0.1908117 0.8434129 0.34106755
37890665.43959044 -1.167982 1.3930523 0.06041555 -0.3611444 -0.17971893 0.8497325 0.33945626
37917786.68959044 -1.1784447 1.3929156 0.05867923 -0.35321382 -0.1695226 0.8552511 0.3391869
37944822.68959044 -1.1886846 1.3919172 0.055278793 -0.34495825 -0.15923305 0.8610067 0.33810687
37971780.68959044 -1.2001617 1.3913263 0.055284448 -0.33753213 -0.14788932 0.86575747 0.33862206
37998666.43959044 -1.2100049 1.389223 0.05308444 -0.32948428 -0.13783374 0.87063605 0.33828217
38025485.43959044 -1.2203909 1.3876479 0.05105705 -0.32046646 -0.12831573 0.87515646 0.3390244
38052240.68959044 -1.2313997 1.3860395 0.0507304 -0.3118757 -0.118878424 0.878744 0.34118977
38078934.68959044 -1.2413249 1.3841053 0.04830636 -0.3026058 -0.108473234 0.88278246 0.3425763
38105572.68959044 -1.2518072 1.381868 0.048290744 -0.29287997 -0.098615095 0.8861683 0.34525666
38132156.68959044 -1.2617465 1.3789303 0.047791325 -0.28363997 -0.08831916 0.8893097 0.34767276
38158686.68959044 -1.2714093 1.3760843 0.047766715 -0.27450618 -0.07820119 0.89204067 0.35042036
38185161.68959044 -1.2800794 1.3722372 0.044039696 -0.26536253 -0.06791188 0.8956155 0.35049057
38211581.68959044 -1.2900407 1.3686393 0.042433664 -0.25517616 -0.05789102 0.89865583 0.3520675
38237949.68959044 -1.2990974 1.3649081 0.042382658 -0.24574015 -0.047821715 0.9015142 0.35298324
38264263.68959044 -1.3088944 1.3603058 0.042840272 -0.23646784 -0.03808977 0.9042331 0.353546
38290521.68959044 -1.3182209 1.3554142 0.041898087 -0.22658728 -0.027736934 0.90721196 0.35334903
38316726.68959044 -1.3272939 1.3507309 0.042609766 -0.21761566 -0.017236106 0.9093158 0.35424724
38342879.43959044 -1.3367215 1.3460252 0.041717425 -0.20737852 -0.006029242 0.91162145 0.35482985
38368984.68959044 -1.3448784 1.3411243 0.043943413 -0.19775139 0.0050735837 0.91276735 0.3573855
38395044.68959044 -1.3532369 1.3357117 0.043721117 -0.18668959 0.015728842 0.9142942 0.3591182
38421059.68959044 -1.3620659 1.3296369 0.04367522 -0.17618631 0.027869722 0.91530746 0.36110103
38447030.68959044 -1.3704259 1.3236408 0.04324254 -0.16516207 0.03968446 0.9164176 0.36238855
38472959.43959044 -1.3800651 1.317731 0.045041565 -0.15451854 0.05247141 0.9170371 0.36388692
38498852.43959044 -1.387586 1.3116467 0.045043603 -0.14426038 0.064253114 0.91780615 0.36426982
38524711.68959044 -1.395165 1.3047701 0.045206957 -0.13409306 0.07745751 0.91838074 0.3641377
38550542.68959044 -1.4026704 1.2989441 0.047258712 -0.12353321 0.09077298 0.9182757 0.365061
38576346.68959044 -1.4092956 1.292015 0.04764247 -0.11293712 0.10302615 0.91771114 0.3666567
38602129.68959044 -1.4168179 1.284679 0.049341112 -0.10189133 0.11617492 0.91677606 0.36829773
38627890.68959044 -1.4239813 1.2771585 0.04969811 -0.09055747 0.1295472 0.9154759 0.37002823
38653634.68959044 -1.4309894 1.2692859 0.051588368 -0.079599224 0.14246163 0.9139121 0.37166303
38679361.68959044 -1.438166 1.2625813 0.05233218 -0.067823134 0.15549698 0.91206086 0.37331727
38705073.68959044 -1.4445288 1.2541397 0.05352186 -0.05749244 0.16892532 0.9099855 0.37427974
38730772.43959044 -1.4508032 1.2457936 0.055738088 -0.046223134 0.18099013 0.90795404 0.37513405
38756459.68959044 -1.4570389 1.2368437 0.057189867 -0.03470848 0.19341704 0.9058488 0.37526423
38782133.68959044 -1.4627303 1.2297084 0.05910839 -0.02413819 0.2061097 0.9032373 0.3756309
38807798.68959044 -1.4676622 1.2213442 0.061227746 -0.013938457 0.21832846 0.9005499 0.37569705
38833454.68959044 -1.4727541 1.2122595 0.06308439 -0.0034162381 0.23065768 0.8980103 0.37465033
38859099.68959044 -1.4781108 1.2030935 0.066624135 0.0070029274 0.24328773 0.8947196 0.37448493
38884734.68959044 -1.4824381 1.1948502 0.068186335 0.017586054 0.2554228 0.8918264 0.37295523
38910361.43959044 -1.4873374 1.1855836 0.07046773 0.028065797 0.26766095 0.88826793 0.37222317
38935984.68959044 -1.4900181 1.176796 0.07287091 0.037758466 0.28029206 0.8843102 0.37149188
38961603.68959044 -1.4936029 1.1681399 0.07568011 0.047861602 0.29259098 0.8800502 0.3709602
38987222.68959044 -1.497959 1.1582724 0.078604355 0.057797976 0.306489 0.8752626 0.36964732
39012841.68959044 -1.5004067 1.1488023 0.081266254 0.0672243 0.31923342 0.8705338 0.3684317
39038459.68959044 -1.5033243 1.1389312 0.08368114 0.076900184 0.33212999 0.8655744 0.36682025
39064077.68959044 -1.5052966 1.1302547 0.08667943 0.08519519 0.3460005 0.85998863 0.3653012
39089701.68959044 -1.507278 1.1201313 0.08887401 0.09494911 0.3592604 0.854513 0.3629385
39115333.68959044 -1.508359 1.1115129 0.09267938 0.10333357 0.37355906 0.84804857 0.36137173
39140973.68959044 -1.5093353 1.1018267 0.09524149 0.11218889 0.38751864 0.84170675 0.35884917
39166627.68959044 -1.5103446 1.0929983 0.099241674 0.12002884 0.40091386 0.8351823 0.35683575
39192311.43959044 -1.5092325 1.0841147 0.1026822 0.12783411 0.41488704 0.828286 0.35421675
39218018.43959044 -1.5100965 1.0744058 0.105963916 0.13672 0.4283807 0.8209887 0.351817
39243751.43959044 -1.5095481 1.0647922 0.10933548 0.14479053 0.44186223 0.8134818 0.34934342
39269514.68959044 -1.508994 1.0550108 0.11208919 0.15389675 0.45411405 0.8062542 0.34648308
39295312.68959044 -1.5078937 1.0463496 0.116211146 0.16233143 0.46626642 0.7985769 0.34426612
39321149.68959044 -1.50566 1.0363803 0.11863047 0.1703993 0.47853893 0.79103726 0.34091753
39347025.68959044 -1.5034273 1.0271327 0.12292564 0.17943542 0.49031934 0.78282595 0.33848694
39372943.68959044 -1.5020101 1.0188324 0.12618858 0.18866909 0.5016057 0.77460074 0.33584154
39398899.68959044 -1.4993471 1.0107584 0.1296705 0.1972514 0.51236445 0.7664519 0.33335564
39424893.68959044 -1.4959234 1.002517 0.1347993 0.20638297 0.5222713 0.7582573 0.3311867
39450925.68959044 -1.4932615 0.99424446 0.1389395 0.21465483 0.53277683 0.74980044 0.32843798
39476993.68959044 -1.4888997 0.9879956 0.14329594 0.2242103 0.54208213 0.7412769 0.3261676
39503095.68959044 -1.4846487 0.9802433 0.14746213 0.23401526 0.55029815 0.7333747 0.32337338
39529233.68959044 -1.4803121 0.97293246 0.15186131 0.24371909 0.55845064 0.7248522 0.32143936
39555408.68959044 -1.4744925 0.9656402 0.15440208 0.25275373 0.5661445 0.71674013 0.31918573
39581621.68959044 -1.4701183 0.9578965 0.1581139 0.26367927 0.5714153 0.7094593 0.31721506
39607877.43959044 -1.464442 0.9518777 0.16221589 0.27363086 0.57632107 0.70245993 0.31548432
39634172.68959044 -1.4582322 0.9454857 0.16540623 0.28394476 0.5810641 0.69523275 0.31367415
39660509.68959044 -1.4527045 0.9387059 0.16980737 0.2938626 0.5847132 0.6885965 0.3123942
39686885.68959044 -1.4460421 0.93157256 0.17580944 0.30516356 0.5858469 0.6830912 0.31152064
39713303.68959044 -1.4394215 0.9252695 0.17851162 0.31553262 0.58675885 0.6782055 0.31014603
39739760.68959044 -1.432093 0.9189333 0.18248165 0.32616067 0.5866641 0.6737348 0.3090729
39766254.68959044 -1.4238118 0.91413784 0.18760347 0.33576238 0.58542293 0.67023224 0.30875942
39792782.68959044 -1.4162624 0.9077047 0.19155633 0.34331998 0.58523405 0.66637385 0.30915767
39819346.68959044 -1.406483 0.90321827 0.19587481 0.3493799 0.5847124 0.6636171 0.30928564
39845942.43959044 -1.3978179 0.8984879 0.19950384 0.35430184 0.5842026 0.66118205 0.30986437
39872572.68959044 -1.3892081 0.8939309 0.20348299 0.35775888 0.58332 0.65936047 0.31143254
39899233.68959044 -1.3793631 0.8901044 0.20800668 0.36142522 0.58104646 0.65857494 0.3131068
39925928.68959044 -1.369512 0.88574195 0.21202332 0.36442813 0.5785547 0.6584324 0.31453678
39952655.68959044 -1.3611472 0.8805828 0.21631181 0.36810616 0.57446384 0.6599687 0.31453216
39979416.68959044 -1.3504887 0.8775008 0.22019511 0.37146392 0.5697213 0.6615372 0.31591266
40006209.68959044 -1.3394976 0.8731818 0.2234875 0.3747025 0.56520087 0.6633591 0.31638712
40033037.68959044 -1.3294656 0.8690516 0.22722179 0.3781951 0.5604885 0.6657752 0.31553867
40059902.68959044 -1.318177 0.8665726 0.23091447 0.37971187 0.555889 0.66812843 0.3168765
40086806.43959044 -1.3068323 0.86242795 0.23495018 0.3803182 0.5517385 0.6710847 0.31715617
40113752.68959044 -1.2962229 0.8586799 0.2369318 0.37964314 0.54819894 0.673711 0.31853184
40140746.68959044 -1.2834105 0.85589564 0.24092293 0.37859058 0.54360944 0.67684644 0.3209936
40167793.43959044 -1.2709525 0.85270345 0.24418825 0.37744358 0.5380687 0.6810169 0.3228534
40194901.68959044 -1.2587409 0.84935915 0.24909109 0.3769619 0.5319248 0.6847665 0.32565433
40222077.68959044 -1.2470267 0.84595335 0.2510184 0.37579858 0.52587736 0.6894883 0.32685545
40249329.68959044 -1.2341982 0.8442273 0.25379276 0.3737106 0.5195624 0.6939236 0.32994747
40276660.68959044 -1.2214078 0.84028924 0.25579923 0.3732578 0.51323885 0.6982701 0.33118483
40304075.68959044 -1.2071939 0.8389114 0.2579571 0.3716666 0.50575644 0.70367676 0.3330368
40331582.68959044 -1.19372 0.8355447 0.26057583 0.3714901 0.49770534 0.7089741 0.3341262
40359187.68959044 -1.180552 0.832888 0.26347315 0.37129176 0.4896686 0.71383214 0.33587322
40386893.43959044 -1.1659544 0.83091944 0.26522344 0.3707611 0.48071885 0.71987075 0.33649933
40414709.68959044 -1.1519722 0.8274708 0.26738346 0.37071022 0.47186482 0.725504 0.33698905
40442638.68959044 -1.1370956 0.8263352 0.26960462 0.37009695 0.46202114 0.73213315 0.33696556
40470681.68959044 -1.1230867 0.82317317 0.2715211 0.36980018 0.45265356 0.73842895 0.33626676
40498837.68959044 -1.1075902 0.8215011 0.27362072 0.3693184 0.44360265 0.74420106 0.3361332
40527105.68959044 -1.0917246 0.81833553 0.27793014 0.37021092 0.43508905 0.74937254 0.33478686
40555481.68959044 -1.0765263 0.8156274 0.27798373 0.36904183 0.42718872 0.7550014 0.3336026
40583960.43959044 -1.0611272 0.81260586 0.2815473 0.36978853 0.41811502 0.76046705 0.3318527
40612540.68959044 -1.0444427 0.81048995 0.28331083 0.3699942 0.4095806 0.7655957 0.3304713
40641217.68959044 -1.0286735 0.8073633 0.28535554 0.37043914 0.401057 0.7704556 0.32912967
40669989.68959044 -1.01116 0.8061572 0.28777874 0.37029466 0.392448 0.7752044 0.32851887
40698853.43959044 -0.9951333 0.80298215 0.28986582 0.37082916 0.38384926 0.77990013 0.32695758
40727798.68959044 -0.9787181 0.7999884 0.2924018 0.37091056 0.37601253 0.7840712 0.3259943
40756818.43959044 -0.96266234 0.7953632 0.2930284 0.3698697 0.36938578 0.7881653 0.32487854
40785907.43959044 -0.9461335 0.79225683 0.29517627 0.368349 0.36290765 0.79161704 0.32551444
40815051.68959044 -0.92991847 0.78806174 0.29753402 0.36648944 0.35756698 0.7945483 0.32638094
40844241.68959044 -0.913161 0.78449154 0.29844773 0.36324772 0.3521539 0.7983159 0.32669646
40873463.68959044 -0.8967477 0.78116304 0.29942748 0.35978144 0.34526142 0.80252016 0.32758722
40902708.43959044 -0.87754196 0.7785584 0.3009271 0.35577258 0.33723566 0.80719304 0.32884273
40931973.68959044 -0.86189127 0.77185285 0.30616558 0.35351524 0.3303541 0.81049365 0.3301413
40961248.68959044 -0.84557086 0.76789886 0.31030667 0.3504463 0.3223501 0.8142143 0.33216414
40990529.43959044 -0.82878745 0.763943 0.3123306 0.34622735 0.31353515 0.8189123 0.33347404
41019811.68959044 -0.8132336 0.7587866 0.31278783 0.34191492 0.30573544 0.8234197 0.33406594
41049092.43959044 -0.79359245 0.75576895 0.31692326 0.337071 0.29752612 0.8272692 0.33687854
41078364.68959044 -0.77743423 0.75135076 0.3177938 0.33061 0.29242915 0.8309282 0.3387339
41107620.68959044 -0.7606805 0.74505514 0.32008612 0.3247327 0.28839847 0.83368695 0.3410881
41136851.68959044 -0.7431527 0.74094343 0.3229613 0.3169023 0.2855629 0.8359951 0.3451652
41166048.43959044 -0.72458035 0.73458374 0.32683623 0.31001213 0.28255907 0.83831096 0.34826383
41195203.68959044 -0.70758617 0.7288704 0.32975453 0.30262476 0.28022647 0.840647 0.35100445
41224304.68959044 -0.69174856 0.7234907 0.3304773 0.2948681 0.27621463 0.84383714 0.35312495
41253346.68959044 -0.6748109 0.7173271 0.33421764 0.28759408 0.27123424 0.8469142 0.3556095
41282328.68959044 -0.6588019 0.7108153 0.33486846 0.2814871 0.26657182 0.8500396 0.35656306
41311244.43959044 -0.6423 0.70477724 0.33829555 0.27435338 0.2603432 0.85314554 0.35929725
41340096.68959044 -0.6236309 0.6995596 0.3404489 0.26728898 0.25205922 0.85672647 0.3619981
41368881.68959044 -0.606291 0.6936861 0.3424292 0.2611176 0.24266195 0.860318 0.36439782
41397597.68959044 -0.5891099 0.68680215 0.34599394 0.25488672 0.23270355 0.8636008 0.36752632
41426240.68959044 -0.57299954 0.67948073 0.34836787 0.24845174 0.22218141 0.8671611 0.3700524
41454805.68959044 -0.5558514 0.6738546 0.35246032 0.24169995 0.21093008 0.87050474 0.37324417
41483291.68959044 -0.5397133 0.6666503 0.35608327 0.23475036 0.19984698 0.8739925 0.3756203
41511693.68959044 -0.5213959 0.66006446 0.3593713 0.22680517 0.18866943 0.8779248 0.3771093
41540010.68959044 -0.50585216 0.65301734 0.36444846 0.21942507 0.177834 0.8814298 0.37856215
41568248.43959044 -0.48953572 0.64566576 0.36979696 0.21153753 0.16585143 0.8847212 0.38080642
41596404.68959044 -0.4744084 0.6381117 0.37308624 0.20241554 0.1548421 0.88859797 0.38137326
41624484.68959044 -0.45585537 0.6311294 0.38029963 0.19340216 0.14281127 0.89167774 0.38355118
41652493.68959044 -0.43996242 0.622854 0.3836089 0.18368809 0.13141243 0.8951845 0.38423198
41680438.43959044 -0.42431223 0.6156229 0.38989836 0.17480539 0.1195359 0.8980232 0.38562766
41708319.68959044 -0.40811998 0.60771555 0.3949911 0.16602491 0.108334385 0.9005491 0.3869246
41736145.43959044 -0.39262688 0.59968257 0.39978522 0.15734604 0.09566179 0.90337044 0.38731512
41763925.68959044 -0.37750134 0.591007 0.4041295 0.14872538 0.08353588 0.9056686 0.3881584
41791669.68959044 -0.3645134 0.58314514 0.40936136 0.14145297 0.070522465 0.90785784 0.38834503
41819389.68959044 -0.34950233 0.5736748 0.41338128 0.1333934 0.056834158 0.9099774 0.38848084
41847099.68959044 -0.33454946 0.56500864 0.4190611 0.12557909 0.043307338 0.9113815 0.38953575
41874809.43959044 -0.3218095 0.55743814 0.42612055 0.119043104 0.029265163 0.9122706 0.3908128
41902527.68959044 -0.30778125 0.54857635 0.43117946 0.11149131 0.016033268 0.91324043 0.39154124
41930262.68959044 -0.29418972 0.5394768 0.43747985 0.10431657 0.003320296 0.9138852 0.39232767
41958026.68959044 -0.28009334 0.52953434 0.44345117 0.09810897 -0.010023613 0.91432554 0.3927888
41985818.68959044 -0.26809216 0.52080095 0.44924906 0.091817096 -0.022446422 0.9144547 0.39349517
42013640.68959044 -0.25563338 0.5110649 0.45409334 0.08538501 -0.035218816 0.91455626 0.39377156
42041494.68959044 -0.24103405 0.5012542 0.46187037 0.07999262 -0.048982568 0.9137047 0.39540583
42069381.68959044 -0.22779247 0.4913062 0.46677205 0.07204014 -0.060435522 0.91365284 0.39546978
42097301.68959044 -0.21596852 0.48103994 0.47157115 0.06380506 -0.070315965 0.9131234 0.39647222
42125258.68959044 -0.20386828 0.47054738 0.47955573 0.055728048 -0.079110235 0.9121887 0.3981807
42153259.43959044 -0.1888045 0.46063307 0.48755196 0.046135075 -0.089808464 0.91054255 0.4008969
42181307.68959044 -0.1793357 0.44979692 0.49187404 0.03737366 -0.09918415 0.90911174 0.4028419
42209406.68959044 -0.16621761 0.43898487 0.50063443 0.027195882 -0.10781581 0.9066424 0.40698376
42237559.68959044 -0.15610373 0.42761108 0.5066063 0.018102922 -0.11715368 0.9046476 0.40934107
42265767.68959044 -0.14589219 0.41749686 0.513218 0.009226496 -0.12771535 0.90239626 0.41144234
42294029.68959044 -0.13602331 0.40591168 0.52139235 0.00039262685 -0.13772713 0.8996639 0.41428968
42322345.43959044 -0.12710375 0.39472786 0.52949846 -0.0075517995 -0.14896034 0.89672744 0.41669384
42350709.68959044 -0.119079255 0.3837996 0.53767383 -0.015591064 -0.15989506 0.89376426 0.41877925
42379114.68959044 -0.110028386 0.37227756 0.54516333 -0.023857888 -0.17169967 0.89059085 0.4204736
42407557.43959044 -0.10270396 0.36008245 0.55140257 -0.03238696 -0.18261155 0.8875291 0.42177752
42436032.43959044 -0.093508035 0.34801596 0.55952775 -0.041318003 -0.19407664 0.8838566 0.42358544
42464532.68959044 -0.08559455 0.33740965 0.56742144 -0.049785078 -0.20560561 0.8801959 0.42485636
42493052.68959044 -0.07808824 0.32604915 0.5771937 -0.05814867 -0.21736549 0.87623054 0.42613503
42521587.68959044 -0.07153848 0.31390712 0.58378196 -0.067478195 -0.22767468 0.8727693 0.4264795
42550129.68959044 -0.06602462 0.3021846 0.5920734 -0.076217316 -0.23920798 0.86856246 0.42728183
42578675.43959044 -0.057797365 0.29021376 0.59833694 -0.08713124 -0.25127262 0.86411715 0.42728427
42607223.43959044 -0.05425464 0.2782028 0.607639 -0.09661406 -0.26239148 0.8591301 0.4286163
42635764.68959044 -0.049189653 0.26584634 0.6154047 -0.10760343 -0.27386382 0.85368973 0.42969066
42664300.68959044 -0.04275292 0.25330696 0.6226621 -0.11810673 -0.28632116 0.8477229 0.43062398
42692822.68959044 -0.03970603 0.24196705 0.63198215 -0.12768997 -0.2984101 0.84089524 0.43306115
42721328.43959044 -0.03657938 0.23175889 0.63826925 -0.13738741 -0.3100907 0.8345795 0.434103
42749814.43959044 -0.03385716 0.21854696 0.6473884 -0.14845727 -0.32107145 0.82772756 0.43559223
42778277.68959044 -0.031287678 0.20881057 0.65470266 -0.1588298 -0.33071402 0.8215656 0.43638438
42806713.68959044 -0.027427092 0.1972765 0.65936375 -0.17066905 -0.33906776 0.8163472 0.43529576
42835119.43959044 -0.024410807 0.18458754 0.66947776 -0.18499179 -0.34487474 0.8109258 0.43501604
42863490.68959044 -0.024030685 0.17559513 0.67255133 -0.19854099 -0.3489959 0.8069181 0.4332051
42891821.68959044 -0.02295819 0.16505006 0.6791586 -0.21276905 -0.35343316 0.80166644 0.43260306
42920111.68959044 -0.02246575 0.15241566 0.686593 -0.22718924 -0.35845098 0.79535544 0.43279052
42948355.68959044 -0.022839457 0.14239782 0.6930374 -0.24066621 -0.3628409 0.78882575 0.43379745
42976551.43959044 -0.02089347 0.12934673 0.6992725 -0.2562273 -0.36724633 0.78179455 0.43390664
43004698.43959044 -0.020857379 0.11797997 0.70464826 -0.27051347 -0.37177542 0.77529013 0.4330481
43032790.68959044 -0.021505728 0.1068033 0.7115576 -0.2833662 -0.37646887 0.76873237 0.43246433
43060825.68959044 -0.02260235 0.0960024 0.71756345 -0.29518872 -0.3824511 0.7622504 0.43077743
43088802.68959044 -0.023140997 0.08472565 0.7236977 -0.3068522 -0.3883146 0.75578845 0.4287626
43116723.43959044 -0.02560693 0.07403046 0.7299499 -0.3176799 -0.39463013 0.74896556 0.42707986
43144589.68959044 -0.026972502 0.06246203 0.73693717 -0.32872143 -0.40240404 0.7405943 0.42606732
43172400.68959044 -0.029702306 0.052187502 0.7429855 -0.3385753 -0.41050115 0.7319096 0.42563352
43200156.68959044 -0.031891912 0.04085934 0.74752724 -0.3485519 -0.41866085 0.7232743 0.4243925
43227858.68959044 -0.03520617 0.030009687 0.7543962 -0.3577176 -0.42733744 0.71325225 0.42507908
43255510.68959044 -0.037594527 0.020326346 0.76010114 -0.36635584 -0.43610358 0.70332444 0.42536083
43283113.68959044 -0.041802883 0.011100799 0.7653812 -0.37516642 -0.44391334 0.69419473 0.4245997
43310668.68959044 -0.045986176 0.0010674298 0.7708838 -0.38357323 -0.4511682 0.68550646 0.423556
43338200.68959044 -0.050109953 -0.009442091 0.7756892 -0.3933404 -0.45701495 0.6783729 0.41979864
43365692.68959044 -0.053837508 -0.019791245 0.7792694 -0.40259156 -0.46244666 0.672678 0.4142071
43393123.68959044 -0.059114426 -0.030530453 0.78253794 -0.41245717 -0.46655396 0.66816455 0.40713954
43420519.68959044 -0.06462386 -0.035817146 0.78924453 -0.42053977 -0.46995556 0.6629159 0.4035229
43447883.68959044 -0.07139808 -0.04384187 0.7948847 -0.42922658 -0.47396582 0.65716547 0.39906707
43475220.68959044 -0.07436961 -0.05349934 0.7982227 -0.43808413 -0.4788826 0.6510305 0.39358988
43502539.68959044 -0.0815582 -0.059612215 0.80256665 -0.44564882 -0.48234624 0.6455741 0.3898378
43529846.68959044 -0.08468327 -0.07170653 0.8051526 -0.45511955 -0.48693672 0.6391328 0.38375536
43557146.68959044 -0.08992329 -0.07838917 0.80889714 -0.4634344 -0.49064848 0.6330369 0.37915304
43584440.68959044 -0.09762275 -0.087800235 0.8135094 -0.47152743 -0.49405283 0.6266024 0.37542403
43611734.68959044 -0.104312 -0.094664246 0.8170944 -0.4796693 -0.49772522 0.61990017 0.37136352
43639025.68959044 -0.110723674 -0.10242227 0.81996566 -0.48631722 -0.50215495 0.6135819 0.36722386
43666315.68959044 -0.11814743 -0.11077416 0.822311 -0.49406874 -0.50642383 0.6061008 0.3634184
43693605.68959044 -0.12685996 -0.1178917 0.8263979 -0.5017144 -0.5108538 0.5974794 0.36101174
43720898.68959044 -0.13342285 -0.12599 0.8289989 -0.50911963 -0.5163139 0.5882455 0.35802844
43748195.68959044 -0.14020592 -0.1325514 0.8315803 -0.51654667 -0.52133787 0.5787063 0.35564777
43775502.68959044 -0.1481061 -0.13875335 0.83376956 -0.5239858 -0.5261425 0.568564 0.35404512
43802817.68959044 -0.15592235 -0.1466062 0.83548516 -0.5315418 -0.5312445 0.5576327 0.3525455
43830140.68959044 -0.1630972 -0.15291932 0.83647966 -0.5384788 -0.5366527 0.5463791 0.35144636
43857471.68959044 -0.17136443 -0.16000634 0.83871484 -0.54534733 -0.542069 0.5339104 0.35170618
43884809.43959044 -0.18207514 -0.16574833 0.8408289 -0.5516592 -0.5470722 0.52138895 0.35289896
43912154.68959044 -0.18958062 -0.1725961 0.8418603 -0.557701 -0.55292886 0.5086039 0.35293257
43939502.68959044 -0.19826037 -0.17847061 0.84308726 -0.56383353 -0.5582121 0.49610096 0.35266834
43966849.68959044 -0.20711422 -0.18609655 0.8442461 -0.56925154 -0.56439525 0.48329353 0.35190645
43994193.68959044 -0.21609467 -0.19187158 0.8454701 -0.5735642 -0.5706376 0.4705586 0.35209602
44021531.68959044 -0.22521079 -0.19880855 0.8468383 -0.5777759 -0.57743806 0.45716062 0.35177344
44048861.43959044 -0.2339899 -0.2041055 0.8474241 -0.5806668 -0.58384705 0.44516084 0.3518246
44076183.68959044 -0.24281693 -0.21030718 0.8478848 -0.5846209 -0.59000266 0.43321922 0.3499093
44103498.68959044 -0.25167274 -0.21540827 0.8483595 -0.58807003 -0.59591985 0.42115793 0.34882554
44130802.68959044 -0.2604546 -0.22033423 0.84776276 -0.5908426 -0.60188353 0.40907398 0.34828126
44158097.43959044 -0.2696423 -0.22578263 0.84744424 -0.5943137 -0.60762495 0.39644107 0.34701243
44185383.68959044 -0.27935666 -0.23010755 0.84785736 -0.59672874 -0.61319923 0.3836214 0.34747118
44212658.68959044 -0.28823674 -0.23540151 0.8470696 -0.5995429 -0.6183962 0.3727494 0.3452424
44239922.43959044 -0.2978605 -0.23941022 0.84664047 -0.6032906 -0.6225598 0.36298046 0.3416212
44267175.68959044 -0.30708492 -0.24328226 0.84649384 -0.6062486 -0.6270187 0.35477072 0.33682036
44294415.68959044 -0.3167737 -0.24744356 0.8459573 -0.6105795 -0.6303537 0.34758323 0.33020115
44321647.68959044 -0.32707614 -0.25135332 0.84535193 -0.6136591 -0.63408506 0.34120187 0.32394436
44348864.68959044 -0.3361271 -0.25416917 0.84437287 -0.6171298 -0.6374184 0.3348136 0.31740895
44376067.68959044 -0.34540558 -0.25790775 0.84266806 -0.6218669 -0.63991755 0.32836616 0.30977863
44403260.68959044 -0.3554299 -0.26064843 0.8412535 -0.62552625 -0.64276594 0.32184827 0.30328643
44430447.68959044 -0.3671016 -0.26206487 0.8409394 -0.62969506 -0.64463234 0.31493968 0.29790315
44457626.68959044 -0.37612933 -0.26504427 0.8385957 -0.6337985 -0.64716196 0.30869374 0.2901537
44484801.43959044 -0.38573903 -0.26685977 0.8367287 -0.6373287 -0.64951795 0.30217934 0.2839478
44511973.68959044 -0.39558882 -0.26831573 0.8351794 -0.64029056 -0.6521879 0.29541627 0.27822343
44539142.68959044 -0.4046951 -0.2706138 0.83184355 -0.64292556 -0.65506583 0.28874895 0.27232283
44566310.68959044 -0.4141897 -0.2726246 0.82994986 -0.64562356 -0.6579003 0.28110665 0.26705173
44593476.43959044 -0.42461014 -0.27334547 0.82752955 -0.64817035 -0.66058046 0.27286947 0.26277548
44620642.68959044 -0.4347329 -0.2744047 0.824448 -0.65018165 -0.66370845 0.26425242 0.25869998
44647804.43959044 -0.44436598 -0.27512687 0.82221645 -0.6521193 -0.66633284 0.255652 0.255701
44674964.68959044 -0.45446545 -0.2761655 0.8191577 -0.6540023 -0.6692929 0.24664116 0.25198448
44702117.68959044 -0.46374488 -0.27577442 0.81684464 -0.6557235 -0.6720374 0.23759854 0.2488762
44729262.68959044 -0.4743712 -0.27559334 0.8143015 -0.6575415 -0.67486227 0.22788212 0.24549918
44756401.68959044 -0.48497033 -0.27492946 0.81143665 -0.65884876 -0.6776004 0.21733847 0.24400818
44783530.68959044 -0.49457312 -0.27404356 0.8085065 -0.66082907 -0.67969984 0.20622025 0.24245895
44810649.68959044 -0.5048644 -0.27337438 0.804739 -0.66247475 -0.68205374 0.19402684 0.24141982
44837758.68959044 -0.5142774 -0.27222025 0.8013374 -0.66371435 -0.68441254 0.18078938 0.24161533
44864859.68959044 -0.52379394 -0.2713216 0.79824 -0.6654805 -0.6861357 0.16733508 0.24156262
44891950.68959044 -0.5339303 -0.26952744 0.7945818 -0.6670902 -0.68772596 0.15439562 0.24121734
44919032.68959044 -0.54377645 -0.26716918 0.79087746 -0.6683542 -0.68902874 0.14196287 0.24163726
44946106.68959044 -0.5532131 -0.2653823 0.78689957 -0.6693012 -0.6907861 0.12892167 0.2413085
44973170.43959044 -0.5627 -0.26276135 0.78290576 -0.67026556 -0.69202954 0.11647249 0.24139875
45000224.68959044 -0.57254475 -0.2601365 0.77926165 -0.6712866 -0.69306546 0.1044553 0.24108861
45027269.68959044 -0.5813215 -0.2567609 0.7756955 -0.67143375 -0.69432443 0.09153369 0.24230555
45054300.68959044 -0.590657 -0.2539562 0.7713574 -0.672209 -0.6952175 0.079189956 0.24194345
45081320.43959044 -0.59968656 -0.24934274 0.76777506 -0.67243505 -0.69592386 0.06670423 0.24304688
45108327.68959044 -0.60785735 -0.2463845 0.7634069 -0.6725767 -0.69675803 0.05374105 0.24347629
45135324.68959044 -0.6164937 -0.24195737 0.75968504 -0.672471 -0.6972245 0.040862184 0.24493077
45162309.68959044 -0.625173 -0.23701864 0.75585103 -0.6723778 -0.6975374 0.02811055 0.24608846
45189283.68959044 -0.63409513 -0.23215747 0.75179124 -0.6724155 -0.69767594 0.01638764 0.24665174
45216249.68959044 -0.6423006 -0.2274645 0.747856 -0.6722708 -0.6979309 0.004248348 0.2468328
45243214.68959044 -0.6503514 -0.22232312 0.7435995 -0.67193294 -0.6980687 -0.007375363 0.24728908
45270177.68959044 -0.6582898 -0.21641308 0.73993456 -0.671877 -0.697893 -0.01847882 0.2473563
45297141.68959044 -0.66512406 -0.20965886 0.7362276 -0.67088336 -0.6982703 -0.028676465 0.24801598
45324109.68959044 -0.67298836 -0.20388442 0.73240936 -0.6705685 -0.69838285 -0.038802564 0.2471714
45351085.68959044 -0.6792391 -0.19750804 0.7286025 -0.66927785 -0.6993881 -0.04774083 0.24626064
45378070.68959044 -0.6865263 -0.1911717 0.72467744 -0.6682947 -0.70023865 -0.056137107 0.24473822
45405066.43959044 -0.6926179 -0.18330789 0.72095513 -0.6671711 -0.7009109 -0.06363599 0.24404307
45432074.68959044 -0.69975287 -0.17655778 0.71691513 -0.6665508 -0.7020344 -0.06997819 0.24075066
45459098.68959044 -0.70597476 -0.16958833 0.7126931 -0.66581434 -0.70314556 -0.07526114 0.23793592
45486138.68959044 -0.7118474 -0.16147333 0.70903265 -0.66558325 -0.7037193 -0.07974771 0.23541127
45513197.68959044 -0.7171837 -0.15325576 0.70438844 -0.66508883 -0.7046924 -0.083479024 0.23258705
45540278.68959044 -0.7234024 -0.14554942 0.70050055 -0.6659963 -0.7046812 -0.08685228 0.22875765
45567382.68959044 -0.72792524 -0.13683337 0.6967199 -0.66692173 -0.70453167 -0.08962998 0.22542657
45594515.68959044 -0.7328551 -0.12851793 0.69290525 -0.6685429 -0.70412993 -0.091137946 0.22123595
45621680.43959044 -0.73774433 -0.11898595 0.6873254 -0.6694568 -0.70376694 -0.09270391 0.21896501
45648882.68959044 -0.74233836 -0.109752 0.68374956 -0.67183584 -0.7021103 -0.09474681 0.21610394
45676125.43959044 -0.7464319 -0.10015851 0.6793759 -0.673833 -0.70033115 -0.09740125 0.21447253
45703412.43959044 -0.751172 -0.08969635 0.6749626 -0.67682517 -0.6983724 -0.098349445 0.2109766
45730744.68959044 -0.75444746 -0.078667104 0.66973025 -0.67890716 -0.6969649 -0.098753095 0.20874085
45758121.43959044 -0.7589244 -0.06831354 0.6647072 -0.68141866 -0.695457 -0.09945914 0.20522235
45785541.43959044 -0.7623329 -0.056998372 0.6600934 -0.68307066 -0.6943038 -0.10118475 0.20277682
45813004.43959044 -0.7656814 -0.045761168 0.65534633 -0.6855521 -0.692443 -0.10190274 0.20039184
45840505.68959044 -0.7684918 -0.0335176 0.6515747 -0.68810016 -0.6906452 -0.10176848 0.19791563
45868040.68959044 -0.77080667 -0.020617902 0.6475326 -0.6902632 -0.6892951 -0.1011074 0.19541295
45895607.68959044 -0.7734375 -0.0085939765 0.6428732 -0.69321704 -0.6873091 -0.09980363 0.19260244
45923202.43959044 -0.77581525 0.003534317 0.63778037 -0.6956593 -0.6862926 -0.09793548 0.18833292
45950822.68959044 -0.7779434 0.0148668885 0.6342413 -0.69819385 -0.6860387 -0.09224493 0.182667
45978462.68959044 -0.7795968 0.027256131 0.6294061 -0.700576 -0.68588495 -0.08696432 0.1766137
46006116.68959044 -0.781114 0.040940166 0.6244177 -0.70334697 -0.68553126 -0.08101409 0.16966677
46033785.68959044 -0.78276384 0.05221045 0.62026256 -0.70619285 -0.6848569 -0.074692346 0.16335207
46061462.68959044 -0.7844111 0.06509733 0.61574435 -0.70921826 -0.6839102 -0.0681829 0.15693156
46089144.68959044 -0.78618306 0.07751608 0.60986936 -0.71202904 -0.68278354 -0.062497877 0.1513783
46116830.68959044 -0.7864307 0.090889335 0.6057927 -0.7157813 -0.6807906 -0.055444725 0.1452831
46144514.68959044 -0.78747743 0.10543245 0.6023102 -0.71965015 -0.67841107 -0.049417876 0.13935535
46172198.43959044 -0.78817564 0.11804253 0.59752655 -0.7226445 -0.6769744 -0.043641616 0.13261227
46199879.68959044 -0.787893 0.13076878 0.5928067 -0.7256671 -0.67526066 -0.037914515 0.126463
46227559.68959044 -0.7892191 0.1423235 0.58779883 -0.7283099 -0.6739047 -0.033393733 0.119590975
46255238.43959044 -0.7908511 0.15407169 0.5841074 -0.7308657 -0.6723638 -0.029311849 0.11359207
46282921.68959044 -0.79014736 0.17032659 0.57813823 -0.73306155 -0.670935 -0.02526803 0.10875934
46310610.43959044 -0.79078585 0.18327343 0.57369864 -0.7344717 -0.6702259 -0.021977654 0.104238726
46338309.43959044 -0.79045576 0.19844973 0.56969535 -0.73667306 -0.6684961 -0.01941243 0.100244634
46366018.43959044 -0.78978443 0.21114391 0.5634265 -0.737161 -0.6685474 -0.0161042 0.096844345
46393742.68959044 -0.7891477 0.22365007 0.55870074 -0.7382409 -0.6679932 -0.013016469 0.09282344
46421485.68959044 -0.7907242 0.23750955 0.5524859 -0.7395432 -0.66714245 -0.010904976 0.088758335
46449250.68959044 -0.7897269 0.2509156 0.5468012 -0.74028 -0.666963 -0.006292605 0.08430008
46477039.68959044 -0.7891618 0.26333794 0.5406649 -0.7403364 -0.66748327 -0.0024664032 0.079762466
46504862.68959044 -0.7885576 0.27638623 0.53470206 -0.7402957 -0.667962 -3.465127e-05 0.07608636
46532722.68959044 -0.7883736 0.2906098 0.5296192 -0.74069804 -0.66780794 0.0035976388 0.07338986
46560626.43959044 -0.7884822 0.30569416 0.5258374 -0.7415416 -0.66705287 0.004582022 0.07166363
46588579.68959044 -0.78757274 0.32088286 0.521061 -0.74223125 -0.66627705 0.0054068724 0.071683176
46616586.68959044 -0.78471404 0.3383514 0.5174947 -0.74249536 -0.66590893 0.0073059564 0.07219859
46644651.68959044 -0.7845361 0.35452378 0.5143327 -0.7437714 -0.664076 0.007529779 0.075832784
46672778.68959044 -0.7842157 0.36607707 0.50782865 -0.74312866 -0.6645833 0.00972659 0.07742284
46700973.43959044 -0.78477466 0.37908435 0.50278413 -0.74243623 -0.66482574 0.012349918 0.081503384
46729237.68959044 -0.7865544 0.39609653 0.49711764 -0.74297154 -0.66403353 0.01633845 0.08237647
46757576.68959044 -0.7873361 0.41266936 0.49285644 -0.74375576 -0.66294706 0.022596959 0.08257074
46785995.68959044 -0.7889744 0.42777523 0.48738948 -0.7444577 -0.661857 0.029827127 0.08269485
46814493.68959044 -0.79055136 0.44511127 0.4840398 -0.7452842 -0.6606406 0.039178535 0.081058644
46843077.68959044 -0.790411 0.46032327 0.47905007 -0.74536276 -0.6599739 0.04915971 0.08032522
46871748.68959044 -0.7906412 0.47521746 0.47350243 -0.74511415 -0.65956384 0.057755236 0.08028007
46900511.43959044 -0.79252744 0.4909854 0.46809226 -0.7450928 -0.6588405 0.06504382 0.08084155
46929370.68959044 -0.7929986 0.5059822 0.46365285 -0.7452371 -0.657876 0.07220474 0.08128573
46958330.68959044 -0.7935479 0.52178025 0.4578031 -0.7453797 -0.6570084 0.078595236 0.081067376
46987393.68959044 -0.7949505 0.5367555 0.45183745 -0.7453106 -0.6562279 0.08479494 0.08177348
47016560.68959044 -0.7966908 0.55418676 0.44721937 -0.7458214 -0.65500915 0.08945693 0.08192005
47045831.68959044 -0.79779124 0.5703895 0.4419045 -0.7456876 -0.6543391 0.09399148 0.08340258
47075204.68959044 -0.7991902 0.586275 0.4365354 -0.7451287 -0.65426177 0.09745281 0.08501673
47104678.68959044 -0.80012923 0.6038183 0.43163764 -0.7453053 -0.65318257 0.10035778 0.08832311
47134243.43959044 -0.800973 0.6200803 0.42613852 -0.7443262 -0.6533694 0.10344274 0.091578536
47163894.68959044 -0.8018652 0.63705045 0.42044666 -0.7435045 -0.65342915 0.1070464 0.093661584
47193625.68959044 -0.8036557 0.65423894 0.41575432 -0.7427262 -0.65324056 0.11161665 0.09579281
47223429.68959044 -0.8052896 0.672066 0.41104257 -0.74271303 -0.65216327 0.11549553 0.09859693
47253303.43959044 -0.8071872 0.68930846 0.4060614 -0.7424065 -0.6512917 0.12104362 0.100000955
47283240.68959044 -0.80888045 0.70669794 0.40086913 -0.741716 -0.6505329 0.1280579 0.10131897
47313238.68959044 -0.8107461 0.72454214 0.39610165 -0.7412975 -0.6492995 0.1354919 0.10261669
47343297.68959044 -0.81279266 0.7418572 0.3910038 -0.74046993 -0.6482597 0.14272754 0.10532107
47373418.68959044 -0.8142605 0.75968677 0.38588488 -0.739566 -0.6469043 0.15183304 0.10725513
47403602.68959044 -0.817785 0.7773776 0.3814699 -0.73865175 -0.6453642 0.16135132 0.108923696
47433848.68959044 -0.81905764 0.7950779 0.37608212 -0.736981 -0.6441438 0.17266582 0.11011103
47464151.68959044 -0.8223326 0.81399155 0.37135476 -0.7362179 -0.64180493 0.18425609 0.110088244
47494504.68959044 -0.8246977 0.832829 0.36685306 -0.7353036 -0.6391228 0.19610043 0.11133464
47524897.68959044 -0.8279715 0.8504958 0.3626747 -0.7347551 -0.6358792 0.20830676 0.11135892
47555324.68959044 -0.8318138 0.8680863 0.3578205 -0.7337991 -0.63279486 0.22070329 0.11135361
47585779.68959044 -0.83498675 0.8859556 0.3534 -0.73333764 -0.62859714 0.2338751 0.11128328
47616260.43959044 -0.8389734 0.9037768 0.34790283 -0.73210835 -0.6248608 0.24801826 0.109786905
47646767.68959044 -0.8444365 0.92298985 0.3434745 -0.73186135 -0.6197312 0.262113 0.1077451
47677307.68959044 -0.84862256 0.9412518 0.33833575 -0.73124707 -0.6142321 0.27736193 0.10520037
47707883.68959044 -0.8521566 0.95924807 0.3333366 -0.7304098 -0.6086041 0.2921403 0.10371505
47738498.68959044 -0.85791695 0.9769757 0.32882297 -0.7299776 -0.6023599 0.30656156 0.10156456
47769155.43959044 -0.86277 0.99457514 0.32356608 -0.7296545 -0.5952934 0.3214653 0.09944972
47799860.68959044 -0.8679862 1.0121667 0.31830192 -0.72896993 -0.5883668 0.33563387 0.09887983
47830615.43959044 -0.8736565 1.0292261 0.31326175 -0.72786844 -0.5811608 0.35053557 0.09790053
47861425.68959044 -0.88000965 1.0461477 0.30846012 -0.7282561 -0.5722042 0.36424845 0.09771669
47892297.43959044 -0.8863481 1.0631583 0.30307686 -0.72825766 -0.56310505 0.37814808 0.09776248
47923230.68959044 -0.89323497 1.0798312 0.29720712 -0.7286733 -0.5528487 0.3920115 0.09859333
47954234.68959044 -0.9009118 1.0963557 0.29199803 -0.7296443 -0.54177505 0.4051783 0.099647224
47985317.68959044 -0.9097004 1.111927 0.28737724 -0.7304756 -0.5306293 0.41790488 0.10096289
48016480.68959044 -0.9169951 1.1276395 0.28149486 -0.73003185 -0.52020586 0.43107057 0.103041895
48047724.43959044 -0.9253028 1.1430683 0.2757795 -0.72886485 -0.509212 0.44535768 0.105431296
48079046.43959044 -0.93409467 1.1577394 0.2701186 -0.7271999 -0.49785343 0.45960185 0.109947346
48110435.43959044 -0.94363517 1.1721796 0.26447606 -0.7251875 -0.48527607 0.47464144 0.11543719
48141879.68959044 -0.95340604 1.186212 0.2594012 -0.7231551 -0.47159877 0.49003458 0.120446615
48173365.68959044 -0.96355003 1.1989267 0.25305188 -0.71960694 -0.45828378 0.50629526 0.12572636
48204877.68959044 -0.9734386 1.2123537 0.2474773 -0.7156745 -0.44379458 0.5229694 0.13175514
48236393.68959044 -0.9836557 1.2241534 0.24152851 -0.7109958 -0.42863297 0.5401443 0.13785115
48267885.68959044 -0.99486774 1.2367742 0.23614967 -0.70646125 -0.411478 0.5574973 0.14420497
48299328.68959044 -1.0067371 1.2490482 0.23078114 -0.7009638 -0.3939247 0.57453245 0.15292381
48330703.43959044 -1.0191658 1.2608732 0.22542423 -0.6937819 -0.37520385 0.5929745 0.16208032
48361982.68959044 -1.0303113 1.2704277 0.22045511 -0.68580824 -0.3565147 0.6105593 0.1725737
48393140.68959044 -1.0419843 1.2815285 0.21595585 -0.6762199 -0.3364027 0.62892574 0.18442419
48424155.68959044 -1.0544398 1.2913678 0.20931631 -0.66562647 -0.31651708 0.6468206 0.19591203
48455008.43959044 -1.0677142 1.3002586 0.20505387 -0.6537873 -0.2974247 0.663702 0.208807
48485681.43959044 -1.079355 1.3093486 0.19851989 -0.63973534 -0.2771611 0.68218863 0.220316
48516159.43959044 -1.090521 1.3159889 0.19297099 -0.6252855 -0.25699058 0.699675 0.23114644
48546428.68959044 -1.1022953 1.322135 0.18863738 -0.61047876 -0.23853113 0.7152447 0.2425769
48576474.68959044 -1.1133211 1.3289852 0.18361467 -0.59424776 -0.21950157 0.7308539 0.25404993
48606292.43959044 -1.1252954 1.3345283 0.17981711 -0.57758015 -0.20146808 0.7454111 0.26490402
48635879.43959044 -1.1368717 1.3395298 0.1761626 -0.560661 -0.18354549 0.75911 0.27517694
48665232.68959044 -1.1481283 1.3432392 0.17302397 -0.54240984 -0.16717333 0.7726168 0.28444335
48694357.68959044 -1.1606226 1.3479123 0.16910864 -0.52311915 -0.15277347 0.7854483 0.29338992
48723254.68959044 -1.1710179 1.351353 0.16651776 -0.50370383 -0.14020376 0.7972439 0.30170774
48751929.43959044 -1.181838 1.3540401 0.16361167 -0.48473686 -0.12848169 0.80816483 0.3088565
48780390.43959044 -1.1921581 1.3559998 0.16125733 -0.46443594 -0.1178853 0.81877935 0.31623223
48808650.43959044 -1.2022574 1.3578073 0.15856017 -0.44613007 -0.1083591 0.8280979 0.32168347
48836717.68959044 -1.2112426 1.3589456 0.15484782 -0.42855737 -0.10098703 0.836846 0.3253138
48864603.43959044 -1.2206687 1.3596022 0.1522451 -0.41283125 -0.095052764 0.8447436 0.32702234
48892321.68959044 -1.2316458 1.3607076 0.15107337 -0.39770755 -0.08957023 0.8520585 0.32833257
48919888.43959044 -1.2408915 1.3604355 0.15017585 -0.38382643 -0.08423318 0.858811 0.32867262
48947322.68959044 -1.2507159 1.3598374 0.14793563 -0.36988562 -0.07970999 0.8653369 0.3286687
48974640.68959044 -1.2600596 1.3596984 0.14544433 -0.35524952 -0.075685605 0.87145925 0.3295882
49001858.68959044 -1.2676618 1.3586475 0.14473683 -0.34140328 -0.07113282 0.8767391 0.33122894
49028990.43959044 -1.2765474 1.356347 0.14305907 -0.32893845 -0.06592748 0.8815568 0.3321306
49056044.68959044 -1.2851095 1.3544998 0.14215308 -0.31603643 -0.059671577 0.8852908 0.33588755
49083029.43959044 -1.2937816 1.3518593 0.14050645 -0.30332068 -0.052645575 0.888921 0.33918223
49109951.43959044 -1.3020515 1.3492811 0.13956244 -0.29132158 -0.04525297 0.8921518 0.34227055
49136812.68959044 -1.3095034 1.3457788 0.13720226 -0.2800571 -0.038464796 0.8957666 0.34306073
49163643.68959044 -1.3174196 1.3422997 0.13744594 -0.27005607 -0.030799797 0.8986735 0.3442488
49190415.68959044 -1.3248551 1.3379364 0.1362572 -0.25887907 -0.024099063 0.9020691 0.34448838
49217098.68959044 -1.3320472 1.3337828 0.13512906 -0.24721986 -0.017623806 0.9052542 0.3450893
49243723.68959044 -1.3394365 1.3290261 0.13403827 -0.23581001 -0.010415729 0.9079804 0.34620357
49270291.68959044 -1.3462235 1.3239722 0.13285528 -0.2247044 -0.0030648469 0.91027945 0.34769222
49296802.43959044 -1.3531717 1.3186198 0.1324618 -0.21357058 0.0055353367 0.9120322 0.35007763
49323254.68959044 -1.359996 1.3124597 0.13166203 -0.20304388 0.014769666 0.91365147 0.3518467
49349645.68959044 -1.3666731 1.3063662 0.13115951 -0.19163837 0.023707822 0.91501385 0.35420662
49375975.68959044 -1.3727142 1.2995235 0.13014257 -0.18060373 0.033193912 0.9164875 0.3554309
49402247.68959044 -1.3784393 1.2930343 0.12950581 -0.16985865 0.042654775 0.9177138 0.35655302
49428465.68959044 -1.3848171 1.2859896 0.12933832 -0.15833923 0.051973805 0.91882384 0.35775715
49454632.43959044 -1.3900096 1.2786348 0.12884456 -0.14784203 0.060932804 0.9200904 0.3575803
49480751.43959044 -1.3957596 1.2715527 0.12824757 -0.13601498 0.06969029 0.92166096 0.3566292
49506827.68959044 -1.4007401 1.2639362 0.12819879 -0.12521698 0.07777594 0.923088 0.3552184
49532869.68959044 -1.4060682 1.2558609 0.1279162 -0.112762675 0.085587785 0.92457974 0.3537113
49558881.43959044 -1.4110632 1.2482649 0.12706093 -0.10088078 0.0939324 0.92601985 0.35140744
49584868.68959044 -1.4156806 1.2385108 0.12854284 -0.08907233 0.10193375 0.9269789 0.3498369
49610838.68959044 -1.4204555 1.2305133 0.12752147 -0.07676632 0.11107309 0.9281166 0.3469427
49636792.68959044 -1.4240848 1.2211092 0.12866788 -0.06569385 0.12093809 0.92864347 0.34449908
49662740.68959044 -1.4280727 1.2116923 0.12819374 -0.054156244 0.13035165 0.92932945 0.34120724
49688683.43959044 -1.4323308 1.2031007 0.12850656 -0.04244178 0.14051871 0.9294758 0.33841988
49714620.68959044 -1.4362111 1.1931994 0.12820399 -0.031757012 0.15140593 0.92933893 0.3352566
49740553.68959044 -1.4392289 1.1832973 0.12970164 -0.021397427 0.16250771 0.92865014 0.33277985
49766480.68959044 -1.4431671 1.1730375 0.12979278 -0.010403355 0.17471378 0.92790836 0.3291702
49792395.68959044 -1.4460841 1.1630578 0.130992 0.00063761766 0.1873124 0.9266463 0.32594535
49818293.68959044 -1.4489441 1.1527407 0.13201094 0.012603484 0.19967985 0.92510766 0.32271507
49844172.68959044 -1.4511833 1.1425487 0.13280192 0.023364896 0.2137272 0.9228206 0.31965128
49870029.68959044 -1.4531834 1.1319118 0.13424852 0.03442304 0.22711705 0.92019254 0.3169838
49895864.43959044 -1.4549686 1.1216459 0.13611177 0.04499883 0.24252132 0.9166821 0.31440806
49921676.68959044 -1.455903 1.1110964 0.13738084 0.0544067 0.2575639 0.9126397 0.31271324
49947466.68959044 -1.4577005 1.0998368 0.13875414 0.06456374 0.2739598 0.90761745 0.3114614
49973236.68959044 -1.4586128 1.0899577 0.14058092 0.07350021 0.2903607 0.9018988 0.31123474
49998987.68959044 -1.4596001 1.0780238 0.14320926 0.083247736 0.30610645 0.89596534 0.3108294
50024721.68959044 -1.460745 1.0665942 0.14500792 0.09223376 0.32224032 0.8895172 0.31050506
50050443.68959044 -1.4613898 1.0549884 0.14691558 0.10132618 0.3380917 0.8828098 0.30995804
50076156.68959044 -1.4617879 1.0435243 0.14971611 0.1100045 0.3540277 0.875581 0.30971175
50101861.68959044 -1.4612949 1.0315344 0.15255205 0.11808092 0.37051156 0.8679647 0.30889392
50127560.68959044 -1.4606851 1.0207396 0.15467763 0.12478087 0.38794866 0.8594551 0.30864617
50153257.68959044 -1.4595537 1.0095878 0.1575774 0.13141163 0.40436217 0.85125405 0.30755293
50178959.68959044 -1.4575645 0.9976479 0.16070433 0.13835938 0.42099693 0.8423615 0.30666828
50204674.68959044 -1.4565121 0.986659 0.16267101 0.14397916 0.43807042 0.8332332 0.30510142
50230409.68959044 -1.4539663 0.97586244 0.16546673 0.14907436 0.45414764 0.8239666 0.30431202
50256170.43959044 -1.4509082 0.9645567 0.16784653 0.1536905 0.470663 0.81415075 0.3033383
50281965.43959044 -1.4494747 0.95311093 0.17148238 0.15869586 0.48696592 0.8034253 0.30362388
50307795.43959044 -1.4462206 0.9419923 0.17346707 0.16255909 0.5034574 0.7923381 0.30381843
50333667.43959044 -1.4433699 0.9302864 0.17744213 0.16682103 0.51968884 0.78033894 0.30523005
50359582.68959044 -1.4387405 0.9200605 0.18093601 0.16982011 0.5360023 0.76801646 0.30661625
50385545.43959044 -1.434417 0.90889347 0.18416989 0.17300986 0.55208915 0.75523806 0.3080272
50411531.68959044 -1.4299417 0.8973752 0.18802816 0.17681761 0.5679209 0.7418503 0.3096121
50437570.68959044 -1.4247079 0.88717496 0.1912269 0.18035722 0.58273256 0.72870797 0.31125346
50463690.43959044 -1.4184331 0.8774427 0.19465905 0.18380484 0.59704673 0.71555954 0.312611
50489868.68959044 -1.4128534 0.8667897 0.19776124 0.18926062 0.6092513 0.70321983 0.31380743
50516102.68959044 -1.4063832 0.85709727 0.20149767 0.19491164 0.62018067 0.69162804 0.3147
50542388.68959044 -1.401545 0.8466877 0.20549875 0.2019196 0.6302898 0.6799509 0.31564233
50568728.68959044 -1.3936054 0.83784056 0.20767188 0.20769589 0.63853925 0.6705858 0.3153488
50595116.68959044 -1.3865848 0.82776463 0.21152139 0.21463266 0.64446604 0.66302496 0.3146335
50621554.68959044 -1.3777647 0.8186265 0.21512192 0.22452866 0.6464789 0.65875554 0.31255883
50648039.68959044 -1.3685567 0.81099844 0.21905911 0.23296961 0.6477025 0.6552664 0.31117928
50674572.68959044 -1.3594997 0.8038962 0.22118056 0.24172005 0.64771974 0.65307796 0.3090629
50701149.68959044 -1.3497082 0.7956152 0.22473025 0.24960382 0.6479649 0.6503085 0.30812064
50727774.68959044 -1.3395513 0.78839266 0.2263009 0.2561632 0.64786893 0.64917594 0.3053145
50754451.43959044 -1.3299544 0.7799084 0.23340362 0.26394445 0.6475601 0.6472469 0.3034316
50781184.68959044 -1.3184872 0.7725395 0.23968041 0.26933694 0.64763093 0.6458702 0.3014691
50807979.68959044 -1.3081846 0.76600695 0.24322647 0.27481735 0.6475173 0.64473486 0.29918867
50834841.43959044 -1.2964212 0.7597362 0.24719751 0.27920723 0.6468031 0.6451993 0.29564664
50861776.68959044 -1.2840211 0.75304127 0.25166106 0.2835778 0.6466952 0.6447875 0.29260582
50888792.43959044 -1.2718023 0.74749494 0.25636727 0.28951028 0.64392614 0.646045 0.29011858
50915893.68959044 -1.2612078 0.7414582 0.26107645 0.2939627 0.6414404 0.6479543 0.28687188
50943087.68959044 -1.2479255 0.7364013 0.26712507 0.2986452 0.6373858 0.65029657 0.28577077
50970379.68959044 -1.234535 0.73130834 0.2725007 0.30423683 0.63248825 0.6533203 0.28385064
50997777.68959044 -1.222605 0.7268665 0.27588153 0.30838424 0.6269425 0.6569807 0.28322902
51025282.68959044 -1.209363 0.7217797 0.28117675 0.3145599 0.6202514 0.66063607 0.2826664
51052899.68959044 -1.1963687 0.71800303 0.28505862 0.32025886 0.6120865 0.66592807 0.28164563
51080636.43959044 -1.1824901 0.7136173 0.2892993 0.32651183 0.602553 0.67224675 0.28000772
51108495.68959044 -1.1677489 0.7096412 0.2950235 0.3331987 0.5926974 0.6783073 0.27854562
51136481.43959044 -1.1534646 0.70569634 0.2999019 0.33927518 0.5814999 0.6856607 0.27680266
51164593.68959044 -1.1383431 0.7014805 0.30461484 0.3446633 0.5714595 0.6919632 0.2753693
51192838.68959044 -1.1233144 0.69872785 0.3109308 0.35005683 0.5603391 0.69855124 0.27478468
51221218.68959044 -1.1069127 0.69580173 0.316422 0.35411158 0.54962903 0.7052134 0.27420262
51249734.68959044 -1.0904546 0.6937441 0.32216862 0.35736957 0.539076 0.711593 0.27444413
51278386.68959044 -1.0741467 0.6908209 0.3275275 0.3613431 0.5284264 0.71764374 0.27419752
51307172.43959044 -1.0575687 0.6879884 0.33266973 0.36350593 0.5175607 0.7241278 0.2750151
51336084.68959044 -1.0407314 0.6846396 0.33734322 0.3652861 0.50719094 0.73030514 0.27564096
51365111.68959044 -1.0235877 0.68162596 0.34207028 0.3671192 0.4956217 0.7370002 0.27642968
51394241.68959044 -1.0056962 0.67875665 0.3482942 0.36850366 0.4838866 0.7434805 0.27802098
51423457.68959044 -0.9885372 0.6761783 0.35189542 0.36883453 0.4725527 0.75029546 0.2787682
51452747.68959044 -0.97064996 0.67300254 0.35782138 0.36973587 0.4607448 0.756609 0.28027222
51482096.68959044 -0.9525788 0.6697483 0.36306447 0.37008166 0.44943354 0.76265144 0.2818012
51511486.43959044 -0.933375 0.66621614 0.36825937 0.36947745 0.43865824 0.76835996 0.28405687
51540901.68959044 -0.9156134 0.66351604 0.37201834 0.36658517 0.42856658 0.7741826 0.28737995
51570328.68959044 -0.8973857 0.65947235 0.37819618 0.36440107 0.4179493 0.7800218 0.28999367
51599752.68959044 -0.8780204 0.6567446 0.3836462 0.36118487 0.40653387 0.7863406 0.2931625
51629163.43959044 -0.85865206 0.653441 0.38876364 0.3576934 0.39485878 0.7923414 0.2972157
51658553.68959044 -0.84069806 0.64938027 0.39452595 0.35481992 0.38202637 0.7986006 0.30065903
51687916.43959044 -0.8229348 0.64517486 0.39823332 0.3503566 0.36946452 0.8048216 0.30497283
51717238.68959044 -0.80323035 0.64122355 0.40284964 0.34618294 0.35609394 0.81077343 0.30984023
51746502.68959044 -0.7848985 0.6364486 0.40778232 0.34195516 0.34217107 0.81680125 0.31435874
51775691.43959044 -0.7654891 0.63228047 0.41235775 0.33573785 0.32759547 0.8232659 0.31967887
51804792.68959044 -0.7471445 0.6275728 0.4164502 0.32850453 0.31252518 0.83010095 0.3245694
51833797.68959044 -0.7293228 0.622478 0.4212132 0.32083973 0.2963581 0.8369632 0.32973692
51862704.43959044 -0.7099032 0.6183492 0.42666715 0.31245595 0.27922276 0.8438473 0.33515313
51891515.43959044 -0.6913716 0.61266476 0.4312225 0.30384764 0.26163295 0.8507445 0.33979213
51920226.68959044 -0.6729188 0.6072525 0.43573713 0.2942015 0.2435242 0.8576968 0.3442348
51948840.68959044 -0.6548867 0.6012285 0.44011143 0.2851835 0.22425371 0.8644921 0.34789935
51977354.43959044 -0.63713384 0.5949876 0.44399273 0.2753845 0.20320968 0.8714869 0.35125476
52005770.68959044 -0.61872303 0.5885954 0.44968086 0.26618576 0.18003745 0.8778628 0.35508958
52034094.68959044 -0.601444 0.5825839 0.45496756 0.25755265 0.15582061 0.8839812 0.35772038
52062342.68959044 -0.5839489 0.57595634 0.4597473 0.24788964 0.1317899 0.88955337 0.36038467
52090528.43959044 -0.5666781 0.569209 0.46327332 0.23828696 0.10855539 0.89469755 0.361872
52118664.43959044 -0.5495846 0.56191784 0.46758565 0.22814262 0.08552359 0.8992978 0.36318067
52146765.68959044 -0.5333227 0.55389017 0.4711618 0.21758352 0.06342949 0.9032072 0.3644873
52174850.68959044 -0.516322 0.5464491 0.4757259 0.20730296 0.040932395 0.9062009 0.3662648
52202935.68959044 -0.5002312 0.5387914 0.48089582 0.19672564 0.019200992 0.9087069 0.36767125
52231030.68959044 -0.4847163 0.53082424 0.48444644 0.18568467 -0.0015623769 0.9107227 0.36892155
52259151.68959044 -0.46706006 0.5227696 0.48927 0.17315003 -0.022226674 0.91220105 0.3706945
52287305.68959044 -0.4524824 0.51352 0.49423465 0.16185418 -0.043259937 0.9133476 0.3711171
52315498.68959044 -0.43805516 0.5044805 0.49825907 0.1497284 -0.06390682 0.913811 0.37208432
52343731.68959044 -0.42324692 0.49479064 0.50292164 0.13746622 -0.084162295 0.913832 0.37273428
52372003.68959044 -0.40934688 0.48520577 0.50751877 0.12450333 -0.10385848 0.9133073 0.37360695
52400320.43959044 -0.39444986 0.47541288 0.51300055 0.11051713 -0.12179979 0.9121842 0.37532786
52428689.68959044 -0.38117924 0.46588168 0.5170218 0.09654633 -0.14164332 0.91053104 0.3762303
52457118.43959044 -0.3681019 0.45504117 0.52193296 0.08318431 -0.16020678 0.90820515 0.37759444
52485612.68959044 -0.35755503 0.44449347 0.52636504 0.07016919 -0.17916122 0.90532315 0.3786391
52514168.43959044 -0.34469077 0.43381876 0.5305539 0.056943856 -0.19786698 0.90169954 0.38018942
52542786.68959044 -0.33316424 0.4235491 0.5357038 0.043849137 -0.21660745 0.8976078 0.3813906
52571458.68959044 -0.32305017 0.41194585 0.54032487 0.03110638 -0.23467268 0.8931611 0.38239306
52600178.68959044 -0.31282425 0.40123266 0.5449592 0.018925356 -0.2528649 0.8882268 0.38308537
52628937.68959044 -0.3025228 0.38933346 0.5507031 0.0060971132 -0.27008054 0.88295144 0.383948
52657727.68959044 -0.29359782 0.37823594 0.5549891 -0.0061689215 -0.28773665 0.87698627 0.3847917
52686543.68959044 -0.28487417 0.36687872 0.55999506 -0.019069254 -0.30353156 0.87092316 0.38600236
52715379.68959044 -0.27701783 0.3558877 0.56479096 -0.03245601 -0.31875774 0.86457485 0.38710535
52744229.68959044 -0.26892498 0.34356767 0.5701736 -0.04616264 -0.33364463 0.8574785 0.38894856
52773090.68959044 -0.2610601 0.33177304 0.57539 -0.060472462 -0.34738496 0.85005844 0.39123836
52801956.68959044 -0.2557725 0.321247 0.5804138 -0.07313761 -0.36237264 0.84230494 0.39224917
52830822.68959044 -0.24956876 0.30957526 0.58640504 -0.08665552 -0.37569612 0.8342939 0.39407748
52859684.68959044 -0.24408057 0.29834622 0.5908079 -0.10016113 -0.38910025 0.82639825 0.39450574
52888533.68959044 -0.23925377 0.28678972 0.59530854 -0.11333794 -0.4016736 0.8180465 0.39574322
52917366.43959044 -0.23489304 0.27509788 0.59919345 -0.1260986 -0.4133659 0.8100674 0.3962556
52946178.68959044 -0.23054272 0.26411617 0.60431343 -0.1402574 -0.4226093 0.80279565 0.39654556
52974967.68959044 -0.22786075 0.25368035 0.60911983 -0.1540225 -0.43050507 0.7962448 0.39615244
53003729.68959044 -0.22404273 0.2403722 0.61508584 -0.16747518 -0.43980262 0.7882262 0.39651647
53032457.68959044 -0.22176048 0.22991323 0.620074 -0.18100956 -0.44751006 0.780685 0.3968643
53061144.68959044 -0.2201697 0.21894495 0.6233393 -0.19322358 -0.45499042 0.77327657 0.39710432
53089792.43959044 -0.21867013 0.20718294 0.6295406 -0.20620218 -0.46129707 0.76531 0.39873093
53118402.68959044 -0.21767944 0.19719395 0.6333552 -0.2184357 -0.46739578 0.75821596 0.39866722
53146971.68959044 -0.21737185 0.18701473 0.63756573 -0.2302428 -0.4730794 0.75135225 0.39831385
53175497.43959044 -0.2163677 0.17693304 0.64278924 -0.2423509 -0.47894645 0.744053 0.39782095
53203977.68959044 -0.21790421 0.16633016 0.64541924 -0.25323203 -0.4835744 0.7383746 0.39602065
53232409.68959044 -0.21772511 0.15708722 0.6498259 -0.2643045 -0.48791185 0.73274 0.39392558
53260793.68959044 -0.22008297 0.14657274 0.6540117 -0.27418885 -0.4910405 0.72815573 0.39177677
53289132.68959044 -0.22171922 0.13733192 0.6568553 -0.28543454 -0.4946408 0.72300446 0.38874444
53317430.43959044 -0.22437035 0.12752257 0.66253096 -0.29698965 -0.4975744 0.7167019 0.38801458
53345685.68959044 -0.22782126 0.11752157 0.6649719 -0.30570057 -0.50317854 0.70999587 0.38634756
53373899.68959044 -0.23046148 0.10798992 0.6690975 -0.3163813 -0.50875574 0.7016692 0.38565648
53402073.68959044 -0.23470923 0.09963609 0.67384875 -0.32561538 -0.51446325 0.69242233 0.3871092
53430207.43959044 -0.23900622 0.09016976 0.6770349 -0.33525294 -0.52053815 0.68287903 0.3877135
53458300.68959044 -0.24363527 0.08127457 0.6791111 -0.34393355 -0.5268746 0.673491 0.3879727
53486351.43959044 -0.24817619 0.07290928 0.68242544 -0.35284317 -0.53273714 0.66383266 0.38861176
53514358.43959044 -0.25334945 0.06575881 0.6848757 -0.36070457 -0.5386442 0.65452987 0.38903138
53542324.68959044 -0.2591605 0.056233555 0.6878494 -0.36930194 -0.54427683 0.64495784 0.38911214
53570249.68959044 -0.26567358 0.04933557 0.6918015 -0.37698132 -0.54910666 0.6355125 0.3905009
53598136.68959044 -0.27101958 0.04096642 0.69328445 -0.3847405 -0.55526567 0.6258742 0.38979006
53625984.68959044 -0.27676237 0.033019572 0.6952221 -0.39210314 -0.56080526 0.61687404 0.38886905
53653795.68959044 -0.28382263 0.026033849 0.6971157 -0.3988726 -0.5663247 0.6073104 0.38903868
53681570.43959044 -0.29045135 0.017866224 0.6989302 -0.40546852 -0.5725252 0.59726405 0.3886978
53709307.68959044 -0.29812187 0.0125543475 0.70154196 -0.41136634 -0.5774243 0.58781075 0.38966325
53737008.68959044 -0.30592462 0.0073258877 0.7039657 -0.4164478 -0.5830624 0.5782655 0.390152
53764676.68959044 -0.31388146 0.0006285906 0.7047462 -0.42301357 -0.58872586 0.5693049 0.38775432
53792312.68959044 -0.32221058 -0.0054338872 0.7069677 -0.42963958 -0.5935539 0.560527 0.38589254
53819916.43959044 -0.33087623 -0.011705756 0.70845205 -0.4364799 -0.5989264 0.5514575 0.38297147
53847487.68959044 -0.33906722 -0.016858429 0.7089832 -0.443253 -0.60388964 0.54277086 0.37979454
53875027.68959044 -0.34752506 -0.021959662 0.71003485 -0.45048934 -0.60907054 0.5334884 0.37614173
53902539.43959044 -0.35662138 -0.026440263 0.7108622 -0.4574673 -0.6146568 0.5234917 0.37266234
53930023.68959044 -0.36485335 -0.030608445 0.71140724 -0.4639354 -0.62048113 0.51337385 0.36907253
53957481.68959044 -0.37507057 -0.035525233 0.71186143 -0.47057495 -0.62631696 0.5030173 0.36504778
53984910.43959044 -0.38496792 -0.03945586 0.71253514 -0.47697416 -0.63240993 0.492066 0.3611432
54012314.68959044 -0.39382595 -0.043342203 0.71189415 -0.48305315 -0.6388835 0.48096955 0.35658932
54039688.68959044 -0.4038628 -0.047560066 0.7115105 -0.4896459 -0.6451939 0.4688001 0.35241762
54067036.68959044 -0.41341186 -0.050314784 0.7107042 -0.49497902 -0.6515435 0.45674714 0.3490973
54094359.68959044 -0.42330903 -0.053186566 0.7102993 -0.5005407 -0.65784264 0.4439016 0.34590983
54121656.68959044 -0.43421462 -0.055942 0.7103339 -0.50635797 -0.66375625 0.43058714 0.3429637
54148928.68959044 -0.4442667 -0.058485746 0.7092865 -0.51185197 -0.6698024 0.41721743 0.33956134
54176176.68959044 -0.45489544 -0.059635043 0.70879453 -0.51703155 -0.6753569 0.40422985 0.33640712
54203401.68959044 -0.4653641 -0.0612773 0.70742947 -0.5229249 -0.6809679 0.39044076 0.3322473
54230606.68959044 -0.47602442 -0.06293461 0.70581746 -0.5286139 -0.6869738 0.37565032 0.3279044
54257791.43959044 -0.48716393 -0.06340352 0.70474017 -0.5342071 -0.69212025 0.36006385 0.32549417
54284957.68959044 -0.49818772 -0.06401083 0.70279175 -0.5402805 -0.69758815 0.34364304 0.3215233
54312106.68959044 -0.50964415 -0.064614385 0.70108944 -0.54677534 -0.70239645 0.3260312 0.3184018
54339236.43959044 -0.52037215 -0.064450085 0.6988538 -0.55275977 -0.70722294 0.30733082 0.31597495
54366348.43959044 -0.5317183 -0.06396678 0.6968459 -0.558861 -0.71142066 0.288151 0.3138855
54393443.68959044 -0.54239374 -0.06337577 0.694869 -0.5646774 -0.71565217 0.26798853 0.31171077
54420522.68959044 -0.55401576 -0.061489344 0.6921484 -0.57016766 -0.7190724 0.24905172 0.30954325
54447589.68959044 -0.56433564 -0.060108066 0.68932945 -0.57579434 -0.7223027 0.22882402 0.30721235
54474645.68959044 -0.57537204 -0.0577721 0.6861862 -0.5809625 -0.72508866 0.20842057 0.305434
54501693.43959044 -0.5858575 -0.055292606 0.68347067 -0.58630645 -0.72725135 0.18776338 0.30347174
54528736.68959044 -0.596686 -0.052889287 0.68005013 -0.5907587 -0.7296174 0.16659933 0.30150852
54555778.43959044 -0.6070503 -0.04995978 0.6769142 -0.59482914 -0.7314858 0.14534867 0.29996783
54582820.68959044 -0.6174486 -0.046540737 0.6739646 -0.59834033 -0.7330016 0.12408385 0.2988324
54609868.43959044 -0.6276883 -0.043695807 0.6700216 -0.60211074 -0.7341976 0.10375444 0.29606006
54636923.68959044 -0.6381731 -0.03971255 0.6666482 -0.6048614 -0.73520976 0.08371165 0.2942818
54663984.43959044 -0.6473874 -0.035101533 0.6635027 -0.6069684 -0.73603624 0.063897856 0.29284316
54691059.68959044 -0.65745854 -0.031046808 0.6591641 -0.6098118 -0.73649764 0.04501367 0.28926575
54718163.43959044 -0.6668943 -0.025841892 0.6552874 -0.6116026 -0.7368369 0.02604504 0.28694147
54745296.68959044 -0.67553395 -0.020653605 0.6512407 -0.6131839 -0.7368207 0.0073089786 0.28468823
54772460.68959044 -0.68473047 -0.014543772 0.64726424 -0.6143779 -0.7363538 -0.011443582 0.28318185
54799655.68959044 -0.69317746 -0.008955777 0.64310807 -0.6157721 -0.7355762 -0.028917754 0.28092015
54826881.68959044 -0.7017938 -0.0033786893 0.6387211 -0.6175321 -0.73462445 -0.04621513 0.27720982
54854140.43959044 -0.7101303 0.003596723 0.6342722 -0.6179159 -0.7337201 -0.063589886 0.27530172
54881437.68959044 -0.71796983 0.010937452 0.63021994 -0.61808264 -0.73261476 -0.08021958 0.27352208
54908774.68959044 -0.7249787 0.017682076 0.62536645 -0.61771923 -0.7320153 -0.09526595 0.27111053
54936157.68959044 -0.7327744 0.02488333 0.62050694 -0.61751294 -0.7315839 -0.10818777 0.2678773
54963585.68959044 -0.74016726 0.033493936 0.6166817 -0.6175533 -0.73170286 -0.117828354 0.26335394
54991060.43959044 -0.7467481 0.04152769 0.61208457 -0.61738247 -0.73273873 -0.124703884 0.2576466
55018582.68959044 -0.7542211 0.050464272 0.6078007 -0.6171852 -0.7339998 -0.1305438 0.25156555
55046150.68959044 -0.76093227 0.058723927 0.6027264 -0.6165671 -0.73519427 -0.13748062 0.24583223
55073762.68959044 -0.76639277 0.06844175 0.5989963 -0.6164778 -0.7357966 -0.14340459 0.24081868
55101414.68959044 -0.77187383 0.07867217 0.59407586 -0.6156379 -0.7367651 -0.14839889 0.2369493
55129109.68959044 -0.7774491 0.0880335 0.58917534 -0.61576754 -0.7377154 -0.15247585 0.2309922
55156839.68959044 -0.7815596 0.09861964 0.58511907 -0.61570287 -0.73826015 -0.15576391 0.22719923
55184604.68959044 -0.787 0.108832896 0.58004254 -0.61658114 -0.73860145 -0.15827821 0.2219091
55212400.68959044 -0.7912159 0.12026447 0.5756908 -0.61728245 -0.7383319 -0.16164733 0.21839988
55240225.68959044 -0.7943421 0.13247186 0.5701617 -0.61809886 -0.7378526 -0.164192 0.21579736
55268077.68959044 -0.79859746 0.14378953 0.56533515 -0.6208665 -0.73666185 -0.16481934 0.21139732
55295951.68959044 -0.8017979 0.15504307 0.56005293 -0.62273216 -0.7357332 -0.16598196 0.20820998
55323840.68959044 -0.80435145 0.16723973 0.55516523 -0.6236563 -0.73605675 -0.16521738 0.20488212
55351742.43959044 -0.80723196 0.1809184 0.5497771 -0.6249537 -0.73607665 -0.16509995 0.20091327
55379656.68959044 -0.8095367 0.19327939 0.5442327 -0.6256155 -0.7369374 -0.16383284 0.19669126
55407580.68959044 -0.8119897 0.20614499 0.5397518 -0.62722725 -0.73723084 -0.16199964 0.19191885
55435513.43959044 -0.81295395 0.2188878 0.5336404 -0.6281737 -0.7382206 -0.15929727 0.18722323
55463453.43959044 -0.81459224 0.23142481 0.5282274 -0.62952715 -0.7390131 -0.15621564 0.18207659
55491404.43959044 -0.8161815 0.24598038 0.52356386 -0.6318945 -0.7387733 -0.15266782 0.17780885
55519365.68959044 -0.81870085 0.25921875 0.51855534 -0.6341831 -0.7384987 -0.14984062 0.17314547
55547339.68959044 -0.8196769 0.2735427 0.51328194 -0.63632697 -0.73855764 -0.14596307 0.16827168
55575330.43959044 -0.8203894 0.28815067 0.50922817 -0.6381529 -0.73873395 -0.14167592 0.16419818
55603342.43959044 -0.8172324 0.30068105 0.50389373 -0.63956904 -0.73991793 -0.13417122 0.15959662
55631384.68959044 -0.8169358 0.31515634 0.49807382 -0.6408231 -0.7410242 -0.12862249 0.15389985
55659459.68959044 -0.816494 0.3279985 0.4926027 -0.6416475 -0.7425287 -0.12216672 0.14837459
55687574.68959044 -0.81552434 0.34251952 0.4873442 -0.6423347 -0.7441891 -0.11542728 0.1423561
55715733.43959044 -0.8158679 0.3572739 0.48304218 -0.6437188 -0.744968 -0.10889929 0.13707612
55743944.68959044 -0.81424564 0.3727295 0.477382 -0.6446887 -0.7460646 -0.10242392 0.13142829
55772216.68959044 -0.813273 0.3878091 0.472306 -0.6455051 -0.74710155 -0.09680594 0.12566307
55800556.68959044 -0.81330466 0.40123096 0.4666729 -0.6465041 -0.74775976 -0.09113103 0.12076021
55828971.68959044 -0.8115545 0.41749218 0.46175885 -0.64820296 -0.7477783 -0.08590528 0.115242764
55857465.43959044 -0.8097671 0.4320973 0.45550388 -0.64855456 -0.74861634 -0.080733106 0.11150246
55886049.43959044 -0.8093205 0.44911048 0.45091578 -0.65000254 -0.7486297 -0.075976245 0.10619767
55914729.68959044 -0.8069644 0.46500325 0.44517738 -0.65069604 -0.7492559 -0.069454566 0.10191343
55943512.68959044 -0.8062102 0.48168606 0.43978798 -0.6523772 -0.7492169 -0.06300591 0.09543767
55972408.43959044 -0.80543137 0.49879894 0.43425342 -0.65377563 -0.7495304 -0.054501113 0.088382185
56001427.68959044 -0.8036703 0.5165034 0.42912513 -0.65658075 -0.74843335 -0.045524336 0.081711546
56030578.68959044 -0.80201334 0.5337267 0.42286664 -0.6594754 -0.747089 -0.03586016 0.07526198
