30332178.85499373 -0.0 -0.0 -0.0 -0.0 -0.0 1.0 -0.0
30364548.85499373 -0.0 -0.0 -0.0 -0.0 -0.0 1.0 -0.0
30396916.85499373 0.000187849 -0.001184412 0.0024482193 -0.0007873609 0.00064661214 0.9999976 0.001962633
30429283.85499373 0.000187849 -0.001184412 0.0024482193 -0.0007873609 0.00064661214 0.9999976 0.001962633
30461647.85499373 0.000187849 -0.001184412 0.0024482193 -0.0007873609 0.00064661214 0.9999976 0.001962633
30494008.85499373 -0.0043291957 -0.010653425 -0.00010502777 -0.0015383227 -0.0007645651 0.99997485 0.006889064
30526367.85499373 -0.0043291957 -0.010653425 -0.00010502777 -0.0015383227 -0.0007645651 0.99997485 0.006889064
30558723.85499373 -0.0043291957 -0.010653425 -0.00010502777 -0.0015383227 -0.0007645651 0.99997485 0.006889064
30591073.85499373 -0.005590767 -0.025639743 0.002435697 -0.0017244507 -0.0049519013 0.9998939 0.013591
30623418.85499373 -0.005590767 -0.025639743 0.002435697 -0.0017244507 -0.0049519013 0.9998939 0.013591
30655758.85499373 -0.0068959775 -0.051937953 -0.002138466 -0.0014389328 -0.008500392 0.9998374 0.01584145
30688094.85499373 -0.0068959775 -0.051937953 -0.002138466 -0.0014389328 -0.008500392 0.9998374 0.01584145
30720424.85499373 -0.0068959775 -0.051937953 -0.002138466 -0.0014389328 -0.008500392 0.9998374 0.01584145
30752749.85499373 -0.008987855 -0.113707215 -0.011131295 -0.0032372754 -0.005672966 0.99983 0.017243376
30785069.85499373 -0.008987855 -0.113707215 -0.011131295 -0.0032372754 -0.005672966 0.99983 0.017243376
30817386.85499373 -0.014140688 -0.17226732 -0.030501632 -0.0021649152 -0.0053964066 0.9999113 0.011981533
30849700.10499373 -0.014140688 -0.17226732 -0.030501632 -0.0021649152 -0.0053964066 0.9999113 0.011981533
30882007.85499373 -0.014140688 -0.17226732 -0.030501632 -0.0021649152 -0.0053964066 0.9999113 0.011981533
30914311.85499373 -0.0137508735 -0.27508107 -0.055554796 -0.0031160966 0.0045326855 0.9999587 -0.007240782
30946615.85499373 -0.012200252 -0.30496502 -0.068056785 -0.004323494 0.009792975 0.9998589 -0.012947071
30978917.85499373 -0.013118168 -0.33650455 -0.06888275 -0.00515215 0.015208682 0.99969995 -0.018497853
31011217.85499373 -0.018691953 -0.38516432 -0.075968415 -0.0038228019 0.008905918 0.99955046 -0.02837419
31043512.85499373 -0.01740645 -0.43553653 -0.08733578 -0.0049425643 0.009537147 0.999465 -0.030893674
31075798.85499373 -0.00385419 -0.47821727 -0.082973234 -0.006337917 0.0102406265 0.99942946 -0.031557273
31108075.85499373 0.0010039181 -0.5300571 -0.0860511 -0.008486493 0.011281613 0.9993482 -0.033225957
31140343.10499373 0.0015738757 -0.59534097 -0.09661906 -0.007219675 0.008540075 0.9993292 -0.034872353
31172597.85499373 -0.0038711512 -0.6509879 -0.08362694 -0.0076234573 0.0065648584 0.99918747 -0.039029405
31204834.85499373 -0.00407586 -0.7175099 -0.0732856 -0.007929378 0.005131784 0.99914056 -0.040360156
31237053.85499373 0.0014289964 -0.77671695 -0.06594596 -0.009211477 0.005323849 0.9991126 -0.04075396
31269252.85499373 0.014923304 -0.8363878 -0.055702113 -0.011117803 0.0056057726 0.9991774 -0.038594715
31301435.85499373 0.022338321 -0.89563954 -0.04000207 -0.011993353 0.0036743332 0.999275 -0.03594546
31333607.85499373 0.028144388 -0.9613999 -0.03493507 -0.0136328675 -6.773542e-05 0.9992579 -0.036024235
31365773.10499373 0.028259752 -1.0448604 -0.01123248 -0.014487487 -0.0049610725 0.9992432 -0.035756133
31397929.85499373 0.037300166 -1.1109765 0.0033462807 -0.016902234 -0.007448467 0.99920624 -0.035296056
31430076.85499373 0.04707109 -1.1814727 0.01341234 -0.019639736 -0.007879482 0.9990553 -0.037956733
31462214.85499373 0.048005994 -1.2467443 0.033200994 -0.021413537 -0.009022504 0.998876 -0.04131451
31494338.85499373 0.050838068 -1.3113488 0.059130635 -0.02386308 -0.008727339 0.9986055 -0.046276495
31526449.10499373 0.0541328 -1.3786168 0.08668342 -0.026283868 -0.00890187 0.9983103 -0.051052902
31558543.85499373 0.058989365 -1.4484383 0.11134356 -0.02831738 -0.009451558 0.9980082 -0.055574454
31590623.85499373 0.066937804 -1.519485 0.13532135 -0.03055171 -0.008566198 0.9976647 -0.0604846
31622687.85499373 0.06521706 -1.59697 0.17741898 -0.033003744 -0.009240303 0.9973012 -0.06492846
31654734.85499373 0.0694053 -1.661393 0.2117425 -0.03501931 -0.007663468 0.9969244 -0.06969019
31686760.85499373 0.07243307 -1.7261456 0.25056988 -0.037736867 -0.004495892 0.99646795 -0.07488282
31718766.10499373 0.06800874 -1.7883382 0.29224578 -0.039773855 -0.0011558163 0.99595064 -0.08061692
31750747.85499373 0.06962448 -1.8506767 0.33759567 -0.04190393 0.0022928636 0.99535537 -0.08664013
31782707.10499373 0.07986557 -1.9154645 0.38525265 -0.044918265 0.004966921 0.9946994 -0.09236255
31814650.85499373 0.07794907 -1.9773563 0.43120757 -0.047014564 0.006615507 0.9941275 -0.0972443
31846578.85499373 0.08055418 -2.0378664 0.49737003 -0.04887123 0.0071164235 0.9936485 -0.10111181
31878492.85499373 0.08446151 -2.0954409 0.54915535 -0.050050054 0.007247902 0.9933268 -0.10365582
31910389.85499373 0.090405725 -2.164583 0.61099285 -0.051310252 0.0071598133 0.9927498 -0.10846151
31942268.85499373 0.092365794 -2.2104187 0.685242 -0.05395524 0.0067491867 0.99234897 -0.11084634
31974132.85499373 0.097347215 -2.2851381 0.7495391 -0.05623553 0.0061027673 0.991619 -0.116155535
32005983.85499373 0.101035744 -2.3399494 0.8257682 -0.059056923 0.0053108516 0.9909573 -0.12036491
32037824.85499373 0.10231927 -2.4167945 0.9103132 -0.061439004 0.00465703 0.9902914 -0.1246053
32069659.85499373 0.09040348 -2.4368422 1.0348074 -0.063602425 0.005063741 0.98987216 -0.12681605
32101486.10499373 0.09890781 -2.5012722 1.131493 -0.06585769 0.0042809313 0.98951185 -0.12849467
32133308.85499373 0.09913967 -2.5765018 1.2192059 -0.068673566 0.0030458556 0.9892475 -0.12908943
32165132.85499373 0.10671383 -2.631064 1.3258684 -0.0716158 0.0022952817 0.98872274 -0.13150436
32196960.10499373 0.11964938 -2.6878524 1.4447188 -0.075635076 0.0022430927 0.9884027 -0.13166036
32228792.85499373 0.11115253 -2.6994674 1.5505772 -0.08036997 0.00081755716 0.9878051 -0.13334556
32260628.85499373 0.11202043 -2.766131 1.6618272 -0.0858536 -0.001457045 0.9869224 -0.13642308
32292472.85499373 0.10374559 -2.7797348 1.8008628 -0.09176545 -0.0013235435 0.9859288 -0.13972095
32324323.85499373 0.13144438 -2.8568342 1.9527807 -0.09759864 -0.0021307871 0.9848029 -0.14364302
32356178.85499373 0.1723656 -2.8807242 2.0878212 -0.10244621 -0.0021451109 0.9843422 -0.14342463
32388035.85499373 0.16658637 -2.876518 2.2761984 -0.10689966 -0.0015011401 0.9840595 -0.14211693
32419897.85499373 0.14847922 -2.921476 2.4337385 -0.110603176 -0.0039141704 0.9839484 -0.13999005
32451758.85499373 0.18301412 -3.0617657 2.5616245 -0.113588534 -0.0050923177 0.98357236 -0.14020424
32483619.10499373 0.16481847 -3.0809042 2.717235 -0.11668852 -0.0053329966 0.9834069 -0.1388029
32515473.85499373 0.16621277 -3.1092591 2.8960252 -0.120017804 -0.007034275 0.98323655 -0.13708432
32547321.85499373 0.18493743 -3.1151328 3.0842836 -0.12259501 -0.0072770417 0.98327905 -0.13446149
32579160.10499373 0.15290633 -3.1838691 3.2149 -0.12506774 -0.007291518 0.98325455 -0.13234596
32610985.85499373 0.16227263 -3.2155087 3.4034166 -0.12861669 -0.007006171 0.9834313 -0.12756023
32642793.85499373 0.14387578 -3.2406273 3.6066692 -0.13215372 -0.008290203 0.98373157 -0.12140428
32674578.85499373 0.11783643 -3.3006358 3.8127444 -0.13593364 -0.008943154 0.98386693 -0.11596565
32706337.85499373 0.105712906 -3.323777 3.9903696 -0.14047946 -0.0107073 0.9837976 -0.11087488
32738066.85499373 0.11269002 -3.3536782 4.2192698 -0.14689891 -0.013078591 0.98338425 -0.105854444
32769762.85499373 0.08700317 -3.3898067 4.4357285 -0.15246426 -0.014331074 0.9829994 -0.101298824
32801423.85499373 0.07456091 -3.4107742 4.641065 -0.15901871 -0.01632802 0.9823411 -0.097223476
32833051.10499373 0.061645806 -3.4284317 4.8650527 -0.1658636 -0.018116996 0.9816359 -0.09247649
32864643.85499373 -0.011017203 -3.4297163 5.079992 -0.17221361 -0.019954417 0.98100656 -0.08700825
32896197.85499373 -0.043693826 -3.4490469 5.2729926 -0.17921011 -0.021370813 0.9801829 -0.081661284
32927714.85499373 -0.070853814 -3.4633434 5.492505 -0.18696132 -0.024828432 0.9791277 -0.07575004
32959193.85499373 -0.13714807 -3.4703603 5.712584 -0.19464126 -0.028443158 0.9779657 -0.06992109
32990631.85499373 -0.14902595 -3.4996324 5.955954 -0.20431662 -0.032826852 0.9762176 -0.064624675
33022020.85499373 -0.19345948 -3.5059257 6.1504498 -0.21283808 -0.035409074 0.97460103 -0.05999236
33053359.85499373 -0.23917124 -3.527032 6.372381 -0.22261058 -0.038291972 0.9725194 -0.056430038
33084645.85499373 -0.27685314 -3.5526276 6.594124 -0.23305966 -0.04119624 0.9701624 -0.05264065
33115876.10499373 -0.30616683 -3.5591319 6.797742 -0.24386793 -0.04431987 0.96756256 -0.048855532
33147042.85499373 -0.36925894 -3.56332 7.020376 -0.2540316 -0.04834439 0.96499866 -0.043685637
33178144.10499373 -0.41714522 -3.5839417 7.2299576 -0.26461175 -0.05244574 0.9621552 -0.038567275
33209173.10499373 -0.467402 -3.5656223 7.470257 -0.2759406 -0.057696912 0.95888937 -0.032545466
33240123.85499373 -0.52632236 -3.5560272 7.671019 -0.28711647 -0.06228846 0.9554829 -0.027145108
33270995.85499373 -0.54222524 -3.5965972 7.897826 -0.30038399 -0.06706959 0.9511089 -0.025751365
33301823.85499373 -0.61444724 -3.5889351 8.10317 -0.3133647 -0.06966271 0.9467413 -0.025113778
33332562.10499373 -0.7100822 -3.5858438 8.324138 -0.3267233 -0.071238875 0.9421043 -0.024831055
33363157.85499373 -0.8181337 -3.5524392 8.525287 -0.34025633 -0.07192975 0.9372754 -0.023805505
33393652.85499373 -0.81593406 -3.6022468 8.75989 -0.35692912 -0.07264924 0.9309653 -0.025045888
33424048.85499373 -0.9208134 -3.5922275 8.96106 -0.37195066 -0.07246188 0.925096 -0.024485528
33454343.85499373 -1.0065598 -3.5861235 9.134987 -0.38642955 -0.07222205 0.9191751 -0.023945652
33484535.85499373 -1.0646478 -3.6132815 9.351905 -0.40197402 -0.073108494 0.912384 -0.025051724
33514617.85499373 -1.0911843 -3.637256 9.588116 -0.41843036 -0.073636 0.9049139 -0.02499448
33544591.10499373 -1.1456071 -3.680657 9.778295 -0.43353266 -0.07579951 0.8975994 -0.024884325
33574451.85499373 -1.2413697 -3.6734025 9.979442 -0.44885454 -0.07842481 0.88988847 -0.021858701
33604198.85499373 -1.357758 -3.6463141 10.171545 -0.46382993 -0.08171606 0.88198364 -0.017007483
33633832.85499373 -1.408601 -3.675508 10.359335 -0.4788272 -0.087189525 0.87349033 -0.0117117185
33663351.85499373 -1.49561 -3.6861587 10.530885 -0.4934456 -0.09111276 0.8649618 -0.0071413564
33692757.85499373 -1.5919216 -3.701605 10.703762 -0.50784 -0.09519836 0.85616887 -0.0032694999
33722053.85499373 -1.6939297 -3.697517 10.885225 -0.5222274 -0.098305605 0.8471212 0.00056328776
33751239.85499373 -1.7599416 -3.7459662 11.081789 -0.53694636 -0.10188493 0.83743846 0.0022335437
33780319.10499373 -1.8423834 -3.743893 11.260171 -0.5511057 -0.1045504 0.82782835 0.007212334
33809295.85499373 -1.969409 -3.7382224 11.454113 -0.56486356 -0.10699757 0.8181057 0.013554901
33838174.85499373 -2.0514622 -3.7753282 11.620829 -0.5785904 -0.108553424 0.8081343 0.019190278
33866965.85499373 -2.1549797 -3.8127382 11.740122 -0.59086514 -0.11055787 0.7987859 0.024423439
33895668.85499373 -2.2489753 -3.8278255 11.865638 -0.6041434 -0.11147107 0.7885201 0.028655302
33924287.85499373 -2.3455653 -3.8330624 12.011648 -0.6175961 -0.111622706 0.777913 0.031093054
33952827.85499373 -2.4529672 -3.8255765 12.1660595 -0.63120234 -0.11219378 0.7668007 0.03182622
33981295.85499373 -2.573328 -3.827831 12.307374 -0.6444923 -0.11238392 0.7556674 0.03108668
34009699.85499373 -2.6754332 -3.8230577 12.438972 -0.6575309 -0.11279173 0.74432707 0.030141743
34038046.85499373 -2.7700882 -3.8474438 12.596965 -0.6714383 -0.112751275 0.7318932 0.0281122
34066341.85499373 -2.8919392 -3.8343737 12.709358 -0.683433 -0.112578295 0.7207666 0.02722141
34094593.85499373 -2.9952803 -3.8307443 12.832552 -0.694937 -0.11300319 0.70962954 0.026811702
34122808.85499373 -3.105401 -3.8318408 12.93469 -0.7052388 -0.11402437 0.6991685 0.028286492
34150994.85499373 -3.223793 -3.8158884 13.063211 -0.7157193 -0.11458896 0.68817055 0.032197163
34179158.85499373 -3.3246498 -3.8507378 13.17923 -0.72593695 -0.115601264 0.6770189 0.0360193
34207307.85499373 -3.4348688 -3.8538578 13.296847 -0.7359996 -0.11602899 0.66565126 0.0418368
34235446.85499373 -3.5568247 -3.8492393 13.407769 -0.74579227 -0.1160927 0.6542278 0.047984246
34263577.85499373 -3.6895952 -3.867499 13.512219 -0.7548495 -0.11682684 0.6432781 0.05241172
34291703.85499373 -3.8050594 -3.8786778 13.619773 -0.76377195 -0.11700289 0.63233477 0.055817258
34319822.85499373 -3.9134092 -3.8557625 13.688721 -0.77131075 -0.117525466 0.62275565 0.05867714
34347935.85499373 -4.024308 -3.8445175 13.774243 -0.7784581 -0.117552795 0.61371803 0.059452023
34376044.85499373 -4.127364 -3.8638897 13.852472 -0.78538257 -0.11841596 0.6047884 0.058162626
34404151.10499373 -4.255603 -3.852607 13.941272 -0.7920443 -0.11814228 0.5961447 0.05761838
34432253.85499373 -4.3735447 -3.8487816 14.027 -0.798811 -0.11809812 0.58711296 0.057028692
34460357.10499373 -4.4983454 -3.823973 14.100786 -0.8052403 -0.11796678 0.57817286 0.0582078
34488459.85499373 -4.612074 -3.853135 14.17363 -0.812039 -0.11812821 0.5685333 0.058380656
34516563.85499373 -4.739357 -3.8544228 14.244295 -0.81856096 -0.117619306 0.55893767 0.060930114
34544671.85499373 -4.8573666 -3.8190815 14.317004 -0.8247328 -0.117402814 0.5492369 0.066115364
34572784.85499373 -4.9690437 -3.8256395 14.379117 -0.83110094 -0.11716436 0.5391288 0.06988496
34600902.85499373 -5.086384 -3.7958984 14.413624 -0.836951 -0.11644977 0.5298395 0.072267875
34629032.85499373 -5.2003937 -3.802239 14.468277 -0.842839 -0.11772708 0.52002025 0.07308784
34657172.10499373 -5.3310337 -3.777864 14.53364 -0.84909636 -0.1173843 0.5099041 0.07248466
34685320.85499373 -5.444357 -3.770907 14.582658 -0.8553832 -0.11767083 0.4995254 0.070338935
34713481.85499373 -5.5531235 -3.7776465 14.620529 -0.8610497 -0.11871817 0.4897406 0.068217255
34741656.85499373 -5.6470623 -3.717083 14.656282 -0.8666832 -0.11762236 0.48026878 0.06608494
34769846.10499373 -5.789173 -3.7111592 14.686205 -0.8724348 -0.11613144 0.4708603 0.0605116
34798050.85499373 -5.8878098 -3.6866088 14.715389 -0.87779933 -0.114477344 0.46183315 0.055438664
34826274.85499373 -6.002548 -3.6603203 14.727144 -0.88271075 -0.113082275 0.45321545 0.051282693
34854519.85499373 -6.111786 -3.6622825 14.759121 -0.8876435 -0.11144997 0.44433805 0.047239825
34882787.85499373 -6.235195 -3.625204 14.784211 -0.8919648 -0.11062163 0.4360657 0.044816382
34911082.85499373 -6.324911 -3.6203246 14.787136 -0.89609164 -0.10977385 0.42802286 0.04202381
34939403.85499373 -6.4520817 -3.6094146 14.807947 -0.9000767 -0.10927255 0.41990587 0.0400075
34967755.85499373 -6.5521603 -3.5993228 14.817545 -0.9040061 -0.108453825 0.41184163 0.037380416
34996136.85499373 -6.655195 -3.592064 14.82517 -0.9074146 -0.107962646 0.40459797 0.035261795
35024547.85499373 -6.7401505 -3.5898156 14.826316 -0.9107911 -0.10768698 0.39717853 0.03335202
35052990.10499373 -6.8591595 -3.5499096 14.824047 -0.91390985 -0.10703942 0.39024293 0.031965047
35081461.85499373 -7.014393 -3.5524201 14.864298 -0.91789716 -0.10543224 0.38143396 0.029274926
35109965.85499373 -7.1371117 -3.5183563 14.876904 -0.9212784 -0.10447236 0.37347484 0.029122375
35138496.85499373 -7.256256 -3.5011487 14.871088 -0.9245017 -0.103428684 0.36564243 0.030080024
35167051.85499373 -7.3714848 -3.4994934 14.877221 -0.92772263 -0.1025347 0.35770297 0.02942814
35195627.10499373 -7.4965153 -3.4711592 14.8673725 -0.93080753 -0.10114214 0.35000086 0.02944516
35224220.85499373 -7.6305523 -3.4404035 14.85296 -0.93342966 -0.10129936 0.34281734 0.030394396
35252831.85499373 -7.761238 -3.3977423 14.845293 -0.936192 -0.1004058 0.33546212 0.030469794
35281454.85499373 -7.892603 -3.4033933 14.840195 -0.9388787 -0.10089607 0.32778525 0.029725976
35310089.85499373 -7.982462 -3.3757951 14.828724 -0.94129854 -0.10112071 0.32063282 0.030436246
35338735.85499373 -8.103842 -3.3447373 14.798684 -0.94347906 -0.10171792 0.31380403 0.032059584
35367389.85499373 -8.217087 -3.3251953 14.783026 -0.94597936 -0.10113487 0.306279 0.03298405
35396051.85499373 -8.334932 -3.323551 14.754861 -0.9479958 -0.10217655 0.29956943 0.033498432
35424723.85499373 -8.458868 -3.301287 14.716513 -0.9498878 -0.10290922 0.29334593 0.03272782
35453404.85499373 -8.596941 -3.2870963 14.709745 -0.9522683 -0.103563555 0.28543478 0.03141186
35482096.10499373 -8.693739 -3.282012 14.641597 -0.9539098 -0.10532723 0.27921993 0.031599488
35510795.85499373 -8.801466 -3.2749338 14.628231 -0.95623624 -0.10472713 0.27155986 0.029995423
35539506.85499373 -8.912247 -3.2847934 14.589126 -0.95818764 -0.10470431 0.2647476 0.028673802
35568229.10499373 -9.015272 -3.2720785 14.545208 -0.95985276 -0.10463132 0.2586594 0.02881514
35596959.85499373 -9.1329365 -3.2719038 14.495005 -0.96133363 -0.1045205 0.2531166 0.02907254
35625698.85499373 -9.257586 -3.277334 14.470454 -0.9627326 -0.10504189 0.24741091 0.030000089
35654447.85499373 -9.381201 -3.25794 14.4270935 -0.96387124 -0.1052446 0.24235657 0.033750273
35683203.85499373 -9.489384 -3.2683952 14.363873 -0.96445435 -0.10732239 0.23807308 0.040386368
35711966.85499373 -9.605713 -3.2623353 14.304055 -0.96483237 -0.108700395 0.23450558 0.047853068
35740735.85499373 -9.724295 -3.2429006 14.236357 -0.96520436 -0.109487414 0.23058224 0.056789376
35769510.85499373 -9.881105 -3.2711778 14.237477 -0.96568966 -0.11118545 0.22568157 0.064414226
35798291.10499373 -9.989788 -3.2706716 14.160378 -0.96578443 -0.112479106 0.22270069 0.07080533
35827072.85499373 -10.10951 -3.266449 14.097144 -0.96591455 -0.11339758 0.22014064 0.075420216
35855855.85499373 -10.232578 -3.2790055 14.037121 -0.96603906 -0.114621304 0.21739183 0.07982096
35884638.85499373 -10.332901 -3.2818809 13.961082 -0.9658194 -0.11522403 0.21664731 0.083548486
35913418.85499373 -10.442154 -3.2678337 13.888421 -0.9657849 -0.11524508 0.21628954 0.084834434
35942193.85499373 -10.558432 -3.2496324 13.796351 -0.9655292 -0.1159106 0.21741065 0.083968274
35970965.85499373 -10.665909 -3.2483935 13.726269 -0.96554834 -0.116991445 0.21744268 0.082147256
35999734.85499373 -10.76944 -3.2518878 13.651583 -0.96518594 -0.11940036 0.21811804 0.081144065
36028502.85499373 -10.865086 -3.2474647 13.566314 -0.9648314 -0.12160128 0.21909997 0.07942766
36057272.10499373 -10.96402 -3.2468398 13.474672 -0.9644979 -0.12354175 0.21964683 0.0789722
36086042.85499373 -11.075117 -3.2452161 13.368638 -0.9641242 -0.12502633 0.22102888 0.07732572
36114816.85499373 -11.177214 -3.246817 13.278653 -0.96392554 -0.12729688 0.22106035 0.07599587
36143593.85499373 -11.270384 -3.2516685 13.180912 -0.9636802 -0.12899493 0.22187512 0.073839806
36172373.85499373 -11.364162 -3.2324786 13.082431 -0.96378314 -0.129712 0.22236256 0.069654964
36201154.85499373 -11.45623 -3.22822 12.969578 -0.96358687 -0.13144124 0.22320747 0.06634809
36229937.85499373 -11.5471115 -3.2204642 12.8621025 -0.9635648 -0.13226162 0.22364457 0.06350454
36258720.85499373 -11.643993 -3.2332628 12.734891 -0.9632767 -0.13390717 0.22429575 0.062116522
36287506.85499373 -11.735083 -3.233275 12.624805 -0.96329224 -0.13425505 0.22402796 0.06209062
36316300.85499373 -11.813627 -3.2219303 12.487835 -0.9629876 -0.13420051 0.22490993 0.06372454
36345102.85499373 -11.908213 -3.2085516 12.362695 -0.96341646 -0.13261837 0.2241095 0.06337204
36373907.85499373 -12.003511 -3.1905646 12.238239 -0.9641975 -0.13023287 0.22246145 0.06223764
36402716.85499373 -12.066828 -3.2143502 12.079518 -0.9644056 -0.1313473 0.22178932 0.05898586
36431527.85499373 -12.151905 -3.2194607 11.952487 -0.9652781 -0.13029979 0.21969137 0.054734718
36460341.10499373 -12.243444 -3.2137516 11.814311 -0.9662722 -0.12849751 0.21728747 0.050919197
36489152.10499373 -12.328938 -3.2057188 11.66452 -0.96728307 -0.12488133 0.21577844 0.046987608
36517959.85499373 -12.433281 -3.1963384 11.483807 -0.9683073 -0.11986 0.21405455 0.0468545
36546768.10499373 -12.543222 -3.1909113 11.325039 -0.96963054 -0.1144596 0.21125813 0.0456691
36575576.85499373 -12.623938 -3.1898818 11.168712 -0.9706134 -0.110005036 0.20895302 0.04633721
36604384.85499373 -12.695814 -3.2065263 11.029323 -0.9716085 -0.106776774 0.2057077 0.047538407
36633194.85499373 -12.805286 -3.1989946 10.852455 -0.9723293 -0.10460257 0.20371303 0.046205588
36662013.85499373 -12.914629 -3.2125864 10.698716 -0.9730189 -0.10378375 0.20146528 0.043301247
36690849.85499373 -12.982027 -3.1974478 10.531087 -0.97366756 -0.10282433 0.19933446 0.040798523
36719704.85499373 -13.052284 -3.2098837 10.341521 -0.97395843 -0.10336033 0.19833581 0.03720863
36748577.85499373 -13.12805 -3.215506 10.192507 -0.9744492 -0.102659464 0.19689296 0.033808034
36777473.10499373 -13.247667 -3.2218962 10.055043 -0.97511613 -0.101999015 0.1946277 0.029407749
36806390.85499373 -13.322027 -3.2402883 9.888676 -0.97542495 -0.10117996 0.1942023 0.024378056
36835329.85499373 -13.398895 -3.2494454 9.723625 -0.9756919 -0.09996173 0.19395523 0.020356433
36864291.85499373 -13.482601 -3.262355 9.56488 -0.9759442 -0.09874058 0.19362262 0.01713211
36893274.85499373 -13.557396 -3.2658048 9.385556 -0.97597075 -0.0980653 0.19398841 0.015261555
36922277.85499373 -13.670145 -3.2523856 9.207877 -0.97617424 -0.096106626 0.19407295 0.013533574
36951300.85499373 -13.760618 -3.2473402 9.026252 -0.97623473 -0.09536104 0.19418183 0.012863077
36980341.85499373 -13.84848 -3.2432866 8.851431 -0.9762509 -0.09436913 0.1946223 0.012280604
37009397.85499373 -13.943043 -3.2587633 8.681693 -0.9763171 -0.094437934 0.19428648 0.011794489
37038469.85499373 -14.031082 -3.2678757 8.490906 -0.9762836 -0.09368705 0.19477955 0.012413336
37067562.85499373 -14.1111145 -3.2989054 8.333664 -0.9761362 -0.09383497 0.1954495 0.012355637
37096677.85499373 -14.202875 -3.3062115 8.150295 -0.97602755 -0.09391685 0.1959493 0.012397522
37125815.85499373 -14.29977 -3.3227484 7.966324 -0.97607046 -0.092827015 0.1962704 0.01215303
37154978.85499373 -14.391924 -3.3236525 7.776182 -0.976041 -0.09225412 0.19666271 0.012527202
37184171.10499373 -14.5173 -3.3108582 7.577482 -0.9759658 -0.09146791 0.19741118 0.012384594
37213388.85499373 -14.613184 -3.3175611 7.3976536 -0.9759195 -0.09111518 0.19783528 0.011848857
37242628.85499373 -14.698833 -3.3196003 7.206382 -0.9756453 -0.091185994 0.19908236 0.012948461
37271885.85499373 -14.800341 -3.3129258 7.005945 -0.975556 -0.090781055 0.19967446 0.01339691
37301155.85499373 -14.913507 -3.3062596 6.82009 -0.9756211 -0.090213016 0.19959809 0.0136291655
37330434.85499373 -15.030235 -3.268729 6.624276 -0.9755142 -0.08928692 0.20045699 0.014728057
37359716.85499373 -15.127295 -3.2708426 6.438479 -0.9755178 -0.08904807 0.20054743 0.0147044035
37388998.85499373 -15.215937 -3.2427154 6.2402167 -0.9752745 -0.08786892 0.20219257 0.015390213
37418274.85499373 -15.333437 -3.2319608 6.0608068 -0.97540206 -0.08785322 0.20158999 0.015304712
37447540.85499373 -15.445404 -3.21109 5.8579817 -0.9752434 -0.08735886 0.20250387 0.016155977
37476791.85499373 -15.543346 -3.1748223 5.634467 -0.9749634 -0.0867665 0.20406668 0.01657906
37506022.10499373 -15.654104 -3.1411498 5.4487886 -0.9749246 -0.086294435 0.20439453 0.01726741
37535229.10499373 -15.757603 -3.127557 5.2460413 -0.9747429 -0.08586546 0.20548949 0.016661007
37564408.85499373 -15.869019 -3.0905726 5.054845 -0.974811 -0.08525972 0.20558053 0.014523839
37593558.85499373 -15.991556 -3.0597436 4.8446407 -0.97490656 -0.08353051 0.20609026 0.010332905
37622677.85499373 -16.051418 -3.016517 4.6081934 -0.9744769 -0.08183055 0.20897673 0.005230061
37651766.85499373 -16.173012 -2.9772122 4.4150004 -0.9744768 -0.08005825 0.20972463 -0.001133012
37680823.85499373 -16.290638 -2.9290142 4.2167854 -0.9745653 -0.07808541 0.2099706 -0.0061180475
37709848.85499373 -16.398268 -2.918704 4.0180354 -0.974451 -0.07717839 0.21059424 -0.011787532
37738840.85499373 -16.501566 -2.863819 3.7977953 -0.97432643 -0.074988745 0.21170242 -0.015712801
37767803.85499373 -16.591217 -2.8379521 3.6056643 -0.9741463 -0.07463176 0.21242702 -0.018544475
37796737.10499373 -16.70963 -2.7919304 3.3886447 -0.9741251 -0.0734424 0.21293977 -0.018528938
37825642.85499373 -16.84188 -2.7490778 3.1825275 -0.97410744 -0.07381885 0.21304321 -0.016676402
37854522.85499373 -16.95526 -2.6896927 2.9925165 -0.9740225 -0.074391335 0.21335582 -0.015014207
37883376.85499373 -17.063313 -2.667152 2.785428 -0.97395664 -0.075104706 0.21349546 -0.013693034
37912208.85499373 -17.170082 -2.622005 2.5645952 -0.97366744 -0.07553961 0.21473962 -0.012348861
37941016.85499373 -17.337557 -2.5619974 2.3701134 -0.9739093 -0.07471115 0.2139999 -0.011084771
37969798.85499373 -17.441021 -2.5317233 2.1668787 -0.97378594 -0.07556151 0.21438533 -0.0083849225
37998553.85499373 -17.55238 -2.4883862 1.958127 -0.9736225 -0.07597011 0.21508673 -0.005054216
38027286.85499373 -17.693817 -2.445839 1.7309074 -0.97359776 -0.07599369 0.21523426 -0.002572217
38055998.85499373 -17.829233 -2.3983662 1.5337534 -0.9736214 -0.075985245 0.2151441 0.00078334427
38084691.85499373 -17.962208 -2.3494053 1.3264055 -0.9736143 -0.07589061 0.21519694 0.002478724
38113363.85499373 -18.061813 -2.3308992 1.1253338 -0.9734433 -0.07704586 0.21554984 0.0032137004
38142020.85499373 -18.179176 -2.2925544 0.91279984 -0.97321963 -0.07760845 0.21636648 0.0024601014
38170666.10499373 -18.314789 -2.2410686 0.6909723 -0.9731732 -0.07796396 0.21641071 0.0046998495
38199297.85499373 -18.449879 -2.207064 0.4781971 -0.9730863 -0.07815646 0.21659994 0.008895976
38227918.85499373 -18.58151 -2.187788 0.2689457 -0.97287107 -0.079108156 0.2169618 0.013833678
38256527.85499373 -18.719795 -2.1462958 0.05881214 -0.97269285 -0.07938101 0.21710742 0.02078001
38285126.10499373 -18.831438 -2.1256676 -0.1475296 -0.9725389 -0.079791225 0.21708074 0.026027108
38313716.85499373 -18.971325 -2.0824096 -0.3537054 -0.972276 -0.08056481 0.21732932 0.030931575
38342301.85499373 -19.10389 -2.057564 -0.5541706 -0.9721363 -0.08127938 0.21735214 0.03320723
38370882.85499373 -19.228977 -2.0132437 -0.76081944 -0.97207636 -0.0808241 0.2175564 0.034703836
38399463.85499373 -19.358654 -1.9893814 -0.9628525 -0.97193843 -0.0812063 0.21786791 0.03570479
38428044.85499373 -19.491014 -1.9856839 -1.1789207 -0.9716864 -0.08264262 0.2187464 0.03384945
38456622.85499373 -19.62352 -1.9696536 -1.3908939 -0.97145855 -0.08390383 0.2194183 0.032925166
38485194.10499373 -19.742676 -1.910959 -1.6093674 -0.97121125 -0.084632166 0.22027926 0.032607425
38513757.85499373 -19.89066 -1.8980198 -1.8109188 -0.971037 -0.085386895 0.22066571 0.03321204
38542316.10499373 -20.018541 -1.8739545 -2.0387897 -0.9709029 -0.0861301 0.22096686 0.033209745
38570871.85499373 -20.137144 -1.8440728 -2.2512856 -0.9707806 -0.08642904 0.22144921 0.032792684
38599428.85499373 -20.282303 -1.8204572 -2.4635468 -0.97079045 -0.08710551 0.22112021 0.032930486
38627988.85499373 -20.389286 -1.7923396 -2.6682186 -0.9705314 -0.08819637 0.2218951 0.032448713
38656554.85499373 -20.515726 -1.7667254 -2.8838863 -0.9704084 -0.08822684 0.22214033 0.034312688
38685126.85499373 -20.637398 -1.7566786 -3.1008148 -0.9702517 -0.08865774 0.22212027 0.037606344
38713703.85499373 -20.777771 -1.7280761 -3.3325768 -0.97017586 -0.088496506 0.2215288 0.043036666
38742283.85499373 -20.909552 -1.7060425 -3.5562649 -0.9700023 -0.08879885 0.22072524 0.049907465
38770865.85499373 -21.038483 -1.6974891 -3.7734833 -0.9698375 -0.09004316 0.2194787 0.05600505
38799446.85499373 -21.145744 -1.6804699 -3.987564 -0.96972066 -0.09228885 0.21778737 0.0607723
38828026.85499373 -21.294909 -1.6593615 -4.213026 -0.9698325 -0.093625486 0.21491131 0.06687681
38856602.10499373 -21.409462 -1.6383855 -4.4562283 -0.96993005 -0.093831904 0.21297647 0.071220316
38885171.85499373 -21.50319 -1.6481186 -4.6626854 -0.970142 -0.09513364 0.21042469 0.074131824
38913741.85499373 -21.639973 -1.6321405 -4.8868504 -0.97049534 -0.09406452 0.20790775 0.077879325
38942315.85499373 -21.762945 -1.6132414 -5.120699 -0.97094804 -0.093552515 0.20594786 0.0780603
38970895.85499373 -21.87751 -1.5986152 -5.3577576 -0.97148216 -0.09367076 0.20346177 0.077792525
38999482.85499373 -21.99701 -1.583055 -5.598692 -0.97199696 -0.0938167 0.20097563 0.077647775
39028075.10499373 -22.107294 -1.5709677 -5.8257732 -0.9724864 -0.09370807 0.19878022 0.07730121
39056672.85499373 -22.229706 -1.5545454 -6.0528374 -0.9734553 -0.09336555 0.19435538 0.07677018
39085279.85499373 -22.329124 -1.5373675 -6.303993 -0.9741483 -0.09306466 0.19076155 0.07735796
39113900.85499373 -22.432083 -1.5311208 -6.541216 -0.97483766 -0.09324258 0.18742825 0.076602966
39142540.10499373 -22.544525 -1.5165483 -6.779167 -0.9758794 -0.09226138 0.18271685 0.07590706
39171202.85499373 -22.646664 -1.5027844 -7.033476 -0.9766705 -0.09218207 0.17883311 0.07507272
39199899.85499373 -22.758675 -1.4986123 -7.2767506 -0.97763723 -0.09252907 0.17475587 0.07158384
39228615.85499373 -22.871363 -1.4808143 -7.5209694 -0.97872454 -0.091578305 0.170236 0.06878574
39257376.10499373 -22.97724 -1.4780583 -7.7740173 -0.9797506 -0.091290936 0.16584651 0.065190695
39286207.10499373 -23.072517 -1.4742613 -8.022772 -0.9806139 -0.090889014 0.1620529 0.06224625
39315092.85499373 -23.184666 -1.4744322 -8.269709 -0.9816279 -0.090390354 0.1573184 0.05905303
39344034.10499373 -23.292385 -1.4709433 -8.522774 -0.98239976 -0.08952784 0.1532978 0.058097955
39373026.85499373 -23.393997 -1.4644911 -8.779413 -0.9830821 -0.08817979 0.14999235 0.057238366
39402068.85499373 -23.49318 -1.4660937 -9.045223 -0.9836388 -0.08670468 0.14741293 0.056626007
39431150.85499373 -23.591825 -1.4705348 -9.302549 -0.98418015 -0.08533611 0.1448953 0.055790342
39460260.85499373 -23.697054 -1.4752536 -9.562984 -0.9848711 -0.08392669 0.1421821 0.05262611
39489385.85499373 -23.805058 -1.4866927 -9.817173 -0.9854773 -0.08364117 0.1395459 0.04863742
39518516.85499373 -23.897676 -1.4833989 -10.079533 -0.98611563 -0.08199891 0.13758619 0.0438426
39547651.85499373 -23.993738 -1.5079819 -10.3267765 -0.98661315 -0.08193283 0.13557929 0.038726218
39576793.85499373 -24.069439 -1.5192057 -10.597214 -0.9870253 -0.08099565 0.13436139 0.034173302
39605946.85499373 -24.162708 -1.5261313 -10.83979 -0.98751104 -0.08072909 0.13184442 0.030362641
39635099.85499373 -24.25975 -1.5378331 -11.120539 -0.98775595 -0.08005732 0.1307475 0.028882222
39664242.85499373 -24.34107 -1.5888886 -11.351896 -0.98809046 -0.080452934 0.12810826 0.028159223
39693359.85499373 -24.479229 -1.5812608 -11.607441 -0.98852473 -0.078947715 0.1253574 0.029525202
39722439.85499373 -24.559614 -1.6323638 -11.851892 -0.9886655 -0.07977197 0.12343803 0.030658603
39751473.10499373 -24.64365 -1.6295086 -12.124292 -0.98875296 -0.079187 0.1228196 0.03181838
39780454.85499373 -24.756277 -1.664524 -12.4129715 -0.9889379 -0.0785946 0.1217517 0.031644132
39809378.85499373 -24.858534 -1.6704834 -12.685005 -0.98915917 -0.07782939 0.12023937 0.032392476
39838242.85499373 -24.978374 -1.7074865 -12.941017 -0.9894634 -0.07778001 0.11809843 0.031069897
39867041.85499373 -25.069252 -1.7548625 -13.194851 -0.98961306 -0.07835121 0.116401605 0.031272203
39895772.85499373 -25.149363 -1.7779838 -13.440716 -0.98976 -0.078525335 0.114649765 0.03262631
39924436.85499373 -25.269129 -1.7734067 -13.743822 -0.9900068 -0.07702757 0.113148235 0.03392405
39953033.85499373 -25.358194 -1.8023598 -14.013041 -0.99028736 -0.076711506 0.110472664 0.03524331
39981566.85499373 -25.43572 -1.8403407 -14.258257 -0.9905621 -0.077110775 0.10721016 0.03669809
40010034.85499373 -25.529345 -1.8422278 -14.556108 -0.99089456 -0.07618146 0.10400794 0.038818352
40038439.85499373 -25.63532 -1.8938817 -14.810072 -0.99120235 -0.07695239 0.0995655 0.041023605
40066783.85499373 -25.70048 -1.9346576 -15.064835 -0.9914237 -0.07714801 0.095970385 0.043782227
40095068.85499373 -25.80922 -1.9717735 -15.330889 -0.9916671 -0.07736703 0.09191092 0.046510126
40123297.10499373 -25.8858 -1.9896662 -15.594091 -0.9919019 -0.0768895 0.08768608 0.050297476
40151470.85499373 -25.975779 -2.002202 -15.869503 -0.99197716 -0.07721853 0.08356212 0.055100158
40179589.85499373 -26.071707 -2.0415852 -16.121485 -0.99201745 -0.07778104 0.07930968 0.059678044
40207656.85499373 -26.158148 -2.047859 -16.396925 -0.99207443 -0.07636756 0.07580055 0.06488938
40235671.85499373 -26.250698 -2.0787213 -16.646431 -0.9921433 -0.07439086 0.07030056 0.07194216
40263636.85499373 -26.351944 -2.0639763 -16.944925 -0.9922533 -0.07039235 0.06513768 0.0789654
40291561.85499373 -26.441446 -2.0967832 -17.191261 -0.9922028 -0.06752198 0.059483342 0.08623265
40319456.85499373 -26.51193 -2.1634414 -17.422184 -0.99224466 -0.0659804 0.052346587 0.091417015
40347334.85499373 -26.624811 -2.1510668 -17.70743 -0.9924964 -0.06238222 0.044471778 0.09529849
40375203.85499373 -26.689358 -2.181481 -17.956888 -0.9927372 -0.06040909 0.03726437 0.09713396
40403075.85499373 -26.809069 -2.1741512 -18.269829 -0.9930949 -0.056677744 0.029095719 0.09850698
40430960.85499373 -26.88075 -2.2174683 -18.523258 -0.9935463 -0.054751072 0.02073974 0.097149394
40458870.85499373 -26.962486 -2.230578 -18.793669 -0.99380666 -0.05194857 0.012523258 0.09743098
40486813.85499373 -27.02161 -2.2843814 -19.050486 -0.99397284 -0.050001085 0.0034832067 0.097497955
40514799.85499373 -27.069231 -2.33369 -19.30241 -0.99410087 -0.048138723 -0.005434366 0.09703949
40542837.85499373 -27.153954 -2.3409247 -19.573215 -0.9940464 -0.044049736 -0.01487445 0.09854036
40570941.10499373 -27.22439 -2.409496 -19.842001 -0.99390787 -0.042648956 -0.024681956 0.098585114
40599113.85499373 -27.265457 -2.4683075 -20.07953 -0.9937276 -0.041884907 -0.0339079 0.0979864
40627368.85499373 -27.33868 -2.4948611 -20.3206 -0.9933554 -0.04208031 -0.0436589 0.09781723
40655714.85499373 -27.362576 -2.5378132 -20.628555 -0.992951 -0.042784058 -0.0519469 0.0975673
40684158.85499373 -27.41766 -2.623963 -20.912746 -0.9925012 -0.044934757 -0.06111071 0.095853224
40712709.10499373 -27.457703 -2.6980343 -21.162975 -0.9919379 -0.046172928 -0.070317656 0.09477804
40741368.85499373 -27.481407 -2.7102876 -21.433113 -0.99132603 -0.045790005 -0.078790694 0.09470015
40770140.85499373 -27.548603 -2.7325025 -21.708826 -0.99062955 -0.045089785 -0.087998234 0.09421478
40799027.85499373 -27.608624 -2.850271 -21.964092 -0.9897222 -0.04648593 -0.09622402 0.09502619
40828030.85499373 -27.637413 -2.8768027 -22.232006 -0.9887727 -0.045637667 -0.10464421 0.096412785
40857151.85499373 -27.639603 -2.892519 -22.498055 -0.9878172 -0.04528027 -0.11268405 0.09731004
40886395.10499373 -27.670433 -2.960509 -22.750233 -0.9864303 -0.045887582 -0.121592246 0.100324534
40915756.85499373 -27.68602 -2.9924216 -23.014927 -0.98503107 -0.044569306 -0.12954822 0.10461708
40945238.85499373 -27.736092 -3.0640955 -23.27952 -0.98328537 -0.04538906 -0.13893871 0.10856272
40974836.85499373 -27.738396 -3.0823987 -23.545012 -0.98184276 -0.044829443 -0.14673755 0.111549444
41004553.85499373 -27.76815 -3.1077886 -23.806808 -0.9803057 -0.045547742 -0.15494484 0.113658845
41034390.10499373 -27.80766 -3.2151818 -24.067924 -0.9786631 -0.04892083 -0.16411869 0.11353636
41064349.85499373 -27.781933 -3.1969032 -24.327766 -0.9775327 -0.049104303 -0.17027609 0.114125475
41094431.85499373 -27.806469 -3.273966 -24.571066 -0.97580004 -0.052474603 -0.1794304 0.113426134
41124640.85499373 -27.802425 -3.2771173 -24.835815 -0.97413456 -0.05182483 -0.18835163 0.11357715
41154979.85499373 -27.82022 -3.3067346 -25.101753 -0.9721765 -0.052666344 -0.19832183 0.112993486
41185447.10499373 -27.79541 -3.3550003 -25.35197 -0.9698463 -0.052593626 -0.20847036 0.114770025
41216042.85499373 -27.79324 -3.3687248 -25.614317 -0.9671232 -0.051379044 -0.21981491 0.11710836
41246769.10499373 -27.775131 -3.3854918 -25.866604 -0.9640236 -0.047743376 -0.2308552 0.12282105
41277624.85499373 -27.757492 -3.4101834 -26.111963 -0.9604029 -0.044370744 -0.24263304 0.12956382
41308611.85499373 -27.759369 -3.4981594 -26.332191 -0.9564037 -0.04174748 -0.2547098 0.13664591
41339726.10499373 -27.741734 -3.5182 -26.585888 -0.95259243 -0.03975256 -0.2666407 0.14103256
41370964.85499373 -27.715435 -3.5529437 -26.839481 -0.9485241 -0.040205903 -0.27923265 0.143926
41402324.10499373 -27.678638 -3.5656052 -27.095829 -0.94456434 -0.04167426 -0.291433 0.14535588
41433796.85499373 -27.625816 -3.5583925 -27.33223 -0.94085765 -0.04243547 -0.30298096 0.14556342
41465378.85499373 -27.586945 -3.5865421 -27.57443 -0.9367672 -0.045009248 -0.31550905 0.14455245
41497070.85499373 -27.537666 -3.5953426 -27.802246 -0.9324079 -0.04607699 -0.32800114 0.14459515
41528869.85499373 -27.488003 -3.604928 -28.051281 -0.9276277 -0.04740514 -0.34129226 0.1441504
41560780.85499373 -27.433273 -3.6266708 -28.274357 -0.9227392 -0.048959546 -0.35419437 0.143881
41592797.85499373 -27.36448 -3.6270204 -28.512781 -0.9174408 -0.050050236 -0.36763945 0.14366163
41624918.85499373 -27.305702 -3.6404762 -28.748758 -0.9117896 -0.051455982 -0.38137886 0.1433257
41657141.85499373 -27.228294 -3.6338248 -28.989138 -0.90570784 -0.05255323 -0.39543033 0.14341043
41689462.85499373 -27.16101 -3.656538 -29.221973 -0.89909565 -0.05431904 -0.41012 0.14310151
41721880.85499373 -27.084755 -3.6559162 -29.458973 -0.89150065 -0.055986248 -0.42623934 0.14287177
41754394.85499373 -27.000092 -3.6663966 -29.691435 -0.88369703 -0.05748894 -0.4418519 0.14332294
41787002.85499373 -26.899937 -3.6607618 -29.920256 -0.87558687 -0.05844015 -0.4576506 0.14313745
41819696.85499373 -26.806126 -3.6616187 -30.154192 -0.86685926 -0.060268458 -0.47406533 0.14207299
41852471.85499373 -26.701588 -3.6610308 -30.381676 -0.8580908 -0.061779555 -0.4899828 0.14064246
41885319.85499373 -26.59684 -3.659741 -30.599884 -0.8491914 -0.062006764 -0.50545317 0.13980809
41918232.10499373 -26.479887 -3.654251 -30.82531 -0.8395035 -0.061184175 -0.5217609 0.13876571
41951198.85499373 -26.365433 -3.6574812 -31.038452 -0.82967734 -0.05974688 -0.5378575 0.13702251
41984216.85499373 -26.24411 -3.6559973 -31.249912 -0.819287 -0.057534046 -0.5540968 0.13577688
42018390.85499373 -26.117231 -3.6638732 -31.463575 -0.8077106 -0.05565585 -0.5711332 0.13532506
42051430.85499373 -25.986116 -3.6586223 -31.661764 -0.79651403 -0.053138718 -0.5869646 0.13496068
42084600.85499373 -25.853933 -3.664916 -31.864803 -0.78479236 -0.051807705 -0.60292053 0.13380499
42117842.85499373 -25.719479 -3.6736293 -32.061447 -0.7727078 -0.050097924 -0.61881876 0.13219768
42151178.85499373 -25.579098 -3.6799011 -32.27284 -0.76028603 -0.0480441 -0.6343426 0.13140197
42184630.85499373 -25.452122 -3.7316728 -32.46216 -0.7474156 -0.0464605 -0.64962065 0.13116582
42218231.10499373 -25.298817 -3.7077856 -32.64466 -0.7348533 -0.042388137 -0.6642323 0.13034287
42252001.85499373 -25.148823 -3.6945462 -32.843254 -0.7218265 -0.037080336 -0.6787827 0.12979107
42285949.85499373 -24.989216 -3.7062657 -33.01056 -0.70914674 -0.032056857 -0.69235665 0.1293274
42320077.85499373 -24.841722 -3.742036 -33.1941 -0.69629097 -0.025509834 -0.70549446 0.12963721
42354378.85499373 -24.684624 -3.760946 -33.323837 -0.68387055 -0.018912656 -0.7177921 0.12937494
42388843.85499373 -24.522451 -3.773516 -33.49475 -0.6709303 -0.011815147 -0.72990537 0.13019644
42423458.85499373 -24.359825 -3.760103 -33.66697 -0.6579849 -0.00490344 -0.7416285 0.13045673
42458208.85499373 -24.191156 -3.7476916 -33.822 -0.64557254 0.0013040489 -0.75236225 0.13109358
42493077.85499373 -24.02207 -3.7437928 -33.972187 -0.63288945 0.007521503 -0.76280767 0.13235918
42528049.85499373 -23.867031 -3.692805 -34.127686 -0.6203687 0.014470867 -0.77276266 0.1333089
42563110.85499373 -23.684858 -3.7208009 -34.28202 -0.6075409 0.01961973 -0.78253347 0.13472414
42598249.10499373 -23.506004 -3.6945405 -34.409447 -0.5953948 0.02616115 -0.79150623 0.13542038
42633450.85499373 -23.33511 -3.6431077 -34.50348 -0.5836883 0.034638226 -0.7997102 0.13627839
42668707.85499373 -23.164295 -3.6344793 -34.63244 -0.57065517 0.042227168 -0.8085774 0.1370116
42704011.85499373 -22.990353 -3.587599 -34.743645 -0.5580144 0.050483495 -0.8167932 0.13755094
42739352.85499373 -22.843113 -3.532291 -34.860573 -0.54491425 0.05828653 -0.82485676 0.1388616
42774721.85499373 -22.706964 -3.475034 -34.942997 -0.53238875 0.062390883 -0.8325929 0.1394947
42810113.10499373 -22.53743 -3.3992515 -35.012047 -0.5199351 0.064157866 -0.84014857 0.14036272
42845521.85499373 -22.376219 -3.337393 -35.082436 -0.5067005 0.06351935 -0.8481798 0.1407512
42880940.85499373 -22.176355 -3.2844477 -35.18283 -0.49218902 0.06066314 -0.8566994 0.14190215
42916365.85499373 -22.007248 -3.2365165 -35.21591 -0.47853988 0.057447355 -0.864435 0.14300895
42951793.10499373 -21.893707 -3.199366 -35.260025 -0.46393663 0.05382477 -0.87255514 0.14322467
42987216.85499373 -21.770805 -3.1655526 -35.245865 -0.45076817 0.049980167 -0.879738 0.14272761
43022638.85499373 -21.620073 -3.1154609 -35.272316 -0.4362439 0.045891486 -0.8872908 0.14247923
43058054.85499373 -21.47918 -3.0389752 -35.297024 -0.42141047 0.04322908 -0.89464635 0.14195941
43093457.85499373 -21.302324 -2.99687 -35.339806 -0.40615794 0.040771484 -0.9018652 0.1414661
43128842.85499373 -21.183167 -2.95913 -35.332115 -0.39264843 0.038918544 -0.9079184 0.14141001
43164204.85499373 -21.085636 -2.9021356 -35.310043 -0.3796969 0.038614135 -0.91333884 0.14195536
43199537.85499373 -20.959702 -2.8330624 -35.299347 -0.36628777 0.037423257 -0.9188839 0.14172214
43234839.85499373 -20.79261 -2.8152928 -35.276443 -0.35288605 0.03558487 -0.92416155 0.14188237
43270106.85499373 -20.661125 -2.7421021 -35.26764 -0.3397291 0.034955706 -0.929116 0.14179449
43305334.85499373 -20.564148 -2.7353358 -35.219284 -0.32713264 0.032713346 -0.93373287 0.14162277
43340519.85499373 -20.445215 -2.644463 -35.174706 -0.31542686 0.03284455 -0.9377962 0.1412992
43375660.85499373 -20.291626 -2.592922 -35.13457 -0.30278748 0.031369746 -0.9421365 0.14040804
43410754.85499373 -20.198442 -2.5560765 -35.077484 -0.29130325 0.030500555 -0.94578755 0.14034997
43445795.85499373 -20.092627 -2.532529 -35.016125 -0.28071326 0.028621998 -0.9490248 0.1404734
43480776.85499373 -19.934698 -2.4411309 -34.936222 -0.27168992 0.028171409 -0.9518999 0.13884386
43515693.85499373 -19.831726 -2.4249249 -34.89656 -0.26319283 0.02583198 -0.95443714 0.13824621
43550543.85499373 -19.68304 -2.3749857 -34.782997 -0.25791717 0.022702012 -0.956179 0.13669355
43585324.85499373 -19.586624 -2.3052974 -34.702538 -0.25301585 0.017898874 -0.9579028 0.13448045
43620035.85499373 -19.451397 -2.2869997 -34.59665 -0.24964888 0.011274656 -0.9592646 0.13175656
43654677.85499373 -19.327726 -2.2374933 -34.48693 -0.24823752 0.0048598647 -0.96001303 0.1293425
43689250.85499373 -19.207087 -2.1727843 -34.368507 -0.24780858 -0.00023055884 -0.96045405 0.12696025
43723751.85499373 -19.091429 -2.18593 -34.238373 -0.24781491 -0.006598148 -0.96060055 0.1256621
43758184.85499373 -18.975513 -2.0748653 -34.082508 -0.24975213 -0.007818883 -0.9603695 0.12350371
43792550.85499373 -18.858644 -2.1034434 -34.006668 -0.2485575 -0.013803972 -0.9604272 0.12493302
43826853.85499373 -18.74182 -2.022197 -33.86544 -0.24872434 -0.012426546 -0.96069807 0.12264211
43861100.85499373 -18.616352 -1.9448614 -33.733208 -0.24924837 -0.01069442 -0.9608955 0.12017009
43895294.85499373 -18.502024 -1.9502959 -33.58536 -0.24998361 -0.010245683 -0.96057016 0.12127766
43929441.85499373 -18.356083 -1.9342408 -33.445072 -0.24983902 -0.010511757 -0.9605676 0.12157311
43963539.85499373 -18.208683 -1.8676386 -33.25919 -0.2513819 -0.0090581775 -0.9604193 0.119665466
43997594.85499373 -18.116863 -1.8204211 -33.114098 -0.2523914 -0.008551626 -0.9600608 0.120452404
44031611.10499373 -17.988857 -1.7236227 -32.92381 -0.25535423 -0.011272477 -0.95955735 0.117969975
44065589.85499373 -17.838438 -1.7068064 -32.77214 -0.25635612 -0.016565291 -0.95943314 0.11616861
44099531.85499373 -17.700064 -1.6932555 -32.590347 -0.25771347 -0.024252027 -0.9592248 0.11350538
44133441.85499373 -17.595552 -1.6345704 -32.431633 -0.2595153 -0.030388048 -0.95883584 0.111185096
44167322.85499373 -17.448908 -1.6059182 -32.254944 -0.2607922 -0.03711629 -0.9585563 0.108534485
44201180.85499373 -17.317598 -1.5786548 -32.051826 -0.2627477 -0.043253317 -0.9579581 0.10681346
44235019.10499373 -17.176067 -1.5424964 -31.884352 -0.2636853 -0.049225807 -0.9575879 0.10522513
44268844.85499373 -17.03941 -1.5163647 -31.689217 -0.26464713 -0.054140475 -0.95724213 0.10352867
44302661.85499373 -16.919561 -1.4551332 -31.485365 -0.2658267 -0.0575969 -0.95692843 0.10152209
44336473.85499373 -16.792297 -1.4257421 -31.311554 -0.26594102 -0.061140623 -0.95674014 0.10092364
44370284.85499373 -16.66832 -1.3857042 -31.097971 -0.2679442 -0.06328326 -0.956257 0.09886259
44404096.85499373 -16.538046 -1.4143732 -30.945683 -0.26768145 -0.06536146 -0.9561382 0.099370256
44437911.85499373 -16.360037 -1.4239291 -30.750946 -0.26762667 -0.065247886 -0.9560999 0.09995857
44471733.85499373 -16.194227 -1.359857 -30.530125 -0.2679614 -0.0627511 -0.95627815 0.098950386
44505559.10499373 -16.047762 -1.3755611 -30.31332 -0.26788026 -0.061987218 -0.9563487 0.09896953
44539388.85499373 -15.853898 -1.3154961 -30.138165 -0.26576844 -0.0568192 -0.9571877 0.0996521
44573223.85499373 -15.6832075 -1.2709875 -29.904778 -0.2660736 -0.051518906 -0.9573369 0.10028335
44607055.85499373 -15.535978 -1.265032 -29.709728 -0.26432943 -0.048391365 -0.95791984 0.100885145
44640886.85499373 -15.332246 -1.2452657 -29.474764 -0.26372278 -0.043632254 -0.9582712 0.10130608
44674711.85499373 -15.191444 -1.2618735 -29.2719 -0.26228333 -0.041040298 -0.9586768 0.10228389
44708530.85499373 -15.032282 -1.2212822 -29.016006 -0.26235804 -0.0369668 -0.9589083 0.10147214
44742337.85499373 -14.880212 -1.2136171 -28.812183 -0.26165262 -0.03313423 -0.95913726 0.10244926
44776125.85499373 -14.685218 -1.1665243 -28.5598 -0.26049495 -0.030862965 -0.95956457 0.1021065
44809890.85499373 -14.535001 -1.1560764 -28.352924 -0.25789833 -0.030190494 -0.9603872 0.10116072
44843630.85499373 -14.348995 -1.1149589 -28.110575 -0.2564955 -0.030730195 -0.9609693 0.09901414
44877341.85499373 -14.204799 -1.122288 -27.88924 -0.25486746 -0.032017607 -0.9612491 0.10008841
44911015.85499373 -14.053043 -1.1201289 -27.662998 -0.2526295 -0.033938117 -0.9618459 0.09939403
44944650.85499373 -13.903687 -1.1445262 -27.434526 -0.25143546 -0.039091703 -0.96193606 0.09965549
44978248.85499373 -13.730291 -1.1077553 -27.184776 -0.25041142 -0.045734737 -0.9621239 0.09757184
45011807.85499373 -13.5427475 -1.0932524 -26.95031 -0.24820198 -0.053741194 -0.96234536 0.096948735
45045325.85499373 -13.403798 -1.1094255 -26.730358 -0.24747886 -0.05970135 -0.96226805 0.09607367
45078805.10499373 -13.234236 -1.0764236 -26.496302 -0.2460651 -0.062012073 -0.96260303 0.094878696
45112248.85499373 -13.043709 -1.0933411 -26.266228 -0.24418718 -0.06328729 -0.9630446 0.09440656
45145666.85499373 -12.863025 -1.0511363 -26.028751 -0.24216577 -0.062083744 -0.96372074 0.093507946
45179063.85499373 -12.68364 -1.0066631 -25.743114 -0.24192393 -0.06028348 -0.96406907 0.09170365
45212441.85499373 -12.524907 -0.9931492 -25.53656 -0.23978797 -0.059559904 -0.9646744 0.091420054
45245796.85499373 -12.339177 -0.9695021 -25.254568 -0.23917426 -0.058532026 -0.9649306 0.090986945
45279126.85499373 -12.165943 -0.95975775 -25.007084 -0.23818015 -0.05871421 -0.9650641 0.09205532
45312429.10499373 -11.981006 -0.9315632 -24.754112 -0.23581067 -0.05974429 -0.96543217 0.093619734
45345698.85499373 -11.802962 -0.91396654 -24.482925 -0.23461199 -0.058316864 -0.96563953 0.09537624
45378927.85499373 -11.618091 -0.90711224 -24.2317 -0.23227192 -0.057169408 -0.9661803 0.09631709
45412111.85499373 -11.437066 -0.87998223 -23.96148 -0.23056327 -0.054037455 -0.9668232 0.09577821
45445248.85499373 -11.248269 -0.8473127 -23.69589 -0.22897364 -0.05192692 -0.96735233 0.095416136
45478332.85499373 -11.065411 -0.81764215 -23.425438 -0.2269052 -0.05072726 -0.96797454 0.09469001
45511359.10499373 -10.881792 -0.7934369 -23.14941 -0.22431704 -0.0498625 -0.9684959 0.09597554
45544321.85499373 -10.700136 -0.7687419 -22.87317 -0.22199978 -0.048772633 -0.9690812 0.096015535
45577220.85499373 -10.516877 -0.7415059 -22.60025 -0.218273 -0.04810422 -0.9699473 0.09615233
45610060.10499373 -10.330045 -0.71266085 -22.316954 -0.21578445 -0.04838015 -0.9705919 0.095120244
45642842.85499373 -10.13871 -0.6755358 -22.039814 -0.21214542 -0.047883436 -0.97165537 0.09266843
45675579.85499373 -9.95965 -0.6517479 -21.754255 -0.20931603 -0.04748593 -0.9723107 0.09243296
45708276.85499373 -9.783659 -0.6161772 -21.472431 -0.20633303 -0.047264677 -0.9731827 0.09004583
45740943.10499373 -9.596718 -0.5889415 -21.18976 -0.20270164 -0.046537932 -0.97403187 0.08948902
45773589.85499373 -9.421064 -0.56927097 -20.892824 -0.1990169 -0.04604755 -0.9747691 0.08998447
45806220.85499373 -9.227278 -0.5405558 -20.60698 -0.19370683 -0.046430882 -0.97590685 0.08903736
45838836.85499373 -9.0491495 -0.5209092 -20.312126 -0.18913078 -0.046187874 -0.9768624 0.08852219
45871420.85499373 -8.851201 -0.49505895 -20.011723 -0.18313816 -0.046070404 -0.97803414 0.08824549
45903935.85499373 -8.660122 -0.4676736 -19.720669 -0.1773185 -0.046049234 -0.97920936 0.08710136
45936345.85499373 -8.474806 -0.44003928 -19.406052 -0.17193343 -0.04631853 -0.9801926 0.086694755
45968622.10499373 -8.282365 -0.4130771 -19.106554 -0.1659804 -0.045297667 -0.981346 0.08578276
46000753.85499373 -8.100025 -0.382912 -18.798105 -0.16097434 -0.04502782 -0.98227656 0.08480871
46032743.85499373 -7.963704 -0.38446078 -18.526646 -0.15615755 -0.04355914 -0.9831115 0.08490744
46064600.85499373 -7.7818213 -0.3572933 -18.23166 -0.15189148 -0.04225973 -0.98390454 0.084112786
46096334.85499373 -7.585663 -0.3269813 -17.925003 -0.14692499 -0.041709468 -0.98485136 0.08210514
46127948.85499373 -7.388774 -0.2832134 -17.604681 -0.14144546 -0.04068128 -0.9858553 0.08017264
46159441.85499373 -7.1995616 -0.3006155 -17.339174 -0.13481101 -0.041960742 -0.9868516 0.07867177
46190815.85499373 -7.028377 -0.2711572 -17.04375 -0.12870003 -0.039582998 -0.9879863 0.07584591
46222071.85499373 -6.8876157 -0.2854113 -16.71679 -0.1232731 -0.033340216 -0.9891952 0.072006516
46253212.10499373 -6.693798 -0.2775023 -16.396996 -0.117035724 -0.02182336 -0.99061906 0.06708435
46284239.85499373 -6.5126657 -0.28468648 -16.087456 -0.110564135 -0.008744571 -0.9918985 0.061939474
46315157.85499373 -6.362857 -0.24600977 -15.768029 -0.10484686 0.006339823 -0.9928869 0.056058362
46345969.85499373 -6.2253284 -0.2669176 -15.461581 -0.09957512 0.019113807 -0.99349207 0.051894568
46376673.85499373 -5.976465 -0.26278543 -15.117582 -0.092169225 0.030427573 -0.99415904 0.047190495
46407276.85499373 -5.812236 -0.26499873 -14.797504 -0.084929906 0.039238587 -0.9946159 0.044570617
46437784.10499373 -5.660202 -0.26943722 -14.523213 -0.078636095 0.046887334 -0.9948658 0.04312934
46468205.85499373 -5.493972 -0.2576691 -14.1980295 -0.07221934 0.05154326 -0.9951679 0.042053014
46498556.85499373 -5.369529 -0.24540089 -13.884618 -0.06627855 0.055405173 -0.9953842 0.04180716
46528847.85499373 -5.2197394 -0.23438647 -13.582102 -0.059488967 0.060141943 -0.9955901 0.040551327
46559089.85499373 -5.07329 -0.256159 -13.282209 -0.05324184 0.064018786 -0.99570376 0.040509474
46589294.85499373 -4.92086 -0.27489012 -12.991675 -0.046076674 0.066275 -0.99594045 0.03984158
46619474.85499373 -4.770062 -0.28526965 -12.664028 -0.040195283 0.07225217 -0.9958194 0.03883039
46649639.85499373 -4.6339674 -0.26602522 -12.326955 -0.03367763 0.077297375 -0.9957353 0.03744527
46679798.85499373 -4.5281544 -0.26799107 -12.044047 -0.026639191 0.080893934 -0.99571663 0.0359862
46709955.10499373 -4.3814893 -0.24988978 -11.691962 -0.019481502 0.083869554 -0.99567544 0.03488177
46740112.85499373 -4.2859306 -0.26833373 -11.419441 -0.012529247 0.088023424 -0.99543923 0.034578748
46770278.85499373 -4.174251 -0.28314078 -11.110559 -0.0047495277 0.0913355 -0.99522465 0.03410627
46800455.85499373 -4.064079 -0.29771474 -10.796875 0.0027179804 0.096337825 -0.9947858 0.033360746
46830642.85499373 -3.9661841 -0.3038391 -10.495426 0.010467211 0.09991434 -0.9943843 0.03328065
46860842.85499373 -3.8897538 -0.289817 -10.197873 0.017198985 0.10033963 -0.99421555 0.0342284
46891058.85499373 -3.8192804 -0.29471645 -9.864858 0.025502656 0.09923586 -0.99411625 0.035138763
46921289.10499373 -3.7528608 -0.28597814 -9.551226 0.03290628 0.09752497 -0.99406385 0.035259783
46951534.85499373 -3.6728878 -0.29139772 -9.24362 0.041145373 0.09618705 -0.9938577 0.036084678
46981799.85499373 -3.6191854 -0.31265485 -8.924497 0.047921833 0.092742816 -0.9938432 0.03712187
47012083.85499373 -3.5586376 -0.32236442 -8.6240425 0.05470738 0.08848154 -0.99384147 0.038175084
47042386.85499373 -3.4635165 -0.30282515 -8.296146 0.06097018 0.08192883 -0.9940525 0.037815534
47072709.85499373 -3.419745 -0.325232 -7.9825397 0.06662905 0.07389575 -0.9942795 0.03883869
47103053.85499373 -3.379053 -0.34645003 -7.6799946 0.071612254 0.06974539 -0.99423933 0.03867142
47133418.85499373 -3.4085546 -0.33804724 -7.3383245 0.075639166 0.06883193 -0.9940292 0.038037162
47163803.85499373 -3.3541791 -0.3452814 -7.038496 0.08110904 0.070812576 -0.99347275 0.037666425
47194204.85499373 -3.353602 -0.3749129 -6.764195 0.0858442 0.07103331 -0.9930531 0.03782554
47224619.85499373 -3.341222 -0.41930327 -6.4605613 0.09006395 0.070227414 -0.992675 0.039407447
47255048.85499373 -3.3326461 -0.4515256 -6.171811 0.09411185 0.06824838 -0.99242395 0.03974789
47285488.85499373 -3.3286855 -0.47778332 -5.874356 0.09764122 0.06233771 -0.9924731 0.039715722
47315936.85499373 -3.322793 -0.4845872 -5.5451303 0.10024577 0.050779082 -0.99283797 0.040559568
47346392.85499373 -3.3045256 -0.53519124 -5.2486415 0.1040607 0.037116524 -0.99293673 0.043248735
47376850.85499373 -3.3258457 -0.5475762 -4.9297233 0.10667146 0.024698075 -0.9929727 0.044905007
47407311.10499373 -3.3307014 -0.5949286 -4.6440516 0.10932027 0.014205578 -0.9928127 0.046585348
47437763.10499373 -3.334401 -0.60316604 -4.341559 0.111913025 0.0049056034 -0.99260473 0.046769436
47468201.85499373 -3.3264108 -0.6256427 -4.0302334 0.114146836 -0.0044143447 -0.99232274 0.04739963
47498622.85499373 -3.3435836 -0.63229257 -3.7302346 0.11544848 -0.014881117 -0.99203634 0.04810623
47529022.85499373 -3.3549922 -0.6913389 -3.4472332 0.11757128 -0.023099273 -0.991547 0.049779054
47559395.85499373 -3.3993895 -0.73704565 -3.1743882 0.11868772 -0.027996575 -0.99124897 0.050547555
47589740.85499373 -3.3819163 -0.7661298 -2.8422725 0.12183121 -0.029003853 -0.99081254 0.051055085
47620055.10499373 -3.3905196 -0.77342427 -2.5111105 0.12552577 -0.027560448 -0.99047405 0.049446937
47650341.85499373 -3.4285274 -0.8044486 -2.223211 0.12871253 -0.025425358 -0.9901452 0.048980515
47680597.85499373 -3.4263813 -0.8371018 -1.8906326 0.13354392 -0.024214918 -0.98958653 0.047938786
47710823.85499373 -3.4271984 -0.8650874 -1.5790023 0.13878839 -0.022835335 -0.98891115 0.047656976
47741022.85499373 -3.4554453 -0.90474445 -1.2970846 0.14392361 -0.021242352 -0.9882076 0.047755837
47771196.85499373 -3.42788 -0.90685254 -0.968713 0.15013668 -0.019239875 -0.9873921 0.046321537
47801346.85499373 -3.4508097 -0.92312104 -0.668265 0.15584181 -0.01673676 -0.98664075 0.044422824
47831471.10499373 -3.4641857 -0.9681387 -0.37250525 0.16089833 -0.013122544 -0.9859001 0.04405278
47861571.85499373 -3.4787378 -0.9887582 -0.08114521 0.16742833 -0.0092553785 -0.9849067 0.042907488
47891650.10499373 -3.468834 -1.0261095 0.22389925 0.17426625 -0.005549428 -0.98378086 0.042138923
47921707.85499373 -3.4697044 -1.0654546 0.53896046 0.18124968 -0.0014381806 -0.98258847 0.040822107
47951745.85499373 -3.5110483 -1.0931509 0.84679663 0.18761437 0.0036525007 -0.98146313 0.03895847
47981766.85499373 -3.5170817 -1.0959557 1.181669 0.19528982 0.007082041 -0.97999704 0.037651356
48011768.85499373 -3.5390098 -1.1274812 1.4771628 0.2029645 0.010223334 -0.9784367 0.03691289
48041748.85499373 -3.5357156 -1.1831592 1.8009654 0.21158837 0.01314444 -0.9765959 0.03630653
48071704.85499373 -3.5395465 -1.2261788 2.0891232 0.22017924 0.014430108 -0.9747115 0.035361752
48101632.85499373 -3.5502672 -1.2161111 2.434064 0.22926031 0.017501831 -0.97263837 0.03328839
48131530.85499373 -3.5594504 -1.2381971 2.7354004 0.23809123 0.021110393 -0.97050035 0.03156093
48161392.10499373 -3.6275082 -1.2268032 3.069028 0.2470935 0.023844322 -0.9682659 0.028937565
48191211.85499373 -3.6591465 -1.250845 3.361884 0.25606394 0.02915466 -0.9658295 0.027472248
48220989.85499373 -3.7094228 -1.2701683 3.6663027 0.26491416 0.03392661 -0.96334606 0.025177876
48250724.85499373 -3.6816642 -1.3244172 3.965317 0.27489185 0.03887399 -0.9603838 0.024211138
48280415.85499373 -3.6839485 -1.36346 4.265893 0.28456977 0.043967932 -0.95737886 0.022643764
48310062.85499373 -3.7462354 -1.388584 4.557226 0.29436883 0.046926778 -0.9543151 0.020678863
48339666.85499373 -3.7890022 -1.3953645 4.851396 0.30440304 0.0502639 -0.9510261 0.019021673
48369219.85499373 -3.877469 -1.42137 5.151025 0.31447294 0.05307821 -0.9476158 0.01771654
48398723.85499373 -3.9022205 -1.4709164 5.4538293 0.3257764 0.055870496 -0.94364643 0.016726518
