1504645596336020.2 -0.0 -0.0 -0.0 -0.0 -0.0 1.0 -0.0
1504645596367879.5 -0.00413072 0.0013146165 0.0038856552 0.0007505879 -0.0011930206 0.99999774 0.0016099956
1504645596399738.2 -0.00091172167 -0.0043116068 -0.002585119 0.0013797968 -0.0010342464 0.99999774 0.0012794209
1504645596431598.2 -0.0042801923 -0.0022890356 -0.000996549 0.0008080519 -0.00032221279 0.99999636 0.0025493011
1504645596463457.2 -0.0037991034 -0.0064235646 -0.003620312 0.0009857628 -0.00077877357 0.9999969 0.0021633592
1504645596495316.2 -0.0037991034 -0.0064235646 -0.003620312 0.0009857628 -0.00077877357 0.9999969 0.0021633592
1504645596527175.5 0.002252089 -0.013417125 -0.005296099 0.0018084927 -0.001439918 0.99998945 0.0039815214
1504645596559035.5 0.002252089 -0.013417125 -0.005296099 0.0018084927 -0.001439918 0.99998945 0.0039815214
1504645596590894.2 -0.0027666248 -0.017604023 0.020806812 8.197055e-05 -0.0013579755 0.9999718 0.0073963064
1504645596622753.2 0.021130897 -0.02745441 0.026849857 -0.00091054826 -0.0020848247 0.9999637 0.008217709
1504645596654613.2 0.006724976 -0.02759738 0.032290906 -0.0007006764 -0.0025262884 0.9999438 0.010272292
1504645596686472.2 0.008837323 -0.041809957 0.03702867 -0.00049798994 -0.0034921097 0.9999726 0.006518981
1504645596718332.5 0.0052018166 -0.041921154 0.04665512 0.0009609228 -0.0017694591 0.9999559 0.009175831
1504645596750191.2 0.025970802 -0.050155565 0.038164966 2.6398397e-05 -0.0052184756 0.99996746 0.0061578876
1504645596782050.2 0.03465587 -0.057942897 0.02364342 -0.0015207327 -0.006271387 0.9999634 0.005628639
1504645596813910.2 0.039387178 -0.059208136 0.0225229 -0.0011319309 -0.0063825613 0.99996907 0.004474072
1504645596845769.2 0.034163762 -0.068914026 0.014852679 5.9724676e-05 -0.008196503 0.9999648 0.0018080027
1504645596877628.5 0.022121057 -0.070706196 0.018359408 0.0011368576 -0.009843665 0.9999483 0.0022815452
1504645596909488.5 0.020737233 -0.066941865 0.011988391 0.0026401586 -0.008102655 0.9999637 0.00040165833
1504645596941347.2 0.00047588584 -0.05927622 0.024924729 0.0013844024 0.0031487257 0.9999842 0.0044595767
1504645596973207.2 -0.012027625 -0.067191966 -0.06594577 0.0029191133 0.0037000675 0.99997747 0.004775327
1504645597005066.2 -0.022122532 -0.08049672 -0.061882146 0.0033080056 0.0063321255 0.99996114 0.005173832
1504645597036925.2 -0.012882767 -0.13930647 -0.08527775 0.00053744187 0.00757541 0.9999281 -0.009282446
1504645597068785.5 -0.03400158 -0.16310726 -0.08859564 0.0063456674 0.0047534066 0.99994814 -0.006399643
1504645597100644.2 -0.020712016 -0.16817655 -0.11061949 -0.00023081496 0.00696737 0.99996805 0.003921548
1504645597132504.2 -0.02248991 -0.21864761 -0.11848114 -0.00067077874 0.0073716664 0.9999694 -0.0025400007
1504645597164363.2 -0.030399604 -0.27029982 -0.123047344 0.00056973175 0.008065812 0.9999446 -0.006742569
1504645597196223.2 -0.029212942 -0.28662315 -0.14217167 -0.0012526824 0.009698672 0.99994546 0.003677106
1504645597228082.5 -0.036880285 -0.337736 -0.15085295 0.0001349778 0.01055152 0.99994403 -0.0008571686
1504645597259941.5 -0.04198364 -0.39300406 -0.16318643 -0.00038724366 0.010691416 0.99992573 -0.005842379
1504645597291800.2 -0.031119877 -0.42680293 -0.19206859 -0.003848756 0.016475098 0.9998542 0.0023090194
1504645597323659.2 -0.02851287 -0.46305156 -0.1959227 -0.0046410896 0.015486181 0.9998691 0.00060709694
1504645597355519.2 -0.029215194 -0.505529 -0.1991173 -0.0032099946 0.014095093 0.9998872 -0.0040787803
1504645597387378.2 -0.029739406 -0.54594404 -0.21384689 -0.001328314 0.010950878 0.9998932 -0.00959571
1504645597419237.5 -0.035301175 -0.5726007 -0.21757603 0.001819254 0.006285827 0.9998888 -0.013406743
1504645597451097.2 -0.004688277 -0.5979806 -0.22817008 -0.002670887 0.010248868 0.9998295 -0.01513247
1504645597482956.2 0.02093374 -0.6133651 -0.23536344 -0.005084138 0.007573179 0.99988997 -0.011704632
1504645597514816.2 0.038488537 -0.6286159 -0.2271857 -0.0062889205 0.009894756 0.9999052 -0.007219648
1504645597546675.2 0.074956365 -0.66850954 -0.23352171 -0.009180865 0.014711806 0.9998451 -0.0030251518
1504645597578534.5 0.10530178 -0.71619433 -0.22918251 -0.009185705 0.013158009 0.99986726 -0.002820667
1504645597610394.2 0.12891114 -0.75011134 -0.22590472 -0.008255349 0.010895597 0.9999037 -0.0023957375
1504645597642253.2 0.16314486 -0.7933006 -0.22004296 -0.0076113697 0.009835581 0.99991757 -0.0032020453
1504645597674113.2 0.21230476 -0.84112054 -0.2301106 -0.0075496407 0.010403214 0.999906 -0.0047778757
1504645597705972.2 0.26437768 -0.87194955 -0.21040069 -0.009774918 0.010493257 0.9998948 -0.0021994864
1504645597737831.5 0.3242065 -0.9249865 -0.21133147 -0.009740166 0.009491974 0.99989533 -0.0049502677
1504645597769691.5 0.38712516 -0.9747753 -0.21702278 -0.013048743 0.009891262 0.9998483 -0.0059468774
1504645597801550.2 0.46095392 -1.0136193 -0.19055665 -0.013447276 0.009601737 0.9998494 -0.005318783
1504645597833410.2 0.5103046 -1.0763866 -0.17869073 -0.014930379 0.009874706 0.9998232 -0.005758955
1504645597865269.2 0.5875199 -1.1516325 -0.20055015 -0.013978802 0.009389248 0.9998241 -0.008265059
1504645597897128.2 0.6680496 -1.2200854 -0.18084261 -0.016285215 0.0063910577 0.99981016 -0.00858363
1504645597928988.5 0.7394741 -1.2865198 -0.15730682 -0.016877903 0.0057851616 0.99979514 -0.009561773
1504645597960847.2 0.81512797 -1.3503305 -0.15797965 -0.016105937 0.007355038 0.9997848 -0.010808891
1504645597992707.2 0.8622411 -1.4090314 -0.17958409 -0.017533716 0.004675426 0.99974203 -0.013663507
1504645598024566.2 0.9441029 -1.4860741 -0.1801639 -0.017997785 0.0035340937 0.99970734 -0.015776707
1504645598056425.2 1.0279971 -1.5624576 -0.17213446 -0.0180186 0.0018578285 0.9996793 -0.017698271
1504645598088284.5 1.1343961 -1.618789 -0.17213404 -0.02044228 0.0006695686 0.9996622 -0.01603645
1504645598120143.2 1.2471914 -1.699729 -0.13898335 -0.022729412 -0.0020605654 0.9996325 -0.014632949
1504645598152003.2 1.3495072 -1.8195925 -0.121730655 -0.022730459 -0.0064393445 0.99962074 -0.014153508
1504645598183862.2 1.4897791 -1.9150538 -0.14562306 -0.023880694 -0.009113252 0.99955654 -0.015280909
1504645598215722.2 1.5699396 -1.948123 -0.07563655 -0.024830328 -0.008586075 0.9995725 -0.012826806
1504645598247581.2 1.6916345 -2.0502782 -0.05393951 -0.026072197 -0.007822148 0.9994947 -0.016416978
1504645598279440.5 1.7236488 -2.0929983 -0.0088546 -0.026482495 -0.006577359 0.99947816 -0.017286913
1504645598311300.2 1.8222309 -2.193484 -0.061701644 -0.027872903 -0.011683629 0.9993426 -0.020025996
1504645598343159.2 1.9115757 -2.1827524 0.020601774 -0.028630927 -0.011555799 0.9993503 -0.018595718
1504645598375019.2 1.9894878 -2.2983754 0.003184147 -0.02838607 -0.012423852 0.99932 -0.01998686
1504645598406878.2 2.074042 -2.2968426 -0.02388985 -0.030668335 -0.013101423 0.9992691 -0.018680897
1504645598438737.5 2.196616 -2.3650274 0.029726926 -0.031630665 -0.015672293 0.9992026 -0.018656587
1504645598470597.5 2.3089309 -2.4293866 0.08733673 -0.033314288 -0.013959948 0.9991671 -0.01898491
1504645598502456.2 2.3534844 -2.486561 0.12686849 -0.033114962 -0.013126247 0.9991558 -0.020463
1504645598534316.2 2.4462082 -2.5605206 0.1317234 -0.034241486 -0.014831418 0.9990783 -0.021215878
1504645598566175.2 2.5069036 -2.6352885 0.15728863 -0.035282623 -0.0123403985 0.9989871 -0.025054852
1504645598598034.5 2.5534477 -2.6122258 0.37952012 -0.034745004 -0.014317622 0.9990652 -0.021364741
1504645598629894.5 2.6230419 -2.6288345 0.40284622 -0.03600758 -0.013458201 0.9990306 -0.021454152
1504645598661753.2 2.694984 -2.6446338 0.41595608 -0.03831505 -0.012452275 0.9989916 -0.019816693
1504645598693613.2 2.7222643 -2.662748 0.5207537 -0.03774647 -0.013281498 0.99902123 -0.018853514
1504645598725472.2 2.8474846 -2.7235491 0.57215416 -0.039549902 -0.011674849 0.9989626 -0.019319996
1504645598757331.2 2.8881044 -2.741452 0.60295135 -0.04003611 -0.013587406 0.9988775 -0.021360185
1504645598789191.5 2.957371 -2.7169561 0.59499717 -0.04159527 -0.01211114 0.9988442 -0.020818727
1504645598821050.2 3.0340672 -2.7460432 0.61223507 -0.04226288 -0.011352556 0.9987732 -0.023175282
1504645598852909.2 3.028602 -2.7351108 0.6367105 -0.042346414 -0.011219015 0.9987519 -0.023992822
1504645598884768.2 3.117766 -2.8202257 0.7001396 -0.04443661 -0.010689947 0.9985789 -0.027410494
1504645598916628.2 3.1233 -2.7789755 0.69194525 -0.04421413 -0.008634223 0.9986107 -0.027337205
1504645598948487.5 3.300737 -2.8341842 0.6886717 -0.048478026 -0.0061675473 0.998418 -0.027811838
1504645598980346.2 3.222043 -2.8616948 0.75614053 -0.0445879 -0.0060403324 0.99858665 -0.028286783
1504645599012206.2 3.2537313 -2.8869874 0.82161254 -0.044219203 -0.0086025875 0.99860686 -0.02747841
1504645599044065.2 3.3380456 -2.9691434 0.83585 -0.046081915 -0.008352353 0.99845576 -0.02987954
1504645599075925.2 3.4937956 -2.9894016 0.8263744 -0.049277734 -0.0076173088 0.9983535 -0.028356537
1504645599107784.2 3.5436218 -2.9986444 0.85105866 -0.050791945 -0.0059296815 0.9983094 -0.02762947
1504645599139643.5 3.611256 -3.0429518 0.9486066 -0.05089859 -0.00803676 0.99823004 -0.029690927
1504645599171503.2 3.6320536 -3.122102 1.0559926 -0.051052917 -0.009746262 0.9981692 -0.030935615
1504645599203362.2 3.8023963 -3.1986315 0.9704905 -0.055346355 -0.013463727 0.99784976 -0.03242688
1504645599235222.2 3.8840437 -3.2092717 1.0716954 -0.05843314 -0.013644924 0.99770594 -0.031343266
1504645599267081.2 3.9314842 -3.3148162 1.1116121 -0.056977265 -0.014533154 0.9977272 -0.032906547
1504645599298940.5 3.9253109 -3.3123813 1.2018034 -0.056164537 -0.013475007 0.99784726 -0.031063577
1504645599330800.5 3.888773 -3.261724 1.1863514 -0.05298849 -0.014037875 0.9980741 -0.029039783
1504645599362659.2 3.9520366 -3.3557549 1.3418635 -0.05360618 -0.015299759 0.9979546 -0.031289715
1504645599394519.2 3.9931633 -3.3569543 1.3853254 -0.05334383 -0.01414725 0.99792683 -0.03311209
1504645599426378.2 4.0098524 -3.3594472 1.4433103 -0.053505138 -0.014847695 0.99794275 -0.032046404
1504645599458237.2 4.063485 -3.3881643 1.4748065 -0.05310509 -0.013695097 0.99795014 -0.03298289
1504645599490097.5 4.1900716 -3.3710272 1.5084666 -0.056826506 -0.013359078 0.9977806 -0.03203423
1504645599521956.2 4.1691794 -3.442486 1.5909612 -0.05525844 -0.009956256 0.997839 -0.034130707
1504645599553815.2 4.3024793 -3.4619818 1.5539476 -0.05697365 -0.010232529 0.99768466 -0.03570281
1504645599585675.2 4.3754983 -3.5209842 1.6287891 -0.058428977 -0.011649263 0.99760354 -0.035180006
1504645599617534.2 4.4242945 -3.500213 1.6837604 -0.056543194 -0.012177109 0.9976918 -0.035576835
1504645599649393.5 4.522991 -3.4881887 1.7558905 -0.058360178 -0.013807805 0.9975203 -0.036833335
1504645599681252.2 4.489665 -3.4125564 1.9383574 -0.056497786 -0.011478311 0.9978665 -0.03063941
1504645599713112.2 4.5992627 -3.4514627 2.0703251 -0.057402544 -0.010842184 0.9977879 -0.03173001
1504645599744971.2 4.726063 -3.5118542 2.0828595 -0.06117 -0.010659412 0.9975275 -0.032916617
1504645599776831.2 4.7982135 -3.4997628 2.1006188 -0.061907265 -0.008450176 0.9974933 -0.033213813
1504645599808690.5 4.8742633 -3.5913732 2.1185968 -0.063495964 -0.008889778 0.9973295 -0.03497436
1504645599840549.5 4.9792166 -3.6386726 2.2085953 -0.06341901 -0.008806743 0.99729323 -0.036150467
1504645599872409.2 4.9273334 -3.629793 2.3586307 -0.060974922 -0.008697132 0.997532 -0.03371024
1504645599904268.2 4.9331336 -3.7112088 2.4001563 -0.060493007 -0.008979028 0.99749064 -0.035671312
1504645599936127.2 5.09618 -3.7555027 2.4244993 -0.0634042 -0.0086837495 0.99726397 -0.03700085
1504645599967987.2 5.1095195 -3.7381783 2.4839637 -0.06410114 -0.0064787907 0.9972871 -0.035602607
1504645599999846.5 5.1598406 -3.7084384 2.4917831 -0.06390168 -0.00672083 0.9972474 -0.037001412
1504645600031706.2 5.2271276 -3.7741725 2.5651424 -0.06469609 -0.005481335 0.99718845 -0.03741236
1504645600063565.2 5.280288 -3.9034336 2.6792107 -0.064682394 -0.005590336 0.9971042 -0.039600167
1504645600095425.2 5.4734535 -3.9810655 2.7921972 -0.069256045 -0.00625128 0.9968566 -0.0379687
1504645600127284.2 5.4581914 -4.0108356 3.014379 -0.06821103 -0.0024362048 0.99698657 -0.03686576
1504645600159143.5 5.318491 -4.0063486 3.0725327 -0.06526753 0.0006716955 0.9972643 -0.034692694
1504645600191003.5 5.363579 -4.054377 3.1500769 -0.06618834 0.0024870443 0.9972129 -0.034343015
1504645600222862.2 5.3534756 -4.131305 3.2263947 -0.06580948 0.004263388 0.9972277 -0.034465495
1504645600254722.2 5.4410706 -4.215398 3.3345628 -0.06844842 0.0067896997 0.99701136 -0.035172455
1504645600286581.2 5.5004716 -4.331495 3.426658 -0.06822712 0.0054630428 0.9970002 -0.03613592
1504645600318440.2 5.5357194 -4.434368 3.4912846 -0.0680249 0.0061956714 0.996949 -0.03777406
1504645600350299.5 5.5646086 -4.421756 3.619167 -0.067982204 0.0058729714 0.9970638 -0.034751136
1504645600382159.2 5.612237 -4.504958 3.735382 -0.06890716 0.0070083397 0.99697816 -0.035175636
1504645600414018.2 5.7025247 -4.6189003 3.8064597 -0.06996714 0.007933509 0.9968931 -0.035295498
1504645600445877.2 5.88858 -4.745504 3.9221892 -0.07363331 0.0069155754 0.99657273 -0.037056208
1504645600477736.2 5.791137 -4.775603 4.0426874 -0.070324376 0.008415024 0.9968594 -0.035427254
1504645600509596.5 5.8458433 -4.8886952 4.1747713 -0.07048748 0.00798486 0.9968809 -0.034589123
1504645600541455.2 5.920295 -5.000952 4.264422 -0.0714965 0.008360129 0.99679977 -0.03476616
1504645600573315.2 6.007498 -5.109913 4.3824015 -0.07263533 0.0070294286 0.99668276 -0.0360307
1504645600605174.2 5.923743 -5.1330237 4.4907427 -0.068837166 0.0072833877 0.9969841 -0.03508601
1504645600637033.2 6.0359244 -5.2636356 4.5801516 -0.0711572 0.006274206 0.9967296 -0.037781704
1504645600668893.2 6.123471 -5.3727655 4.6650977 -0.07225683 0.0063456334 0.9965748 -0.03971658
1504645600700752.5 6.193329 -5.452684 4.763962 -0.07472544 0.0081722755 0.9963099 -0.0414255
1504645600732612.2 6.054017 -5.4045672 4.9283533 -0.06880425 0.009464692 0.9968637 -0.037935235
1504645600764471.2 6.161119 -5.504935 5.0010033 -0.070693314 0.011898454 0.9966228 -0.04004914
1504645600796330.2 6.22319 -5.6293406 5.1052694 -0.07140327 0.0112924315 0.9965203 -0.041489936
1504645600828190.2 6.311259 -5.735746 5.215378 -0.073113866 0.012897825 0.9962958 -0.043389954
1504645600860049.5 6.191526 -5.712937 5.317012 -0.06851148 0.013133872 0.99669766 -0.041563477
1504645600891909.5 6.2919908 -5.806309 5.4046445 -0.07082225 0.0143894395 0.9963983 -0.04435615
1504645600923768.2 6.3713765 -5.9144106 5.4850125 -0.073049925 0.014014893 0.99611187 -0.04720676
1504645600955627.2 6.397053 -5.9874334 5.5801325 -0.072378136 0.0145580815 0.9960646 -0.049039394
1504645600987487.2 6.462373 -6.089003 5.659488 -0.07345931 0.016330317 0.99586767 -0.05083992
1504645601019346.5 6.2800255 -5.9738765 5.808103 -0.06761112 0.015716853 0.9965499 -0.04549752
1504645601051206.5 6.342685 -6.106758 5.898647 -0.06863825 0.01736772 0.9962852 -0.04902071
1504645601083065.2 6.388516 -6.1775923 5.9910045 -0.06957606 0.016139055 0.9962015 -0.04981238
1504645601114924.2 6.436001 -6.269556 6.0976763 -0.070878364 0.01656643 0.9960758 -0.050347757
1504645601146783.2 6.4292827 -6.344511 6.218448 -0.071887136 0.017952792 0.99592394 -0.051434085
1504645601178643.2 6.4313045 -6.298447 6.361034 -0.072415814 0.017640801 0.99608344 -0.047567338
1504645601210502.5 6.384108 -6.362612 6.4347763 -0.06999978 0.017394405 0.99620944 -0.048624024
1504645601242361.2 6.4409943 -6.438636 6.5099363 -0.0710992 0.018263565 0.99609756 -0.048999418
1504645601274221.2 6.386959 -6.5196953 6.6435766 -0.06978597 0.01765693 0.9962321 -0.048371293
1504645601306080.2 6.45242 -6.611545 6.7277517 -0.07214584 0.017947484 0.99599844 -0.049597885
1504645601337939.2 6.464211 -6.660529 6.8189983 -0.07190065 0.019253613 0.9959983 -0.049467087
1504645601369799.5 6.3986917 -6.7421284 6.9631376 -0.06891659 0.014994262 0.9962658 -0.049801357
1504645601401658.2 6.4212546 -6.8242655 7.106035 -0.0692196 0.01397249 0.99625564 -0.049882025
1504645601433518.2 6.491219 -6.9306254 7.176614 -0.07071587 0.0114041595 0.99604964 -0.052482586
1504645601465377.2 6.4603 -6.9781475 7.32175 -0.07065 0.01218163 0.9961459 -0.050532475
1504645601497236.2 6.455148 -7.0490623 7.426682 -0.07166595 0.013265379 0.99607104 -0.05030578
1504645601529096.2 6.5017343 -7.126274 7.5358424 -0.073042825 0.013892794 0.9959472 -0.050605424
1504645601560955.5 6.498632 -7.2217817 7.691116 -0.07303188 0.01418211 0.9959749 -0.049992897
1504645601592815.2 6.399171 -7.266674 7.7692533 -0.071536444 0.011847016 0.99613154 -0.04963977
1504645601624674.2 6.380473 -7.367503 7.894402 -0.071456686 0.0111660855 0.9961182 -0.05017809
1504645601656533.2 6.4111314 -7.4564075 7.9981093 -0.07269737 0.009882295 0.9959734 -0.051521495
1504645601688393.2 6.3683357 -7.51756 8.132442 -0.07160877 0.009884651 0.99614275 -0.049740735
1504645601720252.5 6.350876 -7.6058683 8.24147 -0.0717971 0.009535419 0.99614066 -0.049579598
1504645601752112.5 6.370027 -7.688203 8.335824 -0.07332515 0.009123795 0.99599195 -0.0504
1504645601783971.2 6.268333 -7.710892 8.461297 -0.07133205 0.007400453 0.9962446 -0.048513845
1504645601815830.2 6.274779 -7.811216 8.56242 -0.072693065 0.006246534 0.9960494 -0.050619297
1504645601847690.2 6.2095222 -7.8517847 8.661848 -0.07213145 0.008006793 0.9961149 -0.04988075
1504645601879549.2 6.2204757 -7.96287 8.770458 -0.07353716 0.0062478306 0.99590325 -0.05224911
1504645601911408.5 6.190572 -8.035632 8.845286 -0.074171424 0.0068406197 0.99578696 -0.05348022
1504645601943267.2 6.1313586 -8.094626 8.980456 -0.07336093 0.0059029786 0.99593866 -0.051860224
1504645601975127.2 6.143557 -8.203333 9.058534 -0.075154 0.0055874484 0.99572414 -0.053423923
1504645602006986.2 6.01391 -8.2805395 9.176408 -0.07093168 0.00027440768 0.9959906 -0.054510616
1504645602038845.2 6.0048337 -8.377809 9.268278 -0.07228552 -0.0005627226 0.995834 -0.05558092
1504645602070705.5 5.957985 -8.462965 9.353442 -0.07297109 -0.0002724936 0.995721 -0.05670057
1504645602102564.2 5.924115 -8.523501 9.446203 -0.073946506 6.5504595e-05 0.9956857 -0.05605322
1504645602134424.2 5.859235 -8.610852 9.57047 -0.07449651 0.001018614 0.9955923 -0.056967344
1504645602166283.2 5.814725 -8.676626 9.659278 -0.075599104 0.001417786 0.9955088 -0.056965154
1504645602198142.2 5.82561 -8.781906 9.772368 -0.07818557 0.0007428732 0.995194 -0.058952413
1504645602230002.2 5.5435505 -8.831598 9.927196 -0.06818048 -0.0044248668 0.99594885 -0.058463097
1504645602261861.5 5.466275 -8.893453 10.068689 -0.0676047 -0.003936917 0.99600136 -0.058271445
1504645602293721.2 5.440698 -9.012889 10.131803 -0.0680593 -0.0073003843 0.9957819 -0.061099067
1504645602325580.2 5.420408 -9.1199 10.244351 -0.06898271 -0.0077330437 0.9955234 -0.06414712
1504645602357439.2 5.435279 -9.1636305 10.323372 -0.07261565 -0.0063348236 0.99535376 -0.06291066
1504645602389299.2 5.3232255 -9.22388 10.440084 -0.071372315 -0.005279342 0.9954695 -0.06259952
1504645602421158.5 5.3182015 -9.286439 10.546793 -0.07372123 -0.0032441407 0.9952979 -0.06274331
1504645602453018.2 5.0965977 -9.303762 10.678488 -0.06711499 -0.007772308 0.9958062 -0.061686985
1504645602484877.2 5.0539665 -9.41473 10.771758 -0.06681114 -0.010194089 0.9956689 -0.06384215
1504645602516736.2 4.9827976 -9.535739 10.880673 -0.06685813 -0.01094188 0.99553037 -0.06580034
1504645602548596.2 5.015048 -9.642147 10.9265 -0.0705361 -0.010599301 0.99513036 -0.06802897
1504645602580455.5 4.951013 -9.705458 11.034365 -0.070460774 -0.010697605 0.99508715 -0.06872064
1504645602612315.5 4.858021 -9.77066 11.145009 -0.069308326 -0.013717096 0.99522877 -0.0672898
1504645602644174.2 4.662215 -9.763004 11.308143 -0.06438783 -0.0161444 0.99572295 -0.064261034
1504645602676033.2 4.6122527 -9.854555 11.431568 -0.06530139 -0.016548092 0.9956257 -0.06474149
1504645602707892.2 4.517155 -9.9177475 11.587214 -0.06348329 -0.019207163 0.9958219 -0.062768035
1504645602739751.5 4.45879 -10.019505 11.671478 -0.062791124 -0.022449668 0.9957725 -0.06316972
1504645602771611.5 4.3961325 -10.0919 11.802431 -0.062791325 -0.025235973 0.9958147 -0.061428573
1504645602803470.2 4.3245645 -10.201048 11.910589 -0.061993938 -0.027454263 0.99577796 -0.06188136
1504645602835330.2 4.259999 -10.274194 12.023008 -0.061804313 -0.02966867 0.9958352 -0.06010304
1504645602867189.2 4.176272 -10.332994 12.125721 -0.059438065 -0.031399135 0.9959544 -0.05963299
1504645602899048.2 4.106516 -10.42907 12.220867 -0.0586216 -0.0349276 0.995789 -0.06121978
1504645602930908.5 4.014261 -10.483069 12.3400755 -0.057066258 -0.037376523 0.99581844 -0.0607634
1504645602962767.2 3.9191976 -10.523492 12.449398 -0.05593402 -0.039754447 0.9958437 -0.05988609
1504645602994626.2 3.808498 -10.546739 12.571234 -0.053750657 -0.03926256 0.9960266 -0.059164573
1504645603026486.2 3.7167778 -10.604585 12.669452 -0.052931614 -0.041256215 0.9959554 -0.0597418
1504645603058345.2 3.6016183 -10.66246 12.773943 -0.05051111 -0.04344516 0.9959079 -0.06106284
1504645603090205.2 3.469214 -10.673085 12.898421 -0.049515117 -0.041399453 0.99625885 -0.05746824
1504645603122064.5 3.3489027 -10.738571 12.997599 -0.04828955 -0.043026324 0.99622 -0.057987936
1504645603153924.2 3.2182932 -10.785858 13.100681 -0.04675103 -0.042998552 0.99638677 -0.05638199
1504645603185783.2 3.0778494 -10.823926 13.215782 -0.045406602 -0.041507997 0.9966178 -0.054481916
1504645603217642.2 2.93962 -10.864256 13.312741 -0.044425473 -0.040645327 0.99676436 -0.05324665
1504645603249502.2 2.7785587 -10.9082365 13.420998 -0.042608205 -0.039452225 0.9969783 -0.051599104
1504645603281361.5 2.601372 -10.943056 13.545903 -0.04086423 -0.03737695 0.99728584 -0.048518036
1504645603313221.5 2.4451625 -10.987741 13.641478 -0.040158592 -0.035516683 0.9974845 -0.04637447
1504645603345080.2 2.2963946 -11.036345 13.725763 -0.03859167 -0.034299087 0.99762064 -0.045687124
1504645603376939.2 2.132279 -11.068717 13.819709 -0.036522847 -0.03327844 0.9978019 -0.04415972
1504645603408799.2 1.9819369 -11.095961 13.90602 -0.035619944 -0.031687763 0.9979468 -0.042770334
1504645603440658.5 1.8321542 -11.128523 13.981125 -0.034578867 -0.030764645 0.99806434 -0.041538745
1504645603472517.5 1.6708976 -11.168205 14.061043 -0.032888185 -0.029739158 0.99821216 -0.040081363
1504645603504376.2 1.5140028 -11.20438 14.12873 -0.031472046 -0.027933177 0.9983775 -0.038361322
1504645603536236.2 1.3580594 -11.245441 14.194768 -0.030203095 -0.025592823 0.9985339 -0.036916927
1504645603568095.2 1.1978581 -11.284292 14.262557 -0.028726883 -0.024582854 0.9986657 -0.035175685
1504645603599954.5 1.0579379 -11.322594 14.310588 -0.027840286 -0.023327418 0.99874586 -0.034460656
1504645603631814.5 0.9160345 -11.360576 14.345864 -0.027020134 -0.0233838 0.99875635 -0.034768596
1504645603663673.2 0.7404843 -11.371369 14.418925 -0.024373207 -0.023314822 0.99887985 -0.03318831
1504645603695533.2 0.60236716 -11.402148 14.439332 -0.02262932 -0.023797452 0.99886924 -0.034378525
1504645603727392.2 0.46998522 -11.426687 14.462979 -0.021041999 -0.025099471 0.9988514 -0.034974713
1504645603759251.2 0.3047124 -11.427115 14.524011 -0.016711263 -0.027209079 0.9989186 -0.033793166
1504645603791111.5 0.16810477 -11.448632 14.539185 -0.015476156 -0.027745401 0.99891883 -0.03393963
1504645603822970.2 0.028087534 -11.478561 14.548184 -0.013907689 -0.027521271 0.9989327 -0.03439055
1504645603854829.2 -0.12704939 -11.485479 14.580175 -0.011665765 -0.028817084 0.99897784 -0.03281367
1504645603886689.2 -0.26810637 -11.508968 14.575618 -0.010100783 -0.029530806 0.99893427 -0.034005143
1504645603918548.2 -0.4140082 -11.5231695 14.561816 -0.007766713 -0.031172045 0.9988706 -0.0350086
1504645603950408.2 -0.5673739 -11.522058 14.588662 -0.004572811 -0.033612534 0.99878883 -0.035639822
1504645603982267.5 -0.7052437 -11.539003 14.573225 -0.0022755573 -0.035882078 0.9986693 -0.036971945
1504645604014126.2 -0.8551056 -11.54908 14.554036 0.00055468024 -0.037897103 0.99858266 -0.0373656
1504645604045986.2 -1.0201279 -11.547374 14.572545 0.004340794 -0.04023639 0.9984783 -0.037461255
1504645604077845.2 -1.1934022 -11.562435 14.548023 0.0069035934 -0.04067595 0.9984212 -0.038119696
1504645604109705.2 -1.3651749 -11.584552 14.507647 0.008725562 -0.039957404 0.9983904 -0.039294235
1504645604141564.5 -1.5271295 -11.58496 14.509448 0.010522934 -0.038522884 0.9984426 -0.038956795
1504645604173423.2 -1.7176178 -11.611733 14.465252 0.013077838 -0.03731558 0.99842846 -0.03971471
1504645604205283.2 -1.8906515 -11.6329155 14.423343 0.014711659 -0.03575957 0.99844486 -0.040158164
1504645604237142.2 -2.0569646 -11.629405 14.404924 0.016755296 -0.0359659 0.9984548 -0.03890627
1504645604269001.2 -2.2443695 -11.647097 14.346716 0.01904071 -0.034936193 0.9984138 -0.039836194
1504645604300860.5 -2.440836 -11.661101 14.2856045 0.021821287 -0.034893055 0.9983196 -0.04079621
1504645604332720.5 -2.5952744 -11.607957 14.294917 0.023641244 -0.036662716 0.99826825 -0.039465316
1504645604364579.2 -2.7961912 -11.620919 14.221551 0.027107598 -0.035636365 0.99811053 -0.042080212
1504645604396438.2 -2.996474 -11.621817 14.140754 0.02942566 -0.03588128 0.997945 -0.044186853
1504645604428298.2 -3.1258612 -11.5233965 14.20102 0.031190136 -0.036181588 0.9980536 -0.0400878
1504645604460157.2 -3.3446465 -11.528159 14.106802 0.03472882 -0.035567276 0.9978587 -0.042507425
1504645604492017.5 -3.5688071 -11.524152 14.01508 0.038358483 -0.036504675 0.9976105 -0.044376805
1504645604523876.2 -3.6665173 -11.418089 14.0689745 0.03895023 -0.037850294 0.9977279 -0.03986688
1504645604555735.2 -3.8730974 -11.407904 13.9746895 0.041856304 -0.038116504 0.9975028 -0.042230383
1504645604587595.2 -4.0696797 -11.397649 13.880623 0.044525076 -0.038782712 0.9972639 -0.044477034
1504645604619454.2 -4.1980104 -11.317374 13.884984 0.045885015 -0.039839905 0.9973005 -0.041220263
1504645604651314.5 -4.410146 -11.30825 13.783724 0.04904825 -0.03953242 0.9970626 -0.043561626
1504645604683173.5 -4.6321855 -11.281183 13.681977 0.05225859 -0.039942313 0.99683666 -0.044613604
1504645604715032.2 -4.7805934 -11.22568 13.642208 0.053648494 -0.04023871 0.9967686 -0.04421628
1504645604746892.2 -5.010687 -11.200644 13.542462 0.057724856 -0.04184647 0.9963719 -0.046473116
1504645604778751.2 -5.2408857 -11.172641 13.429859 0.06149756 -0.04267406 0.9960061 -0.0486714
1504645604810611.2 -5.3893747 -11.10597 13.364008 0.063138254 -0.042828333 0.9959761 -0.04702076
1504645604842470.5 -5.617621 -11.0758 13.255606 0.06643849 -0.044089776 0.99560535 -0.04911309
1504645604874329.2 -5.8360767 -11.044783 13.141933 0.06939464 -0.045399237 0.9952616 -0.050770212
1504645604906189.2 -6.02016 -10.9807415 13.064271 0.072981246 -0.045908984 0.99500024 -0.050405152
1504645604938048.2 -6.2640057 -10.927999 12.951035 0.07668528 -0.047221065 0.99460244 -0.05153292
1504645604969907.2 -6.482467 -10.883889 12.8371105 0.079609916 -0.047611658 0.9942627 -0.0532657
1504645605001767.5 -6.6896067 -10.809739 12.7551775 0.08296967 -0.04782571 0.9939846 -0.053135946
1504645605033626.2 -6.93258 -10.763699 12.639672 0.08638894 -0.0491467 0.9935085 -0.055339135
1504645605065485.2 -7.179865 -10.71586 12.518292 0.089743756 -0.049884498 0.99311244 -0.056438178
1504645605097344.2 -7.410406 -10.625673 12.440169 0.09358241 -0.05097767 0.99276316 -0.055362318
1504645605129204.2 -7.654904 -10.558969 12.315364 0.09680238 -0.05187459 0.9923655 -0.05611731
1504645605161063.5 -7.907208 -10.460336 12.226032 0.101170525 -0.05284247 0.99188745 -0.05596042
1504645605192923.5 -8.179634 -10.380325 12.107693 0.10504165 -0.05340338 0.99133676 -0.05801665
1504645605224782.2 -8.4370985 -10.262943 11.998694 0.10816294 -0.053114727 0.99103934 -0.057625774
1504645605256641.2 -8.727139 -10.170377 11.86569 0.11130165 -0.052787457 0.99057555 -0.059878923
1504645605288501.2 -9.022984 -10.062008 11.747869 0.115341105 -0.05211302 0.990071 -0.06115638
1504645605320360.2 -9.341892 -9.954999 11.639495 0.119656205 -0.05108218 0.98956054 -0.06199189
1504645605352220.5 -9.623545 -9.851811 11.522907 0.122615516 -0.049865503 0.9892452 -0.062231723
1504645605384079.2 -9.922996 -9.754622 11.392458 0.12531401 -0.048453238 0.9889511 -0.062645644
1504645605415938.2 -10.223635 -9.64394 11.274817 0.12902947 -0.047650356 0.9885341 -0.062299818
1504645605447798.2 -10.521488 -9.5277405 11.150414 0.13142392 -0.04714022 0.98823047 -0.062499844
1504645605479657.2 -10.813223 -9.385868 11.044504 0.13466759 -0.047010105 0.9878089 -0.062357664
1504645605511517.2 -11.131798 -9.273947 10.901236 0.13782856 -0.04595128 0.9873407 -0.06364096
1504645605543376.5 -11.430541 -9.142401 10.793145 0.14134313 -0.04477529 0.9868408 -0.064519554
1504645605575235.2 -11.700192 -8.988643 10.675197 0.14354539 -0.04403506 0.98668027 -0.062592246
1504645605607095.2 -11.967896 -8.880378 10.554842 0.14506178 -0.04292959 0.9864481 -0.06351551
1504645605638954.2 -12.267517 -8.740912 10.420228 0.14864953 -0.043692335 0.9858982 -0.06323849
1504645605670814.2 -12.483219 -8.604149 10.311491 0.1497339 -0.043699723 0.9857975 -0.062236693
1504645605702673.5 -12.724321 -8.444611 10.18584 0.15175925 -0.044605352 0.9855443 -0.060678173
1504645605734532.2 -12.970241 -8.316819 10.063833 0.15413515 -0.045566496 0.9850888 -0.06136944
1504645605766391.2 -13.218937 -8.202469 9.928523 0.15577872 -0.045858424 0.98475975 -0.06227617
1504645605798251.2 -13.393525 -8.034731 9.794806 0.155961 -0.04541536 0.98482937 -0.06103128
1504645605830110.2 -13.6193075 -7.900053 9.6493225 0.15765892 -0.046897978 0.9844364 -0.0618818
1504645605861969.5 -13.802222 -7.7246685 9.573035 0.16010699 -0.049611643 0.98401135 -0.060217787
1504645605893829.5 -13.996058 -7.6149907 9.437256 0.16073069 -0.04990393 0.9838257 -0.06133723
1504645605925688.2 -14.168032 -7.439068 9.330744 0.16191188 -0.05001892 0.98377573 -0.05888961
1504645605957547.2 -14.360996 -7.279292 9.202991 0.16316485 -0.05191085 0.98351586 -0.058129493
1504645605989407.2 -14.496543 -7.1249847 9.104295 0.16376968 -0.05367466 0.9833183 -0.058168124
1504645606021266.5 -14.661416 -6.9670925 8.969407 0.16453873 -0.055002492 0.98311365 -0.058218226
1504645606053125.5 -14.822255 -6.8131514 8.849872 0.16557412 -0.055532087 0.9829486 -0.057562876
1504645606084985.2 -14.964623 -6.670139 8.715571 0.165695 -0.056256495 0.9828672 -0.05790202
1504645606116844.2 -15.0975 -6.5006647 8.589251 0.16609119 -0.05801467 0.982727 -0.05740789
1504645606148704.2 -15.207849 -6.32889 8.452094 0.16443469 -0.058000207 0.98316365 -0.054649446
1504645606180563.2 -15.336928 -6.1836195 8.323324 0.16559254 -0.058322754 0.9829813 -0.054086663
1504645606212423.5 -15.416998 -5.9994454 8.229733 0.165088 -0.060280975 0.9830686 -0.051848724
1504645606244282.2 -15.575684 -5.847971 8.07996 0.16581985 -0.060816843 0.98291606 -0.05178028
1504645606276141.2 -15.6478815 -5.687983 7.9605255 0.16537079 -0.059766583 0.98312736 -0.050410002
1504645606308001.2 -15.739513 -5.530382 7.8351536 0.16553773 -0.059752535 0.983117 -0.05008003
1504645606339860.2 -15.799067 -5.334194 7.709535 0.16479236 -0.061498374 0.9832371 -0.048024643
1504645606371720.2 -15.8635025 -5.1713448 7.5575314 0.16377671 -0.062169608 0.98337597 -0.047789063
1504645606403579.5 -15.936451 -5.0063195 7.4388576 0.16483891 -0.06349082 0.9831682 -0.046662405
1504645606435438.2 -15.99245 -4.864373 7.2894545 0.16332176 -0.064252384 0.9833706 -0.046690315
1504645606467298.2 -16.004738 -4.728856 7.1200223 0.16192216 -0.06422397 0.9836239 -0.046266895
1504645606499157.2 -16.074888 -4.5841413 6.9725184 0.16132508 -0.064246185 0.9837537 -0.045556203
1504645606531016.2 -16.172678 -4.4244976 6.8682137 0.16387896 -0.065531366 0.9832377 -0.04574968
1504645606562875.5 -16.194561 -4.2426033 6.736599 0.16365841 -0.06727347 0.9832149 -0.044483326
1504645606594735.2 -16.222088 -4.0813074 6.754111 0.16254148 -0.06607685 0.98361164 -0.04150143
1504645606626594.2 -16.265667 -3.9281387 6.597975 0.16168928 -0.06528347 0.98384386 -0.04057049
1504645606658453.2 -16.320915 -3.8051486 6.537029 0.1598277 -0.065341786 0.98417234 -0.039879855
1504645606690313.2 -16.381933 -3.6638622 6.356723 0.16031533 -0.06570811 0.9840254 -0.040932804
1504645606722172.5 -16.2788 -3.5642684 6.25151 0.1587818 -0.06814068 0.9841256 -0.040521313
1504645606754032.5 -16.289183 -3.4078155 6.113659 0.1592177 -0.06978004 0.98399127 -0.039264277
1504645606785891.2 -16.271334 -3.339151 5.9675612 0.15681943 -0.06704157 0.9845643 -0.039322488
1504645606817750.2 -16.261492 -3.1956415 5.807669 0.1558749 -0.0683387 0.9846148 -0.03958042
1504645606849610.2 -16.25096 -3.0896356 5.7301364 0.15621492 -0.067628495 0.98465264 -0.03850259
1504645606881469.2 -16.242476 -2.9579954 5.559053 0.15543398 -0.06806258 0.9847768 -0.037715007
1504645606913328.5 -16.20232 -2.8803859 5.4266624 0.15428014 -0.06829682 0.98495793 -0.037297588
1504645606945188.2 -16.159956 -2.7639868 5.2674103 0.1536626 -0.068679295 0.98504245 -0.03691086
1504645606977047.2 -16.13676 -2.6772034 5.1723547 0.15270942 -0.06864362 0.9852319 -0.035861906
1504645607008907.2 -16.111216 -2.6112 5.028262 0.15140668 -0.06641432 0.9855931 -0.035658788
1504645607040766.2 -16.058838 -2.4956486 4.861753 0.14968628 -0.0677445 0.9857977 -0.034751244
1504645607072625.5 -16.02759 -2.4147494 4.691282 0.14858258 -0.06757924 0.98597634 -0.03474062
1504645607104485.5 -15.961529 -2.3221638 4.564749 0.14753585 -0.067841515 0.98612684 -0.03441711
1504645607136344.2 -15.904619 -2.2346778 4.399701 0.14487824 -0.06773269 0.9865599 -0.033498615
1504645607168204.2 -15.843681 -2.1482375 4.23176 0.14348958 -0.067213535 0.9868228 -0.03277132
1504645607200063.2 -15.777626 -2.058015 4.0681314 0.14171478 -0.067146964 0.98713547 -0.031171974
1504645607231923.2 -15.711623 -1.993839 3.9034867 0.14040385 -0.06565687 0.9874095 -0.031599402
1504645607263782.5 -15.639776 -1.9103007 3.722229 0.13892105 -0.06564167 0.98763055 -0.03127453
1504645607295641.2 -15.569225 -1.8486183 3.5285535 0.13769262 -0.06662076 0.98770034 -0.03241167
1504645607327500.2 -15.476339 -1.7687867 3.348372 0.13589011 -0.06711006 0.9879412 -0.03165779
1504645607359359.2 -15.388032 -1.7056444 3.1732318 0.134468 -0.067978315 0.9880645 -0.032028615
1504645607391219.2 -15.294786 -1.6303068 2.9732573 0.13318025 -0.06906475 0.98817384 -0.03171214
1504645607423078.5 -15.1988735 -1.5685318 2.7803922 0.13141754 -0.06908421 0.9883873 -0.032363757
1504645607454937.2 -15.108916 -1.5012438 2.6032445 0.1309982 -0.06938891 0.9884095 -0.03273178
1504645607486797.2 -14.989243 -1.4270735 2.3413968 0.12885164 -0.06940081 0.9886194 -0.034822788
1504645607518656.2 -14.879757 -1.3582382 2.1389809 0.12753114 -0.06931872 0.9887296 -0.036668543
1504645607550516.2 -14.77088 -1.2697932 1.9167228 0.12627025 -0.069007345 0.9888692 -0.037836567
1504645607582375.5 -14.657539 -1.2102023 1.7125528 0.12578925 -0.06926515 0.9888237 -0.040089574
1504645607614234.2 -14.5235195 -1.140612 1.4985026 0.12392403 -0.07018899 0.98891604 -0.041969154
1504645607646094.2 -14.364039 -1.0599813 1.2930576 0.122048564 -0.07068805 0.989057 -0.043285757
1504645607677953.2 -14.211654 -1.0032201 1.0433918 0.1208067 -0.07168171 0.9890293 -0.0457017
1504645607709813.2 -14.061866 -0.9426796 0.84933347 0.120212376 -0.07057701 0.9891011 -0.047401424
1504645607741672.2 -13.8936825 -0.89839387 0.6135797 0.11894918 -0.07257982 0.9889763 -0.05009194
1504645607773531.5 -13.726429 -0.83897656 0.41873825 0.11686903 -0.07515033 0.9890197 -0.050340697
1504645607805391.2 -13.563926 -0.8144114 0.21056357 0.11689701 -0.07635906 0.98878735 -0.052952357
1504645607837250.2 -13.37908 -0.7709729 0.014819546 0.115277246 -0.077270426 0.9888779 -0.053488202
1504645607869110.2 -13.214735 -0.7498262 -0.23655118 0.11328322 -0.07650369 0.9890611 -0.05542738
1504645607900969.2 -13.012322 -0.7106371 -0.39345118 0.112227686 -0.07643513 0.9891764 -0.055612884
1504645607932828.5 -12.835861 -0.70252347 -0.60865676 0.11077663 -0.07754656 0.98917526 -0.056986377
1504645607964688.5 -12.632935 -0.6869985 -0.77810717 0.109684445 -0.07772358 0.98926556 -0.057289533
1504645607996547.2 -12.442086 -0.6685537 -0.96381474 0.10755249 -0.07776425 0.98958045 -0.055819348
1504645608028407.2 -12.188488 -0.6718304 -1.1706382 0.10554841 -0.08083267 0.9894985 -0.05673108
1504645608060266.2 -11.98299 -0.7091633 -1.3083894 0.1049366 -0.08302064 0.98935467 -0.05721266
1504645608092125.2 -11.745915 -0.7021487 -1.5215015 0.103627846 -0.08714493 0.9891366 -0.05723536
1504645608123984.5 -11.514088 -0.74351877 -1.735763 0.10231786 -0.08924609 0.9890322 -0.058152005
1504645608155843.2 -11.297081 -0.7715266 -1.944006 0.10108238 -0.09205293 0.98882985 -0.059365276
1504645608187703.2 -11.087059 -0.7732836 -2.143222 0.10002019 -0.09502981 0.9886509 -0.059453204
1504645608219562.2 -10.889255 -0.80113727 -2.3419933 0.09940517 -0.0969653 0.9884362 -0.06091146
1504645608251422.2 -10.616908 -0.80694866 -2.466748 0.096740834 -0.097620025 0.98866844 -0.060384937
1504645608283281.5 -10.393496 -0.80035555 -2.630393 0.096371055 -0.09981844 0.98848796 -0.06033704
1504645608315140.2 -10.154272 -0.82657456 -2.7962542 0.09506222 -0.09924772 0.9886307 -0.06101129
1504645608347000.2 -9.944372 -0.83516127 -2.934522 0.09443902 -0.10037476 0.9885572 -0.061326608
1504645608378859.2 -9.716629 -0.85357344 -3.0782917 0.093378685 -0.10064342 0.9885982 -0.0618464
1504645608410719.2 -9.469734 -0.8779067 -3.237055 0.09077907 -0.10059766 0.98886174 -0.06157805
1504645608442578.5 -9.251522 -0.9238824 -3.4287057 0.08879586 -0.09884545 0.9891525 -0.06262833
1504645608474437.5 -8.994916 -0.93493485 -3.5922382 0.086289905 -0.09984102 0.9893305 -0.06173391
1504645608506297.2 -8.728194 -0.9635047 -3.742929 0.08536671 -0.101073734 0.9893064 -0.061396834
1504645608538156.2 -8.468775 -1.0104022 -3.9165175 0.0840627 -0.103989854 0.9891062 -0.06155159
1504645608570016.2 -8.187825 -1.0651525 -4.114864 0.08300941 -0.10872342 0.9886332 -0.062394626
1504645608601875.2 -7.944143 -1.116706 -4.287343 0.08255703 -0.114783034 0.9879263 -0.06333169
1504645608633734.5 -7.6112633 -1.0859092 -4.4011054 0.08055389 -0.11645395 0.98799413 -0.061782893
1504645608665594.2 -7.2898755 -1.1358356 -4.5930657 0.07799175 -0.118654765 0.9878521 -0.06314025
1504645608697453.2 -7.062244 -1.1352725 -4.7114673 0.07720365 -0.120813 0.9876122 -0.06376552
1504645608729313.2 -6.726053 -1.1006479 -4.8203163 0.074453376 -0.12246569 0.9876534 -0.06324274
1504645608761172.2 -6.5220275 -1.1343333 -5.044746 0.072967924 -0.123888426 0.98746777 -0.06507529
1504645608793031.5 -6.25086 -1.1290562 -5.155737 0.07178233 -0.12510538 0.9873627 -0.065657414
1504645608824891.5 -5.9245663 -1.0967945 -5.2277145 0.067702875 -0.12486131 0.98779327 -0.0639574
1504645608856750.2 -5.682557 -1.0853347 -5.3735757 0.0663512 -0.12593411 0.9877817 -0.06344677
1504645608888609.2 -5.4704576 -1.0924476 -5.4323874 0.06370194 -0.124325015 0.9881293 -0.063921
1504645608920468.2 -5.2630253 -1.1323208 -5.617972 0.06262627 -0.12655659 0.98783267 -0.06517775
1504645608952328.2 -5.1033196 -1.0821809 -5.8182673 0.059782322 -0.12607019 0.9881403 -0.06411918
1504645608984187.5 -4.9289713 -1.0534172 -5.8222303 0.05966688 -0.12761477 0.9879604 -0.06394263
1504645609016046.2 -4.7069564 -1.0167797 -6.000614 0.05668916 -0.12847234 0.9879804 -0.064621836
1504645609047906.2 -4.508579 -0.988251 -5.9898534 0.054578282 -0.12901765 0.988063 -0.064087585
1504645609079765.2 -4.3396745 -0.90333617 -6.2974687 0.053033203 -0.13181554 0.9877907 -0.06388771
1504645609111625.2 -4.216113 -0.7965586 -6.1564665 0.051687855 -0.12556379 0.9888604 -0.060968738
1504645609143484.5 -4.1112366 -0.7535141 -5.9375105 0.050994024 -0.12424443 0.9891785 -0.059067033
1504645609175343.2 -4.000939 -0.7627892 -6.2187104 0.04915942 -0.12652597 0.98880863 -0.061903957
1504645609207203.2 -3.9016163 -0.69623303 -6.277065 0.04725313 -0.12378932 0.9893672 -0.059967034
1504645609239062.2 -3.7403157 -0.6008657 -6.362682 0.044514403 -0.125357 0.9893137 -0.059687227
1504645609270922.2 -3.665884 -0.41477785 -6.3545756 0.042461284 -0.123708785 0.98988825 -0.054905232
1504645609302781.2 -3.62469 -0.3686505 -6.353596 0.042804502 -0.12106836 0.99019605 -0.054973334
1504645609334640.5 -3.4187384 -0.32716766 -6.3314395 0.0412875 -0.12222853 0.9901214 -0.054910284
1504645609366500.2 -3.3081825 -0.25950807 -6.4800572 0.03928611 -0.12391302 0.9899499 -0.055691246
1504645609398359.2 -3.102059 -0.23295918 -6.732414 0.0344953 -0.12507167 0.98993593 -0.056516133
1504645609430219.2 -3.173287 -0.15588835 -6.738727 0.035151772 -0.12549241 0.9897833 -0.057837766
1504645609462078.2 -2.976853 -0.029379219 -6.832743 0.031864386 -0.12465527 0.99008256 -0.05641233
1504645609493937.5 -2.9124486 0.18503048 -6.806042 0.030934077 -0.12356469 0.9904891 -0.05202156
1504645609525797.5 -2.849585 0.19257042 -6.825933 0.030389296 -0.12497825 0.990225 -0.053958084
1504645609557656.2 -2.7485638 0.19872293 -6.9725924 0.02835061 -0.12530984 0.99012434 -0.056103397
1504645609589515.2 -2.712318 0.41511548 -6.9416156 0.02850358 -0.12470407 0.99055326 -0.04940471
1504645609621375.2 -2.697961 0.4449275 -6.9296813 0.028015735 -0.12283793 0.9907118 -0.051147815
1504645609653234.5 -2.8645487 0.46148697 -7.073617 0.030173697 -0.12038515 0.9908132 -0.05372327
1504645609685093.5 -2.806951 0.5835373 -6.844592 0.02890455 -0.115636885 0.9916418 -0.04938745
1504645609716952.2 -2.8416994 0.73916596 -6.9021945 0.027005728 -0.111448415 0.9922438 -0.047981814
1504645609748812.2 -2.8909822 0.84484124 -6.9527316 0.026195224 -0.10950146 0.9924704 -0.04822754
1504645609780671.2 -2.8413975 0.98509735 -6.9383593 0.024268162 -0.10782435 0.9927979 -0.046230808
1504645609812531.2 -2.8059921 1.0701708 -6.964239 0.022839816 -0.10699056 0.9929787 -0.04499722
1504645609844390.5 -2.71473 1.163125 -6.892766 0.022113578 -0.10693185 0.9931519 -0.041544802
1504645609876249.2 -2.7982235 1.3004941 -6.942657 0.022875192 -0.104694895 0.9934704 -0.039147682
1504645609908109.2 -2.7736537 1.3516114 -6.9695587 0.021719093 -0.10670723 0.9932356 -0.04031084
1504645609939968.2 -2.7829807 1.4168298 -6.979737 0.022857355 -0.10403912 0.9935584 -0.038668536
1504645609971827.2 -2.8655734 1.4454005 -7.045763 0.022612529 -0.10571352 0.9933179 -0.040409304
1504645610003687.5 -2.8228948 1.5022893 -7.044209 0.022543129 -0.10405306 0.993581 -0.03823009
1504645610035546.2 -2.7338889 1.6096613 -7.0098495 0.017778477 -0.102856345 0.99388576 -0.035996154
1504645610067406.2 -2.7593954 1.6723449 -6.969055 0.020925723 -0.10344793 0.9938221 -0.03432873
1504645610099265.2 -2.7131796 1.7538172 -6.90807 0.018208653 -0.10099045 0.99415874 -0.033434343
1504645610131125.2 -2.8580947 1.782139 -7.0023446 0.020602103 -0.105131336 0.99371636 -0.032416675
1504645610162984.2 -2.7735858 1.9820833 -6.8649178 0.01767395 -0.10688498 0.9937085 -0.028401768
1504645610194843.5 -2.7335124 1.8509963 -6.964219 0.01612412 -0.105513714 0.9938819 -0.028385727
1504645610226703.2 -2.6582012 1.8339596 -6.974354 0.01438196 -0.105953254 0.9939023 -0.026931308
1504645610258562.2 -2.6283941 1.8550633 -7.0425553 0.013717579 -0.10409162 0.99415326 -0.025220258
1504645610290422.2 -2.767355 1.842945 -7.0433187 0.015526294 -0.10387431 0.9941243 -0.026192449
1504645610322281.2 -2.9237478 1.8989927 -6.3746185 0.022274563 -0.10429549 0.9940434 -0.022453126
1504645610354140.5 -2.9138103 2.0017455 -6.3561234 0.021910576 -0.10448214 0.9941152 -0.018400637
1504645610385999.2 -2.9294715 2.0662785 -6.334932 0.022779394 -0.10153677 0.99441296 -0.017729262
1504645610417859.2 -2.908411 2.114646 -6.3081565 0.020708496 -0.10181153 0.9944362 -0.017388228
1504645610449718.2 -2.9115157 2.194912 -6.277707 0.019755626 -0.10209488 0.99442595 -0.017420297
1504645610481577.2 -2.9194505 2.2359142 -6.274937 0.01890495 -0.10275168 0.9943861 -0.016766833
1504645610513436.5 -2.9593792 2.2658587 -6.2608223 0.018606903 -0.09664353 0.994999 -0.017051354
1504645610545296.5 -3.0030797 2.2341392 -6.338637 0.01652759 -0.09457245 0.9951829 -0.019851133
1504645610577155.2 -2.9673784 2.253262 -6.353539 0.016227417 -0.09579927 0.99508667 -0.0190196
1504645610609015.2 -2.9157333 2.2707374 -6.269328 0.018443909 -0.09637324 0.9949994 -0.018662717
1504645610640874.2 -2.9057758 2.264967 -6.3429556 0.018694984 -0.095633715 0.9950329 -0.020354433
1504645610672733.2 -2.9197395 2.2717218 -6.3241625 0.019216318 -0.09381053 0.9952255 -0.018883696
1504645610704593.5 -2.8341963 2.2519884 -6.3555493 0.019006837 -0.09363545 0.99520344 -0.021007592
1504645610736452.2 -2.8898218 2.2333114 -6.443295 0.018511996 -0.09243754 0.9953322 -0.020650962
1504645610768312.2 -2.8844984 2.194 -6.4793305 0.01973512 -0.095804036 0.99492645 -0.023526339
1504645610800171.2 -2.9268203 2.2115955 -6.4681163 0.02018159 -0.09489041 0.99499685 -0.02387306
1504645610832030.2 -2.9638216 2.1917496 -6.421852 0.020749824 -0.094608985 0.99494797 -0.026402906
1504645610863890.5 -3.000379 2.1746957 -6.6445665 0.0224288 -0.095380135 0.99473006 -0.030194782
1504645610895749.5 -3.0058064 2.1914816 -6.639436 0.022570988 -0.0955476 0.9946603 -0.031814776
1504645610927609.2 -2.9937706 2.1983716 -6.625711 0.022363963 -0.09573525 0.99457824 -0.033895306
1504645610959468.2 -2.9998248 2.209719 -6.620634 0.022805799 -0.0951163 0.9945695 -0.03555926
1504645610991327.2 -2.9916549 2.219613 -6.6064544 0.023820182 -0.09517384 0.9944572 -0.037809398
1504645611023187.2 -3.000084 2.225598 -6.604086 0.024216143 -0.09614666 0.9943089 -0.03897933
1504645611055046.5 -2.9953334 2.2135334 -6.61764 0.023055643 -0.09577123 0.994344 -0.039704565
1504645611086906.2 -2.9648957 2.2278602 -6.558722 0.032542057 -0.094814904 0.9943402 -0.035197485
1504645611118765.2 -3.0076199 2.2371676 -6.74373 0.026107708 -0.095959 0.9942176 -0.04051722
1504645611150624.2 -2.9430487 2.1774428 -6.8024592 0.023698626 -0.096937574 0.99420995 -0.03985118
1504645611182483.2 -2.870283 2.2002645 -6.778397 0.022131907 -0.097468704 0.9942632 -0.03809097
