30488186.042928245 -0.0 -0.0 -0.0 -0.0 -0.0 1.0 -0.0
30519895.042928245 0.0033748236 -0.0023741347 -0.0016315087 -0.0009787101 0.0034818992 0.9999933 -0.00066248066
30551602.042928245 0.0033748236 -0.0023741347 -0.0016315087 -0.0009787101 0.0034818992 0.9999933 -0.00066248066
30583308.042928245 0.0033748236 -0.0023741347 -0.0016315087 -0.0009787101 0.0034818992 0.9999933 -0.00066248066
30615012.042928245 0.0033748236 -0.0023741347 -0.0016315087 -0.0009787101 0.0034818992 0.9999933 -0.00066248066
30646712.042928245 0.0033748236 -0.0023741347 -0.0016315087 -0.0009787101 0.0034818992 0.9999933 -0.00066248066
30678409.042928245 0.0043342263 -0.005755478 0.0036446159 -0.0051159495 -0.0054980866 0.9999613 0.0045841504
30710100.042928245 0.0043342263 -0.005755478 0.0036446159 -0.0051159495 -0.0054980866 0.9999613 0.0045841504
30741782.042928245 0.0043342263 -0.005755478 0.0036446159 -0.0051159495 -0.0054980866 0.9999613 0.0045841504
30773454.042928245 0.0043342263 -0.005755478 0.0036446159 -0.0051159495 -0.0054980866 0.9999613 0.0045841504
30805113.792928245 0.0043342263 -0.005755478 0.0036446159 -0.0051159495 -0.0054980866 0.9999613 0.0045841504
30836763.042928245 0.0059147077 -0.02862013 0.011049501 -0.012159397 -0.013759398 0.99981046 0.006473789
30868402.042928245 0.0059147077 -0.02862013 0.011049501 -0.012159397 -0.013759398 0.99981046 0.006473789
30900030.042928245 0.0059147077 -0.02862013 0.011049501 -0.012159397 -0.013759398 0.99981046 0.006473789
30931642.792928245 0.007213507 -0.05357747 0.0097782025 -0.016883967 -0.014123238 0.99974936 0.0040908437
30963245.042928245 0.007213507 -0.05357747 0.0097782025 -0.016883967 -0.014123238 0.99974936 0.0040908437
30994833.042928245 0.007213507 -0.05357747 0.0097782025 -0.016883967 -0.014123238 0.99974936 0.0040908437
31026410.042928245 0.0067250477 -0.086399466 0.012951704 -0.02075822 -0.016879635 0.9996415 0.0010681251
31057974.042928245 0.0067250477 -0.086399466 0.012951704 -0.02075822 -0.016879635 0.9996415 0.0010681251
31089523.792928245 0.0067250477 -0.086399466 0.012951704 -0.02075822 -0.016879635 0.9996415 0.0010681251
31121061.792928245 0.0067250477 -0.086399466 0.012951704 -0.02075822 -0.016879635 0.9996415 0.0010681251
31152583.042928245 0.0040851412 -0.14291582 0.00892895 -0.024792379 -0.01611026 0.999553 -0.0044341213
31184081.792928245 0.0040851412 -0.14291582 0.00892895 -0.024792379 -0.01611026 0.999553 -0.0044341213
31215557.792928245 -0.000965953 -0.16058998 0.013832614 -0.026709318 -0.020897374 0.9994075 -0.005882859
31247003.792928245 -0.0032420368 -0.17581467 0.014935629 -0.028671298 -0.019076223 0.9993831 -0.006898348
31278418.792928245 -0.0022387162 -0.19303128 0.01704179 -0.028605174 -0.020875877 0.99934846 -0.0069739167
31309796.042928245 -0.006296044 -0.21170627 0.017372634 -0.02981286 -0.021358615 0.99929917 -0.0074972063
31341132.042928245 -0.008971745 -0.2299674 0.026204087 -0.031235082 -0.021397958 0.99924976 -0.008154292
31372427.042928245 -0.0096931225 -0.24952587 0.025423683 -0.03408092 -0.022259852 0.9991415 -0.0077056605
31403677.042928245 -0.0125309015 -0.26762193 0.027048558 -0.037721094 -0.02330048 0.998996 -0.006422296
31434879.042928245 -0.015866844 -0.2874298 0.030574625 -0.04344459 -0.02471152 0.9987356 -0.005408288
31466034.042928245 -0.022634776 -0.2950717 0.03626916 -0.05008489 -0.025416201 0.99840397 -0.0059279683
31497142.792928245 -0.02602081 -0.31529066 0.03991733 -0.058170576 -0.02550686 0.9979616 -0.006184194
31528199.042928245 -0.032547634 -0.33608672 0.045973454 -0.06678887 -0.02616666 0.9973936 -0.007780368
31559202.042928245 -0.03836842 -0.3584586 0.04691255 -0.075765975 -0.026661731 0.99672407 -0.009475507
31590145.042928245 -0.042591896 -0.38199562 0.04631122 -0.08529271 -0.026402049 0.9959418 -0.011318602
31621020.792928245 -0.05230375 -0.40205175 0.050790746 -0.09432384 -0.02675927 0.995088 -0.013670231
31651822.792928245 -0.057537206 -0.41364083 0.058179535 -0.104527645 -0.02681443 0.99399406 -0.018189492
31682588.792928245 -0.06388335 -0.43552768 0.06184364 -0.11459118 -0.026554123 0.9927768 -0.023622233
31713272.792928245 -0.07390821 -0.45808715 0.069739066 -0.124207556 -0.026032647 0.9914875 -0.029109675
31743832.042928245 -0.0807459 -0.4812025 0.072946474 -0.13387081 -0.026326925 0.9900385 -0.0347752
31774300.792928245 -0.08786483 -0.5074307 0.077590756 -0.14351101 -0.026985986 0.98850894 -0.03906992
31804681.042928245 -0.0963895 -0.52942055 0.08287298 -0.1534793 -0.028335743 0.9868444 -0.04218175
31834968.792928245 -0.1057651 -0.5531203 0.0934731 -0.16326089 -0.029245293 0.9851995 -0.04327384
31865162.042928245 -0.11646839 -0.5829323 0.09806245 -0.17256516 -0.030094502 0.98351586 -0.044857457
31895260.792928245 -0.123357326 -0.6092714 0.105551675 -0.18280827 -0.030204598 0.98158735 -0.046424385
31925265.042928245 -0.13377148 -0.636649 0.11931434 -0.1924832 -0.030140331 0.9795818 -0.049612794
31955175.042928245 -0.14483105 -0.66201746 0.13399479 -0.20207193 -0.029228883 0.97748536 -0.053245194
31984995.042928245 -0.15369035 -0.6935411 0.1420709 -0.21211338 -0.027423872 0.97511834 -0.058310166
32014726.042928245 -0.16491787 -0.7188842 0.15858214 -0.22229198 -0.024628546 0.972567 -0.06397892
32044374.042928245 -0.17405945 -0.7491 0.16828692 -0.23233798 -0.02133621 0.9697718 -0.07145933
32073942.042928245 -0.18723118 -0.7771314 0.18302807 -0.2413961 -0.017710676 0.96703464 -0.07911011
32103437.042928245 -0.1992582 -0.80736226 0.19885215 -0.25064528 -0.014420627 0.9640665 -0.08686082
32132859.042928245 -0.21082962 -0.83682585 0.21754223 -0.25993404 -0.011794112 0.9610367 -0.09329356
32162213.792928245 -0.22229628 -0.8682098 0.23453182 -0.2682216 -0.010570766 0.9582274 -0.09872042
32191535.042928245 -0.23536783 -0.90092987 0.25346395 -0.27639034 -0.009419134 0.9553959 -0.10362665
32220797.792928245 -0.24792318 -0.9315407 0.27678365 -0.28436965 -0.008782762 0.95251626 -0.10848766
32249977.042928245 -0.2600832 -0.965765 0.30292457 -0.29233274 -0.00814459 0.9494406 -0.11418321
32279105.042928245 -0.27345607 -0.9986194 0.32902515 -0.29954734 -0.007821603 0.9464853 -0.1198993
32308193.042928245 -0.2867815 -1.0380383 0.35267675 -0.30683982 -0.006639479 0.94320816 -0.12713662
32337250.042928245 -0.30185413 -1.0775517 0.38311812 -0.31331453 -0.0064817397 0.9401536 -0.13380323
32366279.042928245 -0.31552643 -1.0983524 0.42109722 -0.3197601 -0.0069946866 0.93732804 -0.13827792
32395286.042928245 -0.33414865 -1.1461729 0.44898403 -0.3250885 -0.008156048 0.9348373 -0.14258456
32424275.042928245 -0.34356552 -1.1718955 0.4985137 -0.33142206 -0.008786962 0.9321966 -0.14523004
32453247.792928245 -0.36024177 -1.20419 0.5368862 -0.33745164 -0.010354964 0.92959654 -0.14788342
32482209.042928245 -0.37453097 -1.2317648 0.5787918 -0.34449252 -0.01046091 0.9266223 -0.15028867
32511161.042928245 -0.38878044 -1.2666556 0.622616 -0.35122263 -0.01151704 0.9234808 -0.1539263
32540105.042928245 -0.40782732 -1.2989938 0.6703535 -0.35851604 -0.012182299 0.9200473 -0.1575785
32569040.792928245 -0.42817855 -1.3347336 0.7116765 -0.3655722 -0.013489435 0.9165597 -0.16153453
32597968.042928245 -0.4419314 -1.3582438 0.7603154 -0.37318802 -0.014443633 0.9129795 -0.16428788
32626884.042928245 -0.4603831 -1.4014354 0.8205165 -0.38139504 -0.016528303 0.9090346 -0.16709502
32655787.042928245 -0.48953772 -1.4285406 0.88208145 -0.38842317 -0.019535124 0.9059419 -0.16737732
32684677.042928245 -0.5018339 -1.4660459 0.9380403 -0.39652056 -0.024269957 0.9023386 -0.16723487
32713552.042928245 -0.5326676 -1.4960891 1.0051075 -0.40497515 -0.028438844 0.8988326 -0.16518587
32742409.042928245 -0.54441553 -1.5375984 1.0691782 -0.41418335 -0.035581104 0.89499503 -0.16177204
32771243.042928245 -0.5725621 -1.5620774 1.1320965 -0.42289516 -0.042535685 0.8911875 -0.15854089
32800053.042928245 -0.60091966 -1.5998757 1.2025427 -0.4328495 -0.048746448 0.8865991 -0.15558682
32828837.042928245 -0.62442684 -1.632874 1.2713032 -0.44315326 -0.055512723 0.88158184 -0.15279728
32857593.792928245 -0.6445898 -1.6862171 1.3402939 -0.4533032 -0.06300057 0.87631863 -0.15037602
32886318.042928245 -0.6885748 -1.7046808 1.4074881 -0.46242687 -0.070061155 0.8716566 -0.14651845
32915010.042928245 -0.7184043 -1.734096 1.4792905 -0.472488 -0.07587391 0.8661536 -0.14413953
32943667.042928245 -0.7544268 -1.7528809 1.5471005 -0.48160827 -0.082310155 0.8610454 -0.14099424
32972288.042928245 -0.78526133 -1.7881424 1.6216382 -0.49165675 -0.088406436 0.85508144 -0.13890177
33000872.042928245 -0.8306514 -1.7992189 1.6984164 -0.50095624 -0.09346681 0.84965235 -0.13563822
33029419.042928245 -0.86660963 -1.8288281 1.7685002 -0.5102808 -0.09789608 0.84396625 -0.13323277
33057927.042928245 -0.9145988 -1.8603097 1.8572497 -0.5208554 -0.10230178 0.8372542 -0.13133678
33086398.042928245 -0.9583569 -1.8847115 1.9267243 -0.53112066 -0.10670377 0.83066005 -0.12856588
33114829.792928245 -1.0096382 -1.9124222 2.0009372 -0.5406906 -0.1114012 0.82445556 -0.12456545
33143226.042928245 -1.0554601 -1.9253833 2.069565 -0.5506511 -0.11715072 0.8177457 -0.11979631
33171584.042928245 -1.1092815 -1.960362 2.1637466 -0.56153923 -0.12299515 0.8100719 -0.115453444
33199901.792928245 -1.1610742 -1.9831258 2.2434373 -0.57136136 -0.12960677 0.8028895 -0.110076435
33228179.042928245 -1.2055347 -2.0031629 2.3151019 -0.5810778 -0.13491268 0.795656 -0.105255336
33256413.042928245 -1.2563756 -2.0208695 2.3904424 -0.59123456 -0.14059168 0.78779083 -0.10030644
33284604.042928245 -1.3166287 -2.0382526 2.4658935 -0.60158455 -0.1456016 0.7795532 -0.09588034
33312750.042928245 -1.3859689 -2.0328987 2.5370748 -0.61176795 -0.149189 0.7714456 -0.09140301
33340851.792928245 -1.4464264 -2.0488415 2.611988 -0.6222806 -0.15287316 0.76270384 -0.087633006
33368915.042928245 -1.5101469 -2.070167 2.6793556 -0.6327517 -0.15660945 0.7535518 -0.085197024
33396938.792928245 -1.5643008 -2.0955167 2.76863 -0.64470595 -0.16070719 0.74282175 -0.08211777
33424927.042928245 -1.6298873 -2.1169147 2.8438783 -0.65592915 -0.1649405 0.732367 -0.07867783
33452881.792928245 -1.6925743 -2.1203628 2.9070516 -0.66697145 -0.16896665 0.72210807 -0.07182859
33480802.042928245 -1.7574831 -2.1340368 2.9829555 -0.6786579 -0.17283697 0.7109519 -0.06401749
33508706.042928245 -1.8315592 -2.128898 3.0505986 -0.6905846 -0.17641377 0.6993067 -0.05423331
33536582.042928245 -1.9100081 -2.1260698 3.11726 -0.70189184 -0.18011585 0.68767184 -0.04487362
33564417.04292825 -1.9798167 -2.1265533 3.1754081 -0.7133085 -0.18357472 0.67537296 -0.036916126
33592230.04292825 -2.0569646 -2.12514 3.2390745 -0.72432995 -0.1875807 0.66276157 -0.030114327
33620021.79292825 -2.121765 -2.1156645 3.2826428 -0.7344941 -0.19138762 0.65059257 -0.024872154
33647801.04292825 -2.2014983 -2.1091201 3.334288 -0.7445359 -0.1946388 0.6382196 -0.021396626
33675568.04292825 -2.2848787 -2.1044247 3.3980818 -0.7548632 -0.1976756 0.62510484 -0.018708149
33703324.79292825 -2.3614051 -2.1059272 3.4507065 -0.7644037 -0.20121732 0.6123037 -0.016819749
33731079.04292825 -2.4423287 -2.0847158 3.4976683 -0.77346426 -0.20386718 0.5999891 -0.014289808
33758832.04292825 -2.5244012 -2.080078 3.5430765 -0.7822913 -0.2063994 0.5875991 -0.01212202
33786588.04292825 -2.6046147 -2.0806346 3.5989108 -0.79132444 -0.20840488 0.5746937 -0.010011974
33814346.79292825 -2.6951447 -2.0788474 3.647066 -0.79939634 -0.21087381 0.56252176 -0.008191951
33842114.04292825 -2.7665372 -2.0714982 3.6796231 -0.8070597 -0.21305257 0.55064815 -0.0070589273
33869890.04292825 -2.856412 -2.0620735 3.7253013 -0.81442565 -0.21487874 0.538986 -0.0056640585
33897673.04292825 -2.9424977 -2.0594716 3.761363 -0.8212228 -0.21568723 0.52823716 -0.006141176
33925465.04292825 -3.0305166 -2.0549257 3.807126 -0.8282436 -0.21601686 0.5170088 -0.0071566035
33953271.04292825 -3.1187572 -2.039786 3.8391871 -0.8345958 -0.21612623 0.50663376 -0.007851213
33981090.79292825 -3.2083998 -2.0234256 3.8655305 -0.8404276 -0.21644203 0.4967563 -0.008221755
34008927.04292825 -3.3092146 -2.0061707 3.8985305 -0.8464031 -0.21674156 0.4863731 -0.008134442
34036773.04292825 -3.397056 -1.994906 3.9253347 -0.85202473 -0.21859735 0.47562718 -0.0069166836
34064633.04292825 -3.4856086 -1.98233 3.9522104 -0.8575473 -0.2209459 0.46452647 -0.0032749043
34092505.04292825 -3.5911856 -1.9660165 3.9872723 -0.86370826 -0.22300602 0.4519668 0.0015421724
34120390.04292825 -3.686782 -1.9476382 4.0052967 -0.86889756 -0.22633484 0.44014397 0.007935406
34148287.79292825 -3.7907186 -1.9332223 4.029471 -0.8742543 -0.22968145 0.42744052 0.014848059
34176197.79292825 -3.885548 -1.921163 4.0498924 -0.8791992 -0.23327215 0.4148324 0.022517752
34204117.79292825 -3.984511 -1.9059387 4.0602 -0.8837697 -0.23673294 0.4025372 0.029538043
34232052.04292825 -4.083818 -1.8817418 4.071832 -0.8885081 -0.23897779 0.38997254 0.036939185
34259998.04292825 -4.183829 -1.8661115 4.0836616 -0.89302915 -0.24175309 0.37706566 0.04331255
34287956.04292825 -4.284649 -1.8381838 4.084248 -0.8974307 -0.24399965 0.36403784 0.050584886
34315925.04292825 -4.373253 -1.8227539 4.0828247 -0.90163726 -0.2460982 0.35135508 0.055096004
34343908.79292825 -4.476659 -1.7993467 4.0819263 -0.9060157 -0.24725524 0.33845893 0.058703005
34371910.04292825 -4.5730243 -1.7807442 4.0802174 -0.91053 -0.24760512 0.32546884 0.06080259
34399931.04292825 -4.6735806 -1.7641451 4.0666013 -0.91494644 -0.24759854 0.31227386 0.063663326
34427971.04292825 -4.7645955 -1.7295239 4.039296 -0.91934276 -0.24621782 0.29969963 0.06607433
34456029.04292825 -4.8639665 -1.7103972 4.029557 -0.9239329 -0.24449919 0.2861168 0.06859613
34484106.04292825 -4.96188 -1.6871347 4.0041876 -0.9283328 -0.24208069 0.2729637 0.07131577
34512201.04292825 -5.061313 -1.6527687 3.9771543 -0.9328718 -0.23792107 0.2598258 0.07506218
34540311.79292825 -5.1495094 -1.6345944 3.9544182 -0.9370899 -0.2342808 0.24660966 0.07847706
34568437.79292825 -5.242471 -1.611429 3.9232705 -0.9410857 -0.23021302 0.23367967 0.082180485
34596577.04292825 -5.32998 -1.5835546 3.890061 -0.94477564 -0.22564596 0.22139263 0.086419314
34624724.04292825 -5.422019 -1.5643669 3.8563194 -0.94868034 -0.22082344 0.20804672 0.08921491
34652874.04292825 -5.5119166 -1.5420376 3.8126335 -0.9519744 -0.21626636 0.1954498 0.09366398
34681024.04292825 -5.597234 -1.5165426 3.7738273 -0.9553196 -0.21057642 0.18293798 0.09775386
34709170.04292825 -5.6859436 -1.4960942 3.7333179 -0.9583878 -0.20492335 0.17003675 0.10289227
34737312.04292825 -5.769138 -1.4726949 3.6866448 -0.96121985 -0.19900256 0.15756837 0.10782744
34765448.04292825 -5.857469 -1.455395 3.6360848 -0.963953 -0.19289508 0.14429587 0.11298204
34793576.04292825 -5.928637 -1.4324386 3.5898378 -0.96640354 -0.18586041 0.13124764 0.11955812
34821697.04292825 -6.0053544 -1.4207032 3.542547 -0.96860266 -0.17913197 0.11764183 0.12601994
34849810.04292825 -6.080364 -1.4025592 3.4855857 -0.9704352 -0.17194971 0.10454659 0.13326246
34877916.04292825 -6.1544733 -1.3781222 3.431839 -0.9721678 -0.16407058 0.09196744 0.13968787
34906014.04292825 -6.222123 -1.3504896 3.3680558 -0.97345144 -0.15682772 0.07945741 0.14657405
34934107.04292825 -6.287778 -1.3327066 3.3062503 -0.9744091 -0.14989556 0.06708216 0.15348685
34962197.79292825 -6.356468 -1.3189099 3.2546296 -0.9751677 -0.14405628 0.05539645 0.15883058
34990286.04292825 -6.4183908 -1.3053509 3.19807 -0.9755925 -0.13961716 0.04426975 0.16360477
35018370.04292825 -6.482883 -1.2825783 3.137055 -0.975871 -0.13509874 0.033880107 0.16815536
35046453.04292825 -6.5364914 -1.2662215 3.074081 -0.975878 -0.13120867 0.024659058 0.17273825
35074534.04292825 -6.5968137 -1.2493695 3.0069675 -0.9756228 -0.12814234 0.016534997 0.17738786
35102616.79292825 -6.646897 -1.2372602 2.9447992 -0.9754676 -0.124975815 0.009305441 0.1809904
35130706.04292825 -6.6923647 -1.224925 2.8848333 -0.9751536 -0.121837445 0.0023885022 0.18500139
35158806.04292825 -6.744784 -1.208118 2.8161423 -0.974917 -0.118479006 -0.0042988877 0.18836455
35186917.79292825 -6.7882867 -1.1871753 2.742198 -0.9746299 -0.115370564 -0.010201676 0.19152601
35215048.79292825 -6.830099 -1.1642406 2.665606 -0.9743111 -0.11263228 -0.01586002 0.19437157
35243207.04292825 -6.8691025 -1.1610892 2.6034696 -0.9739834 -0.11208561 -0.020572476 0.19588263
35271397.04292825 -6.907806 -1.1429121 2.5318792 -0.9742146 -0.11309103 -0.025215218 0.1935991
35299629.04292825 -6.945432 -1.1277504 2.458743 -0.974629 -0.1147224 -0.02764462 0.19019198
35327907.79292825 -6.973786 -1.1152701 2.3857477 -0.9746253 -0.116566375 -0.030116891 0.18870838
35356239.79292825 -6.9970984 -1.0976565 2.3107433 -0.9749346 -0.1172136 -0.031426564 0.18648331
35384624.04292825 -7.0172577 -1.0843916 2.2409835 -0.97565234 -0.11713148 -0.032510567 0.1825537
35413062.04292825 -7.039701 -1.065584 2.1715283 -0.9766504 -0.11850329 -0.029010665 0.17683154
35441554.04292825 -7.0543804 -1.0538764 2.1008384 -0.97839814 -0.11887358 -0.028063461 0.16678931
35470092.79292825 -7.075366 -1.0458959 2.0322065 -0.9807759 -0.11909241 -0.026225656 0.15234137
35498673.04292825 -7.094581 -1.0326108 1.947377 -0.9827559 -0.11977593 -0.02478513 0.13867323
35527293.04292825 -7.1039996 -1.0252198 1.8762538 -0.984802 -0.12043641 -0.022704028 0.12306404
35555947.79292825 -7.1102567 -1.0150532 1.7998614 -0.9865923 -0.12188504 -0.02076116 0.10653028
35584639.79292825 -7.1159625 -1.0045877 1.7035847 -0.98832846 -0.123126335 -0.017562473 0.08796809
35613364.04292825 -7.126435 -0.99186635 1.6184733 -0.98965925 -0.12406134 -0.014163684 0.070589036
35642118.04292825 -7.133323 -0.9869174 1.5343219 -0.9906174 -0.12443755 -0.010676408 0.055484343
35670903.04292825 -7.1318035 -0.9740995 1.4532237 -0.9913856 -0.12368647 -0.008183203 0.04230215
35699719.04292825 -7.1362934 -0.97888047 1.3740318 -0.99182016 -0.12365741 -0.0060442956 0.031068286
35728560.04292825 -7.1410184 -0.977514 1.2937374 -0.99203664 -0.1239616 -0.0041882633 0.021895608
35757424.04292825 -7.148981 -0.97618526 1.1935177 -0.9922971 -0.12298986 -0.0036445328 0.014376894
35786310.04292825 -7.15534 -0.98441637 1.1111808 -0.9923937 -0.1227116 -0.0027392807 0.009438929
35815218.04292825 -7.1586657 -0.97740746 1.0180675 -0.99257076 -0.12153097 -0.002219776 0.005349855
35844144.04292825 -7.16332 -0.9803436 0.9276537 -0.9927032 -0.12056753 -0.0014918938 0.0013058437
35873088.04292825 -7.167314 -0.9849938 0.8388696 -0.992747 -0.12019387 -0.0005696475 -0.0025494094
35902046.04292825 -7.176352 -0.9953842 0.747798 -0.99268264 -0.12054277 0.0004514278 -0.0071034986
35931016.04292825 -7.1821046 -1.0030317 0.66160357 -0.9926937 -0.12021322 0.00073143217 -0.010370625
35959998.04292825 -7.180074 -1.0076687 0.55993664 -0.9928262 -0.11891068 0.0010689447 -0.012461517
35988990.04292825 -7.185537 -1.0187265 0.4618485 -0.99287486 -0.11844129 0.0013163429 -0.013019332
36017986.79292825 -7.1882353 -1.0286847 0.3614925 -0.9930594 -0.11705744 0.0013046414 -0.011358484
36046987.79292825 -7.2061434 -1.0660018 0.26920044 -0.9929451 -0.118108295 0.0009658419 -0.0104661025
36075993.04292825 -7.219586 -1.0932715 0.17707598 -0.9929094 -0.118492804 0.0010900812 -0.00945317
36105004.79292825 -7.2240677 -1.1033082 0.0637244 -0.99314064 -0.11662475 0.0018060325 -0.008197324
36134020.04292825 -7.2363663 -1.1076581 -0.03804846 -0.9932576 -0.11574723 0.001636573 -0.0062745903
36163039.04292825 -7.2509665 -1.1428387 -0.14260426 -0.9931945 -0.1163817 0.0017479499 -0.004112363
36192062.04292825 -7.2614217 -1.1754347 -0.2183604 -0.9930918 -0.11729758 0.0023925232 -0.00207362
36221087.04292825 -7.264761 -1.1915134 -0.3171938 -0.9930403 -0.11774358 0.0027123154 -0.0002454666
36250120.04292825 -7.273543 -1.1863127 -0.42526627 -0.9931883 -0.11647042 0.0030949232 0.0014288917
36279161.04292825 -7.285834 -1.1976739 -0.52857494 -0.99326164 -0.115816906 0.0025193682 0.0034041014
36308213.04292825 -7.3017936 -1.1996946 -0.64192903 -0.9934211 -0.114242315 0.0031195036 0.007320467
36337277.04292825 -7.3058105 -1.2225561 -0.7491412 -0.99335855 -0.114426546 0.0030007255 0.01167801
36366356.04292825 -7.32353 -1.2329502 -0.8443541 -0.9933256 -0.11399471 0.0025452357 0.017411994
36395454.04292825 -7.340014 -1.2479272 -0.9368676 -0.9932068 -0.114096634 0.00227136 0.022740267
36424575.04292825 -7.35031 -1.2529023 -1.0374522 -0.9931677 -0.113110594 0.0017979895 0.028648704
36453725.79292825 -7.355593 -1.2619989 -1.1562662 -0.993137 -0.111950964 0.0017585726 0.033805072
36482917.04292825 -7.3593507 -1.28104 -1.2633681 -0.993011 -0.11157495 0.002418694 0.038397517
36512147.04292825 -7.371011 -1.3000331 -1.3537393 -0.9927433 -0.112306185 0.0019303538 0.042946216
36541422.04292825 -7.3713307 -1.303815 -1.4514523 -0.99244344 -0.113356225 0.0021291298 0.046923883
36570743.04292825 -7.3822684 -1.302885 -1.5599647 -0.9921899 -0.11422945 0.0023036804 0.05005614
36600115.04292825 -7.3934503 -1.3222723 -1.6656673 -0.99170965 -0.117807046 0.0015993292 0.0512933
36629541.04292825 -7.402115 -1.3179665 -1.7688165 -0.99142545 -0.11995569 0.0015702095 0.051804777
36659022.04292825 -7.4145174 -1.3139668 -1.886527 -0.99135745 -0.12067288 0.0011521552 0.051451918
36688564.04292825 -7.417658 -1.3114812 -1.9944514 -0.99122864 -0.12146166 0.001890138 0.052051123
36718170.04292825 -7.426595 -1.3265332 -2.0911117 -0.9911713 -0.12209727 0.00230351 0.05163723
36747846.04292825 -7.433247 -1.3196659 -2.2208073 -0.99131626 -0.120924816 0.002672526 0.051596437
36777596.04292825 -7.440188 -1.330512 -2.3310432 -0.9912419 -0.12173915 0.002301518 0.05112682
36807423.04292825 -7.4438677 -1.3162162 -2.451947 -0.99126184 -0.12181455 0.0023113685 0.050556287
36837330.79292825 -7.4529862 -1.324105 -2.5611367 -0.99074304 -0.12629072 0.0017924479 0.049756493
36867323.04292825 -7.457893 -1.3280466 -2.6748528 -0.990033 -0.13174567 0.0020297025 0.049735956
36897404.04292825 -7.454095 -1.3284729 -2.7960527 -0.9892288 -0.13752984 0.002516042 0.050057292
36927583.04292825 -7.4544373 -1.3331456 -2.904908 -0.98877025 -0.14083576 0.0028380814 0.0499065
36957863.04292825 -7.4678154 -1.328624 -3.0316052 -0.9887521 -0.14165556 0.002064529 0.04794441
36988253.04292825 -7.454584 -1.3365582 -3.1536703 -0.98879457 -0.14144242 0.0026999423 0.047665857
37018757.04292825 -7.4549184 -1.3392262 -3.2700272 -0.98915064 -0.13974363 0.0029183268 0.045213565
37049380.79292825 -7.4566617 -1.3278232 -3.3878963 -0.989497 -0.13812734 0.004220474 0.0424119
37080123.04292825 -7.458715 -1.327857 -3.5054479 -0.989677 -0.13752937 0.005935094 0.03987307
37110979.79292825 -7.4537144 -1.3307459 -3.6250813 -0.98968565 -0.13778591 0.009944001 0.03792654
37141949.04292825 -7.4585977 -1.3327098 -3.734202 -0.9897534 -0.13785318 0.014140711 0.03442195
37173031.04292825 -7.4501863 -1.3427143 -3.8508213 -0.98964506 -0.13837112 0.019610485 0.032735854
37204220.79292825 -7.456364 -1.3451176 -3.9803367 -0.98966473 -0.13807942 0.024742234 0.029762516
37235513.04292825 -7.452785 -1.3388158 -4.1107516 -0.98976356 -0.13651083 0.03137863 0.02735561
37266895.79292825 -7.4574747 -1.3353848 -4.2403426 -0.9897701 -0.13571186 0.037111282 0.023669375
37298363.04292825 -7.455433 -1.3217673 -4.378767 -0.98981005 -0.13430183 0.043536868 0.0185366
37329909.79292825 -7.458046 -1.3278475 -4.500803 -0.9895424 -0.13417868 0.051158797 0.013590745
37361528.04292825 -7.4574237 -1.3214658 -4.628255 -0.98922765 -0.1333395 0.059811488 0.008477807
37393204.04292825 -7.4627576 -1.3212086 -4.767431 -0.98873293 -0.13263476 0.06929443 0.0036774192
37424935.04292825 -7.4623747 -1.3168563 -4.9052634 -0.9880672 -0.13197814 0.07938603 -0.0017207325
37456718.04292825 -7.4678698 -1.3213924 -5.030476 -0.98713225 -0.13190605 0.090104595 -0.0072140875
37488551.04292825 -7.471742 -1.3107624 -5.1678467 -0.98603135 -0.13088284 0.10195263 -0.014748084
37520434.04292825 -7.4729033 -1.3077955 -5.29222 -0.984626 -0.13086766 0.11328865 -0.023473486
37552367.04292825 -7.4765472 -1.2869191 -5.436565 -0.98285645 -0.13053939 0.12569022 -0.033979155
37584345.79292825 -7.4850173 -1.275703 -5.572921 -0.98069006 -0.1320543 0.13717635 -0.04462488
37616367.04292825 -7.497194 -1.2701168 -5.7067566 -0.9782284 -0.13437487 0.14859957 -0.054138277
37648420.79292825 -7.504034 -1.2713616 -5.850087 -0.97539955 -0.13762304 0.16044815 -0.06254607
37680502.04292825 -7.5177183 -1.2654431 -5.98621 -0.9726701 -0.1396255 0.17218487 -0.06906643
37712605.04292825 -7.5327377 -1.2746534 -6.1215715 -0.96985966 -0.1412724 0.18452986 -0.073233575
37744726.04292825 -7.542066 -1.2758749 -6.254964 -0.9671204 -0.1418255 0.19753812 -0.07444732
37776861.04292825 -7.569356 -1.2739418 -6.405384 -0.96457005 -0.14181994 0.2099165 -0.07366721
37809009.79292825 -7.5822964 -1.2770419 -6.539833 -0.96145403 -0.14289273 0.22338736 -0.07270423
37841169.04292825 -7.6025624 -1.2803361 -6.6924744 -0.9580754 -0.14372723 0.23664884 -0.07369728
37873336.79292825 -7.6238775 -1.2670491 -6.8381405 -0.9545508 -0.14386043 0.25010082 -0.074743636
37905511.04292825 -7.649666 -1.253717 -6.9769516 -0.9505714 -0.14447717 0.26403466 -0.07632842
37937689.79292825 -7.6701202 -1.2583678 -7.138523 -0.945722 -0.14592329 0.27969068 -0.078035355
37969875.79292825 -7.7031584 -1.2464173 -7.2729883 -0.94080675 -0.14616342 0.2952366 -0.07971429
38002069.04292825 -7.7374344 -1.2376189 -7.4119196 -0.93539363 -0.14655994 0.31163776 -0.08025531
38034268.04292825 -7.762862 -1.2292421 -7.558605 -0.92959857 -0.14687312 0.32863858 -0.079192616
38066469.04292825 -7.8026 -1.2167609 -7.7004547 -0.92340326 -0.14585066 0.34647214 -0.07753172
38098669.79292825 -7.8354917 -1.2202606 -7.836931 -0.9168591 -0.14495689 0.3641369 -0.0759039
38130874.04292825 -7.88153 -1.2036543 -7.9786854 -0.90970767 -0.142636 0.38264638 -0.07529031
38163078.04292825 -7.924202 -1.1814814 -8.130636 -0.90140224 -0.1412316 0.40195528 -0.07719847
38195277.04292825 -7.964965 -1.1762755 -8.274055 -0.8924264 -0.14087471 0.4206585 -0.082317136
38227469.04292825 -8.010219 -1.1628559 -8.41171 -0.882798 -0.14044501 0.43942297 -0.0886017
38259647.04292825 -8.052904 -1.1581781 -8.557984 -0.872422 -0.14015426 0.45839888 -0.09543184
38291809.04292825 -8.108295 -1.1402178 -8.704485 -0.862018 -0.13716322 0.47719985 -0.101939104
38323950.79292825 -8.164072 -1.1242073 -8.836126 -0.8515658 -0.13336447 0.49516654 -0.10890228
38356073.04292825 -8.213135 -1.1190315 -8.977871 -0.8402986 -0.12947863 0.51333857 -0.11669285
38388168.04292825 -8.269773 -1.1080986 -9.111565 -0.8287309 -0.12445662 0.53123987 -0.1244986
38420231.79292825 -8.326616 -1.105582 -9.25375 -0.8166962 -0.1200936 0.5490901 -0.13070971
38452259.79292825 -8.385273 -1.0959328 -9.384591 -0.8043973 -0.1153565 0.5665189 -0.1367275
38484243.04292825 -8.457078 -1.0862204 -9.519258 -0.7915948 -0.11052711 0.5837777 -0.14270638
38516174.04292825 -8.52808 -1.074752 -9.64563 -0.7781663 -0.10425328 0.60091317 -0.14997269
38548040.04292825 -8.594491 -1.0695645 -9.775991 -0.7645276 -0.09808046 0.6172283 -0.15781969
38579832.04292825 -8.66685 -1.0635804 -9.90514 -0.7495875 -0.09124538 0.6340765 -0.16655311
38611542.04292825 -8.749092 -1.0510378 -10.015968 -0.7355262 -0.08410834 0.6492593 -0.17432564
38643164.04292825 -8.826039 -1.0454843 -10.140258 -0.71947765 -0.076876216 0.6655929 -0.18283384
38674691.04292825 -8.911681 -1.0395283 -10.252632 -0.70335317 -0.06897701 0.6810589 -0.19156045
38706119.04292825 -8.995415 -1.0313993 -10.3613205 -0.68713653 -0.059785668 0.6957732 -0.20042165
38737443.04292825 -9.082596 -1.0238405 -10.46157 -0.67064595 -0.051203515 0.70989674 -0.20894714
38768653.04292825 -9.171185 -1.0158274 -10.557687 -0.6533885 -0.043383658 0.7240549 -0.21667032
38799745.79292825 -9.26012 -1.0087886 -10.655993 -0.6356409 -0.036205363 0.7381253 -0.22320566
38830726.04292825 -9.350277 -1.0068083 -10.750501 -0.6180926 -0.028838713 0.75190794 -0.2275179
38861597.04292825 -9.441771 -1.0039413 -10.823018 -0.60157084 -0.021859521 0.7645482 -0.23043631
38892356.04292825 -9.533986 -1.006808 -10.908548 -0.5840738 -0.015866961 0.77763516 -0.23214152
38923000.79292825 -9.630201 -0.9990523 -10.97449 -0.5673886 -0.010689462 0.78995687 -0.23221569
38953523.04292825 -9.725041 -1.0014422 -11.046925 -0.5506026 -0.0071567786 0.802061 -0.2312656
38983909.04292825 -9.823089 -0.99743223 -11.106684 -0.5346632 -0.004157169 0.81378883 -0.22774054
39014150.04292825 -9.932415 -1.0013287 -11.177813 -0.5180423 -0.002045203 0.8254677 -0.22412269
39044233.79292825 -10.026434 -0.9952972 -11.229616 -0.5025175 0.0005004554 0.83671 -0.2176978
39074152.04292825 -10.132017 -0.9924488 -11.280981 -0.4857876 0.0027628667 0.84818196 -0.2111641
39103895.04292825 -10.230614 -0.99318874 -11.3234625 -0.46906528 0.0046369885 0.8592281 -0.20416522
39133456.04292825 -10.329674 -0.9951912 -11.365455 -0.45185453 0.007087852 0.86956626 -0.19907758
39162824.04292825 -10.427282 -0.9888637 -11.404693 -0.43409792 0.011011908 0.87943137 -0.19503403
39191999.04292825 -10.524845 -0.99180293 -11.438831 -0.41578576 0.016321477 0.88852215 -0.19335027
39220984.04292825 -10.624079 -0.9900929 -11.464158 -0.3975777 0.022928217 0.89711505 -0.19128744
39249785.04292825 -10.719547 -0.99749637 -11.488324 -0.37835923 0.02856778 0.9057886 -0.18861416
39278412.79292825 -10.804411 -1.0064925 -11.503998 -0.35911915 0.033805978 0.91390914 -0.18617383
39306873.79292825 -10.8980255 -1.0115901 -11.520824 -0.33925372 0.038046308 0.9220464 -0.18245523
39335177.04292825 -10.988239 -1.01 -11.530479 -0.3191732 0.043723967 0.9295053 -0.17954572
39363334.04292825 -11.072828 -1.0164273 -11.544604 -0.29883564 0.04816895 0.93641734 -0.17748155
39391353.04292825 -11.162182 -1.0178466 -11.54973 -0.27786592 0.053204846 0.94300485 -0.17521879
39419247.04292825 -11.24725 -1.0229175 -11.548697 -0.25710848 0.057592444 0.9490006 -0.17313656
39447024.04292825 -11.332526 -1.0352107 -11.560852 -0.23574495 0.060990486 0.95455796 -0.17182443
39474693.04292825 -11.415824 -1.0374882 -11.556216 -0.21472232 0.063822895 0.9595795 -0.17037669
39502268.04292825 -11.498407 -1.0474825 -11.549105 -0.1950366 0.06617343 0.96359396 -0.17049494
39529758.04292825 -11.580778 -1.0538656 -11.54571 -0.17444116 0.068129055 0.967399 -0.17049326
39557176.04292825 -11.654029 -1.0581149 -11.52922 -0.1557478 0.07102025 0.97032374 -0.1707942
39584534.04292825 -11.735546 -1.0772496 -11.526096 -0.13694865 0.07333316 0.9729288 -0.17110494
39611842.04292825 -11.804595 -1.082165 -11.508346 -0.119812585 0.07543404 0.9749073 -0.17178622
39639110.04292825 -11.872319 -1.083712 -11.488384 -0.10385183 0.07598296 0.97653365 -0.1726949
39666345.04292825 -11.953899 -1.0996951 -11.476976 -0.08719425 0.075652726 0.9779268 -0.17416413
39693551.79292825 -12.030783 -1.1230844 -11.461639 -0.07124037 0.07661252 0.9788264 -0.17593805
39720739.04292825 -12.0931425 -1.1236596 -11.433769 -0.056056093 0.078079686 0.9794755 -0.17716965
39747912.04292825 -12.156057 -1.1330665 -11.404463 -0.04231424 0.07991314 0.9797892 -0.1784283
39775078.79292825 -12.222034 -1.1491568 -11.377173 -0.027600598 0.07977498 0.98010486 -0.17963493
39802245.04292825 -12.29406 -1.1711609 -11.349231 -0.013451311 0.079562 0.9803242 -0.18014844
39829414.04292825 -12.355859 -1.1796955 -11.312147 0.0010220937 0.07941042 0.9804112 -0.18024145
39856584.79292825 -12.414862 -1.1966305 -11.278983 0.01492004 0.08006339 0.9801728 -0.18063405
39883756.04292825 -12.469696 -1.2056025 -11.235172 0.028732972 0.081672944 0.9796732 -0.18095437
39910929.04292825 -12.519176 -1.2338169 -11.18811 0.042060655 0.08194367 0.97893393 -0.18222122
39938101.79292825 -12.572611 -1.2559049 -11.149739 0.05616915 0.08415238 0.977939 -0.18275325
39965273.04292825 -12.615238 -1.2777247 -11.102392 0.06996225 0.087528564 0.9766821 -0.18312877
39992443.79292825 -12.670701 -1.3010614 -11.05568 0.08383945 0.089968994 0.97534937 -0.18322165
40019619.04292825 -12.708264 -1.312275 -10.997381 0.09755593 0.092988305 0.9740911 -0.1816112
40046801.04292825 -12.753067 -1.3335944 -10.942487 0.11111474 0.09655996 0.9724395 -0.18080652
40073991.04292825 -12.789055 -1.3639761 -10.893237 0.12546736 0.10004272 0.9704993 -0.17994623
40101189.04292825 -12.818918 -1.3773997 -10.841051 0.13893269 0.10389188 0.9685289 -0.17848216
40128397.04292825 -12.855518 -1.4012347 -10.763832 0.1532963 0.10701121 0.96626854 -0.1771272
40155617.04292825 -12.886699 -1.4327509 -10.69777 0.16814353 0.11048285 0.9636485 -0.17579243
40182851.04292825 -12.925167 -1.4604155 -10.628843 0.18309098 0.1146647 0.96070266 -0.17429872
40210099.04292825 -12.9583025 -1.4943094 -10.566352 0.19767672 0.1194089 0.9575685 -0.17241794
40237366.04292825 -12.98147 -1.5151882 -10.492064 0.2116193 0.12310141 0.9545985 -0.16972063
40264650.04292825 -13.0058975 -1.5373279 -10.42268 0.22573623 0.12794822 0.95127183 -0.16659643
40291951.04292825 -13.03656 -1.5698829 -10.349536 0.23940094 0.1333776 0.947623 -0.16403727
40319268.04292825 -13.047652 -1.5884113 -10.274638 0.2526944 0.13840117 0.94407666 -0.16034327
40346602.04292825 -13.056334 -1.6064336 -10.188961 0.26529405 0.1435181 0.94037515 -0.15721428
40373953.79292825 -13.068628 -1.6327842 -10.111694 0.27783394 0.14886709 0.9363508 -0.15457745
40401323.79292825 -13.0832205 -1.664459 -10.028404 0.29057795 0.15347189 0.93206114 -0.15255491
40428713.79292825 -13.099921 -1.6796712 -9.945207 0.30316895 0.15774456 0.92774004 -0.15001258
40456131.04292825 -13.091981 -1.7008253 -9.856508 0.31576052 0.16130349 0.9233423 -0.14736202
40483580.04292825 -13.093621 -1.7216986 -9.769174 0.32845145 0.1652188 0.9185889 -0.14497231
40511066.04292825 -13.093056 -1.7464839 -9.694574 0.3404904 0.16945486 0.9137325 -0.14298314
40538592.04292825 -13.098748 -1.7713585 -9.598304 0.35333142 0.17274012 0.908512 -0.14115146
40566163.79292825 -13.090699 -1.7983519 -9.511496 0.3653294 0.17681926 0.9032411 -0.1393732
40593784.04292825 -13.089732 -1.8250284 -9.428251 0.3774562 0.18124996 0.8976918 -0.13720363
40621456.04292825 -13.0807085 -1.831832 -9.334381 0.3896548 0.18492995 0.8921258 -0.1344683
40649181.04292825 -13.062209 -1.8531199 -9.238588 0.4011698 0.18848106 0.8866663 -0.13175987
40676960.04292825 -13.037873 -1.8856235 -9.137448 0.4134062 0.1928918 0.88055676 -0.12848343
40704799.04292825 -13.019661 -1.909549 -9.0497265 0.424824 0.19712107 0.8747628 -0.12433055
40732698.04292825 -12.982363 -1.9124479 -8.966316 0.43563333 0.20112719 0.8691873 -0.11951984
40760655.04292825 -12.952637 -1.9420938 -8.883078 0.44657195 0.2063213 0.86299235 -0.11510548
40788668.04292825 -12.92914 -1.9305993 -8.792245 0.4579811 0.20932117 0.85705775 -0.109041184
40816738.04292825 -12.894099 -1.9542834 -8.703421 0.468634 0.21448743 0.85059154 -0.10426577
40844862.04292825 -12.858398 -1.9652916 -8.609282 0.4795004 0.21992378 0.8437421 -0.09905658
40873043.79292825 -12.805519 -1.9651356 -8.518175 0.4900485 0.22539985 0.8368542 -0.09339384
40901284.04292825 -12.76393 -1.9864194 -8.436876 0.49993312 0.23138605 0.82988584 -0.088413455
40929583.04292825 -12.713248 -2.003683 -8.351579 0.50872546 0.23780987 0.82326895 -0.08290509
40957941.79292825 -12.664331 -2.011207 -8.26733 0.5176687 0.24253932 0.8168204 -0.07744886
40986358.04292825 -12.592739 -2.0085046 -8.183424 0.5254814 0.24711062 0.8109521 -0.07184955
41014830.04292825 -12.51919 -2.0142217 -8.119828 0.53192246 0.25060648 0.8060722 -0.06710127
41043357.04292825 -12.459371 -2.0164785 -8.03943 0.53826463 0.25127545 0.80190134 -0.06392228
41071939.04292825 -12.388871 -2.0229058 -7.9591017 0.5437969 0.2511281 0.7983549 -0.062041037
41100573.79292825 -12.320848 -2.0169663 -7.8847704 0.5487941 0.2488246 0.7957494 -0.060781315
41129263.04292825 -12.248322 -2.012039 -7.813982 0.5537791 0.24483171 0.7934725 -0.06154244
41158003.04292825 -12.184562 -2.0299091 -7.742091 0.5582308 0.24335895 0.7907475 -0.062234838
41186788.79292825 -12.116612 -2.0288618 -7.6637087 0.5629206 0.24046454 0.7881787 -0.063809186
41215623.04292825 -12.050251 -2.0330222 -7.588975 0.56693757 0.23813869 0.78586143 -0.06552596
41244501.04292825 -11.96896 -2.035091 -7.5235147 0.5705863 0.23885502 0.7828866 -0.06684423
41273423.04292825 -11.877979 -2.0183334 -7.4618034 0.5739288 0.23838183 0.78057176 -0.06699041
41302390.79292825 -11.788441 -2.0249605 -7.376034 0.5782334 0.23699331 0.77773094 -0.06793375
41331405.04292825 -11.694416 -2.0117142 -7.317482 0.5809484 0.2360016 0.77596813 -0.06837943
41360469.04292825 -11.595623 -2.0018132 -7.2557144 0.5840181 0.23455268 0.77407545 -0.06866656
41389584.79292825 -11.481844 -1.9823179 -7.1827374 0.5872578 0.23268849 0.7721885 -0.068625085
41418754.04292825 -11.379072 -1.9741037 -7.122715 0.58929646 0.23184669 0.77093637 -0.06807289
41447981.04292825 -11.2697735 -1.9612627 -7.0547924 0.59091336 0.23070611 0.76996696 -0.068899065
41477270.04292825 -11.143451 -1.9313982 -7.0001125 0.5921336 0.22946718 0.76935524 -0.06939138
41506627.79292825 -11.023053 -1.9074321 -6.9417143 0.592545 0.2263601 0.769821 -0.07090339
41536060.04292825 -10.913593 -1.8912984 -6.885888 0.5927301 0.22214793 0.7706924 -0.0731753
41565576.04292825 -10.77934 -1.8769627 -6.8423033 0.59214795 0.21681407 0.77236736 -0.0761651
41595183.04292825 -10.648656 -1.846715 -6.773196 0.592531 0.21055882 0.77356565 -0.07853767
41624890.04292825 -10.523234 -1.8313081 -6.7210665 0.59182113 0.20507134 0.77528423 -0.08141255
41654704.79292825 -10.393798 -1.8211077 -6.670989 0.5892985 0.1995522 0.7782852 -0.08472608
41684637.04292825 -10.255634 -1.8150939 -6.6131744 0.58587486 0.19420902 0.7819316 -0.087272786
41714695.04292825 -10.113733 -1.7812483 -6.5680857 0.5808414 0.18766217 0.787095 -0.08881239
41744885.04292825 -9.974183 -1.7837867 -6.525256 0.5748418 0.18213072 0.7923658 -0.0924217
41775214.04292825 -9.822932 -1.7717793 -6.466407 0.56906235 0.1749298 0.7977217 -0.09595759
41805610.04292825 -9.669598 -1.7524202 -6.4275956 0.56198204 0.1667494 0.8040971 -0.09898798
41836136.04292825 -9.514236 -1.7347486 -6.3756146 0.5548339 0.15745379 0.81052166 -0.102090016
41866857.79292825 -9.354372 -1.7239501 -6.3215466 0.5471483 0.14806654 0.8170665 -0.10539222
41897705.79292825 -9.196547 -1.706619 -6.2656283 0.5401981 0.13867593 0.8228469 -0.10898646
41928667.04292825 -9.024348 -1.6894532 -6.218303 0.53196985 0.13118137 0.8290572 -0.11164076
41959731.79292825 -8.855854 -1.6756916 -6.157476 0.5251234 0.12486885 0.8340296 -0.114227094
41990894.79292825 -8.705366 -1.670214 -6.115693 0.5171825 0.121050104 0.83932656 -0.11575865
42022149.04292825 -8.54127 -1.6543281 -6.0652504 0.50973845 0.11635048 0.8442996 -0.1174194
42053484.04292825 -8.358423 -1.6411898 -6.001023 0.50331146 0.11136968 0.84867877 -0.11840116
42084891.04292825 -8.181266 -1.6337662 -5.9562125 0.4959261 0.106489465 0.853535 -0.11914412
42116362.04292825 -8.004692 -1.6317408 -5.8978777 0.48943427 0.10058611 0.8579096 -0.11969801
42147885.79292825 -7.833831 -1.626579 -5.8396344 0.4829718 0.09399247 0.8623586 -0.119336784
42179451.04292825 -7.6426206 -1.6157452 -5.7732816 0.47622493 0.08675672 0.8669139 -0.11892586
42211043.04292825 -7.4610333 -1.6055171 -5.7148905 0.46947372 0.080850855 0.87124664 -0.11826671
42242647.04292825 -7.3009925 -1.6174518 -5.6534305 0.4617416 0.077035055 0.8756074 -0.11904614
42274249.04292825 -7.1104627 -1.59948 -5.590753 0.4543041 0.072111644 0.8797724 -0.12003456
42305838.04292825 -6.933332 -1.5976313 -5.5362873 0.44637713 0.068663314 0.8838815 -0.12159849
42337408.79292825 -6.723826 -1.5905199 -5.4806666 0.43826488 0.06445519 0.88813484 -0.12241743
42368958.04292825 -6.5642505 -1.6090931 -5.4277287 0.42943627 0.060385827 0.89252806 -0.12382128
42400489.04292825 -6.3729415 -1.5961583 -5.347928 0.42124078 0.053037923 0.89694524 -0.1234201
42432001.04292825 -6.201811 -1.6078212 -5.292739 0.4108551 0.047037616 0.90205497 -0.12362177
42463487.04292825 -6.0113993 -1.5989112 -5.21659 0.40058202 0.03928365 0.9071918 -0.122449756
42494933.04292825 -5.8210764 -1.6127506 -5.157469 0.38895503 0.031856526 0.9125564 -0.12222946
42526330.04292825 -5.6463323 -1.6221583 -5.094203 0.37739572 0.0242888 0.91769326 -0.121744074
42557665.04292825 -5.46239 -1.6416489 -5.0318136 0.36535788 0.016406061 0.92277336 -0.12138317
42588921.04292825 -5.279561 -1.6290331 -4.947955 0.3542939 0.007096617 0.92720646 -0.12130018
42620083.04292825 -5.0840583 -1.6301631 -4.8902893 0.34163857 -0.0017268802 0.93198544 -0.12117471
42651138.04292825 -4.9024696 -1.6471499 -4.810252 0.32979432 -0.010706863 0.9360947 -0.12185156
42682079.79292825 -4.7318435 -1.6171294 -4.7198925 0.31865618 -0.021525623 0.9399369 -0.120472305
42712900.04292825 -4.571809 -1.6347656 -4.648231 0.30664808 -0.03173343 0.9436515 -0.12034039
42743591.04292825 -4.409197 -1.6334112 -4.5626287 0.2954948 -0.042922914 0.9468424 -0.11970802
42774150.04292825 -4.2408724 -1.625169 -4.4757047 0.28410438 -0.05444905 0.9499519 -0.117947094
42804571.04292825 -4.092453 -1.6366383 -4.3954477 0.27289534 -0.06545787 0.9525512 -0.11785446
42834845.79292825 -3.9253285 -1.6252985 -4.301196 0.26250163 -0.07769176 0.9547213 -0.11646554
42864977.04292825 -3.7622159 -1.6252488 -4.2148213 0.2518048 -0.090091504 0.95654446 -0.11619183
42894966.04292825 -3.5966845 -1.621332 -4.1179547 0.24116868 -0.10234989 0.95816654 -0.11523476
42924822.04292825 -3.43402 -1.6236606 -4.0259123 0.23030664 -0.11444088 0.95962286 -0.113956906
42954553.04292825 -3.276474 -1.607309 -3.9309921 0.21966863 -0.1268785 0.960803 -0.11182725
42984168.79292825 -3.1340203 -1.5992272 -3.8302522 0.20952357 -0.1392067 0.9615523 -0.11017516
43013682.04292825 -2.9935524 -1.5985228 -3.7295427 0.19889498 -0.15084195 0.9622578 -0.108385816
43043106.04292825 -2.8559713 -1.6037831 -3.6310725 0.18843974 -0.16186155 0.96270823 -0.107164405
43072452.79292825 -2.7055404 -1.5832181 -3.5223753 0.17765914 -0.17423277 0.96282375 -0.105122365
43101736.04292825 -2.572693 -1.5760905 -3.4207973 0.16728543 -0.18543743 0.96275115 -0.10362802
43130972.04292825 -2.4375854 -1.5762638 -3.3199763 0.15635294 -0.19450207 0.9628739 -0.10294043
43160170.79292825 -2.309133 -1.5579574 -3.2112856 0.14598054 -0.1999502 0.96346676 -0.10218351
43189345.04292825 -2.1990764 -1.5603223 -3.1011157 0.13651222 -0.20157784 0.9643117 -0.104085624
43218504.04292825 -2.077692 -1.5568172 -2.9913068 0.12653434 -0.1994587 0.9659978 -0.10513588
43247651.79292825 -1.9589692 -1.5368048 -2.8720684 0.11645006 -0.1946917 0.96805745 -0.10676798
43276793.04292825 -1.8592055 -1.5312645 -2.7532318 0.106041506 -0.19179338 0.9697994 -0.107049614
43305931.79292825 -1.7422054 -1.5557781 -2.6541493 0.093620226 -0.18634756 0.9721469 -0.10695858
43335071.79292825 -1.6560683 -1.5235512 -2.5335126 0.083317965 -0.18050848 0.974353 -0.10540895
43364218.04292825 -1.5560153 -1.525779 -2.4291582 0.07165895 -0.17265353 0.9767967 -0.10451849
43393372.04292825 -1.4708201 -1.5203806 -2.312794 0.06045331 -0.16598676 0.97879934 -0.103661716
43422534.04292825 -1.3865829 -1.5084964 -2.2043593 0.048091277 -0.16005611 0.98046815 -0.103689276
43451703.79292825 -1.2924546 -1.4896569 -2.082991 0.03494948 -0.15550509 0.98192954 -0.10203515
43480879.79292825 -1.2083967 -1.4896197 -1.9650832 0.02126811 -0.15321974 0.9826597 -0.1022321
43510065.04292825 -1.138753 -1.4929174 -1.8537711 0.007743766 -0.15243892 0.98305213 -0.10154287
43539261.04292825 -1.0537773 -1.4802912 -1.7336696 -0.0057861516 -0.15333994 0.98307437 -0.10009104
43568472.04292825 -0.9857065 -1.4736735 -1.602389 -0.018108543 -0.15405796 0.98293185 -0.098910816
43597704.04292825 -0.90387595 -1.4695866 -1.4834458 -0.032546863 -0.15443698 0.98258466 -0.098068245
43626964.04292825 -0.84037423 -1.4595698 -1.3560205 -0.044933148 -0.15604135 0.98203343 -0.09613802
43656261.04292825 -0.77041733 -1.4466841 -1.2300303 -0.057890624 -0.1596274 0.98099685 -0.09387741
43685599.79292825 -0.7080426 -1.4378827 -1.1003681 -0.070959926 -0.16418748 0.9796478 -0.091089964
43714983.04292825 -0.6423198 -1.4520261 -0.97675115 -0.08465821 -0.17041309 0.97768396 -0.08903074
43744409.79292825 -0.5876927 -1.4413816 -0.85561967 -0.09725592 -0.17639919 0.97575593 -0.08558625
43773878.79292825 -0.5271169 -1.4372184 -0.71746236 -0.110370725 -0.18163125 0.973598 -0.08327939
43803389.04292825 -0.475408 -1.4321011 -0.58951116 -0.12305452 -0.18530585 0.9716043 -0.080650024
43832935.04292825 -0.43160322 -1.4140152 -0.45032385 -0.1359256 -0.18615259 0.9698305 -0.07937372
43862512.04292825 -0.39065373 -1.4086728 -0.3178572 -0.14827472 -0.18530568 0.9681196 -0.08012995
43892115.04292825 -0.34372577 -1.4001251 -0.17823344 -0.1610303 -0.18131323 0.9667879 -0.080721796
43921739.04292825 -0.30127838 -1.3934928 -0.045800246 -0.17459702 -0.17865196 0.96486175 -0.08149422
43951377.04292825 -0.26617306 -1.3879536 0.08452954 -0.18732658 -0.17765845 0.96270794 -0.08086889
43981023.79292825 -0.2328932 -1.3882319 0.21674255 -0.20048799 -0.1765808 0.96041125 -0.07895627
44010667.04292825 -0.21288173 -1.371253 0.35428262 -0.21384582 -0.1755712 0.9579791 -0.07563636
44040303.04292825 -0.19001324 -1.3647425 0.50616026 -0.22677524 -0.17475706 0.95539707 -0.0724532
44069919.04292825 -0.16549681 -1.3671227 0.62180024 -0.2401881 -0.17354885 0.9524206 -0.07131396
44099509.04292825 -0.15361536 -1.356389 0.75859207 -0.2532371 -0.1730355 0.9492635 -0.06948783
44129068.04292825 -0.13576889 -1.3512238 0.9043276 -0.26696527 -0.17548099 0.94515646 -0.067935824
44158589.04292825 -0.13201562 -1.3590236 1.0081006 -0.28081083 -0.17867333 0.940638 -0.06649324
44188067.04292825 -0.123388425 -1.3576486 1.1398064 -0.295085 -0.18431032 0.9353505 -0.06382936
44217498.04292825 -0.11540449 -1.3493876 1.2790902 -0.31009847 -0.18969876 0.9296041 -0.06074276
44246878.04292825 -0.12899521 -1.3456032 1.4032557 -0.3233663 -0.19636822 0.9238682 -0.05780456
44276207.04292825 -0.12739837 -1.343257 1.5379632 -0.33794472 -0.20183541 0.91760945 -0.055216324
44305477.04292825 -0.13066837 -1.3375506 1.6657445 -0.35184747 -0.20679303 0.9114012 -0.0528015
44334687.04292825 -0.1429553 -1.3318124 1.7948457 -0.3657208 -0.21197395 0.9048581 -0.050470356
44363835.04292825 -0.16173673 -1.3363657 1.90663 -0.37911358 -0.21641415 0.8983564 -0.048924297
44392926.04292825 -0.17196417 -1.3275982 2.0579693 -0.39429402 -0.21882035 0.89133316 -0.046639297
44421964.04292825 -0.18868804 -1.3209834 2.1808374 -0.4081301 -0.22134705 0.8845917 -0.04396487
44450954.04292825 -0.21375787 -1.3183608 2.3040063 -0.42159092 -0.22344938 0.87787133 -0.04090763
44479900.04292825 -0.23975277 -1.3154657 2.4173744 -0.43546394 -0.22527602 0.8707882 -0.0367395
44508804.79292825 -0.2685867 -1.3097422 2.5459602 -0.44975272 -0.22748268 0.8631384 -0.031085916
44537669.04292825 -0.2990389 -1.3119483 2.6523557 -0.46329546 -0.22904037 0.855676 -0.026766464
44566487.79292825 -0.320477 -1.3108717 2.768747 -0.47701856 -0.2300223 0.84797496 -0.021942616
44595256.79292825 -0.36401618 -1.3172805 2.8762085 -0.49045587 -0.23101336 0.84007144 -0.019128826
44623972.04292825 -0.41131616 -1.3143643 2.9960074 -0.5035361 -0.23142725 0.83224094 -0.016363705
44652629.04292825 -0.44839668 -1.3215348 3.1006265 -0.5169089 -0.23111919 0.8241196 -0.014696771
44681227.04292825 -0.50105035 -1.3279778 3.2006333 -0.52950215 -0.22973832 0.81650907 -0.012679548
44709766.04292825 -0.55168056 -1.3298068 3.292693 -0.54208964 -0.22967993 0.80824876 -0.010949873
44738249.04292825 -0.59242773 -1.3342435 3.4050982 -0.55554706 -0.22947794 0.7991379 -0.009273426
44766680.04292825 -0.65188646 -1.3330187 3.497199 -0.5675422 -0.2302206 0.79046917 -0.007269511
44795059.04292825 -0.71299195 -1.3264298 3.591374 -0.57928514 -0.23225485 0.781327 -0.0038215932
44823387.04292825 -0.77390766 -1.338921 3.7026584 -0.5920831 -0.23604213 0.7705333 0.00051059684
44851667.04292825 -0.84239864 -1.3295785 3.7883134 -0.6031945 -0.23946977 0.7607716 0.0061216406
44879905.04292825 -0.91129637 -1.3280399 3.8756518 -0.6150816 -0.24266392 0.75011295 0.010930801
44908106.79292825 -0.9740517 -1.3353418 3.9637942 -0.6274328 -0.24500136 0.7389681 0.015120121
44936278.04292825 -1.0396369 -1.3421514 4.043027 -0.63949645 -0.24877591 0.72718054 0.019061642
44964419.04292825 -1.1047637 -1.3444213 4.119811 -0.65175635 -0.2520028 0.7149833 0.022523802
44992536.79292825 -1.180433 -1.3470047 4.199138 -0.6641283 -0.25466698 0.7024199 0.026167762
45020640.04292825 -1.2512891 -1.3508126 4.270308 -0.6760994 -0.25788462 0.68953604 0.030417291
45048736.04292825 -1.3240604 -1.3539664 4.3405013 -0.688367 -0.26086408 0.67595565 0.034420725
45076829.04292825 -1.4025803 -1.3505714 4.406067 -0.69997823 -0.2631519 0.6627908 0.038601376
45104924.04292825 -1.4775114 -1.3572406 4.4683466 -0.7113851 -0.2648735 0.64968526 0.0410162
45133025.04292825 -1.5497622 -1.3608704 4.5329933 -0.7233714 -0.26545775 0.63597876 0.042392682
45161134.04292825 -1.6248393 -1.3625755 4.5913167 -0.7344876 -0.26579598 0.6229118 0.043143183
45189256.04292825 -1.6992316 -1.3681335 4.6408486 -0.745276 -0.26527113 0.610281 0.041859094
45217390.04292825 -1.778266 -1.3698648 4.6908355 -0.7559531 -0.26309538 0.598095 0.039977934
45245538.04292825 -1.875782 -1.3611548 4.7420926 -0.76625264 -0.26030633 0.5862175 0.03803309
45273698.79292825 -1.9510703 -1.3655835 4.7807417 -0.775929 -0.2581728 0.574475 0.03549053
45301868.04292825 -2.0406728 -1.3661999 4.825182 -0.7857329 -0.25561222 0.5622651 0.03382688
45330047.04292825 -2.1245222 -1.3633751 4.857453 -0.7947804 -0.2539857 0.5502056 0.033004608
45358239.04292825 -2.2221308 -1.3594052 4.8953757 -0.8036074 -0.25252086 0.5379196 0.033029627
45386444.04292825 -2.3123817 -1.3542587 4.9213157 -0.81195384 -0.25162125 0.5256123 0.033904057
45414657.04292825 -2.4030075 -1.3504169 4.9471445 -0.8201674 -0.25049168 0.51319486 0.034788676
45442874.04292825 -2.500229 -1.3513199 4.9717035 -0.8283258 -0.24961694 0.50029635 0.035655502
45471095.04292825 -2.591454 -1.3484559 4.995805 -0.8359687 -0.24889246 0.48771322 0.036671225
45499322.04292825 -2.6819577 -1.3472404 5.0099664 -0.84362465 -0.24766488 0.47496772 0.03695029
45527555.04292825 -2.7752619 -1.3447728 5.025335 -0.8512286 -0.24661501 0.46166807 0.038126145
45555792.79292825 -2.8745346 -1.3451838 5.035661 -0.85910714 -0.24494852 0.44777107 0.037897393
45584035.04292825 -2.9623652 -1.3387337 5.04154 -0.86654425 -0.24359971 0.4338039 0.039680507
45612281.79292825 -3.06211 -1.3309954 5.047072 -0.8738144 -0.24186563 0.41970357 0.04240749
45640540.04292825 -3.1486163 -1.3302792 5.045484 -0.8809233 -0.24064824 0.40494543 0.04562747
45668806.79292825 -3.2442007 -1.323502 5.0391703 -0.88754064 -0.23931377 0.39062157 0.04914774
45697086.04292825 -3.3407788 -1.3215967 5.0292916 -0.89436245 -0.23758717 0.3753024 0.053068947
45725380.04292825 -3.4371781 -1.311914 5.02009 -0.90077215 -0.23534888 0.3605763 0.05661464
45753688.79292825 -3.5222487 -1.3148415 5.0041227 -0.90693855 -0.23309067 0.34580147 0.059603866
45782017.04292825 -3.6212988 -1.311492 4.988569 -0.91317767 -0.22995268 0.33056435 0.06289347
45810359.04292825 -3.7106962 -1.3036982 4.970738 -0.9195275 -0.22533673 0.31541184 0.064869955
45838715.04292825 -3.8007226 -1.3058513 4.9510484 -0.92537534 -0.22135511 0.300379 0.06674509
45867086.04292825 -3.8942308 -1.2985451 4.923488 -0.93092394 -0.2169444 0.28544116 0.06956406
45895469.04292825 -3.9855137 -1.290133 4.894724 -0.9359651 -0.21348126 0.2703848 0.07271263
45923864.04292825 -4.073961 -1.2912049 4.8682356 -0.94067335 -0.21103275 0.25468883 0.07571269
45952269.04292825 -4.1628585 -1.2800472 4.8311257 -0.94457036 -0.20924851 0.23979625 0.08062127
45980681.04292825 -4.255228 -1.2769564 4.80425 -0.94861585 -0.20709659 0.22368473 0.084877566
46009097.04292825 -4.338807 -1.2706702 4.7625413 -0.95157754 -0.20635828 0.2090755 0.090575576
46037514.04292825 -4.4240603 -1.2667553 4.725545 -0.95466304 -0.2052983 0.19315536 0.09571905
46065930.04292825 -4.508996 -1.2622149 4.682943 -0.9570582 -0.20520392 0.17793524 0.10134106
46094344.04292825 -4.587853 -1.2577351 4.6390657 -0.95909643 -0.2052779 0.16339363 0.10629047
46122759.79292825 -4.665179 -1.2544898 4.5995307 -0.9610534 -0.20467883 0.14865431 0.111287676
46151174.79292825 -4.74356 -1.2522763 4.550994 -0.9626262 -0.20462069 0.13400736 0.11628922
46179591.04292825 -4.816004 -1.2458003 4.5008636 -0.96384835 -0.20449531 0.11954581 0.122011766
46208007.79292825 -4.889585 -1.2431124 4.451374 -0.96502036 -0.20410238 0.10522066 0.12651706
46236427.79292825 -4.960757 -1.2405465 4.400506 -0.96585876 -0.20365609 0.09105888 0.13171686
46264853.04292825 -5.0298 -1.2361465 4.3423476 -0.9663159 -0.2034113 0.07670414 0.13774595
46293285.04292825 -5.097919 -1.2288675 4.2801504 -0.96677387 -0.20263714 0.062352728 0.1428238
46321725.04292825 -5.1606073 -1.2193562 4.2174625 -0.96701586 -0.20212328 0.0482572 0.1473016
46350178.04292825 -5.22414 -1.2186313 4.157184 -0.9670528 -0.20197372 0.033748295 0.1512501
46378646.04292825 -5.2826686 -1.2133172 4.091963 -0.9668382 -0.20173067 0.019807316 0.15535913
46407132.04292825 -5.339019 -1.2047634 4.024975 -0.96653974 -0.20133674 0.0063643786 0.15882055
46435639.04292825 -5.393194 -1.199981 3.9581223 -0.9661322 -0.20089392 -0.007595123 0.16177927
46464175.04292825 -5.446928 -1.1962543 3.8871922 -0.9656356 -0.20018986 -0.02062191 0.16445902
46492745.04292825 -5.4967327 -1.1899757 3.8143377 -0.96498 -0.19961283 -0.033169053 0.16693762
46521355.04292825 -5.5435796 -1.1799319 3.741036 -0.9640093 -0.19977467 -0.04540119 0.16945514
46550007.79292825 -5.5870466 -1.1757429 3.6647859 -0.96286833 -0.20082267 -0.05606985 0.17149664
46578705.04292825 -5.625172 -1.1612594 3.5893168 -0.96178544 -0.20189512 -0.06622275 0.17268981
46607449.79292825 -5.6611204 -1.154294 3.5073986 -0.960531 -0.20312983 -0.07526257 0.17451084
46636247.04292825 -5.694011 -1.1485229 3.4356575 -0.959502 -0.20356506 -0.083860524 0.17574047
46665094.04292825 -5.7245765 -1.142514 3.3512545 -0.9585917 -0.20456642 -0.09098468 0.17600134
46693988.79292825 -5.7499 -1.1366997 3.2801762 -0.9580257 -0.20513168 -0.09759835 0.17487812
46722930.04292825 -5.7772293 -1.130055 3.1948962 -0.9578484 -0.20554046 -0.10207791 0.1727993
46751907.04292825 -5.7912216 -1.1259892 3.115965 -0.95690644 -0.20682555 -0.10727496 0.17333624
46780906.04292825 -5.8107376 -1.1153438 3.0273032 -0.95740724 -0.20675121 -0.109865785 0.16898185
46809915.04292825 -5.8231645 -1.1136706 2.9456124 -0.95810467 -0.20726441 -0.11030086 0.16404487
46838921.04292825 -5.8328648 -1.1043651 2.856121 -0.95940787 -0.20718823 -0.10947534 0.15692316
46867914.04292825 -5.843847 -1.1062813 2.7755308 -0.96093965 -0.20696375 -0.107694596 0.14887206
46896881.79292825 -5.855119 -1.099987 2.6793709 -0.96233815 -0.20623244 -0.10707147 0.14110029
46925823.04292825 -5.8557477 -1.0902581 2.576559 -0.96426535 -0.20456399 -0.10442575 0.1320653
46954739.04292825 -5.861154 -1.0818104 2.474936 -0.96574384 -0.20361705 -0.10343096 0.123210914
46983636.04292825 -5.861687 -1.0679402 2.3682847 -0.9677803 -0.20152545 -0.10082332 0.112354614
47012514.04292825 -5.864744 -1.0611162 2.268124 -0.9693369 -0.19970869 -0.098750785 0.10368574
47041372.79292825 -5.8616443 -1.0438924 2.147088 -0.9708945 -0.1977175 -0.09656845 0.0945849
47070221.04292825 -5.862693 -1.0363754 2.0467696 -0.9721506 -0.1961678 -0.09449369 0.08667377
47099064.04292825 -5.8510838 -1.0227869 1.9275441 -0.97345966 -0.19436684 -0.09164741 0.078731626
47127906.79292825 -5.8461566 -1.0109901 1.8056018 -0.97465867 -0.19288723 -0.0881954 0.071109965
47156760.04292825 -5.837677 -0.9980548 1.6851416 -0.97575295 -0.19169065 -0.084896885 0.06287623
47185625.79292825 -5.8382 -0.997612 1.5788505 -0.97671044 -0.19068979 -0.08146798 0.055110045
47214508.79292825 -5.8259063 -0.9850155 1.4481764 -0.9777598 -0.18911497 -0.077685066 0.046758935
47243418.04292825 -5.8219786 -0.9766326 1.330179 -0.978716 -0.18761931 -0.074064024 0.037797175
47272357.04292825 -5.8124876 -0.9695513 1.2037067 -0.9794438 -0.18691166 -0.070224784 0.028677924
47301333.04292825 -5.803937 -0.96362156 1.0779262 -0.9800998 -0.18583392 -0.06683171 0.020092024
47330347.79292825 -5.794003 -0.959908 0.9435582 -0.98069793 -0.18463296 -0.06328453 0.0117182685
47359399.04292825 -5.7798023 -0.9497826 0.81651735 -0.98129815 -0.182894 -0.05990293 0.0039191735
47388490.04292825 -5.763045 -0.94958776 0.6878209 -0.9817845 -0.18130931 -0.05665377 -0.004066122
47417621.04292825 -5.756414 -0.94967335 0.5618639 -0.98215634 -0.17962073 -0.05461941 -0.01105055
47446795.04292825 -5.758618 -0.94330955 0.4306103 -0.9823754 -0.17826676 -0.05345897 -0.017373644
47476014.04292825 -5.751709 -0.9384348 0.30512142 -0.98252183 -0.1771997 -0.05243981 -0.022387555
47505284.04292825 -5.7453885 -0.93445736 0.16480482 -0.9826097 -0.17637292 -0.051514298 -0.026777387
47534613.04292825 -5.740119 -0.9283055 0.012348056 -0.9827097 -0.1752296 -0.051446665 -0.030486228
47564010.04292825 -5.736801 -0.9273801 -0.12134206 -0.9827107 -0.17498137 -0.050222274 -0.0337492
47593479.04292825 -5.7246733 -0.91801035 -0.26899773 -0.98278886 -0.17402774 -0.049685992 -0.037037402
47623017.04292825 -5.7251277 -0.92103326 -0.40806377 -0.9826066 -0.17467645 -0.050047193 -0.038312115
47652630.79292825 -5.7159348 -0.9260683 -0.53981805 -0.9827548 -0.17369528 -0.049592517 -0.039542105
47682323.04292825 -5.7047377 -0.926046 -0.6848093 -0.98300767 -0.17318484 -0.048700973 -0.036486138
47712099.04292825 -5.703848 -0.93115306 -0.82655394 -0.98311037 -0.17261864 -0.04855793 -0.036592565
47741962.04292825 -5.6996703 -0.92753273 -0.97885096 -0.9833826 -0.17137563 -0.048203997 -0.03557434
47771916.04292825 -5.6927414 -0.9315809 -1.1227343 -0.9835808 -0.17086264 -0.047400363 -0.03358577
47801963.79292825 -5.688966 -0.9353411 -1.2770877 -0.98354864 -0.17136095 -0.04692641 -0.03264145
47832111.04292825 -5.690094 -0.93873554 -1.4322419 -0.98359764 -0.17142425 -0.046846677 -0.03090113
47862355.04292825 -5.6943655 -0.9314463 -1.5794933 -0.9837248 -0.17118774 -0.046069417 -0.029290952
47892702.04292825 -5.692353 -0.9293816 -1.732781 -0.98393357 -0.17086884 -0.044485666 -0.026450975
47923159.04292825 -5.692931 -0.9389698 -1.8884432 -0.98410845 -0.170793 -0.042563185 -0.023425648
47953736.79292825 -5.6989527 -0.9299584 -2.053053 -0.9844523 -0.16974786 -0.04027628 -0.02042818
47984444.04292825 -5.7013235 -0.9308718 -2.2144952 -0.9848613 -0.16839902 -0.037429772 -0.016999872
48015291.04292825 -5.7082324 -0.9206367 -2.3748474 -0.9852503 -0.1671437 -0.034507915 -0.012416015
48046282.79292825 -5.716468 -0.92494035 -2.537888 -0.98553944 -0.1663532 -0.031121192 -0.008375788
48077426.04292825 -5.7210817 -0.9230243 -2.70221 -0.9857956 -0.16559619 -0.027824484 -0.0032889114
48108727.04292825 -5.7245502 -0.9279109 -2.8623352 -0.9858366 -0.16591744 -0.02426921 0.0029440385
48140185.04292825 -5.727747 -0.92361873 -3.0362792 -0.986017 -0.16509368 -0.02066699 0.009355159
48171794.04292825 -5.732355 -0.91871136 -3.2093787 -0.98617375 -0.16420364 -0.016614351 0.014921079
48203553.04292825 -5.7409863 -0.9147641 -3.3882494 -0.9862862 -0.16326582 -0.012465463 0.02069843
48235458.04292825 -5.743934 -0.9049352 -3.5671413 -0.9862902 -0.16290914 -0.0072365794 0.025297027
48267505.04292825 -5.7552724 -0.90133744 -3.7348042 -0.98614156 -0.16324459 -0.0021639213 0.029519593
48299680.04292825 -5.7626925 -0.87525403 -3.9256644 -0.98610836 -0.16326 0.0033889306 0.030414352
48331972.04292825 -5.7715626 -0.87203264 -4.1006165 -0.9858097 -0.16493544 0.009851599 0.02963979
48364374.04292825 -5.777842 -0.86471915 -4.275425 -0.98551166 -0.1663483 0.017215233 0.02826121
48396887.04292825 -5.786086 -0.8600944 -4.457219 -0.9851991 -0.16711436 0.025751589 0.028150057
48429508.04292825 -5.7909565 -0.8378227 -4.63688 -0.9849784 -0.16694492 0.035152566 0.026670132
48462240.04292825 -5.7916145 -0.8201388 -4.8257284 -0.98468673 -0.16636144 0.04568657 0.025076993
48495083.79292825 -5.8110785 -0.807237 -5.01025 -0.9843121 -0.16578865 0.05644043 0.021411333
48528035.04292825 -5.8209844 -0.7827835 -5.1908236 -0.98389196 -0.16446887 0.068317376 0.01547444
48561088.79292825 -5.8379593 -0.7634808 -5.3807693 -0.9831483 -0.16350587 0.08127598 0.008917313
48594240.04292825 -5.8561053 -0.73779225 -5.5718684 -0.9820547 -0.16254604 0.09560675 0.0025974046
48627478.04292825 -5.866859 -0.71377945 -5.76139 -0.9805995 -0.16181524 0.110554844 -0.004254692
48660796.04292825 -5.878126 -0.69121027 -5.947546 -0.97890675 -0.16045691 0.125889 -0.012128846
48694183.04292825 -5.892674 -0.66868734 -6.1407995 -0.97683144 -0.15976052 0.14094791 -0.020264963
48727634.04292825 -5.9084053 -0.6463492 -6.335351 -0.9744547 -0.15829949 0.15664706 -0.029001128
48761138.04292825 -5.926366 -0.61761713 -6.5290623 -0.97193086 -0.15501682 0.17274696 -0.038454562
48794691.04292825 -5.955496 -0.5799451 -6.719549 -0.96927685 -0.15077944 0.1884439 -0.047507416
48828288.79292825 -5.9782925 -0.55661297 -6.911005 -0.96598804 -0.14740597 0.20492826 -0.056063507
48861940.04292825 -6.0110598 -0.52227163 -7.108876 -0.96228737 -0.1434526 0.22193876 -0.06455695
48895648.04292825 -6.033722 -0.5041561 -7.2904005 -0.9579339 -0.14060277 0.23895498 -0.07412242
48929420.04292825 -6.058757 -0.48760366 -7.4881935 -0.9529766 -0.13729373 0.25680575 -0.0838859
48963254.04292825 -6.0861487 -0.46055436 -7.6798325 -0.947894 -0.13271682 0.2743369 -0.09285758
48997146.04292825 -6.1207685 -0.43837357 -7.869542 -0.9423832 -0.12815472 0.29218304 -0.10059498
49031094.79292825 -6.1556635 -0.4151082 -8.056096 -0.93668693 -0.1227635 0.30989516 -0.10729251
49065096.04292825 -6.192376 -0.3954141 -8.250535 -0.9306656 -0.11712943 0.3276635 -0.113043636
49099151.04292825 -6.240706 -0.38299394 -8.429378 -0.92433983 -0.11127728 0.34518602 -0.11857439
49133253.79292825 -6.2819767 -0.36834776 -8.612999 -0.91736543 -0.105237305 0.36325625 -0.124139935
49167405.04292825 -6.3312693 -0.35398078 -8.802413 -0.90944433 -0.0994714 0.38202402 -0.13066792
49201595.04292825 -6.3843107 -0.33380675 -8.974258 -0.9013865 -0.09316638 0.40008372 -0.13695039
49235811.04292825 -6.454081 -0.31883615 -9.16534 -0.89250803 -0.086021185 0.41899624 -0.14308034
49270038.04292825 -6.509382 -0.29673386 -9.337101 -0.8836063 -0.077845894 0.43735906 -0.14797637
49304253.79292825 -6.581826 -0.28939354 -9.517438 -0.8739317 -0.070092745 0.45620975 -0.15232566
49338441.04292825 -6.6553097 -0.28223777 -9.68692 -0.8637567 -0.06300801 0.47495443 -0.15611714
49372577.04292825 -6.727987 -0.2786036 -9.843352 -0.8529059 -0.055985212 0.49359778 -0.16055702
49406639.04292825 -6.808263 -0.27502888 -10.002629 -0.8416338 -0.049053375 0.511872 -0.1650253
49440602.79292825 -6.890457 -0.266581 -10.170246 -0.82991564 -0.04139599 0.53024197 -0.16843362
49474450.04292825 -6.9803143 -0.2639029 -10.325114 -0.8175218 -0.033680364 0.5485732 -0.17202114
49508166.04292825 -7.0680294 -0.26971734 -10.478017 -0.8048917 -0.026568163 0.5664185 -0.17496747
49541732.04292825 -7.158429 -0.2732153 -10.638339 -0.7915469 -0.01899203 0.58424604 -0.17818378
49575130.04292825 -7.2494726 -0.2699027 -10.782675 -0.7778081 -0.012234961 0.6018047 -0.18082029
49608346.04292825 -7.336954 -0.26892328 -10.906699 -0.764187 -0.005418654 0.61820847 -0.18386738
49641369.04292825 -7.4422207 -0.27371097 -11.051512 -0.7489878 0.0010751822 0.6353806 -0.1879033
49674189.79292825 -7.548523 -0.28016663 -11.173666 -0.7340912 0.006845837 0.65113753 -0.19256967
49706803.79292825 -7.635544 -0.29510522 -11.274082 -0.7188108 0.011211912 0.66604173 -0.1989314
49739211.04292825 -7.733473 -0.30972934 -11.375319 -0.7021152 0.015926355 0.6812663 -0.2065353
49771416.04292825 -7.838068 -0.30715752 -11.487122 -0.6851324 0.021282177 0.6962796 -0.21292149
49803434.04292825 -7.9464884 -0.3171494 -11.584022 -0.6684373 0.026468609 0.7104643 -0.21847554
49835281.04292825 -8.0583315 -0.32286572 -11.682295 -0.65096366 0.03159448 0.7250735 -0.22252314
49866968.04292825 -8.161645 -0.3326609 -11.768762 -0.6331649 0.03642736 0.7394504 -0.22580595
49898501.04292825 -8.266393 -0.3357625 -11.845379 -0.6155078 0.04137728 0.75304633 -0.2288216
49929884.04292825 -8.375177 -0.35262442 -11.906792 -0.5977603 0.04548624 0.7662297 -0.23131296
49961121.79292825 -8.482104 -0.35901594 -11.9665575 -0.57949096 0.049273618 0.7796231 -0.2322719
49992220.04292825 -8.571283 -0.37473178 -12.002113 -0.561877 0.05226178 0.7920868 -0.2327265
50023178.79292825 -8.676252 -0.39496994 -12.051533 -0.5431305 0.05405568 0.8050368 -0.23238558
50054001.04292825 -8.778496 -0.41309476 -12.087932 -0.52475816 0.054769456 0.81737703 -0.23135275
50084683.04292825 -8.88477 -0.42756963 -12.134686 -0.505694 0.054563563 0.8297134 -0.22993955
50115223.04292825 -8.977566 -0.44105935 -12.160282 -0.48738253 0.054226425 0.8408736 -0.22901846
50145619.04292825 -9.082921 -0.47460485 -12.190598 -0.46902007 0.052638587 0.85108906 -0.2299931
50175862.79292825 -9.184069 -0.48314595 -12.203136 -0.45169687 0.050189853 0.86058766 -0.22986934
50205954.04292825 -9.282576 -0.50176096 -12.2095 -0.4351691 0.04716993 0.86906886 -0.23048265
50235899.04292825 -9.385122 -0.51724315 -12.222341 -0.41939682 0.043479104 0.8769834 -0.23046926
50265706.04292825 -9.490887 -0.54023194 -12.22476 -0.40370348 0.04047976 0.884215 -0.23140617
50295388.04292825 -9.589312 -0.5539105 -12.220758 -0.3889682 0.03776167 0.89072055 -0.23215248
50324956.04292825 -9.685892 -0.5693033 -12.218309 -0.37404668 0.03570346 0.8970397 -0.23266715
50354421.04292825 -9.788301 -0.58148766 -12.207995 -0.36051658 0.034458257 0.90248376 -0.23315993
50383789.79292825 -9.876877 -0.60122275 -12.186182 -0.3476906 0.033748783 0.9070164 -0.23514588
50413071.04292825 -9.989259 -0.61772513 -12.170255 -0.33324644 0.034137707 0.91205704 -0.23650235
50442276.04292825 -10.087637 -0.642478 -12.13962 -0.3201211 0.034488138 0.916174 -0.23865947
50471408.04292825 -10.184405 -0.669695 -12.11609 -0.30654314 0.035443448 0.92020035 -0.2408452
50500472.79292825 -10.275304 -0.6888679 -12.078221 -0.29334942 0.037166193 0.9237143 -0.24355055
50529477.04292825 -10.37756 -0.7104107 -12.041742 -0.2793196 0.039003503 0.9273475 -0.24593878
50558424.04292825 -10.472184 -0.729684 -11.999588 -0.265661 0.041199103 0.9306702 -0.24815296
50587317.04292825 -10.566996 -0.7539716 -11.951798 -0.2517752 0.043791395 0.9337787 -0.25049743
50616155.04292825 -10.659573 -0.7749754 -11.901168 -0.238312 0.044924174 0.93664324 -0.25276226
50644938.04292825 -10.747089 -0.79784346 -11.847581 -0.22519267 0.046671715 0.9390452 -0.25554684
50673667.04292825 -10.838854 -0.80838084 -11.78569 -0.21231738 0.048693947 0.9415858 -0.25683948
50702345.04292825 -10.925569 -0.837433 -11.718797 -0.19933656 0.05033482 0.943503 -0.25987196
50730971.79292825 -11.014104 -0.8519782 -11.656628 -0.18647096 0.0526792 0.9456396 -0.2611884
50759552.04292825 -11.099588 -0.87496674 -11.583561 -0.17364423 0.055214588 0.9473112 -0.26344004
50788082.04292825 -11.189412 -0.9015349 -11.510654 -0.16044006 0.058998305 0.94896966 -0.26501855
50816559.79292825 -11.281793 -0.9231547 -11.430728 -0.14672619 0.064246565 0.95058787 -0.26594472
50844984.79292825 -11.361055 -0.94105357 -11.340635 -0.13308443 0.07309716 0.9521363 -0.2652959
50873351.79292825 -11.446225 -0.9722518 -11.256286 -0.11835556 0.08233845 0.9533304 -0.26528016
50901657.04292825 -11.530392 -0.98211205 -11.158084 -0.10441223 0.09287798 0.954514 -0.26339093
50929896.04292825 -11.607116 -0.98784685 -11.052602 -0.09036505 0.10407099 0.95572007 -0.26000494
50958068.04292825 -11.677205 -1.0077237 -10.955212 -0.07570935 0.114506505 0.95702314 -0.25546667
50986167.04292825 -11.748139 -1.012214 -10.846548 -0.061021578 0.12626629 0.9582153 -0.24931258
51014195.04292825 -11.818001 -1.0269035 -10.7409 -0.044623677 0.13768752 0.95926154 -0.24262764
51042146.04292825 -11.885437 -1.0367641 -10.636682 -0.02733165 0.14866672 0.96016943 -0.23500185
51070022.04292825 -11.948042 -1.0485603 -10.530312 -0.010801384 0.15993533 0.9603533 -0.22809115
51097819.79292825 -12.0080185 -1.0561247 -10.417103 0.007273725 0.17084424 0.9604788 -0.21963583
51125538.04292825 -12.069948 -1.0562092 -10.299958 0.025054228 0.18213898 0.95975393 -0.2122972
51153176.79292825 -12.111487 -1.0544412 -10.19099 0.041695636 0.19368859 0.9586105 -0.20448014
51180748.04292825 -12.176144 -1.068292 -10.079606 0.060431387 0.2043191 0.9569443 -0.19712782
51208260.79292825 -12.218706 -1.0649652 -9.955397 0.077857144 0.21477787 0.95502156 -0.18905732
51235722.79292825 -12.263977 -1.0688157 -9.823914 0.096745536 0.22470248 0.9526678 -0.18048044
51263137.79292825 -12.297971 -1.067592 -9.708143 0.11479572 0.23549315 0.9496171 -0.17202441
51290514.04292825 -12.33406 -1.0679462 -9.598682 0.13389193 0.2459173 0.945957 -0.16359383
51317859.04292825 -12.364254 -1.0617898 -9.475821 0.15197499 0.2556715 0.942 -0.15547283
51345176.04292825 -12.385685 -1.0598208 -9.352489 0.16984494 0.26452044 0.9378468 -0.14705467
51372468.04292825 -12.409497 -1.0512221 -9.22596 0.18824442 0.27420157 0.93274015 -0.13918868
51399746.04292825 -12.427491 -1.0529933 -9.101697 0.20593725 0.28291997 0.92752534 -0.13131236
51427019.04292825 -12.443884 -1.0423751 -8.972596 0.22329661 0.29150236 0.9219098 -0.123480484
51454296.04292825 -12.446028 -1.0365999 -8.848549 0.24024321 0.29875788 0.9162585 -0.11617804
51481586.04292825 -12.452933 -1.0290091 -8.717237 0.2575023 0.3054279 0.91027 -0.10869659
51508896.04292825 -12.448042 -1.0280697 -8.59268 0.27421588 0.31129757 0.90429723 -0.100727685
51536230.79292825 -12.43843 -1.0199907 -8.468477 0.29050243 0.3144135 0.89891034 -0.09334219
51563593.04292825 -12.422377 -1.0176411 -8.345201 0.30655026 0.3156707 0.8937453 -0.08716831
51590978.04292825 -12.406243 -1.0078812 -8.2233515 0.32229245 0.31562674 0.8887549 -0.08137654
51618385.04292825 -12.390027 -0.9941325 -8.108102 0.3375673 0.31458625 0.8838402 -0.07687899
51645815.04292825 -12.366695 -0.9868176 -7.985781 0.35262445 0.31501842 0.87810796 -0.07311515
51673268.04292825 -12.335555 -0.96981716 -7.8712673 0.3671565 0.31570774 0.87220687 -0.06913772
51700746.04292825 -12.299915 -0.9602363 -7.7555056 0.38158336 0.3167829 0.86590827 -0.06515903
51728253.04292825 -12.257525 -0.9504142 -7.641835 0.39534065 0.31778952 0.85965407 -0.060914606
51755786.04292825 -12.210403 -0.93576837 -7.530872 0.4088875 0.31896305 0.8531651 -0.056417137
51783345.04292825 -12.163275 -0.9209819 -7.4164486 0.42308953 0.31891078 0.8465501 -0.051421635
51810934.04292825 -12.118429 -0.9128933 -7.309746 0.43640733 0.3197073 0.83967876 -0.04770218
51838553.04292825 -12.059462 -0.89906 -7.203499 0.44874552 0.32057723 0.8330453 -0.04351258
51866198.04292825 -12.000934 -0.8857305 -7.1031246 0.46050584 0.31947398 0.82714105 -0.041334122
51893865.04292825 -11.934737 -0.87350106 -7.002516 0.47169313 0.31714964 0.8217776 -0.040042717
51921552.04292825 -11.856303 -0.85750866 -6.9072523 0.48150864 0.31514302 0.8168472 -0.03993779
51949253.79292825 -11.800908 -0.8476815 -6.807142 0.49044812 0.3119843 0.8126943 -0.040674917
51976969.04292825 -11.729009 -0.8418405 -6.7132716 0.49645644 0.31038716 0.8095874 -0.041941747
52004695.04292825 -11.6415825 -0.8271196 -6.6268663 0.5005836 0.3087559 0.8076368 -0.042529337
52032432.04292825 -11.562444 -0.81919694 -6.5409045 0.5029193 0.3061544 0.8070848 -0.044224214
52060182.79292825 -11.481257 -0.79687953 -6.4395404 0.50596076 0.30109584 0.8070245 -0.045348648
52087948.79292825 -11.392922 -0.79207253 -6.3695254 0.50664324 0.29459178 0.80879086 -0.048843402
52115738.04292825 -11.305493 -0.7879343 -6.300752 0.50725144 0.28545383 0.81137043 -0.0537607
52143557.79292825 -11.21077 -0.78029394 -6.2283216 0.5077456 0.2754962 0.8142244 -0.057748593
52171415.79292825 -11.102968 -0.7702799 -6.1365166 0.50851786 0.26488745 0.8169469 -0.061984036
52199323.04292825 -11.002038 -0.76379013 -6.067073 0.50886816 0.2533775 0.8199398 -0.06746659
52227292.79292825 -10.889396 -0.7460778 -5.9820595 0.50923896 0.24143931 0.82287157 -0.0725618
52255340.04292825 -10.770927 -0.7344103 -5.9009533 0.5095148 0.229447 0.8256866 -0.07739863
52283472.79292825 -10.639494 -0.7215495 -5.8208127 0.5094518 0.21866407 0.8281838 -0.08219729
52311701.04292825 -10.52188 -0.7178881 -5.750054 0.50856966 0.20956717 0.83059686 -0.08687549
52340030.04292825 -10.403451 -0.7122824 -5.686078 0.5064881 0.20174742 0.8334236 -0.09040353
52368462.04292825 -10.279812 -0.7151133 -5.6251607 0.50376683 0.19519056 0.8362602 -0.09374706
52397005.04292825 -10.139515 -0.71049523 -5.549333 0.50144714 0.18868865 0.8388451 -0.09636601
52425665.04292825 -10.008144 -0.71429574 -5.484865 0.49789438 0.18176194 0.8420622 -0.099975824
52454450.04292825 -9.874796 -0.71647894 -5.4193306 0.49435368 0.17458265 0.8451943 -0.10383672
52483365.04292825 -9.724138 -0.721256 -5.3496704 0.4909569 0.16633694 0.8483192 -0.10792533
52512419.04292825 -9.586083 -0.7334478 -5.284822 0.48669007 0.15762392 0.851823 -0.112628356
52541621.04292825 -9.430236 -0.7368648 -5.2115846 0.48230544 0.1490543 0.8553101 -0.116657406
52570975.79292825 -9.285183 -0.7474896 -5.1486773 0.4776781 0.14146064 0.858595 -0.12094267
52600489.04292825 -9.137792 -0.7668522 -5.0846086 0.47259885 0.13465823 0.8619053 -0.12504713
52630155.79292825 -8.982387 -0.7826029 -5.012798 0.4671351 0.12726751 0.8655341 -0.12821253
52659975.79292825 -8.8286915 -0.7997831 -4.941192 0.46127582 0.119891606 0.86925876 -0.1313006
52689943.79292825 -8.666946 -0.8270258 -4.8724575 0.45463917 0.112715416 0.87322736 -0.13443378
52720055.04292825 -8.507054 -0.83933634 -4.790908 0.44839856 0.10473866 0.8768655 -0.13811398
52750301.04292825 -8.347181 -0.8636488 -4.7207975 0.44121078 0.09724275 0.88085526 -0.14131851
52780669.04292825 -8.182264 -0.88654226 -4.6443152 0.43424773 0.08890492 0.8846871 -0.14440745
52811144.04292825 -8.014826 -0.91744906 -4.5716615 0.42653167 0.08087555 0.88870907 -0.14739794
52841710.79292825 -7.850869 -0.9488651 -4.4974837 0.41836026 0.07243532 0.892671 -0.15121642
52872350.04292825 -7.680008 -0.9659847 -4.4159737 0.40987033 0.06308932 0.89661413 -0.15527156
52903042.04292825 -7.5196204 -1.0106039 -4.3497343 0.40016 0.054711692 0.9007557 -0.15974298
52933767.79292825 -7.3447633 -1.0432286 -4.2708015 0.38960898 0.046450622 0.9051793 -0.16339403
52964511.04292825 -7.1681056 -1.0678531 -4.1818533 0.37896016 0.03903732 0.90952253 -0.16623501
52995253.79292825 -7.0098166 -1.1008571 -4.098398 0.3673501 0.033241376 0.91390187 -0.16950616
53025983.79292825 -6.8460913 -1.1254969 -4.0182524 0.35461715 0.028045692 0.91875494 -0.1713173
53056682.04292825 -6.657134 -1.1567142 -3.9314058 0.34104967 0.023111178 0.9236314 -0.1733668
53087330.79292825 -6.489986 -1.1816192 -3.8314893 0.32720467 0.018545032 0.92845654 -0.17481895
53117916.04292825 -6.331834 -1.219107 -3.746436 0.31203163 0.014623647 0.9333442 -0.17689289
53148423.04292825 -6.1678042 -1.2437704 -3.6528888 0.29642195 0.009286141 0.9382344 -0.17822488
53178844.04292825 -6.009648 -1.2743766 -3.5590596 0.2803948 0.0026445438 0.94273555 -0.18061432
53209171.79292825 -5.8410263 -1.3000903 -3.4647157 0.26320067 -0.004956307 0.94732934 -0.18239538
53239407.79292825 -5.681548 -1.3222584 -3.359459 0.24500372 -0.013425356 0.9516481 -0.18482086
53269558.04292825 -5.522259 -1.341272 -3.249769 0.2264026 -0.022544721 0.9555759 -0.18737246
53299631.04292825 -5.358069 -1.3654606 -3.1560614 0.20673467 -0.031387236 0.95919544 -0.19031516
53329636.04292825 -5.212339 -1.3796487 -3.051949 0.18737073 -0.04037184 0.9623773 -0.19259351
53359584.79292825 -5.0447264 -1.3957268 -2.9392796 0.16710822 -0.049039982 0.96528244 -0.19467859
53389488.04292825 -4.8900104 -1.4184552 -2.828932 0.14650445 -0.05773518 0.96764344 -0.19715333
53419356.04292825 -4.740601 -1.4337857 -2.719805 0.12570557 -0.06797427 0.96941036 -0.19955246
53449199.04292825 -4.5844293 -1.4574858 -2.6075168 0.10482492 -0.07933119 0.9705464 -0.20188622
53479024.04292825 -4.4522104 -1.466946 -2.4895072 0.08423789 -0.09307532 0.97101617 -0.20339264
53508837.04292825 -4.296272 -1.4759568 -2.3624046 0.06225192 -0.10817504 0.9709672 -0.20407252
53538641.04292825 -4.1618524 -1.4867016 -2.23912 0.040914528 -0.12373725 0.9701516 -0.20450187
53568441.04292825 -4.027837 -1.4947515 -2.115449 0.019830294 -0.13874625 0.9689185 -0.20384577
53598244.04292825 -3.8910234 -1.5038232 -1.9791204 -0.0014128846 -0.153647 0.9669527 -0.20345317
53628060.79292825 -3.760796 -1.5045012 -1.8447452 -0.022182848 -0.16631012 0.96483254 -0.20235386
53657900.79292825 -3.6369767 -1.5180035 -1.7183303 -0.04229959 -0.17760356 0.9622044 -0.20206548
53687771.79292825 -3.5046813 -1.5126476 -1.5810592 -0.06329026 -0.18578276 0.9595828 -0.20169307
53717682.04292825 -3.3707807 -1.5132756 -1.4376749 -0.0844136 -0.19308749 0.9567386 -0.2006062
53747631.79292825 -3.2574031 -1.521036 -1.3121556 -0.10526821 -0.20027363 0.95324606 -0.20032749
53777625.04292825 -3.1448407 -1.5226192 -1.1737516 -0.12645921 -0.20809934 0.94932765 -0.1986952
53807659.04292825 -3.0389822 -1.5149579 -1.0356733 -0.14721256 -0.21552198 0.94513327 -0.19647351
53837727.04292825 -2.929877 -1.5163559 -0.8922475 -0.16883986 -0.22382785 0.94001144 -0.19435214
53867821.04292825 -2.8354812 -1.5124228 -0.7518524 -0.18954948 -0.2319791 0.9345353 -0.19209518
53897936.04292825 -2.740392 -1.5105265 -0.6051339 -0.21083593 -0.23814382 0.9288553 -0.18990415
53928065.79292825 -2.6603339 -1.5123928 -0.465367 -0.23123075 -0.24219084 0.9234224 -0.18752864
53958207.04292825 -2.589456 -1.5114279 -0.32199132 -0.25192422 -0.24580207 0.91754436 -0.18500821
53988352.04292825 -2.5083113 -1.5062654 -0.175277 -0.27427843 -0.24540123 0.91204965 -0.18087313
54018495.04292825 -2.4405713 -1.5074872 -0.02251935 -0.29680634 -0.24495322 0.9058048 -0.17726128
54048628.04292825 -2.3745396 -1.4913373 0.1198796 -0.31921253 -0.24455535 0.8993025 -0.17190439
54078748.04292825 -2.3071883 -1.4877341 0.269867 -0.34234452 -0.24541649 0.89143205 -0.1670927
54108843.79292825 -2.2471159 -1.4672092 0.41851217 -0.3656304 -0.24798158 0.882522 -0.16116631
54138906.04292825 -2.197405 -1.4495797 0.5787329 -0.38976914 -0.25196713 0.87233144 -0.1537222
54168930.79292825 -2.158519 -1.4469421 0.72026986 -0.4134554 -0.25723496 0.86130995 -0.14501718
54198911.04292825 -2.1249804 -1.42993 0.86908615 -0.43679345 -0.26422283 0.849303 -0.13447037
54228841.04292825 -2.0918946 -1.4259329 1.0061204 -0.46012127 -0.27127677 0.83611125 -0.12496178
54258717.79292825 -2.061664 -1.4185982 1.1419103 -0.48336738 -0.27742663 0.82222337 -0.11549587
54288536.04292825 -2.0370507 -1.4227448 1.2785635 -0.5049798 -0.28296328 0.8082285 -0.10813832
54318293.04292825 -2.0081754 -1.4268553 1.4164014 -0.52780735 -0.28796428 0.7924887 -0.10226267
54347989.04292825 -1.985833 -1.4330287 1.5427806 -0.54864764 -0.29234594 0.7772915 -0.09663123
54377625.04292825 -1.9752779 -1.4300714 1.6725155 -0.5691747 -0.29568768 0.76179636 -0.0909684
54407199.04292825 -1.972301 -1.4103522 1.7974408 -0.5888698 -0.29652828 0.74697036 -0.08566593
54436715.04292825 -1.9725591 -1.4150991 1.9222146 -0.6082582 -0.2971111 0.7315203 -0.08139518
54466178.04292825 -1.975329 -1.4076166 2.0444083 -0.62624985 -0.29747546 0.71647614 -0.07734041
54495591.04292825 -1.9870956 -1.3936969 2.173338 -0.6441313 -0.2971281 0.70096546 -0.073873416
54524959.04292825 -1.9974473 -1.3868235 2.280876 -0.65950626 -0.2962899 0.6870561 -0.07223379
54554288.04292825 -2.0089927 -1.3928276 2.391942 -0.6739692 -0.29433006 0.6737002 -0.072549276
54583582.04292825 -2.0278199 -1.3774395 2.497749 -0.68822455 -0.2896399 0.6611364 -0.07317442
54612847.79292825 -2.0495172 -1.3701334 2.5991783 -0.7013909 -0.2857755 0.64878607 -0.07389124
54642095.04292825 -2.0716834 -1.3721879 2.7051256 -0.71471393 -0.28121206 0.63594055 -0.07538936
54671327.04292825 -2.0977585 -1.366374 2.8075 -0.72721165 -0.27821082 0.62308973 -0.07430437
54700549.04292825 -2.1275086 -1.3638636 2.903088 -0.73927045 -0.2745908 0.6105375 -0.0729593
54729762.04292825 -2.1662536 -1.3569337 2.9942336 -0.7501177 -0.27305788 0.5981939 -0.070191436
54758967.04292825 -2.2050486 -1.3508627 3.095015 -0.76202005 -0.27151677 0.5841833 -0.06583328
54788168.04292825 -2.2439325 -1.3471453 3.1742487 -0.77205694 -0.2721862 0.57098097 -0.06183569
54817369.04292825 -2.2936122 -1.3374228 3.2644982 -0.78232825 -0.27225018 0.5571157 -0.058860343
54846574.04292825 -2.3293018 -1.3501992 3.3424182 -0.7909516 -0.27525964 0.5435733 -0.056176398
54875783.04292825 -2.381119 -1.3416556 3.4238627 -0.8000579 -0.27673328 0.5297289 -0.05209123
54905000.04292825 -2.433195 -1.3445053 3.4971247 -0.808408 -0.27933222 0.5159432 -0.04746154
54934230.04292825 -2.4886703 -1.342215 3.564961 -0.8159116 -0.281768 0.5031443 -0.04172446
54963477.04292825 -2.545857 -1.3433323 3.6323724 -0.82326776 -0.2847576 0.4897974 -0.035239898
54992744.04292825 -2.6098757 -1.3396988 3.6991231 -0.83025503 -0.28715566 0.47682902 -0.029195115
55022025.04292825 -2.672264 -1.3449302 3.7617457 -0.8366929 -0.2886501 0.4647735 -0.024733886
55051317.04292825 -2.7345924 -1.3435682 3.8132424 -0.84214073 -0.29004508 0.45413968 -0.020738035
55080622.04292825 -2.8016796 -1.3414474 3.8646216 -0.84702075 -0.29022703 0.44498524 -0.01767602
55109939.04292825 -2.8669972 -1.3469237 3.9117665 -0.85242236 -0.28852344 0.4356784 -0.017743904
55139265.79292825 -2.9310079 -1.3598107 3.9556031 -0.8570119 -0.28793293 0.42696944 -0.017954977
55168600.04292825 -3.0062509 -1.356012 3.9931571 -0.8613745 -0.28603482 0.4193882 -0.018209403
55197939.04292825 -3.0728884 -1.3590325 4.0269847 -0.86581767 -0.28442323 0.41118452 -0.019761987
55227280.04292825 -3.1525412 -1.3633226 4.05982 -0.86995 -0.28282455 0.40343943 -0.020830795
55256617.04292825 -3.2275262 -1.3696473 4.088122 -0.8742417 -0.28081656 0.39542168 -0.022029644
55285950.04292825 -3.304658 -1.3763322 4.115588 -0.8789711 -0.27870414 0.38627213 -0.022969788
55315276.04292825 -3.3921552 -1.3825397 4.1372943 -0.8835404 -0.27769426 0.3764714 -0.022619123
55344594.04292825 -3.4679866 -1.388817 4.153045 -0.8881833 -0.27741385 0.36565912 -0.02157318
55373900.04292825 -3.5541167 -1.3987398 4.1705995 -0.8938903 -0.2769153 0.3519472 -0.020277701
55403196.79292825 -3.6379232 -1.4068983 4.1814675 -0.8995481 -0.2768412 0.33744976 -0.017317995
55432483.04292825 -3.7229753 -1.4161448 4.1858063 -0.9051665 -0.27674446 0.32236618 -0.012892501
55461757.04292825 -3.8088217 -1.4398897 4.1925545 -0.91109735 -0.277329 0.30484506 -0.0077304505
55491026.04292825 -3.8989124 -1.4432192 4.1877217 -0.9166306 -0.2773874 0.28782374 -0.0014482858
55520290.04292825 -3.9791908 -1.4548066 4.183919 -0.9218486 -0.27780452 0.27014944 0.0062598535
55549549.79292825 -4.070952 -1.4623694 4.1716723 -0.92676646 -0.27830455 0.25190336 0.0139706535
55578806.04292825 -4.166232 -1.473278 4.155261 -0.93109566 -0.27934965 0.23353398 0.022057708
55608056.79292825 -4.256426 -1.48032 4.1417217 -0.93512946 -0.27990788 0.21514072 0.029984063
55637303.04292825 -4.3457613 -1.4871469 4.1186953 -0.93838304 -0.28126085 0.19719148 0.038016252
55666538.04292825 -4.4393525 -1.4976065 4.0977526 -0.9412351 -0.2824354 0.17960331 0.04527004
55695764.04292825 -4.5164657 -1.5150373 4.075924 -0.9431383 -0.2849742 0.16262724 0.0532189
55724978.04292825 -4.6130986 -1.5208087 4.043141 -0.94494236 -0.2863958 0.14590791 0.061419874
55754182.04292825 -4.6931815 -1.5325184 4.0107102 -0.9461203 -0.28786004 0.13107993 0.06936218
55783377.04292825 -4.7775784 -1.5345062 3.974177 -0.94695896 -0.28911185 0.1166821 0.077900566
55812560.79292825 -4.866757 -1.5445567 3.9304209 -0.94756585 -0.29028857 0.10257063 0.08562061
55841731.04292825 -4.948066 -1.549268 3.881259 -0.9477343 -0.2913959 0.08994511 0.093798146
55870881.79292825 -5.0284734 -1.5555403 3.8332868 -0.94779783 -0.2918745 0.07822926 0.10182698
55900016.04292825 -5.1085696 -1.5680305 3.7805505 -0.9473995 -0.29288658 0.06721029 0.110156715
55929135.04292825 -5.185014 -1.5771654 3.7251773 -0.9468992 -0.29353386 0.056640327 0.11837108
55958244.79292825 -5.258861 -1.5838802 3.6675444 -0.94642806 -0.29376966 0.047149803 0.12550041
55987343.79292825 -5.327722 -1.5851431 3.60236 -0.94592637 -0.2939101 0.037991636 0.13189723
56016436.79292825 -5.3983903 -1.5918123 3.537653 -0.9453513 -0.2944674 0.029871557 0.13677582
56045527.04292825 -5.4667397 -1.6006637 3.4711344 -0.94484264 -0.29452288 0.021664187 0.14163123
56074617.04292825 -5.5324554 -1.6006625 3.3958378 -0.94434303 -0.2941563 0.014371288 0.14656682
56103710.04292825 -5.592272 -1.6106112 3.323473 -0.9437256 -0.29444152 0.0069507496 0.15045919
56132810.04292825 -5.653832 -1.6164377 3.2452433 -0.94324505 -0.29459023 -0.00033819408 0.15331474
56161915.79292825 -5.708251 -1.630465 3.1711948 -0.9427355 -0.2950972 -0.007089253 0.15529707
56191041.04292825 -5.760604 -1.632493 3.0871756 -0.9423794 -0.2949939 -0.014662625 0.15711382
56220199.04292825 -5.8095927 -1.6356206 2.9987357 -0.9419152 -0.29499096 -0.022668242 0.15894109
56249386.79292825 -5.861452 -1.6423652 2.908774 -0.9413223 -0.29471204 -0.03268437 0.16121057
56278607.04292825 -5.903872 -1.6445408 2.812621 -0.94060117 -0.29367292 -0.041314214 0.16528389
56307864.04292825 -5.9463353 -1.6471739 2.7209425 -0.9397867 -0.29224315 -0.051276356 0.16960494
56337158.04292825 -5.9917316 -1.6548524 2.6222446 -0.9385677 -0.2919198 -0.060965642 0.17365715
56366489.04292825 -6.0225205 -1.6529095 2.523074 -0.93735653 -0.29144752 -0.068696715 0.17805035
56395851.04292825 -6.0631533 -1.6531227 2.4180894 -0.9365015 -0.29102695 -0.075290546 0.1805537
56425238.04292825 -6.090912 -1.638206 2.305138 -0.9359713 -0.29079062 -0.07918654 0.18201119
56454646.04292825 -6.1200705 -1.658227 2.2014194 -0.9356843 -0.29146466 -0.08334216 0.18054703
56484068.04292825 -6.1471 -1.6605155 2.0924392 -0.93568414 -0.29218146 -0.087261274 0.17751232
56513496.04292825 -6.165173 -1.658725 1.984364 -0.9359363 -0.29235828 -0.090632856 0.17417157
56542926.79292825 -6.183724 -1.6758473 1.8635001 -0.9354936 -0.2940229 -0.09453462 0.17165533
56572354.04292825 -6.2069488 -1.676136 1.738894 -0.9354319 -0.29475734 -0.098295264 0.16859229
56601782.04292825 -6.212942 -1.6692877 1.6167791 -0.93542933 -0.2952629 -0.10136249 0.16588393
56631210.79292825 -6.2297664 -1.6603007 1.487613 -0.9355519 -0.29536697 -0.10484045 0.1628176
56660649.04292825 -6.240405 -1.6619257 1.3586419 -0.93539935 -0.29562366 -0.10807053 0.16110715
56690092.79292825 -6.2500634 -1.6594584 1.2271867 -0.93565065 -0.29494247 -0.1108349 0.15900487
56719550.04292825 -6.2527375 -1.6617764 1.0943081 -0.93578434 -0.2943297 -0.11367333 0.15734099
56749020.79292825 -6.252086 -1.6414458 0.96503067 -0.9363067 -0.2930629 -0.1158601 0.15498553
56778510.04292825 -6.2473965 -1.6300019 0.82794976 -0.9369399 -0.2927636 -0.117103234 0.15073177
56808026.04292825 -6.2471457 -1.6310271 0.6888797 -0.9374329 -0.29286003 -0.117616326 0.14703432
56837577.79292825 -6.2426124 -1.6090161 0.54520035 -0.93847746 -0.2922118 -0.11725001 0.14186211
56867172.04292825 -6.2400007 -1.6070976 0.41176057 -0.9389088 -0.29370806 -0.1162005 0.13668673
56896815.79292825 -6.2332864 -1.599073 0.27611136 -0.9397287 -0.2943064 -0.11494406 0.1306967
56926515.79292825 -6.229391 -1.5897653 0.118750334 -0.9408289 -0.29446808 -0.1141131 0.122913904
56956280.04292825 -6.2183256 -1.5796306 -0.025221586 -0.94204056 -0.29443115 -0.112239674 0.11520476
56986117.04292825 -6.201355 -1.568574 -0.17560148 -0.9432993 -0.29424578 -0.11022256 0.10703713
57016037.04292825 -6.174578 -1.558147 -0.32629275 -0.944442 -0.29388115 -0.10804537 0.09994756
57046050.04292825 -6.1650596 -1.5433455 -0.48695993 -0.94576156 -0.29251626 -0.1065567 0.09281728
57076162.04292825 -6.1437306 -1.5307475 -0.6562499 -0.94700253 -0.2910044 -0.105273485 0.08614001
57106382.04292825 -6.1201334 -1.5221088 -0.81127584 -0.94843197 -0.2890802 -0.102247626 0.08034264
57136717.79292825 -6.10213 -1.4996313 -0.9712167 -0.95032734 -0.285626 -0.099157944 0.07391513
57167177.04292825 -6.0814986 -1.477547 -1.1300254 -0.9523449 -0.2818437 -0.09488154 0.06783001
57197766.04292825 -6.0543966 -1.4567357 -1.305539 -0.9544147 -0.27803326 -0.089509636 0.061467405
57228493.04292825 -6.0362587 -1.4362657 -1.4764059 -0.9563926 -0.2746819 -0.083826974 0.053255264
57259360.79292825 -6.01029 -1.4267323 -1.649571 -0.95827067 -0.2719401 -0.07604813 0.04452612
57290373.79292825 -5.988076 -1.4012648 -1.8294725 -0.96039146 -0.2687039 -0.0664519 0.03210248
57321541.79292825 -5.9643064 -1.3801785 -2.0047815 -0.96219647 -0.26599148 -0.05522739 0.019402608
57352868.79292825 -5.9372864 -1.3572028 -2.180396 -0.9637824 -0.26309642 -0.043070365 0.006978727
57384367.04292825 -5.9188423 -1.3371024 -2.361519 -0.9650272 -0.26034322 -0.030340236 -0.0048336396
57416037.79292825 -5.8937063 -1.3194228 -2.5415652 -0.96597695 -0.25752082 -0.016985172 -0.016822511
57447887.04292825 -5.8715034 -1.2900231 -2.7309606 -0.9667125 -0.2541326 -0.0024721432 -0.029624108
57479916.79292825 -5.846221 -1.2722625 -2.917199 -0.9667872 -0.25157973 0.01466866 -0.04260287
57512128.04292825 -5.8278 -1.2410591 -3.1162798 -0.9667332 -0.24753289 0.032063577 -0.055914175
57544514.04292825 -5.8077693 -1.2195759 -3.3056493 -0.96599436 -0.24392302 0.050176963 -0.06956131
57577061.04292825 -5.7951975 -1.1886954 -3.4980514 -0.96482515 -0.23945174 0.06862445 -0.08405997
57609749.79292825 -5.7787466 -1.1633308 -3.6990614 -0.9629239 -0.23494835 0.08821091 -0.098973334
57642564.79292825 -5.765153 -1.1316707 -3.8987117 -0.9605285 -0.2296668 0.10768664 -0.11420103
57675499.04292825 -5.766448 -1.1105578 -4.0969205 -0.9573442 -0.22439007 0.12743689 -0.13000418
57708548.04292825 -5.757892 -1.0793805 -4.3018284 -0.95357287 -0.2176339 0.14841105 -0.1459745
57741714.04292825 -5.7545657 -1.0547109 -4.506116 -0.94878596 -0.2109819 0.1703838 -0.16205329
57774998.04292825 -5.752035 -1.0311668 -4.7078056 -0.94286513 -0.2037803 0.19368489 -0.178788
57808399.04292825 -5.758449 -1.0066853 -4.917672 -0.93608034 -0.19588856 0.21756335 -0.19505791
57841911.79292825 -5.7686305 -0.9775801 -5.1201406 -0.92833525 -0.18651006 0.24224453 -0.21148369
57875530.04292825 -5.7802677 -0.9535701 -5.323559 -0.9194759 -0.17693266 0.26760826 -0.22725475
57909249.79292825 -5.796957 -0.9412513 -5.5299067 -0.9096302 -0.16796549 0.2930095 -0.24188006
57943075.04292825 -5.8359694 -0.9022944 -5.732133 -0.8996636 -0.15622668 0.3171341 -0.25617296
57977003.79292825 -5.859181 -0.8784821 -5.9362326 -0.88792163 -0.14537637 0.3429069 -0.26995537
58011030.04292825 -5.8973603 -0.8589333 -6.1269307 -0.87526065 -0.13358185 0.36869216 -0.28309157
58045147.04292825 -5.9436264 -0.83915746 -6.321792 -0.8618133 -0.120889686 0.39413223 -0.2955052
58079351.04292825 -5.993728 -0.8120151 -6.516877 -0.8477106 -0.107473455 0.41949746 -0.3063628
58113634.04292825 -6.0543528 -0.78811556 -6.6955533 -0.8331905 -0.09407818 0.44351745 -0.31659934
58147986.04292825 -6.1120563 -0.76430815 -6.8744946 -0.8181865 -0.07897602 0.46729514 -0.32552853
58182392.04292825 -6.180705 -0.74277395 -7.045888 -0.8024318 -0.06332594 0.4906915 -0.33363894
58216834.04292825 -6.253529 -0.721887 -7.2133646 -0.78604734 -0.047605596 0.51366276 -0.3406081
58251290.79292825 -6.33359 -0.7089708 -7.3767233 -0.76896805 -0.03258939 0.5358715 -0.34708482
58285744.04292825 -6.41805 -0.6932653 -7.5410776 -0.7508965 -0.017045343 0.5580778 -0.35272226
58320172.79292825 -6.5088377 -0.6753857 -7.6912136 -0.7324491 -0.0027932604 0.57971317 -0.356992
58354560.04292825 -6.60786 -0.66163397 -7.834349 -0.713 0.011043393 0.6006986 -0.3614835
58388888.04292825 -6.710031 -0.6470916 -7.971076 -0.69297963 0.02433728 0.6212963 -0.36493552
58423138.04292825 -6.8162913 -0.6419163 -8.096401 -0.671968 0.036777094 0.64181805 -0.36766317
58457297.04292825 -6.9216223 -0.6368861 -8.22078 -0.6501984 0.049813543 0.66276133 -0.36811414
58491347.04292825 -7.0344 -0.6245289 -8.315077 -0.6287624 0.06373432 0.68303293 -0.36614454
58525277.04292825 -7.149006 -0.615994 -8.416229 -0.6053321 0.0772641 0.7045229 -0.3622857
58559071.04292825 -7.2671866 -0.6137867 -8.510961 -0.5811474 0.08825594 0.72759867 -0.3536649
58592711.04292825 -7.382243 -0.61154366 -8.597477 -0.5570489 0.097051896 0.7503886 -0.34233674
58626182.79292825 -7.4998317 -0.60044765 -8.67603 -0.5331435 0.10233619 0.7731294 -0.32795775
58659465.79292825 -7.6157165 -0.60048366 -8.747983 -0.5092857 0.10234703 0.79510397 -0.31299037
58692541.04292825 -7.7302155 -0.5934591 -8.793358 -0.48727506 0.09939611 0.81348014 -0.3015519
58725392.79292825 -7.846572 -0.58594084 -8.843978 -0.464137 0.09553372 0.8307837 -0.29197377
58758008.04292825 -7.9539895 -0.5860758 -8.893206 -0.4407893 0.09121404 0.84596765 -0.2858733
58790382.04292825 -8.066723 -0.58488965 -8.923814 -0.41808033 0.086797394 0.85956556 -0.28075278
58822519.79292825 -8.1804 -0.5852089 -8.948777 -0.3957682 0.08157646 0.87214255 -0.2758265
58854432.04292825 -8.286173 -0.5872507 -8.971976 -0.37365857 0.075611584 0.8834849 -0.27224383
58886134.04292825 -8.394833 -0.58941126 -8.982048 -0.35210755 0.06888319 0.8937955 -0.2690818
58917636.04292825 -8.498447 -0.5898702 -8.988949 -0.33021247 0.061581545 0.9034307 -0.26642174
58948947.04292825 -8.597407 -0.5985584 -8.988781 -0.3083671 0.05561595 0.91171974 -0.26567614
58980076.04292825 -8.703051 -0.60395837 -8.977049 -0.28592816 0.051034804 0.9195044 -0.26486278
59011035.04292825 -8.803987 -0.6131041 -8.96964 -0.26339936 0.04709244 0.92629933 -0.26527846
59041842.04292825 -8.90161 -0.623106 -8.950041 -0.24140337 0.042725287 0.93237853 -0.26564872
59072512.04292825 -9.003513 -0.6343621 -8.926637 -0.21981077 0.037330173 0.93831825 -0.2642889
59103053.79292825 -9.094016 -0.65047264 -8.902981 -0.19870919 0.03173902 0.9436387 -0.26278022
59133480.79292825 -9.189408 -0.65960914 -8.866926 -0.1788013 0.025810065 0.948554 -0.26001814
59163803.79292825 -9.277462 -0.6718891 -8.835414 -0.15892456 0.017599748 0.95275694 -0.25823906
59194031.04292825 -9.367651 -0.68235815 -8.792941 -0.1401566 0.010089786 0.9558369 -0.25812823
59224173.04292825 -9.45695 -0.70065147 -8.75114 -0.12184271 0.0027201432 0.9579193 -0.25988016
