941736.612 -0.0 -0.0 -0.0 -0.0 -0.0 1.0 -0.0
982166.223 -0.0 -0.0 -0.0 -0.0 -0.0 1.0 -0.0
1041737.663 -0.0 -0.0 -0.0 -0.0 -0.0 1.0 -0.0
1082167.024 0.00019771859 -0.00022929943 -0.0008960266 -0.0007413575 -0.00072888564 0.9999978 0.0018491584
1141738.714 0.00019771859 -0.00022929943 -0.0008960266 -0.0007413575 -0.00072888564 0.9999978 0.0018491584
1182249.0729999999 0.00019771859 -0.00022929943 -0.0008960266 -0.0007413575 -0.00072888564 0.9999978 0.0018491584
1241739.765 0.00019771859 -0.00022929943 -0.0008960266 -0.0007413575 -0.00072888564 0.9999978 0.0018491584
1282169.126 0.0008377837 -0.00037449965 -0.0020958195 0.00032359018 0.0010737512 0.9999974 0.0020239758
1341740.816 0.0008377837 -0.00037449965 -0.0020958195 0.00032359018 0.0010737512 0.9999974 0.0020239758
1382169.927 0.0009911086 -0.00074052875 -0.002216817 0.00028830604 0.00047083318 0.99999595 0.0028023354
1441741.6169999999 0.0009911086 -0.00074052875 -0.002216817 0.00028830604 0.00047083318 0.99999595 0.0028023354
1482170.7280000001 0.0009911086 -0.00074052875 -0.002216817 0.00028830604 0.00047083318 0.99999595 0.0028023354
1541742.4179999998 0.0010332456 -0.0012210405 -0.0022705614 -0.00018675724 -0.00057706726 0.9999905 0.004314243
1582171.5289999999 0.0010332456 -0.0012210405 -0.0022705614 -0.00018675724 -0.00057706726 0.9999905 0.004314243
1641743.219 0.0010332456 -0.0012210405 -0.0022705614 -0.00018675724 -0.00057706726 0.9999905 0.004314243
1682172.33 0.0010332456 -0.0012210405 -0.0022705614 -0.00018675724 -0.00057706726 0.9999905 0.004314243
1741744.0199999998 0.00091773266 -0.001991418 -0.0024753348 -0.00089139753 -0.00043099406 0.99998325 0.005712241
1782173.6309999998 0.00091773266 -0.001991418 -0.0024753348 -0.00089139753 -0.00043099406 0.99998325 0.005712241
1841745.071 0.00091773266 -0.001991418 -0.0024753348 -0.00089139753 -0.00043099406 0.99998325 0.005712241
1882174.432 0.00070101407 -0.0025257955 -0.0022336603 -0.0024569908 -0.00095597765 0.99997294 0.006870391
1941746.122 0.00070101407 -0.0025257955 -0.0022336603 -0.0024569908 -0.00095597765 0.99997294 0.006870391
1982175.233 0.00040755598 -0.003296387 -0.0026305842 -0.0024866578 -0.00071294827 0.99998003 0.005763399
2041746.9230000002 0.0005174562 -0.003523362 -0.0022484022 -0.0023862673 -0.00010715415 0.999984 0.00513944
2083991.7439999997 0.0006124866 -0.0034801762 -0.0019254964 -0.0026459363 3.5670957e-05 0.9999856 0.0046810536
2133207.161 0.00059316115 -0.0032592742 -0.0021057369 -0.0025352964 -0.00084860413 0.99998575 0.0046311705
2183192.062 0.00051871873 -0.003284662 -0.0020879179 -0.0024375177 -0.0017129253 0.99998564 0.0044740383
2233818.699 0.00075915677 -0.003179284 -0.00186625 -0.0031245684 -0.0023433568 0.9999826 0.0044208877
2284842.327 0.0004653862 -0.0029338147 -0.0016205598 -0.0028340458 -0.0025163456 0.99998355 0.004319368
2335055.7229999998 0.0008432613 -0.0025001396 -0.0013283221 -0.0024835262 -0.0020373408 0.9999807 0.00532575
2384320.389 0.00077401684 -0.0028854655 -0.0012446801 -0.002133706 -0.0015866825 0.9999835 0.005101384
2433741.803 0.0005725197 -0.0027352308 -0.000635616 -0.001805057 -0.0010083679 0.99998313 0.0054370854
2483520.208 0.00083413196 -0.0029496814 -0.0007300369 -0.0017027428 -0.00053762534 0.99998134 0.0058425856
2533679.355 0.0008288473 -0.0029296873 -0.0008241653 -0.0020145883 -0.0014297342 0.99997485 0.0066554286
2584107.2460000003 0.00076649373 -0.0028079357 -0.0009626367 -0.0027597346 -0.001957259 0.99996716 0.007369966
2634369.8910000003 0.0009917363 -0.0029343788 -0.00082953775 -0.0035305454 -0.0026468534 0.99996334 0.0073353956
2684259.294 0.0009118948 -0.0037713083 -0.0006785268 -0.0035274744 -0.0026387484 0.99997145 0.006143706
2733958.4510000004 0.00062621816 -0.0038645605 -0.00059780444 -0.0032021268 -0.0028267584 0.9999772 0.0052352045
2783752.856 0.00033118355 -0.003960645 -0.00078257633 -0.0030251662 -0.0033618184 0.99997956 0.0045166267
2833761.256 0.00029020046 -0.0037419393 -0.00062631717 -0.003555481 -0.0029067297 0.99997973 0.004412853
2883943.653 6.246505e-06 -0.0034721608 -4.931323e-05 -0.003376253 -0.0035817272 0.99998146 0.0035963324
2934134.549 -0.0001563601 -0.0033775473 -0.0003904967 -0.0030148108 -0.0044915043 0.99998087 0.0030194349
2984150.949 -0.000280401 -0.003301517 -0.00011127657 -0.0024493702 -0.0045189112 0.9999841 0.002348115
3034016.602 -0.00022040383 -0.002909862 0.0004148098 -0.0024375129 -0.0046083136 0.99998343 0.0024561097
3083866.506 -0.0005221557 -0.0023351312 0.0008568085 -0.001866359 -0.004751631 0.9999828 0.002899606
3133826.908 -0.000709829 -0.0019117502 0.0010719751 -0.0017563389 -0.0050575742 0.99997914 0.0036113223
3183898.807 -0.00083860254 -0.0012179991 0.0010884574 -0.0016354088 -0.005533268 0.99997306 0.0045534917
3234018.454 -0.00084633596 -0.0011154535 0.0012962016 -0.0018030732 -0.005580032 0.999969 0.005258206
3284074.604 -0.0008868491 -0.0012315074 0.001326038 -0.0018120038 -0.00586618 0.9999663 0.0054634074
3334027.255 -0.00085843075 -0.0013110959 0.001520596 -0.00190124 -0.005890188 0.9999649 0.005654365
3383940.908 -0.0009943864 -0.0014248245 0.0020245574 -0.0017548886 -0.006032862 0.9999638 0.0057463995
3433901.3090000004 -0.0011931127 -0.0015770051 0.0021298171 -0.0012136926 -0.006140347 0.999965 0.0055492893
3483925.709 -0.0008986829 -0.001783467 0.0018329438 -0.0010693601 -0.0058586737 0.9999677 0.005407316
3534051.6070000003 -0.00065484975 -0.0021029902 0.0018397156 -0.0006583816 -0.005744095 0.9999691 0.0053262045
3584022.008 -0.00047346242 -0.0020729562 0.0021488646 -0.0010227876 -0.005303504 0.99996984 0.005579677
3634014.408 -0.00062076753 -0.0022640962 0.0020054516 -0.0010837765 -0.0055875224 0.99997056 0.0051633744
3683967.31 -0.0004477506 -0.0023021505 0.0017592508 -0.0013619736 -0.005783721 0.9999714 0.0046983175
3733936.2109999997 -0.0004097993 -0.001844334 0.002154634 -0.0008579693 -0.0053783488 0.99997157 0.005223105
3783936.8619999997 3.4716755e-05 -0.0022790697 0.0019524287 -0.0009936033 -0.004887706 0.99997735 0.0045220344
3833961.762 7.543873e-05 -0.0022929609 0.0021319909 -0.000985748 -0.0050736517 0.99997824 0.0041056345
3883993.161 0.0002433038 -0.0017442321 0.001853509 -0.0011355256 -0.005200409 0.99997514 0.004631641
3934001.562 0.00020968576 -0.0017867042 0.0020617342 -0.0008080348 -0.005230774 0.9999745 0.004795127
3983977.963 0.000358541 -0.0015792232 0.0024231689 -0.0012421623 -0.0053580995 0.99997014 0.0054371175
4033946.8639999996 0.0002230973 -0.0016110948 0.0027342092 -0.0019338799 -0.0056351544 0.9999664 0.005639211
4083939.2640000004 -0.0002941142 -0.0016835561 0.0029234393 -0.002075651 -0.0064123427 0.999962 0.0055408143
4133963.164 -0.0006893211 -0.0015227438 0.0030592391 -0.0024005016 -0.007301091 0.9999542 0.0057006427
4183995.8140000002 -0.0009006199 -0.0010665226 0.0031852447 -0.0025097507 -0.0070514386 0.99995226 0.0062949155
4234004.215000001 -0.0009160942 -0.0011950722 0.0028523495 -0.0028232946 -0.006837636 0.9999509 0.0066028335
4283996.615 -0.00097113143 -0.0014362521 0.002851934 -0.0027048248 -0.0067626876 0.99995154 0.0066315588
4333973.016 -0.0012580825 -0.0011531757 0.0026644862 -0.0026174646 -0.006995659 0.9999445 0.0074367975
4383957.417 -0.0011962396 -0.0015876639 0.0026935404 -0.0031413874 -0.006981336 0.9999429 0.00745397
4433966.067 -0.001122942 -0.0018463603 0.0031756714 -0.0033093079 -0.0066447863 0.99994165 0.007852615
4483990.467 -0.0009283431 -0.0021550497 0.002992058 -0.0035765932 -0.0066129025 0.99993724 0.008311414
4533998.868 -0.0008695936 -0.0022563688 0.0028072477 -0.0030424972 -0.006282663 0.9999362 0.008885558
4583999.517999999 -0.000623971 -0.0024587673 0.0029063083 -0.0025638368 -0.005887087 0.9999392 0.008970445
4633991.919000001 -0.0006931781 -0.0028021676 0.002818681 -0.0016097471 -0.005036624 0.9999492 0.008579866
4684002.069 -0.00054035854 -0.002936622 0.002759208 -0.00084731873 -0.0049494654 0.99995154 0.00847648
4733985.22 -0.00018014325 -0.0032383201 0.0025985113 -0.0008934482 -0.0048623076 0.99995583 0.0079993075
4783985.62 0.00016618411 -0.0033884114 0.0025611133 -0.0011195159 -0.0049030147 0.99995923 0.0075059026
4833986.021 0.00054776954 -0.003355002 0.002902096 -0.0012915591 -0.0050853165 0.99995756 0.0075751687
4883994.671 0.0009122399 -0.0034876398 0.0027060895 -0.0010723945 -0.0042692646 0.99996513 0.0071007702
4933994.822 0.0013221174 -0.0031526962 0.0028427863 -0.0011912823 -0.003751681 0.99996746 0.0070466544
4984018.472 0.0012723192 -0.0031199006 0.002870198 -0.00036673565 -0.0035229607 0.9999685 0.007100191
5033979.873 0.001463662 -0.0031938257 0.0031969566 -0.0007697477 -0.0035757574 0.9999679 0.007136948
5083972.273999999 0.0010918367 -0.0029570875 0.0031510633 -0.000693965 -0.0043071653 0.9999614 0.0076314374
5133972.674 0.0009766911 -0.0028625352 0.00313102 -0.0012585705 -0.0049091666 0.9999543 0.0081197275
5183981.074 0.0010203371 -0.0028154769 0.0031333396 -0.0016017351 -0.0051586684 0.9999509 0.008312161
5233997.475 0.0012918515 -0.0032082114 0.003232649 -0.0021402466 -0.00438119 0.9999616 0.007288117
5283997.875 0.0011050779 -0.0030693682 0.0027733594 -0.0014430007 -0.0045913383 0.99996203 0.007268359
5333990.526 0.001367536 -0.0029516064 0.0033540556 -0.0011606378 -0.004620029 0.9999623 0.007268154
5383982.926 0.0016599034 -0.0030388108 0.0031678001 -0.002104043 -0.0044885147 0.9999608 0.0073376615
5433975.327 0.0015105227 -0.0029968878 0.003108723 -0.002343812 -0.0047691856 0.99995804 0.007465531
5483983.727 0.0013997675 -0.002971622 0.0035355524 -0.0021455574 -0.00476969 0.99995553 0.007851281
5533992.1280000005 0.0009176336 -0.0028328833 0.0036061662 -0.001781539 -0.005045052 0.99995214 0.008192824
5584008.528 0.0011181086 -0.0031328595 0.0034090306 -0.0020818873 -0.0047736564 0.99995244 0.00824953
5634009.178 0.0014357289 -0.0033656463 0.0035641957 -0.0019430213 -0.004241545 0.99995387 0.008406418
5684001.829 0.0017839873 -0.0034392648 0.003604613 -0.001495764 -0.0038694185 0.9999551 0.00852256
5733986.23 0.0018966099 -0.0036395167 0.0033426152 -0.0010548821 -0.0041650054 0.99995697 0.008229098
5783986.63 0.0020965638 -0.003820228 0.0032445164 -0.00043513384 -0.0037187715 0.99996316 0.007733563
5833987.031 0.0021537927 -0.0038692867 0.0032411702 1.684674e-05 -0.0033797277 0.99996465 0.007700171
5884056.43 0.0024111061 -0.0038814342 0.0032083732 0.0003644726 -0.0029379413 0.9999656 0.007755943
5934004.081 0.002639716 -0.004049173 0.0033451647 0.0005529664 -0.0034134388 0.9999618 0.008032967
5983996.732 0.002617451 -0.003996108 0.00356367 0.0007847661 -0.003660838 0.99995774 0.008404691
6033981.133 0.0031423466 -0.0040902267 0.0035448538 0.00023464623 -0.0033027295 0.99995846 0.008500384
6083973.533 0.003095669 -0.004175148 0.0033449528 0.00043425875 -0.003696443 0.99995536 0.0086846175
6133989.934 0.0026492493 -0.00427393 0.0030583513 0.000838405 -0.0038997966 0.99995595 0.008501058
6183998.584 0.0029126226 -0.0045282864 0.0028032968 0.00031947388 -0.0045850608 0.99995655 0.008113562
6234006.984 0.0034416018 -0.0045993896 0.003197009 0.0001794881 -0.0040109637 0.9999603 0.007957006
6284007.385 0.00363664 -0.004145616 0.0031411655 0.00017260009 -0.004100265 0.99996024 0.007925091
6333991.785 0.0038240168 -0.004485814 0.002943755 0.00058499404 -0.0041251723 0.999969 0.0066890265
6383983.936 0.0041411943 -0.004397792 0.0030836929 0.00024985665 -0.004976333 0.99996704 0.0064216726
6433984.587 0.0042941975 -0.004346473 0.0035070092 0.00012747575 -0.005049838 0.99997103 0.0057002264
6483984.987 0.004603718 -0.003857099 0.003806312 0.0005349211 -0.0056066974 0.9999689 0.0055292784
6533993.386999999 0.0046963724 -0.003085424 0.0040201717 0.00093402225 -0.006146375 0.9999667 0.0052987025
6583986.038 0.004874495 -0.0023264275 0.0037417733 0.0014106147 -0.0077558095 0.9999563 0.0050229537
6633970.939 0.0053445906 -0.0008072697 0.0040608034 0.0027543122 -0.009983434 0.99993336 0.0051156837
6683963.34 0.005054048 0.0003769219 0.0041526016 0.0034032473 -0.011458115 0.99991965 0.0042198566
6733963.74 0.0054629864 0.0012194408 0.0040112305 0.0030069938 -0.012388909 0.9999109 0.003968688
6783956.141 0.006430769 0.0016117732 0.0038299647 0.003969158 -0.012252765 0.99990994 0.0037907907
6833948.791 0.0071544438 0.0022867445 0.0035789078 0.0053105117 -0.0119995605 0.99990076 0.005136452
6883949.192 0.008292387 0.0024685385 0.003659314 0.0063794088 -0.011584921 0.999897 0.0055789594
6933941.592 0.0097147385 0.0025326388 0.003555344 0.0075047077 -0.0122737605 0.9998726 0.00691945
6983934.243 0.010771563 0.0023641735 0.0033363379 0.008576528 -0.013219305 0.9998377 0.00873348
7033948.143 0.012810614 0.002001906 0.003410042 0.009827227 -0.012991429 0.99982023 0.00970035
7083935.294 0.015043754 0.0017747564 0.003549151 0.009927159 -0.011683822 0.999829 0.01034359
7133935.945 0.017424615 0.0014640524 0.003504165 0.00891205 -0.009460869 0.99987084 0.0094621265
7183920.345 0.019352423 0.0015061717 0.0038170968 0.008330094 -0.0073084137 0.9999032 0.00841909
7233905.245999999 0.021660537 0.0014277626 0.003942084 0.006548323 -0.0056836316 0.9999319 0.007813564
7283897.647 0.023986835 0.0013912237 0.0038217756 0.0033179303 -0.005328737 0.99994814 0.008029383
7333897.797 0.026167564 0.0013612631 0.003937789 0.0002220931 -0.005664686 0.9999433 0.009020626
7383930.197000001 0.028877411 0.0014661334 0.004047943 -0.004210491 -0.0063969567 0.9998974 0.012104307
7433907.097999999 0.031667534 0.0012165868 0.003569327 -0.0091961175 -0.007878012 0.9998195 0.014640839
7483915.498 0.034693185 0.001654366 0.002993436 -0.014691663 -0.010902379 0.999705 0.0159775
7533931.399 0.037661146 0.0019571574 0.0026624035 -0.018430436 -0.013703428 0.99962455 0.014945854
7583939.799000001 0.040937155 0.002485676 0.0025013837 -0.019244803 -0.014522171 0.9996097 0.014112343
7633940.199 0.044251494 0.0030528046 0.0024993743 -0.020050574 -0.013660854 0.9996198 0.013105378
7683932.600000001 0.04742037 0.0035528035 0.0025096384 -0.022252474 -0.012673303 0.999608 0.011319718
7733901.751 0.05101311 0.0043785297 0.002597792 -0.024824206 -0.012274592 0.9995584 0.01077951
7783870.152000001 0.054262474 0.0050253514 0.0024495376 -0.026139926 -0.012969824 0.9995131 0.011048713
7833855.052999999 0.05776576 0.0056387014 0.0023520647 -0.027216615 -0.013606867 0.9994735 0.01126348
7883855.454 0.061434817 0.006006425 0.0023430095 -0.02770893 -0.013795981 0.9994479 0.012078392
7933871.353999999 0.06504111 0.006432155 0.0023731429 -0.028830077 -0.013615232 0.99941146 0.012655169
7983872.004 0.06922905 0.0069466718 0.0023949007 -0.031510863 -0.013999156 0.99932927 0.012332303
8033856.904999999 0.073197454 0.007469696 0.0023569935 -0.032612495 -0.015087409 0.9992835 0.011890208
8083833.556000001 0.077729926 0.007954018 0.0022844665 -0.032610916 -0.014901207 0.99928486 0.012013535
8133817.957 0.082002535 0.008274075 0.0024132032 -0.031364627 -0.014484535 0.9993273 0.012302428
8183818.358000001 0.086618185 0.008379584 0.0025860344 -0.032931075 -0.012775301 0.99928707 0.013334058
8233872.257 0.09082751 0.0084234 0.0026677006 -0.03531351 -0.010219606 0.999212 0.01496321
8283812.159000001 0.09480101 0.00873976 0.0027602974 -0.038831282 -0.0096190125 0.99906176 0.016592817
8333812.559 0.099190235 0.008977118 0.002603012 -0.04276094 -0.01119138 0.9988632 0.017849647
8383812.960000001 0.103582844 0.009167422 0.0024347666 -0.045915227 -0.012957435 0.9986628 0.01991247
8433820.86 0.10819441 0.009116797 0.0021224977 -0.048016347 -0.013758607 0.998499 0.022473024
8483821.51 0.11279916 0.008948967 0.0018698941 -0.049950235 -0.013589123 0.9983752 0.023820477
8533814.161 0.11771307 0.008920921 0.0017035279 -0.051322505 -0.0141958175 0.9983024 0.023600668
8583814.561999999 0.12267316 0.009129506 0.00195745 -0.050113957 -0.014942763 0.99837255 0.022751
8633807.212 0.12750745 0.009516353 0.0021890816 -0.048847195 -0.014576029 0.99846506 0.02165627
8683799.613 0.13211758 0.009819127 0.0024995566 -0.047335878 -0.013616098 0.9985576 0.021371096
8733775.764 0.13675499 0.010084182 0.002856922 -0.04568945 -0.013486495 0.9986228 0.021980796
8783752.915 0.14143988 0.010168164 0.0033172318 -0.04399333 -0.013832609 0.99866956 0.023073317
8833729.316 0.14594221 0.01033005 0.0038914531 -0.04339372 -0.014130317 0.9986478 0.024896076
8883729.716 0.1503247 0.010491709 0.00447952 -0.043993622 -0.013898681 0.99857295 0.026897317
8933738.367 0.15471172 0.010642401 0.005149949 -0.044255376 -0.013807224 0.9985255 0.0282442
8983746.767 0.15906002 0.01088823 0.005948342 -0.043081384 -0.013858282 0.99854285 0.029397788
9033747.167 0.16326466 0.011247897 0.006799901 -0.04250482 -0.013396783 0.99855155 0.030144759
9083731.568 0.16717282 0.011475788 0.007487331 -0.04382725 -0.012933891 0.99851125 0.02978578
9133715.969 0.17079253 0.012027131 0.007991647 -0.045409817 -0.014577944 0.99839675 0.030486876
9183716.62 0.17436798 0.012501483 0.0082808705 -0.04747486 -0.017258922 0.9982067 0.032120135
9233725.02 0.17783453 0.013136502 0.008478145 -0.049843892 -0.01890361 0.998002 0.033916075
9283725.42 0.18109353 0.0138175795 0.008431635 -0.052563444 -0.018964682 0.99781466 0.035262533
9333726.071 0.18427548 0.014325371 0.008344309 -0.05552583 -0.018435823 0.99765396 0.035547867
9383735.971 0.18703145 0.014855461 0.008374462 -0.057924483 -0.018801147 0.99750936 0.035586998
9433727.372000001 0.18998516 0.015533227 0.0081065865 -0.06280903 -0.019927379 0.99715394 0.036634732
9483719.772 0.19246083 0.016033184 0.00789202 -0.066992484 -0.021378817 0.99679995 0.038012903
9533720.173 0.19474839 0.016597388 0.0075023524 -0.07073311 -0.024044806 0.99643457 0.039202042
9583728.572999999 0.19690761 0.017214194 0.0070292396 -0.07417309 -0.027034312 0.99608606 0.03975161
9633737.224 0.19913214 0.017805152 0.0068418854 -0.07744642 -0.028637614 0.99580127 0.039521385
9683737.124 0.20126215 0.018274296 0.006641127 -0.08048325 -0.029169811 0.9955471 0.03946689
9733721.775 0.20269795 0.01842903 0.0064798305 -0.0814619 -0.029926846 0.9954604 0.039077602
9783706.676 0.20476773 0.018718952 0.0060242447 -0.085052535 -0.030244842 0.9951075 0.040155787
9833737.826000001 0.20644197 0.018637562 0.0055961334 -0.08793181 -0.03087641 0.9948023 0.04102579
9883715.727 0.2080406 0.018531313 0.005240214 -0.0888381 -0.03173839 0.99462825 0.04260472
9933731.377 0.21020453 0.01802763 0.004939673 -0.0890922 -0.032512292 0.9945284 0.04380446
9983740.027 0.21236081 0.01753142 0.0048367567 -0.08972298 -0.033010557 0.9944078 0.044870067
10033740.427000001 0.21442391 0.017227324 0.0049925093 -0.09010159 -0.03347927 0.9943635 0.044746008
10083733.078 0.21619967 0.017009163 0.0052142167 -0.08998844 -0.034382008 0.99440485 0.043348126
10133725.479 0.21786131 0.017106364 0.005514755 -0.08988961 -0.03538861 0.99446374 0.041344505
10183733.879 0.21940455 0.017256502 0.0056162607 -0.0894755 -0.03595028 0.9945538 0.039552726
10233734.280000001 0.22093378 0.01760787 0.0056886426 -0.08807739 -0.035740096 0.99471337 0.038865525
10283719.18 0.22268702 0.0179662 0.0056534745 -0.08673407 -0.035264295 0.99481446 0.039723173
10333704.081 0.2245052 0.018121526 0.005592544 -0.08619444 -0.03391941 0.99489695 0.04000064
10383688.231999999 0.22638997 0.018255712 0.005396688 -0.08474405 -0.032650124 0.995056 0.040200375
10433696.632000001 0.22860663 0.018344417 0.005306191 -0.08199671 -0.031543445 0.9953238 0.04015251
10483705.283 0.23072162 0.018621467 0.005326934 -0.07891263 -0.030493177 0.995648 0.039089564
10533713.682999998 0.23253475 0.018985314 0.0054823407 -0.077118315 -0.029389774 0.99592185 0.03645306
10583744.332999999 0.23404445 0.019447405 0.005556311 -0.075174555 -0.028229695 0.99619806 0.03378433
10633667.235 0.23552214 0.019724434 0.0055659544 -0.07254225 -0.027185867 0.9964706 0.032326683
10683627.636 0.23703226 0.019862149 0.0054940167 -0.0701277 -0.026280925 0.9966607 0.032541215
10733620.287 0.2383719 0.019713089 0.0054550953 -0.06901807 -0.025857205 0.99671876 0.033460412
10783636.687 0.2394742 0.0195314 0.005405984 -0.0687757 -0.025843857 0.9966955 0.034643188
10833652.837 0.24056324 0.019152181 0.0052459273 -0.06821223 -0.025819682 0.9967216 0.035021394
10883661.238 0.24156335 0.019007973 0.0053583076 -0.067264214 -0.025656587 0.99680066 0.03472532
10933661.888 0.24221115 0.018915111 0.00532669 -0.066809505 -0.02547914 0.9968854 0.033267617
10983646.289 0.24238013 0.018718682 0.004859029 -0.067359045 -0.025835939 0.99687654 0.03213364
11033630.69 0.24229814 0.017905783 0.004837459 -0.06768221 -0.026191676 0.9968537 0.031873386
11083623.34 0.24191298 0.017488666 0.0043096105 -0.0680532 -0.02659062 0.9967631 0.033541206
11133631.740999999 0.24151559 0.016813107 0.003971763 -0.06884181 -0.027467571 0.9966298 0.03514877
11183648.140999999 0.24076335 0.016092895 0.0036858923 -0.07032956 -0.028504178 0.99643546 0.036848772
11233672.541 0.24007043 0.015374595 0.0036858206 -0.07195384 -0.02885421 0.99625385 0.03832098
11283688.691000002 0.23921703 0.014773514 0.0038666509 -0.07206026 -0.028565519 0.9962143 0.039350964
11333689.091 0.23859702 0.014254867 0.004201599 -0.071642466 -0.027599415 0.99625117 0.039866645
11383697.492 0.23809682 0.013786435 0.00456212 -0.071040116 -0.02704552 0.99629873 0.040135182
11433705.891999999 0.23774423 0.014300264 0.005319583 -0.07050127 -0.026261486 0.99632233 0.04100947
11483714.292 0.2378551 0.014087824 0.005710662 -0.06986418 -0.026199674 0.99642503 0.03962118
11533714.693 0.23726444 0.014572798 0.0063018603 -0.06829881 -0.026672665 0.99656796 0.038419865
11583715.092999998 0.23659398 0.014866922 0.006939057 -0.06686894 -0.027429564 0.99669904 0.036975753
11633699.744 0.23566261 0.015344372 0.0074719964 -0.06575008 -0.029315142 0.9967446 0.036302034
11683692.145 0.23451012 0.015407111 0.007763942 -0.06494502 -0.030791098 0.9967927 0.035191823
11733691.045 0.23329537 0.015955668 0.008469448 -0.062670074 -0.031387936 0.9969378 0.034674283
11783685.446 0.23182867 0.015747722 0.008559777 -0.06195718 -0.03175731 0.99703294 0.0328348
11833694.095999999 0.22964549 0.015818423 0.008700113 -0.061854634 -0.032290846 0.9970692 0.03137585
11883702.496000001 0.22724704 0.016002215 0.008961247 -0.061776817 -0.03388938 0.9970158 0.03154115
11933694.897 0.2246523 0.015581785 0.00887331 -0.06160188 -0.034425512 0.99698716 0.032199204
11983695.298 0.22167487 0.01506727 0.008786683 -0.062039707 -0.033678006 0.9969485 0.033327144
12033695.448 0.21847227 0.014674708 0.008855856 -0.06173425 -0.032975934 0.99695307 0.03443863
12083719.848 0.21550499 0.014334669 0.009069244 -0.061023876 -0.03238125 0.99700135 0.034869693
12133743.748 0.21254435 0.014064909 0.009381402 -0.059971437 -0.03205041 0.9971044 0.0340449
12183756.398 0.2095855 0.013889325 0.009785217 -0.058616746 -0.03236891 0.9972279 0.032448668
12233753.048999999 0.2066183 0.013805739 0.010160938 -0.05810088 -0.03281516 0.99728924 0.031010957
12283745.199 0.20358871 0.013612081 0.010483346 -0.057635278 -0.03363898 0.9973058 0.03045844
12333738.1 0.2005011 0.013388267 0.01080979 -0.05744292 -0.034665328 0.99729055 0.030170312
12383746.0 0.19724108 0.013228353 0.011218177 -0.0571075 -0.03542408 0.99729997 0.029609833
12433762.650999999 0.19360593 0.013127328 0.01159402 -0.05709572 -0.036446888 0.99728745 0.028801031
12483779.050999999 0.1898982 0.013110179 0.011950953 -0.05756804 -0.037303735 0.99725693 0.027801946
12533787.451 0.18599983 0.012998027 0.012224625 -0.058447912 -0.038249914 0.9971883 0.027134508
12583796.101 0.18177281 0.012885318 0.012273614 -0.06017683 -0.038727935 0.9970718 0.026960123
12633796.502 0.17750682 0.012667238 0.012270867 -0.06145471 -0.039171815 0.99696535 0.027369533
12683796.902 0.17318703 0.01254222 0.012446397 -0.06254279 -0.03949969 0.99686974 0.027912315
12733804.803000001 0.1690239 0.012298319 0.012707139 -0.06290695 -0.03956162 0.996855 0.027525917
12783813.453 0.16501178 0.01198271 0.01305673 -0.061921157 -0.03920453 0.99696386 0.02630287
12833829.853 0.1608425 0.011701021 0.0136128925 -0.061193384 -0.038106456 0.99710584 0.024149716
12883846.503 0.15638463 0.011611361 0.014072003 -0.060463212 -0.037003778 0.9972378 0.02217473
12933879.153 0.15171416 0.01145847 0.014473589 -0.060044125 -0.03674675 0.9973105 0.02040139
12983839.304000001 0.1469115 0.0114174895 0.014824361 -0.06042442 -0.03644649 0.99732375 0.01912733
13033839.955 0.14196274 0.011310998 0.015059294 -0.06113172 -0.03637862 0.99729985 0.018235864
13083864.105 0.13682713 0.011081149 0.015160532 -0.062362175 -0.035982955 0.99724925 0.017612552
13133880.504999999 0.13174944 0.010912331 0.015204791 -0.06351802 -0.03546084 0.9971979 0.017443461
13183896.405 0.12684879 0.010707683 0.01534993 -0.06336332 -0.034862086 0.9972445 0.016531106
13233913.055 0.12207189 0.010628195 0.015750721 -0.06278998 -0.03399542 0.9973356 0.014946523
13283929.705 0.11726485 0.010765136 0.016150149 -0.06251541 -0.03312175 0.9974044 0.013393201
13333929.606 0.112709045 0.010953298 0.016676202 -0.06212194 -0.03276427 0.9974575 0.012082915
13383930.256 0.108416066 0.011128767 0.017244361 -0.060880993 -0.03275991 0.99753785 0.011770457
13433930.407000002 0.10422358 0.011258414 0.0177824 -0.05988008 -0.032377195 0.99761343 0.011560841
13483938.807 0.100418486 0.011202695 0.018223375 -0.057909828 -0.031444322 0.9977598 0.011536047
13533955.207 0.09685118 0.0112369135 0.018806407 -0.05564448 -0.029891212 0.9979325 0.011874401
13583971.606999999 0.093296885 0.011247037 0.019496989 -0.053637315 -0.027925294 0.9981017 0.011670718
13633979.758 0.08992979 0.011396749 0.02035254 -0.05164227 -0.026370214 0.9982561 0.01107186
13683988.158 0.08651591 0.01152904 0.02125426 -0.04926521 -0.02578768 0.99839765 0.010492794
13733988.808 0.08339849 0.011617305 0.022070851 -0.04695971 -0.02573201 0.9985076 0.010736663
13783989.209 0.08007984 0.011530703 0.022655727 -0.04453941 -0.025790408 0.99861103 0.011277828
13833997.609 0.077018455 0.011515376 0.02324899 -0.042579398 -0.025710845 0.99868655 0.0122920945
13884014.009 0.07395278 0.0114344945 0.023721293 -0.040794685 -0.025573742 0.99876046 0.012623946
13934030.409 0.070819415 0.011275943 0.02410063 -0.038737558 -0.025276326 0.9988495 0.012658545
13984038.81 0.06772774 0.011334856 0.024572326 -0.036732573 -0.02412103 0.9989527 0.012748229
14034039.459999999 0.06470528 0.011254657 0.024960874 -0.035036474 -0.022343032 0.9990681 0.011672756
14084036.361 0.061686277 0.011377666 0.025418885 -0.032847773 -0.021538245 0.9991728 0.010531755
14134040.511 0.05872684 0.011602291 0.025784437 -0.030420614 -0.020984437 0.9992675 0.0099365255
14184056.661 0.055737745 0.011764155 0.026164284 -0.028585443 -0.020142969 0.9993407 0.009771033
14234065.061999999 0.052812282 0.012002474 0.026476359 -0.02707323 -0.019716337 0.99939525 0.0093525965
14284065.712 0.04989794 0.0122665 0.026832268 -0.025250312 -0.019973574 0.99944174 0.008936242
14334065.863 0.047329184 0.012484648 0.027090613 -0.0235477 -0.02030916 0.9994754 0.009049108
14384092.513 0.04460729 0.012359902 0.027185379 -0.021779861 -0.020446736 0.99951 0.009347063
14434074.662999999 0.042109773 0.012031883 0.027278611 -0.02002151 -0.020396877 0.999543 0.009844493
14484091.064 0.03943961 0.011816191 0.02731888 -0.017426088 -0.020696737 0.99957836 0.010540274
14534115.214 0.036821492 0.011635762 0.027234254 -0.015861882 -0.020477885 0.9996094 0.010491731
14584123.864 0.034019135 0.011729629 0.027070016 -0.014982029 -0.020326566 0.999625 0.010595877
14634124.014 0.031052416 0.011690084 0.026827706 -0.014203442 -0.020333434 0.9996334 0.010858122
14684116.415000001 0.028134253 0.011782539 0.026545731 -0.014410168 -0.020366434 0.9996288 0.010951967
14734116.815000001 0.025116963 0.01186444 0.026254172 -0.014696659 -0.020146152 0.9996323 0.01065165
14784141.215 0.022296755 0.011912065 0.025885234 -0.014968065 -0.019043567 0.99965185 0.010467238
14834165.365 0.019965177 0.01189195 0.02542475 -0.015385941 -0.017157886 0.99967563 0.010842399
14884189.764999999 0.017767042 0.012042967 0.02515504 -0.015637195 -0.016584756 0.9996702 0.011831287
14934198.166000001 0.015657961 0.012163787 0.024909709 -0.016565258 -0.017637573 0.9996256 0.012777032
14984182.566 0.013612619 0.012332856 0.02473565 -0.017274018 -0.019999051 0.99955666 0.013719729
15034183.217 0.011852595 0.0124513 0.024665283 -0.017840374 -0.02209241 0.9994971 0.014116586
15084207.616999999 0.010107066 0.012537749 0.024507921 -0.018345397 -0.02274372 0.9994753 0.013975896
15134231.517 0.008949416 0.012503693 0.02424847 -0.01814013 -0.022337152 0.99949116 0.013762558
15184256.167 0.0076650563 0.012365437 0.024053536 -0.017670583 -0.022388522 0.99949974 0.0136651695
15234248.567 0.006555697 0.012171322 0.023848807 -0.017005304 -0.023029963 0.9994889 0.014228472
15284277.716999998 0.0051785135 0.011945917 0.02378644 -0.017402494 -0.023606617 0.9994606 0.014781378
15334233.868999999 0.0039753444 0.011689641 0.023540469 -0.018085795 -0.024029866 0.99943495 0.015013022
15384250.269 0.0029489805 0.011709775 0.023462053 -0.017599331 -0.023751536 0.9994483 0.015139021
15434274.669 0.0018679621 0.011277812 0.023394939 -0.016902348 -0.02281294 0.99949723 0.014116278
15484290.819 0.0010093254 0.011310097 0.023129549 -0.01710588 -0.020844286 0.99953943 0.013923507
15534290.72 0.00025257847 0.011289237 0.02286059 -0.017195424 -0.019401746 0.9995598 0.014426749
15584283.12 -0.00046781084 0.01144263 0.02261702 -0.017341752 -0.018790253 0.99955624 0.015280407
15634276.271 -0.0008996672 0.01168972 0.022339806 -0.01785847 -0.018312342 0.9995498 0.015683457
15684276.671 -0.0008512479 0.012373914 0.022060467 -0.018562643 -0.018655624 0.99953884 0.015152867
15734292.571 -0.0006161626 0.012783244 0.021618072 -0.0189832 -0.019047335 0.9995372 0.014218788
15784300.972 -0.00010168126 0.013105839 0.021358082 -0.018610923 -0.02012777 0.9995368 0.013220139
15834293.622 0.00017617639 0.013364398 0.021143207 -0.016989846 -0.02105963 0.9995418 0.013564188
15884270.523 0.0011445337 0.013107883 0.020646267 -0.017272623 -0.02079666 0.9995241 0.014860269
15934238.924999999 0.0015530157 0.012512109 0.020279298 -0.01761957 -0.02036697 0.9995156 0.015599343
15984231.575 0.0021966638 0.01192092 0.019652348 -0.019218078 -0.02013276 0.99947834 0.016386217
16034247.975 0.0028936032 0.011278086 0.019082852 -0.02064684 -0.019835403 0.9994428 0.01715897
16084272.374999998 0.004064594 0.010668263 0.018332891 -0.022161437 -0.01938308 0.9994045 0.017997313
16134296.275 0.0052246447 0.010194235 0.017645571 -0.022794481 -0.01880254 0.99937445 0.01943573
16184296.925999999 0.0068243877 0.009754607 0.016859155 -0.024235569 -0.01792457 0.9993423 0.020157387
16234265.827 0.008592777 0.00933149 0.015926953 -0.024773037 -0.016937597 0.99934596 0.020180665
16284250.227999998 0.010750672 0.008945043 0.015062369 -0.024953581 -0.015864018 0.99936044 0.020108357
16334250.878 0.013482134 0.008606335 0.014269483 -0.024117108 -0.01439798 0.99939156 0.020679489
16384251.029 0.016530335 0.007934613 0.013388314 -0.022984242 -0.013378047 0.99941564 0.021473326
16434254.429 0.019893292 0.007503255 0.01254132 -0.023368623 -0.0127135245 0.99941564 0.0214653
16484220.829999998 0.023388984 0.0073357727 0.011625633 -0.024758708 -0.014112711 0.9993879 0.020290168
16534189.481999999 0.026747856 0.007411832 0.010664451 -0.024885759 -0.016185429 0.999372 0.019349065
16584158.383 0.030400265 0.007366829 0.009591608 -0.025196563 -0.01742668 0.9993459 0.019217037
16634142.783999998 0.034301214 0.007161439 0.008527513 -0.026561106 -0.01829901 0.99929273 0.019335475
16684143.434 0.03824837 0.007113642 0.0076453467 -0.027112829 -0.020028304 0.99924356 0.019394608
16734135.585 0.042281594 0.007080598 0.0068501425 -0.027515473 -0.022223532 0.9991915 0.019116264
16784112.486 0.04675081 0.0068888194 0.0061424784 -0.028669426 -0.023550184 0.99913424 0.018820617
16834088.887000002 0.05140171 0.0065550767 0.005635081 -0.028503245 -0.024379386 0.99912214 0.018659713
16884066.038000003 0.056056798 0.0061978577 0.0054077506 -0.028699966 -0.025044212 0.99910617 0.018333035
16934050.189000003 0.060996328 0.0056280578 0.005359482 -0.02845339 -0.025154155 0.9991132 0.018179527
16984042.839 0.06578545 0.0052435314 0.0054564145 -0.02843562 -0.024393693 0.99912214 0.01874805
17034043.24 0.07072331 0.0045493273 0.0057812175 -0.029731652 -0.022962684 0.99912626 0.018320503
17084035.64 0.07602294 0.004122589 0.0062443884 -0.029816395 -0.02203439 0.99915123 0.017954214
17134028.041 0.0810974 0.0038732563 0.006846386 -0.03008798 -0.021517329 0.9991576 0.01777506
17184020.692 0.08610511 0.0036755658 0.0075252475 -0.030755958 -0.021250954 0.99913365 0.018288063
17234013.092 0.091015376 0.0035509698 0.008238298 -0.03212735 -0.021537721 0.9990752 0.018782321
17284005.993 0.09612424 0.0035331089 0.009174693 -0.033125453 -0.022799037 0.9990049 0.019290617
17333990.644 0.101032116 0.0036018058 0.010152308 -0.03312074 -0.024405338 0.9989562 0.019847417
17383990.794 0.10575866 0.0038501343 0.011295957 -0.034391295 -0.024776453 0.9989217 0.018944196
17433991.445 0.11047707 0.0041207145 0.012396764 -0.035065617 -0.024976065 0.99891317 0.017864637
17483983.845000003 0.1151199 0.004311892 0.013318674 -0.035741553 -0.02449508 0.99891657 0.016979687
17533968.246000003 0.119861595 0.004666243 0.014357936 -0.036968093 -0.023489077 0.998916 0.015765557
17583953.397 0.1243091 0.005384916 0.015495064 -0.037326172 -0.02438288 0.9989091 0.013887511
17633980.047 0.12888561 0.00611702 0.016834602 -0.035990834 -0.02491633 0.9989518 0.013387072
17683930.448999997 0.13320471 0.006777352 0.018091837 -0.03572448 -0.024758669 0.99897194 0.012883342
17733914.849 0.13740848 0.0073618744 0.019223772 -0.035690464 -0.024848372 0.9989701 0.0129410215
17783899.75 0.14152607 0.007915975 0.020228678 -0.035292424 -0.025566695 0.9989605 0.01337092
17833876.400999997 0.14552899 0.008434859 0.021038465 -0.03531149 -0.027274622 0.9989029 0.014221329
17883868.552 0.14935637 0.00867038 0.021739522 -0.035811383 -0.027885329 0.99885035 0.015427572
17933861.203 0.15291923 0.008885705 0.022395987 -0.036488753 -0.02835473 0.99879277 0.016661948
17983861.603 0.1564049 0.008945214 0.023090316 -0.03692287 -0.029104894 0.99873513 0.017825281
18033862.004 0.15967311 0.008955176 0.023818726 -0.037642397 -0.030072894 0.9986682 0.018453443
18083862.404 0.16285339 0.009107331 0.024564967 -0.03857856 -0.030772882 0.99859405 0.01935588
18133854.805 0.16601269 0.00918763 0.025139114 -0.039421186 -0.031170053 0.9985288 0.020366007
18183847.955000002 0.16908848 0.009103116 0.025669158 -0.04023122 -0.03139216 0.99845546 0.021971904
18233848.356 0.17214637 0.009113399 0.026222331 -0.041255344 -0.031316068 0.99838406 0.02337991
18283848.755999997 0.17523122 0.009019705 0.026833385 -0.04232659 -0.031174108 0.99830544 0.024959872
18333856.656999998 0.17843948 0.009111979 0.02748952 -0.04267769 -0.03149484 0.99823666 0.026653918
18383865.057 0.18163596 0.009106223 0.028084574 -0.04291195 -0.03219851 0.99816096 0.028223215
18433857.707999997 0.18475994 0.009155206 0.028735507 -0.043373812 -0.032720193 0.9980758 0.029883116
18483842.608 0.18785228 0.009241123 0.029365178 -0.044432282 -0.03352582 0.997949 0.031618435
18533827.009 0.19104862 0.0092687 0.029931132 -0.04487521 -0.03458852 0.99782604 0.03366169
18583819.66 0.19418135 0.009384533 0.030514136 -0.044585433 -0.036114693 0.9976987 0.036127277
18633828.06 0.19720173 0.009517036 0.031070987 -0.0441397 -0.03751841 0.99760175 0.03787962
18683836.461 0.20020494 0.0096314205 0.031476382 -0.04379867 -0.038461268 0.997512 0.03965367
18733836.861 0.20298241 0.0095190955 0.03167644 -0.04418398 -0.039187238 0.99741304 0.040979926
18783830.262 0.2056158 0.009583814 0.03188334 -0.044601988 -0.0396462 0.99733424 0.041992452
18833814.162 0.20810036 0.009555634 0.03208556 -0.04484405 -0.039289817 0.9972786 0.043368686
18883806.563 0.21057712 0.009400663 0.03215885 -0.044357754 -0.038105953 0.9972562 0.0453918
18933806.963999998 0.21303603 0.00930148 0.03242093 -0.044256 -0.036323994 0.9972533 0.04698832
18983815.614 0.21551342 0.0092607895 0.032734785 -0.04377371 -0.035429914 0.9972713 0.047734134
19033816.014 0.21797487 0.009293715 0.033169 -0.04224295 -0.036312886 0.9972758 0.048351668
19083816.165 0.22043511 0.00941569 0.033582974 -0.040808506 -0.03704952 0.9972636 0.049266875
19133808.566 0.22288918 0.009403931 0.03396964 -0.039229672 -0.03705401 0.9972912 0.049983524
19183801.466 0.22534868 0.009412097 0.034436475 -0.03764493 -0.037092637 0.99732053 0.050585125
19233816.116 0.22780366 0.009382167 0.034866154 -0.035681993 -0.036992498 0.99738497 0.05080924
19283794.517 0.23004259 0.009284907 0.035379693 -0.033739857 -0.036685117 0.9974579 0.050926525
19333794.917999998 0.23207358 0.009321512 0.03596861 -0.031187473 -0.03616861 0.9975501 0.051119413
19383795.568 0.2340213 0.00921359 0.036338154 -0.028687933 -0.0356066 0.9976419 0.05118524
19433795.969 0.23582995 0.0090925675 0.03691728 -0.026199616 -0.03456013 0.9977457 0.051213413
19483796.369000003 0.23751648 0.008922111 0.037367873 -0.023942083 -0.033590596 0.99783033 0.051314335
19533796.77 0.23902619 0.008722161 0.037783436 -0.021255655 -0.03280101 0.99791694 0.05132364
19583797.17 0.24014995 0.008520683 0.038119376 -0.018696897 -0.032231443 0.99797684 0.05151588
19633813.32 0.24110167 0.008397545 0.038340196 -0.017689135 -0.03191974 0.99797297 0.05213659
19683813.721 0.24161942 0.0079832375 0.03822706 -0.017629229 -0.0317969 0.9979613 0.052454967
19733822.371 0.24163607 0.008057004 0.038021147 -0.018110693 -0.032308705 0.9978898 0.053330984
19783822.522 0.24112597 0.007975779 0.03775582 -0.018770637 -0.032598533 0.9978419 0.053819336
19833815.172 0.24068007 0.00803154 0.037485067 -0.020553239 -0.03330196 0.99776083 0.05424003
19883823.573000003 0.24001028 0.007996218 0.037223946 -0.02240997 -0.03453694 0.9976528 0.05471679
19933815.972999997 0.23916198 0.0079983445 0.036810618 -0.024589896 -0.03520048 0.9975585 0.05507672
19983839.873000003 0.23806511 0.007893715 0.036390956 -0.028530031 -0.034847233 0.9974624 0.05514097
20033801.775000002 0.23688276 0.007892352 0.036028452 -0.029825663 -0.035099573 0.99737906 0.055799328
20083802.175 0.23594277 0.007883223 0.035894398 -0.030940536 -0.035364047 0.9973047 0.056352194
20133794.576 0.23473506 0.007934909 0.035692055 -0.031802893 -0.03605367 0.99724203 0.05654272
20183795.226 0.23339228 0.0080158105 0.035752926 -0.032771103 -0.037228543 0.9971591 0.056691013
20233803.376000002 0.2319764 0.007953318 0.035876457 -0.033567894 -0.038168877 0.997111 0.056444995
20283803.777 0.23030625 0.007951313 0.035943408 -0.03425005 -0.038291276 0.99708194 0.056466002
20333804.177 0.22864726 0.007788052 0.03600759 -0.0346121 -0.0376338 0.99711466 0.056107953
20383804.578 0.22690547 0.0074788462 0.03600091 -0.034697995 -0.0370374 0.9971598 0.055648368
20433797.229000002 0.22497301 0.0071821786 0.03608862 -0.03539384 -0.037080947 0.997125 0.055803232
20483789.629 0.22286877 0.006787497 0.036136612 -0.034899883 -0.037519123 0.9970949 0.05635573
20533798.03 0.2204069 0.00664123 0.03627785 -0.033715364 -0.03774725 0.9971312 0.05628349
20583806.43 0.21754442 0.0064518983 0.036557946 -0.032053884 -0.03719187 0.99727726 0.05502184
20633815.08 0.21417208 0.006477595 0.03688016 -0.030411644 -0.0362699 0.9974614 0.05320214
20683815.481 0.2102374 0.0066806977 0.03712534 -0.029749634 -0.035470497 0.9976263 0.050976362
20733807.881 0.20567554 0.0070338687 0.0371876 -0.030209104 -0.03612892 0.9976775 0.0492117
20783800.281999998 0.20082772 0.0074715493 0.037096888 -0.030831898 -0.037026085 0.99773186 0.04700772
20833800.932 0.19604962 0.007565958 0.036767434 -0.0317182 -0.035844456 0.99779546 0.04597145
20883809.333 0.1916914 0.007350848 0.036540143 -0.030513892 -0.0322689 0.99798185 0.045386575
20933809.983 0.18744403 0.0069689187 0.036386535 -0.029640527 -0.029499 0.99814177 0.044320557
20983818.384 0.18332814 0.0065731443 0.03650211 -0.028999446 -0.029150268 0.9981961 0.043748178
21033826.284 0.17913832 0.0061112847 0.03671051 -0.02943632 -0.030678945 0.9981539 0.04337216
21083826.684 0.17482564 0.0056766826 0.03702625 -0.0298224 -0.032860093 0.99807996 0.04321219
21133835.084999997 0.17043726 0.0053559244 0.037426036 -0.030258724 -0.033657257 0.99804133 0.043187033
21183835.985 0.16616918 0.005197675 0.03788596 -0.030428398 -0.032796968 0.9980841 0.042738054
21233852.384999998 0.16186547 0.005140738 0.038373962 -0.030089077 -0.030601481 0.9982182 0.041458707
21283868.785 0.15763514 0.005428658 0.03876742 -0.029676951 -0.028408296 0.9983652 0.03973779
21333877.186 0.15332527 0.005924221 0.039153364 -0.02903396 -0.02706489 0.99850434 0.03759858
21383877.836 0.14881255 0.0064289854 0.039572947 -0.028332295 -0.026945038 0.998593 0.03582372
21433885.487 0.14413165 0.007029265 0.03995464 -0.02851857 -0.027094305 0.99862313 0.034707073
21483893.887000002 0.1393508 0.007419655 0.040179275 -0.029631652 -0.02675589 0.99863434 0.03369937
21533942.536 0.1348057 0.007571199 0.040486053 -0.029533645 -0.02589399 0.99867314 0.03330566
21583926.937 0.130279 0.0076449756 0.040855955 -0.028658839 -0.024649307 0.99876696 0.0321805
21633942.837 0.12571493 0.007884079 0.041229293 -0.028584562 -0.024015443 0.9988295 0.030754795
21683959.237 0.121199094 0.008169406 0.041509897 -0.028547993 -0.0240432 0.9988686 0.029471228
21733959.638 0.11662839 0.008636125 0.041690774 -0.028617634 -0.024442036 0.9988784 0.028731443
21783968.288000003 0.11227253 0.008956518 0.041872427 -0.028320262 -0.024606202 0.9988928 0.028386042
21833976.688 0.10803662 0.009236859 0.04210444 -0.027935263 -0.02445977 0.9989276 0.027659798
21883985.089 0.10381218 0.009550447 0.042379964 -0.02737014 -0.024450263 0.99897313 0.0265671
21934000.989 0.09967478 0.009863864 0.042674143 -0.02703137 -0.02445129 0.99900836 0.02557053
21984017.389 0.09548032 0.010099328 0.042948924 -0.02726745 -0.024220813 0.9990395 0.024289805
22034026.039 0.09126709 0.010429765 0.04319287 -0.027130054 -0.024024837 0.9990626 0.023679795
22084034.44 0.08719351 0.010610387 0.043333907 -0.027176235 -0.024072269 0.9990674 0.023374218
22134043.09 0.08320314 0.010879097 0.043476917 -0.02728431 -0.023399575 0.9990718 0.023742953
22184058.74 0.0792046 0.010883738 0.043607797 -0.027215317 -0.022684725 0.9990953 0.023523163
22234083.39 0.0753247 0.011125853 0.043737285 -0.026875544 -0.022290343 0.9991162 0.023403699
22284091.79 0.071493804 0.011557943 0.043988265 -0.025856385 -0.021821134 0.999172 0.022598993
22334130.19 0.06780339 0.011868388 0.04417698 -0.024880927 -0.02136071 0.99923676 0.021229383
22384101.091 0.06414376 0.012294793 0.044367768 -0.023735622 -0.020793956 0.9993039 0.019899657
22434109.491 0.06044467 0.0127000315 0.044470843 -0.022657653 -0.02027263 0.9993633 0.01867339
22484125.642 0.05674288 0.013182684 0.04454392 -0.022162747 -0.020094378 0.99940056 0.017425641
22534149.792000003 0.053278346 0.013521522 0.044446032 -0.022376731 -0.01976098 0.9994158 0.016640017
22584158.192 0.04981409 0.013645215 0.044154573 -0.022548744 -0.019353593 0.999417 0.016814344
22634166.842 0.046625283 0.013550757 0.04386182 -0.022554342 -0.018285073 0.99941623 0.018007822
22684159.243 0.043617096 0.013445146 0.043814056 -0.022550594 -0.01704963 0.9994172 0.019131666
22734175.643000003 0.040862814 0.013250529 0.043892406 -0.022005055 -0.01624935 0.99944144 0.019199308
22784191.542999998 0.038152244 0.013202967 0.044073224 -0.02136827 -0.016393613 0.9994539 0.019147206
22834215.943 0.03538498 0.013121832 0.043945033 -0.021248821 -0.01630533 0.9994596 0.019057473
22884232.343000002 0.032627836 0.013080594 0.043600976 -0.0217872 -0.015804488 0.9994551 0.019105304
22934240.242999997 0.029976266 0.013102454 0.043083612 -0.022395791 -0.015271458 0.9994513 0.01903741
22984248.644 0.027484521 0.013224147 0.04247187 -0.023002539 -0.0149993105 0.9994372 0.019267004
23034257.294 0.025091244 0.01334668 0.041768476 -0.023953775 -0.014671744 0.9994095 0.01978948
23084273.694000002 0.02296525 0.013167668 0.04106437 -0.024393389 -0.01452286 0.9993883 0.020424135
23134282.095 0.02116718 0.013164245 0.040549073 -0.024477119 -0.014916067 0.9993613 0.02134066
23184297.994999997 0.019711921 0.013076912 0.040052947 -0.024495363 -0.01542775 0.9993422 0.02184567
23234306.645 0.018649718 0.012977913 0.03960263 -0.024769658 -0.014955454 0.99933237 0.022309663
23284307.044999998 0.017671032 0.012949846 0.03901714 -0.02530229 -0.014432633 0.99932706 0.022291534
23334307.446000002 0.017260352 0.013296619 0.038349334 -0.02521349 -0.014594609 0.9993315 0.022089534
23384308.095999997 0.01732871 0.013531241 0.037941445 -0.024472069 -0.014981719 0.9993529 0.021692893
23434308.497 0.016966008 0.013734164 0.03743192 -0.02315454 -0.014131014 0.99942046 0.020566564
23484300.898000002 0.016672455 0.013935311 0.036842346 -0.022606568 -0.012979821 0.9994761 0.019185588
23534286.297999997 0.016636884 0.01441758 0.03614378 -0.022774298 -0.012628631 0.99949586 0.018166253
23584270.698999997 0.015747903 0.014759119 0.035695475 -0.02242142 -0.012645317 0.9995154 0.017506078
23634255.1 0.0154370135 0.014912196 0.034750056 -0.023900358 -0.012692847 0.9994871 0.017124671
23684255.501 0.015086986 0.015110999 0.033803962 -0.025710827 -0.012915328 0.99944186 0.016978098
23734282.900000002 0.014658184 0.015407654 0.032780822 -0.026806384 -0.013599511 0.9994031 0.017024752
23784264.051000003 0.014746109 0.015503776 0.03175607 -0.028757958 -0.013790983 0.9993463 0.017022671
23834256.702 0.0149989575 0.015367173 0.030378675 -0.030422358 -0.014490739 0.99928313 0.017255157
23884249.353 0.015799891 0.015396734 0.029187705 -0.032149747 -0.015072983 0.99921155 0.017765677
23934249.753 0.016248569 0.015571678 0.028133387 -0.03324659 -0.016340706 0.99914616 0.018295662
23984242.654 0.016603572 0.015410403 0.027116144 -0.033965044 -0.017108707 0.9991179 0.017808003
24034243.054 0.017348582 0.015298987 0.026289748 -0.034493387 -0.017335838 0.99909717 0.01773681
24084235.455 0.01798767 0.015266196 0.025396045 -0.034945127 -0.016590398 0.9990907 0.017928641
24134227.856 0.019070419 0.015266094 0.024382774 -0.035694182 -0.014640861 0.999089 0.018245585
24184220.256 0.020062523 0.015124694 0.023308154 -0.035180096 -0.013263838 0.99913025 0.018036328
24234212.907 0.021571225 0.015168048 0.022289267 -0.036134783 -0.011993308 0.9991103 0.018141668
24284197.308000002 0.023118418 0.015207107 0.021324307 -0.036520604 -0.011899877 0.9990975 0.018133666
24334182.459000003 0.025189672 0.015360094 0.020125384 -0.03734686 -0.012744892 0.9990565 0.018136704
24384166.608999997 0.02739081 0.01557693 0.019084267 -0.036796067 -0.013564237 0.99907416 0.017692193
24434159.259999998 0.030187452 0.015944205 0.018085804 -0.03695563 -0.014819036 0.99907935 0.015975643
24484143.661000002 0.03275505 0.016430352 0.017300265 -0.03644 -0.016835274 0.9991052 0.013322561
24534128.812 0.03583914 0.016947202 0.016703673 -0.035958823 -0.01894908 0.9991184 0.010509969
24584097.213 0.03880808 0.017505612 0.016243376 -0.03513228 -0.019929437 0.99915224 0.007961004
24634066.114 0.04214236 0.017852401 0.015861612 -0.03550133 -0.020024255 0.9991479 0.0064948536
24684057.015 0.04526752 0.017800173 0.015427148 -0.036705382 -0.020425338 0.99909365 0.0068878843
24733995.667 0.04832516 0.01750627 0.015112657 -0.03853157 -0.021325717 0.9989923 0.008656949
24783980.316999998 0.051786933 0.017121429 0.015050456 -0.04043836 -0.021733224 0.99888676 0.010850431
24833996.718 0.055304695 0.016630625 0.015117856 -0.042379953 -0.021113768 0.99879485 0.012924712
24884021.117 0.058941603 0.01612897 0.015094556 -0.044326134 -0.020161016 0.9987047 0.014758815
24934028.768000003 0.06315445 0.015796822 0.015245511 -0.04572418 -0.019554013 0.9986253 0.01656806
24984029.417999998 0.067234926 0.015711147 0.01544201 -0.046041634 -0.021004193 0.998557 0.017973104
25034028.569000002 0.071487464 0.015908653 0.015788354 -0.047408566 -0.023234477 0.998427 0.018872784
25083998.97 0.07570294 0.016223965 0.016156055 -0.048682965 -0.02469667 0.99831784 0.019537631
25133991.371 0.07988742 0.016481802 0.016240463 -0.049973503 -0.025239466 0.99823475 0.019825207
25183991.521 0.08411716 0.016751412 0.016367288 -0.051930822 -0.025492093 0.9981153 0.020474056
25233984.172000002 0.08847721 0.016890798 0.016560668 -0.054401673 -0.025872726 0.99796766 0.020777704
25283984.571999997 0.09313785 0.017104827 0.016760975 -0.05559334 -0.026991477 0.99786067 0.021330167
25333976.973 0.09798161 0.017140456 0.017151605 -0.056426894 -0.027501376 0.99780166 0.021252142
25383970.123999998 0.1028323 0.017232109 0.017639885 -0.05717903 -0.027262302 0.99777395 0.020845296
25433962.524 0.107764766 0.01726192 0.018219333 -0.05751796 -0.027473103 0.997768 0.01989933
25483954.925 0.11278905 0.017403672 0.01898649 -0.057525348 -0.028102798 0.99775946 0.019420533
25533939.326 0.117799856 0.017429577 0.019775216 -0.056711793 -0.028737059 0.99779046 0.01929529
25583923.726999998 0.12291909 0.017281584 0.020569429 -0.055820893 -0.02924739 0.9978304 0.019060325
25633908.877 0.12784149 0.01728645 0.021523597 -0.055610076 -0.029687159 0.9978376 0.018611364
25683909.277999997 0.13259207 0.01746193 0.022524348 -0.055329707 -0.030768257 0.9978252 0.018352712
25733909.678 0.13721323 0.017655525 0.023485193 -0.055487122 -0.03194757 0.9977747 0.018605188
25783902.329 0.14178678 0.017859893 0.024462147 -0.055678472 -0.032487728 0.997748 0.018529478
25833878.98 0.14620991 0.018282222 0.025417695 -0.054906208 -0.032698546 0.99777955 0.018766211
25883871.381 0.15055834 0.018569058 0.026278792 -0.05520579 -0.031897772 0.99780244 0.018036377
25933864.531000003 0.15476431 0.019080989 0.02714062 -0.055325534 -0.031455867 0.9978216 0.017365085
25983856.932 0.158671 0.01958642 0.027803188 -0.055061195 -0.032074794 0.9978316 0.01647995
26033849.333 0.1624045 0.020135822 0.028397894 -0.05655314 -0.032656405 0.9977415 0.015724106
26083825.733999997 0.16604286 0.020795895 0.028834173 -0.058268636 -0.033864412 0.9975905 0.016469797
26133810.384 0.16977353 0.021174096 0.029231215 -0.059288107 -0.03511575 0.99747753 0.017044285
26183802.785 0.17325878 0.021459294 0.029526593 -0.060799144 -0.035907082 0.99736357 0.016733773
26233803.436 0.17677866 0.021862151 0.029776601 -0.06253214 -0.036305644 0.99723977 0.016868232
26283811.836 0.18026635 0.02198469 0.030108938 -0.0625611 -0.03623282 0.9972386 0.016988829
26333812.486 0.1837331 0.022261966 0.03034715 -0.06296313 -0.035719205 0.997236 0.016738163
26383804.637000002 0.18701741 0.022746842 0.03056693 -0.063348345 -0.03494305 0.99725467 0.01578661
26433789.038000003 0.19035293 0.023341494 0.030631166 -0.063535124 -0.034277473 0.99728054 0.014828892
26483773.689 0.19340038 0.024011958 0.030564876 -0.06291173 -0.033835895 0.997349 0.013863423
26533766.089 0.19639751 0.024622452 0.0303762 -0.061817948 -0.03390433 0.9974257 0.013081194
26583759.24 0.199064 0.02524615 0.030045625 -0.061667047 -0.033525143 0.9974545 0.01256098
26633751.641 0.20147674 0.025707059 0.02962692 -0.061171833 -0.032750376 0.9975086 0.012731387
26683744.041 0.20364025 0.025728537 0.029180098 -0.060336396 -0.032655127 0.99755937 0.012978823
26733744.441999998 0.2053856 0.02569935 0.028776104 -0.06030153 -0.03236334 0.9975555 0.01412299
26783728.843 0.20709322 0.025067842 0.02828199 -0.061178863 -0.031131784 0.9975148 0.01588197
26833729.493 0.20858829 0.024286732 0.027947923 -0.061844427 -0.029929789 0.99747574 0.017937016
26883729.893999998 0.21011387 0.023455407 0.027481066 -0.06288115 -0.02826304 0.9974153 0.020245405
26933746.544 0.2117368 0.022617012 0.02687835 -0.06437645 -0.026266754 0.9973256 0.02252595
26983762.944 0.21351409 0.022160806 0.02645057 -0.065960616 -0.025239255 0.99719715 0.024700193
27033801.843 0.21548901 0.02181513 0.025939733 -0.066373385 -0.025925687 0.99710613 0.026492206
27083771.495 0.21736754 0.021437783 0.025559416 -0.06645984 -0.026983645 0.9970649 0.02676943
27133771.895 0.21925333 0.021339294 0.025163915 -0.06606853 -0.027459405 0.9970705 0.02704557
27183772.546 0.22123717 0.021194022 0.024855884 -0.06565654 -0.02768772 0.99708253 0.027368842
27233772.946 0.2229934 0.021074722 0.02453671 -0.06569264 -0.02746474 0.99707323 0.027841732
27283773.097000003 0.22462961 0.02083631 0.024141844 -0.065112166 -0.027533185 0.9970859 0.028671246
27333765.997 0.2262789 0.020764189 0.023837011 -0.06414729 -0.027255757 0.99711955 0.029914994
27383766.398 0.22780892 0.020419922 0.023505725 -0.06329234 -0.027030727 0.99716425 0.03044719
27433767.048 0.22919731 0.020506714 0.023351109 -0.062270418 -0.026742956 0.99721736 0.031061927
27483767.448999997 0.23030065 0.020403445 0.023385685 -0.060920253 -0.026560193 0.99732494 0.03043593
27533768.099 0.2311246 0.020452587 0.0233998 -0.059810795 -0.026603512 0.9974162 0.029594457
27583760.5 0.23176008 0.02037302 0.023259427 -0.059544947 -0.026048832 0.99744684 0.02959175
27633752.900000002 0.23220359 0.019894881 0.02312881 -0.058535643 -0.024619158 0.99752885 0.030061051
27683745.301 0.23278172 0.019655269 0.023171704 -0.057374973 -0.02392237 0.9975861 0.030951496
27733745.702 0.23249532 0.019610722 0.023147846 -0.057233907 -0.023909505 0.99760675 0.030552747
27783754.102 0.23260213 0.019761357 0.022899605 -0.05801671 -0.0241633 0.9975643 0.030261213
27833762.752 0.23277554 0.019261908 0.022672806 -0.058848847 -0.025157416 0.9974876 0.030373823
27883771.152999997 0.23298855 0.019216344 0.022364832 -0.0591595 -0.025652004 0.9974255 0.031377412
27933763.553 0.23272803 0.020015366 0.022372667 -0.059559677 -0.02601347 0.99733716 0.0330861
27983755.954 0.23274739 0.020206455 0.022477796 -0.058870047 -0.02644894 0.9973998 0.032070797
28033756.354 0.23247348 0.02036875 0.02249033 -0.058047134 -0.028017325 0.99746156 0.030267972
28083757.005 0.23186305 0.020863626 0.022429235 -0.057704207 -0.029455962 0.99743897 0.030300658
28133765.404999997 0.23101258 0.020671178 0.022262517 -0.05797137 -0.030272221 0.99738234 0.030846614
28183758.556 0.2298284 0.020561073 0.021927394 -0.059365615 -0.030966 0.9972529 0.031679705
28233750.706 0.22846234 0.020261545 0.0217154 -0.060305662 -0.031301886 0.997169 0.032210745
28283751.107 0.22717628 0.020069383 0.021447381 -0.06068215 -0.03082397 0.99713343 0.033053547
28333767.757 0.22563234 0.019994266 0.021231841 -0.060645282 -0.030450594 0.99712986 0.033570785
28383783.656999998 0.22408447 0.019969748 0.02114957 -0.059945773 -0.030476917 0.9971969 0.03280366
28433800.057 0.2224826 0.02022217 0.021331841 -0.058677115 -0.030760461 0.9973107 0.03134065
28483800.208 0.22053023 0.020635804 0.021428332 -0.057570923 -0.03143654 0.9974178 0.029242342
28533784.608999997 0.2183871 0.02085795 0.021497438 -0.05670004 -0.032471795 0.9974831 0.027538486
28583769.759 0.21620859 0.021080276 0.021403052 -0.055277552 -0.03234745 0.997549 0.028178183
28633762.16 0.21394779 0.020816997 0.02126412 -0.0536077 -0.031475544 0.99763626 0.029282708
28683797.81 0.21135858 0.020737667 0.021324579 -0.05152875 -0.029917113 0.99778205 0.029677149
28733786.711000003 0.20886563 0.020757318 0.021650964 -0.04937339 -0.028965674 0.9979298 0.029316097
28783802.860999998 0.20610027 0.020574199 0.022328252 -0.048241075 -0.029401736 0.99798936 0.028735558
28833803.511 0.20331925 0.020427126 0.023050403 -0.046800476 -0.029524287 0.99804455 0.029071933
28883795.912 0.20027825 0.020068157 0.023962323 -0.045093074 -0.030548055 0.99807996 0.029496018
28933796.312 0.19729432 0.019835072 0.024807166 -0.043735586 -0.032042507 0.9980769 0.030048223
28983804.713 0.19406314 0.0195211 0.025444092 -0.042354085 -0.032997984 0.99808747 0.03064003
29033821.362999998 0.19057173 0.019536046 0.025919247 -0.04140107 -0.032972254 0.99811935 0.030928206
29083837.763 0.18721873 0.019624623 0.026501605 -0.040029764 -0.033048525 0.99816895 0.0310519
29133853.663000003 0.18349567 0.019806845 0.026923103 -0.03923931 -0.03269576 0.9982368 0.030244397
29183846.064000003 0.1797484 0.019913498 0.02735768 -0.03818243 -0.03284958 0.9982978 0.02940269
29233846.713999998 0.17556493 0.020015353 0.027753782 -0.037509788 -0.032891195 0.99833703 0.028887637
29283839.615 0.17132354 0.019961808 0.02816924 -0.03723593 -0.032820396 0.9983792 0.027845763
29333840.015 0.16694616 0.019994594 0.028466405 -0.03640989 -0.03321822 0.99839294 0.027972149
29383896.665 0.16242838 0.01976214 0.028694201 -0.035738584 -0.033828266 0.99838763 0.028294394
29433872.816000003 0.15792029 0.019602241 0.028868156 -0.034951616 -0.033798248 0.99839187 0.029153429
29483881.216000002 0.15320952 0.01932903 0.029005479 -0.034348354 -0.033746403 0.99840575 0.02944997
29533881.616 0.14853711 0.019135129 0.028925398 -0.03409094 -0.03342592 0.9984169 0.029737031
29583890.266999997 0.143782 0.018908828 0.02889914 -0.03332031 -0.033404 0.9984366 0.029971702
29633905.667 0.13894425 0.018791249 0.028705023 -0.032981783 -0.033112086 0.9984547 0.03006804
29683922.317 0.13401528 0.018743787 0.028580984 -0.033151146 -0.032001894 0.9985023 0.02949781
29733938.717 0.12914689 0.018835867 0.028376134 -0.032974187 -0.031557865 0.99855655 0.028313637
29783967.617 0.12426175 0.01898063 0.028212383 -0.031663764 -0.032028545 0.9986315 0.026586002
29833956.018 0.11912353 0.019306734 0.027969625 -0.031234486 -0.032125816 0.9986982 0.024380734
29883956.168 0.11372431 0.019575164 0.02751182 -0.03226968 -0.030838262 0.998755 0.022275092
29933964.068 0.10826176 0.019753128 0.02683184 -0.03368097 -0.02881836 0.9987915 0.021228576
29983972.719 0.102476716 0.020095691 0.02606441 -0.036550663 -0.028296974 0.99868625 0.022114763
30033973.119 0.09663263 0.020306634 0.025149627 -0.04051505 -0.029271757 0.99847454 0.023458574
30083989.519 0.09105897 0.020492265 0.024308642 -0.044793412 -0.030598186 0.9982042 0.02541247
30134013.919000003 0.08572226 0.020570168 0.023388265 -0.049204614 -0.031531826 0.9979263 0.026976978
30184046.069000002 0.080858015 0.020527922 0.022683807 -0.051831383 -0.03222797 0.9977351 0.028276665
30234077.968999997 0.07616638 0.020377945 0.022259653 -0.05349985 -0.03273668 0.99760306 0.029227678
30284094.369 0.07154974 0.020274201 0.021877209 -0.05591641 -0.032602455 0.9974662 0.02952247
30334095.02 0.06706254 0.020043984 0.021859251 -0.057227213 -0.03243434 0.9973951 0.029601429
30384095.419999998 0.062800415 0.019691048 0.021999441 -0.056870002 -0.03216854 0.9974005 0.030385006
30434111.82 0.058844667 0.019276915 0.022178058 -0.05555654 -0.031197047 0.99747336 0.03141896
30484143.97 0.054928984 0.01896247 0.022536114 -0.054549776 -0.029898059 0.997547 0.032103058
30534186.369000003 0.05125847 0.018628806 0.02286421 -0.05307622 -0.0288397 0.99765563 0.032163996
30584208.52 0.04767594 0.018402234 0.023213176 -0.05210179 -0.02807106 0.99774164 0.0317649
30634216.92 0.04412333 0.018239496 0.023415888 -0.050525967 -0.027532917 0.9978374 0.0317734
30684217.32 0.041124143 0.017998837 0.023703313 -0.048425216 -0.026639957 0.9979531 0.032169905
30734225.720999997 0.038148027 0.017993208 0.023954492 -0.046032455 -0.025742617 0.9980626 0.03300641
30784242.371 0.035657443 0.01782996 0.024146715 -0.043637622 -0.024501707 0.9981999 0.03305407
30834258.021 0.03328121 0.017951472 0.024545535 -0.041124456 -0.023799509 0.9983288 0.03289509
30884266.421 0.0311542 0.01820085 0.024947979 -0.039831173 -0.023598818 0.99842227 0.031774208
30934274.821 0.02894988 0.018590754 0.025199438 -0.03897079 -0.023891333 0.9984708 0.031090584
30984267.472 0.027004728 0.018910382 0.025304774 -0.03773682 -0.024369948 0.99851644 0.03077357
31034260.123 0.02520232 0.019203171 0.02532102 -0.036805656 -0.02452344 0.99854684 0.030793486
31084268.273 0.02339212 0.01941095 0.02532619 -0.03602786 -0.02453896 0.99856997 0.030950429
31134276.673 0.02159381 0.019719064 0.025408398 -0.035946682 -0.024601059 0.99857426 0.030858334
31184293.074 0.02006617 0.019808015 0.025293455 -0.037001487 -0.024513798 0.99854773 0.030535959
31234301.724 0.018415239 0.02005446 0.025242306 -0.037996832 -0.024806205 0.99849147 0.030915124
31284302.124 0.017252987 0.020083105 0.025300503 -0.038555328 -0.02589195 0.99843115 0.0312795
31334310.525 0.016337145 0.020285457 0.025423883 -0.037827443 -0.02711336 0.9984221 0.031421866
31384311.175 0.015824279 0.020410294 0.025632275 -0.037721857 -0.027228525 0.99841934 0.03153674
31434319.075 0.015488278 0.020372516 0.025854314 -0.03756744 -0.026691116 0.9984486 0.031252813
31484335.476 0.01543837 0.020201918 0.026204154 -0.037330918 -0.026277646 0.99846905 0.03123403
31534335.876000002 0.015169734 0.020055637 0.025931153 -0.036779456 -0.025574856 0.9985012 0.031442516
31584336.277 0.014952901 0.019794 0.025567733 -0.03783045 -0.025108552 0.99846953 0.03157775
31634328.927 0.014997808 0.019387351 0.025129855 -0.038886163 -0.024516486 0.9984341 0.031877987
31684337.327999998 0.015018154 0.019364906 0.024842551 -0.03989672 -0.024189316 0.9984025 0.03186991
31734374.477 0.015496914 0.019235877 0.024326941 -0.041285265 -0.023063565 0.9983828 0.03155218
31784346.628 0.016176362 0.018941527 0.023809256 -0.043481253 -0.021243684 0.9983372 0.03132133
31834355.029 0.017714184 0.018635007 0.02333423 -0.04468256 -0.020140465 0.9982979 0.031610735
31884347.428999998 0.01948524 0.018592846 0.023014398 -0.045867473 -0.020674834 0.9982423 0.03132263
31934339.83 0.021138813 0.018690784 0.022958765 -0.047051806 -0.022541823 0.9981822 0.0301732
31984331.981000002 0.02295307 0.018973088 0.023132058 -0.04754767 -0.024654554 0.99814516 0.028942198
32034324.631 0.025056561 0.018928364 0.023240183 -0.045994278 -0.025668902 0.99820566 0.028482012
32084317.531999998 0.027175603 0.018348614 0.023454433 -0.045806494 -0.023832444 0.99826515 0.028294977
32134301.933000002 0.029336054 0.01762413 0.023371348 -0.04711992 -0.020748857 0.99826205 0.028672503
32184302.833 0.031239253 0.017055908 0.023330184 -0.047645293 -0.01926542 0.99823964 0.029604137
32234302.984 0.03294036 0.01657199 0.023272881 -0.04886044 -0.018369984 0.9981789 0.030235132
32284303.384000003 0.03501828 0.01611151 0.023373745 -0.051188823 -0.016869042 0.99809617 0.02998761
32334311.783999998 0.036810912 0.015720628 0.02331451 -0.051935002 -0.016230978 0.9980653 0.030083224
32384304.185000002 0.03915387 0.015410943 0.023203038 -0.05359211 -0.01528431 0.99798626 0.030295797
32434296.836 0.04145924 0.015215321 0.023127237 -0.055640943 -0.014768276 0.99790144 0.02964359
32484297.236 0.044122923 0.015352914 0.02325511 -0.05721194 -0.015311475 0.99782777 0.028848348
32534297.637 0.04676438 0.015434794 0.02346391 -0.057528608 -0.016119778 0.99782556 0.027835844
32584298.037 0.049619295 0.015653932 0.023584194 -0.058110528 -0.015838176 0.99782664 0.026726512
32634282.688000005 0.052585196 0.015601387 0.023922624 -0.057776786 -0.015703155 0.99788 0.025510674
32684267.588999998 0.05585643 0.015668696 0.024289966 -0.057492312 -0.015986534 0.9979095 0.024815049
32734243.990000002 0.05929348 0.015688557 0.024778983 -0.057648797 -0.016133154 0.9979262 0.023658244
32784228.391000003 0.06259937 0.015749522 0.025244586 -0.057047147 -0.016670043 0.9979671 0.023010902
32834221.041000005 0.066086575 0.01577837 0.025783265 -0.05618971 -0.01700354 0.9980181 0.022661159
32884218.442 0.069490746 0.015605346 0.026258586 -0.055858195 -0.016046537 0.9980646 0.022127151
32934198.843000002 0.07295184 0.015615593 0.02658663 -0.05623685 -0.014725325 0.9980613 0.022232478
32984183.244 0.0764952 0.015544331 0.026726358 -0.05679798 -0.014635839 0.9980216 0.022644049
33034159.645 0.080072 0.015434607 0.026851898 -0.058089912 -0.015479576 0.99792075 0.023239413
33084144.546 0.08381428 0.0153408935 0.027019838 -0.059072874 -0.01687417 0.99783564 0.023444707
33134144.946000002 0.08765322 0.01530807 0.027216107 -0.05917957 -0.018629888 0.9977996 0.023382965
33184160.596 0.091455735 0.0153745925 0.02758964 -0.05958896 -0.019780468 0.9977496 0.023529753
33234177.246 0.095178805 0.0153638525 0.02796219 -0.06006839 -0.020355053 0.99770164 0.023850974
33284161.647000004 0.09902043 0.015274805 0.028310034 -0.060679194 -0.020365326 0.99765044 0.024434084
33334146.547999997 0.10280311 0.014917768 0.028583758 -0.060508963 -0.019558791 0.99767774 0.024399739
33384123.198999997 0.10652452 0.014937099 0.028988985 -0.061434004 -0.018464968 0.9976295 0.02490577
33434123.599 0.11024316 0.014987204 0.029318346 -0.06299018 -0.01803024 0.9975539 0.024361035
33484132.0 0.113994114 0.015214161 0.029608008 -0.06307869 -0.018789008 0.997541 0.024084466
33534140.400000002 0.117665924 0.0153325405 0.029845148 -0.0632535 -0.019226776 0.99753916 0.0233461
33584125.051 0.12138173 0.015532509 0.030190999 -0.06439164 -0.018875768 0.9974769 0.023179695
33634093.952 0.12497671 0.015693346 0.030419191 -0.06577469 -0.018053103 0.99739355 0.02353628
33684070.353 0.12866232 0.015620099 0.030734673 -0.0660318 -0.017670458 0.9973711 0.024052037
33734070.754 0.13245445 0.015513304 0.031018702 -0.066567175 -0.017323034 0.99732536 0.02471669
33784087.404 0.13630582 0.015621218 0.031324796 -0.0672889 -0.016831372 0.9972894 0.024550956
33834103.804 0.13998589 0.015768016 0.031661876 -0.068016954 -0.016958775 0.9972486 0.024112884
33884096.203999996 0.14370218 0.016209524 0.0320832 -0.06996713 -0.01809533 0.99709415 0.024092024
33934072.855000004 0.14736576 0.01637967 0.0324052 -0.070910394 -0.01947085 0.9970054 0.023934409
33984057.006 0.1512566 0.016720666 0.03269386 -0.07073288 -0.020038579 0.99697554 0.02520187
34034050.157 0.15520346 0.017031465 0.03291599 -0.07147829 -0.019627862 0.996896 0.026534546
34084091.807 0.15935875 0.017377883 0.03317527 -0.0728989 -0.019773476 0.99677163 0.027222775
34134051.458 0.16345607 0.017824445 0.03334841 -0.07289766 -0.020945752 0.99672437 0.02806654
34184051.858 0.1677072 0.018254431 0.03354009 -0.07368999 -0.022127068 0.996629 0.028477583
34234036.258999996 0.17194647 0.018745296 0.03368246 -0.074357875 -0.022644447 0.9965587 0.02879059
34284020.660000004 0.17612207 0.019215299 0.033787135 -0.07523013 -0.023183415 0.99649185 0.028409114
34333997.311000004 0.18024853 0.01980732 0.03395709 -0.076132186 -0.023976529 0.9964341 0.027352842
34383989.962 0.18426596 0.02056808 0.0342037 -0.07636427 -0.024645016 0.99642915 0.026272062
34433990.362 0.18810716 0.021090513 0.034345627 -0.076499514 -0.025349658 0.99643534 0.02493681
34484016.012 0.19161613 0.021686932 0.034484863 -0.07705087 -0.026041117 0.99640286 0.023801329
34533975.414000005 0.19497909 0.022214219 0.034621786 -0.07744726 -0.026604922 0.9963769 0.022963937
34583959.814 0.1979627 0.022456175 0.034610443 -0.07759036 -0.026717858 0.99637556 0.022399185
34633944.715 0.20066687 0.02268876 0.034626722 -0.0778412 -0.026687123 0.9963448 0.022925647
34683937.116 0.20324393 0.022681208 0.034782194 -0.078210235 -0.025921935 0.9963314 0.023132604
34733945.516 0.2056227 0.022918299 0.03495201 -0.07914093 -0.02572728 0.99625665 0.023400884
34783945.917 0.207892 0.022975447 0.03495154 -0.07942841 -0.025297979 0.9962555 0.022938583
34833954.066999994 0.21032685 0.023151191 0.03496444 -0.07898809 -0.025213437 0.9962812 0.023430906
34883946.968 0.21266635 0.02320016 0.034849674 -0.0790286 -0.024980286 0.99627507 0.023802087
34933939.368 0.21476689 0.023100492 0.03462031 -0.08000936 -0.02421407 0.99621725 0.023736345
34983923.769 0.21668875 0.022908758 0.034357768 -0.0802007 -0.023529494 0.9962152 0.02386607
35033924.42 0.21848063 0.022499928 0.033993337 -0.080753185 -0.023004558 0.99617785 0.024072733
35083932.82 0.22018185 0.02210152 0.033669364 -0.08192446 -0.022397777 0.9960677 0.025219185
35133941.22 0.2216274 0.021495612 0.033234037 -0.08289439 -0.021335302 0.9959835 0.026273703
35183941.871 0.223118 0.020899426 0.0328746 -0.084327675 -0.019951358 0.99586505 0.027270108
35233949.271 0.22470699 0.02033901 0.032464754 -0.08501162 -0.018229032 0.9958038 0.028559204
35283943.172 0.22652349 0.019625297 0.032018654 -0.08354275 -0.017082771 0.99588436 0.030710878
35333951.572000004 0.22851604 0.018839436 0.031720266 -0.08244521 -0.016527636 0.99593407 0.032326702
35383951.972 0.23036286 0.01832608 0.031453382 -0.082189284 -0.016878618 0.99593586 0.032739792
35433959.873 0.23217459 0.018008558 0.031271394 -0.08049871 -0.018010302 0.9960517 0.032810453
35483960.272999994 0.23395993 0.017784094 0.030883837 -0.07956991 -0.018882634 0.9960931 0.03332567
35533960.423999995 0.23588662 0.017392103 0.030087454 -0.078667745 -0.018683346 0.99611914 0.034770872
35583945.574999996 0.23797308 0.016851269 0.029265286 -0.07673379 -0.017371893 0.99620503 0.03722625
35633945.975 0.24016777 0.016236091 0.028360186 -0.074739166 -0.015571395 0.9963093 0.03923413
35683975.375 0.24239637 0.015523805 0.027697353 -0.07280587 -0.0150211975 0.9964413 0.039730415
35733946.776 0.24477382 0.014937081 0.027156172 -0.06907149 -0.015651165 0.9966979 0.03971782
35783947.426 0.24708596 0.014443905 0.026751097 -0.06598882 -0.016393032 0.99690956 0.039347276
35833939.827 0.24939676 0.013939818 0.026353026 -0.06357023 -0.016704196 0.99706835 0.039174147
35883924.228 0.25151098 0.013544689 0.025962539 -0.060378313 -0.01665918 0.9972638 0.039267547
35933924.628 0.25355104 0.013145922 0.025946587 -0.056190867 -0.015327467 0.9975842 0.03786102
35983925.029 0.25549513 0.012840535 0.025930883 -0.05299494 -0.012734381 0.99787915 0.03558995
36033925.679 0.2571737 0.012539445 0.025830902 -0.04970237 -0.011743529 0.9980929 0.034677222
36083926.080000006 0.25853044 0.011823067 0.025503576 -0.048481096 -0.011564223 0.9981497 0.034829862
36133926.730000004 0.2594124 0.010997006 0.024824195 -0.05036564 -0.011808152 0.99804145 0.035174247
36183927.131000005 0.25974217 0.010644419 0.024128925 -0.05185498 -0.013909412 0.9978989 0.036269236
36233927.531 0.2601106 0.010208747 0.023487907 -0.05338001 -0.016791329 0.9977394 0.03721391
36283935.932000004 0.26006532 0.009978299 0.022957444 -0.05564371 -0.017644925 0.9975334 0.038982052
36333944.332 0.2603783 0.009244286 0.022345828 -0.057684764 -0.017909838 0.99738216 0.039756104
36383944.982 0.26071832 0.009180766 0.02210014 -0.056697268 -0.019105643 0.9973482 0.04143676
36433983.882 0.26093772 0.008894306 0.02201305 -0.055806097 -0.021399714 0.9972953 0.042776212
36483946.033 0.2608607 0.008562406 0.022040745 -0.055327706 -0.022515275 0.9972506 0.04385397
36533954.434 0.26065135 0.008121159 0.02171974 -0.05492732 -0.021506894 0.9972406 0.04507444
36583970.584 0.26083517 0.007635284 0.021560999 -0.055175733 -0.018789096 0.9972597 0.045560874
36633970.984 0.26130843 0.0077750445 0.021625409 -0.053868536 -0.017418986 0.99729973 0.046776347
36683971.135 0.26157117 0.0077098813 0.021652464 -0.0523685 -0.01839279 0.9973086 0.047904737
36733971.785 0.26156962 0.007301227 0.021340717 -0.052574057 -0.020280318 0.99724066 0.048329357
36783971.936 0.26171362 0.007417127 0.02131856 -0.05239 -0.021872561 0.9971739 0.049204618
36833980.586 0.26103354 0.0074675772 0.020978576 -0.052499764 -0.024801685 0.997048 0.05023883
36883988.986 0.26067877 0.0076407036 0.020503059 -0.05333853 -0.026091766 0.9969179 0.051273186
36933989.387 0.2603234 0.0076781386 0.019821186 -0.05345072 -0.027848708 0.99683166 0.051904913
36983982.037999995 0.26007295 0.007689799 0.01919824 -0.054134917 -0.029491024 0.99669933 0.052822325
37033982.438 0.25977647 0.00786522 0.018481085 -0.055489503 -0.03011602 0.99654263 0.054006904
37083982.838 0.25950322 0.007787871 0.017541407 -0.057352193 -0.029719103 0.99643344 0.05429512
37133991.239 0.2591653 0.008051044 0.016688727 -0.05820695 -0.030007022 0.9963562 0.054643378
37183991.889 0.25907868 0.008426303 0.0164155 -0.05877818 -0.030758549 0.99630934 0.054467198
37233992.29 0.25921503 0.008393676 0.016290091 -0.0583163 -0.030618792 0.9964227 0.05294802
37283984.69 0.25974244 0.0084983315 0.016078668 -0.05761733 -0.0295924 0.9965353 0.05217288
37333969.591000006 0.25963566 0.008466514 0.015573801 -0.057105094 -0.027903441 0.9966474 0.051521204
37383969.992 0.26000524 0.008044355 0.015559175 -0.056929123 -0.02755024 0.9966644 0.051577087
37433978.142 0.2600479 0.007691837 0.015455244 -0.056532457 -0.027860845 0.9966352 0.052404452
37483986.542 0.2601721 0.0073851044 0.0152721545 -0.05710451 -0.028454507 0.99653 0.0534552
