947695.7899999999 -0.0 -0.0 -0.0 -0.0 -0.0 1.0 -0.0
988125.268 -0.0 -0.0 -0.0 -0.0 -0.0 1.0 -0.0
1047697.132 -0.0 -0.0 -0.0 -0.0 -0.0 1.0 -0.0
1088126.61 -0.0 -0.0 -0.0 -0.0 -0.0 1.0 -0.0
1147698.224 -0.0 -0.0 -0.0 -0.0 -0.0 1.0 -0.0
1188136.202 -0.0 -0.0 -0.0 -0.0 -0.0 1.0 -0.0
1247754.064 -0.000651503 -0.00063708844 -0.0005246563 -0.000114558636 -8.03343e-06 1.0 0.00014498817
1288129.044 -0.000651503 -0.00063708844 -0.0005246563 -0.000114558636 -8.03343e-06 1.0 0.00014498817
1347700.907 -0.000651503 -0.00063708844 -0.0005246563 -0.000114558636 -8.03343e-06 1.0 0.00014498817
1388130.1360000002 -0.000651503 -0.00063708844 -0.0005246563 -0.000114558636 -8.03343e-06 1.0 0.00014498817
1447702.249 -0.000651503 -0.00063708844 -0.0005246563 -0.000114558636 -8.03343e-06 1.0 0.00014498817
1488131.478 -0.000651503 -0.00063708844 -0.0005246563 -0.000114558636 -8.03343e-06 1.0 0.00014498817
1547703.091 -0.000651503 -0.00063708844 -0.0005246563 -0.000114558636 -8.03343e-06 1.0 0.00014498817
1588132.82 -0.000651503 -0.00063708844 -0.0005246563 -0.000114558636 -8.03343e-06 1.0 0.00014498817
1647704.433 -0.000651503 -0.00063708844 -0.0005246563 -0.000114558636 -8.03343e-06 1.0 0.00014498817
1688133.911 -0.000651503 -0.00063708844 -0.0005246563 -0.000114558636 -8.03343e-06 1.0 0.00014498817
1747705.775 -0.000651503 -0.00063708844 -0.0005246563 -0.000114558636 -8.03343e-06 1.0 0.00014498817
1788135.003 -0.000651503 -0.00063708844 -0.0005246563 -0.000114558636 -8.03343e-06 1.0 0.00014498817
1847706.867 -0.000651503 -0.00063708844 -0.0005246563 -0.000114558636 -8.03343e-06 1.0 0.00014498817
1888136.095 -0.000651503 -0.00063708844 -0.0005246563 -0.000114558636 -8.03343e-06 1.0 0.00014498817
1947707.9579999999 -0.000651503 -0.00063708844 -0.0005246563 -0.000114558636 -8.03343e-06 1.0 0.00014498817
1988137.4370000002 -0.000651503 -0.00063708844 -0.0005246563 -0.000114558636 -8.03343e-06 1.0 0.00014498817
2047709.3 -0.000651503 -0.00063708844 -0.0005246563 -0.000114558636 -8.03343e-06 1.0 0.00014498817
2089565.7520000003 -0.000651503 -0.00063708844 -0.0005246563 -0.000114558636 -8.03343e-06 1.0 0.00014498817
2138916.31 -0.000651503 -0.00063708844 -0.0005246563 -0.000114558636 -8.03343e-06 1.0 0.00014498817
2188924.856 -0.000651503 -0.00063708844 -0.0005246563 -0.000114558636 -8.03343e-06 1.0 0.00014498817
2239456.392 -0.000651503 -0.00063708844 -0.0005246563 -0.000114558636 -8.03343e-06 1.0 0.00014498817
2290321.671 -0.000651503 -0.00063708844 -0.0005246563 -0.000114558636 -8.03343e-06 1.0 0.00014498817
2340496.714 -0.000651503 -0.00063708844 -0.0005246563 -0.000114558636 -8.03343e-06 1.0 0.00014498817
2389990.0190000003 -0.000651503 -0.00063708844 -0.0005246563 -0.000114558636 -8.03343e-06 1.0 0.00014498817
2439480.825 -0.000651503 -0.00063708844 -0.0005246563 -0.000114558636 -8.03343e-06 1.0 0.00014498817
2489285.125 -0.000651503 -0.00063708844 -0.0005246563 -0.000114558636 -8.03343e-06 1.0 0.00014498817
2539365.169 -0.000651503 -0.00063708844 -0.0005246563 -0.000114558636 -8.03343e-06 1.0 0.00014498817
2589627.21 -0.000651503 -0.00063708844 -0.0005246563 -0.000114558636 -8.03343e-06 1.0 0.00014498817
2639858.001 -0.000651503 -0.00063708844 -0.0005246563 -0.000114558636 -8.03343e-06 1.0 0.00014498817
2689835.048 -0.000651503 -0.00063708844 -0.0005246563 -0.000114558636 -8.03343e-06 1.0 0.00014498817
2739645.097 -0.000651503 -0.00063708844 -0.0005246563 -0.000114558636 -8.03343e-06 1.0 0.00014498817
2789487.1459999997 -0.000651503 -0.00063708844 -0.0005246563 -0.000114558636 -8.03343e-06 1.0 0.00014498817
2839455.943 -0.000651503 -0.00063708844 -0.0005246563 -0.000114558636 -8.03343e-06 1.0 0.00014498817
2889575.736 -0.000651503 -0.00063708844 -0.0005246563 -0.000114558636 -8.03343e-06 1.0 0.00014498817
2939631.531 -0.0015728496 -0.0003252286 -0.0004482842 -8.250971e-06 -0.00020069774 1.0 6.2130894e-05
2989672.077 -0.0015728496 -0.0003252286 -0.0004482842 -8.250971e-06 -0.00020069774 1.0 6.2130894e-05
3039640.873 -0.0015728496 -0.0003252286 -0.0004482842 -8.250971e-06 -0.00020069774 1.0 6.2130894e-05
3089585.92 -0.0015728496 -0.0003252286 -0.0004482842 -8.250971e-06 -0.00020069774 1.0 6.2130894e-05
3139546.967 -0.0015728496 -0.0003252286 -0.0004482842 -8.250971e-06 -0.00020069774 1.0 6.2130894e-05
3189563.762 -0.0015728496 -0.0003252286 -0.0004482842 -8.250971e-06 -0.00020069774 1.0 6.2130894e-05
3239603.8079999997 -0.0015728496 -0.0003252286 -0.0004482842 -8.250971e-06 -0.00020069774 1.0 6.2130894e-05
3289635.8529999997 -0.0019015517 -0.0010310909 -0.00079101423 -6.1789455e-05 -6.486257e-05 1.0 0.00016772289
3339636.399 -0.0019015517 -0.0010310909 -0.00079101423 -6.1789455e-05 -6.486257e-05 1.0 0.00016772289
3389613.445 -0.0019015517 -0.0010310909 -0.00079101423 -6.1789455e-05 -6.486257e-05 1.0 0.00016772289
3439598.241 -0.0019015517 -0.0010310909 -0.00079101423 -6.1789455e-05 -6.486257e-05 1.0 0.00016772289
3489590.787 -0.0019015517 -0.0010310909 -0.00079101423 -6.1789455e-05 -6.486257e-05 1.0 0.00016772289
3539607.583 -0.0019015517 -0.0010310909 -0.00079101423 -6.1789455e-05 -6.486257e-05 1.0 0.00016772289
3589639.628 -0.0016872049 -0.00033372987 -0.00067775755 -0.00011849857 -0.00015475221 1.0 0.00014530035
3639632.175 -0.0016872049 -0.00033372987 -0.00067775755 -0.00011849857 -0.00015475221 1.0 0.00014530035
3689609.2210000004 -0.0016872049 -0.00033372987 -0.00067775755 -0.00011849857 -0.00015475221 1.0 0.00014530035
3739585.767 -0.0016872049 -0.00033372987 -0.00067775755 -0.00011849857 -0.00015475221 1.0 0.00014530035
3789578.313 -0.0016872049 -0.00033372987 -0.00067775755 -0.00011849857 -0.00015475221 1.0 0.00014530035
3839579.109 -0.0016872049 -0.00033372987 -0.00067775755 -0.00011849857 -0.00015475221 1.0 0.00014530035
3889595.655 -0.0016872049 -0.00033372987 -0.00067775755 -0.00011849857 -0.00015475221 1.0 0.00014530035
3939612.201 -0.0016872049 -0.00033372987 -0.00067775755 -0.00011849857 -0.00015475221 1.0 0.00014530035
3989612.996 -0.0016369619 0.00021150312 -0.0006340343 -9.4433635e-05 -9.282909e-05 1.0 -5.1084568e-05
4039597.543 -0.0016369619 0.00021150312 -0.0006340343 -9.4433635e-05 -9.282909e-05 1.0 -5.1084568e-05
4089582.089 -0.0016369619 0.00021150312 -0.0006340343 -9.4433635e-05 -9.282909e-05 1.0 -5.1084568e-05
4139575.1350000002 -0.0016369619 0.00021150312 -0.0006340343 -9.4433635e-05 -9.282909e-05 1.0 -5.1084568e-05
4189583.181 -0.0016369619 0.00021150312 -0.0006340343 -9.4433635e-05 -9.282909e-05 1.0 -5.1084568e-05
4239591.977 -0.0016369619 0.00021150312 -0.0006340343 -9.4433635e-05 -9.282909e-05 1.0 -5.1084568e-05
4289600.522 -0.0016369619 0.00021150312 -0.0006340343 -9.4433635e-05 -9.282909e-05 1.0 -5.1084568e-05
4339601.068 -0.0016369619 0.00021150312 -0.0006340343 -9.4433635e-05 -9.282909e-05 1.0 -5.1084568e-05
4389593.864 -0.0016369619 0.00021150312 -0.0006340343 -9.4433635e-05 -9.282909e-05 1.0 -5.1084568e-05
4439594.409999999 -0.0016369619 0.00021150312 -0.0006340343 -9.4433635e-05 -9.282909e-05 1.0 -5.1084568e-05
4489594.956 -0.0016369619 0.00021150312 -0.0006340343 -9.4433635e-05 -9.282909e-05 1.0 -5.1084568e-05
4539603.502 -0.0016369619 0.00021150312 -0.0006340343 -9.4433635e-05 -9.282909e-05 1.0 -5.1084568e-05
4589612.298 -0.0016369619 0.00021150312 -0.0006340343 -9.4433635e-05 -9.282909e-05 1.0 -5.1084568e-05
4639620.8440000005 -0.0016369619 0.00021150312 -0.0006340343 -9.4433635e-05 -9.282909e-05 1.0 -5.1084568e-05
4689613.39 -0.0016369619 0.00021150312 -0.0006340343 -9.4433635e-05 -9.282909e-05 1.0 -5.1084568e-05
4739613.936000001 -0.0016369619 0.00021150312 -0.0006340343 -9.4433635e-05 -9.282909e-05 1.0 -5.1084568e-05
4789622.731000001 -0.0016369619 0.00021150312 -0.0006340343 -9.4433635e-05 -9.282909e-05 1.0 -5.1084568e-05
4839623.527000001 -0.0016369619 0.00021150312 -0.0006340343 -9.4433635e-05 -9.282909e-05 1.0 -5.1084568e-05
4889623.823 -0.0016369619 0.00021150312 -0.0006340343 -9.4433635e-05 -9.282909e-05 1.0 -5.1084568e-05
4939624.369 -0.0016369619 0.00021150312 -0.0006340343 -9.4433635e-05 -9.282909e-05 1.0 -5.1084568e-05
4989624.915 -0.0016369619 0.00021150312 -0.0006340343 -9.4433635e-05 -9.282909e-05 1.0 -5.1084568e-05
5039617.711 -0.0016369619 0.00021150312 -0.0006340343 -9.4433635e-05 -9.282909e-05 1.0 -5.1084568e-05
5089618.257 -0.0016369619 0.00021150312 -0.0006340343 -9.4433635e-05 -9.282909e-05 1.0 -5.1084568e-05
5139610.803 -0.0016369619 0.00021150312 -0.0006340343 -9.4433635e-05 -9.282909e-05 1.0 -5.1084568e-05
5189603.598999999 -0.0016369619 0.00021150312 -0.0006340343 -9.4433635e-05 -9.282909e-05 1.0 -5.1084568e-05
5239660.394 -0.0016369619 0.00021150312 -0.0006340343 -9.4433635e-05 -9.282909e-05 1.0 -5.1084568e-05
5289620.691000001 -0.0016369619 0.00021150312 -0.0006340343 -9.4433635e-05 -9.282909e-05 1.0 -5.1084568e-05
5339629.237000001 -0.0016369619 0.00021150312 -0.0006340343 -9.4433635e-05 -9.282909e-05 1.0 -5.1084568e-05
5389629.782 -0.0029409912 0.00014513712 -0.0015233314 -0.00014031633 0.0003722504 0.99999994 0.00015795283
5439638.578 -0.0029409912 0.00014513712 -0.0015233314 -0.00014031633 0.0003722504 0.99999994 0.00015795283
5489631.124 -0.0027550492 0.00092240114 -0.001684076 -9.7223725e-05 0.00017727846 1.0 0.00014929149
5539615.671 -0.0023694707 0.0012319607 -0.0013148369 -3.2568678e-05 4.9083792e-05 1.0 0.00022903204
5589600.467 -0.0018063799 0.0014673152 -0.000783425 -5.8472477e-05 -0.00015704278 1.0 0.00022803682
5639593.513 -0.0007182816 0.0014289914 0.0001387578 -7.03139e-05 -0.00025545922 0.99999994 0.00030156068
5689586.058999999 0.0005538455 0.0011525311 0.00059797196 -0.0004780429 0.00016356325 0.9999998 0.00047042963
5739586.605 0.0016134284 0.00037516252 0.0005141692 -0.00046316144 0.0002975394 0.9999999 0.00026539268
5789595.151000001 0.0025420615 -0.0006401399 0.00037195 -2.9501548e-06 0.00065771234 0.9999998 0.0001251204
5839603.4459999995 0.003631734 -0.0017069892 0.00041392 0.0003513872 0.0010484908 0.99999934 0.00041140488
5889604.242 0.0045760307 -0.0030050233 0.0006069512 0.0002426088 0.00078475586 0.99999964 0.00041864786
5939620.788 0.0046683648 -0.005007148 0.0016673345 0.0058267796 0.015228902 0.99986476 -0.0021787498
5989717.332 0.005088402 -0.006770451 0.0019971232 0.005808141 0.014692761 0.99987334 -0.0019422071
6039685.379 0.0051707462 -0.008470833 0.0022931648 0.005623441 0.014391352 0.99987906 -0.0018173658
6089733.424 0.0053469045 -0.010040256 0.0024297086 0.0054652295 0.014068314 0.99988395 -0.0020864783
6139781.469 0.005432028 -0.011679029 0.0028278793 0.0056935637 0.014365404 0.99987805 -0.0022726739
6189829.7639999995 0.006212444 -0.010763049 0.0030469154 0.0021980898 0.01441487 0.9998499 0.009359036
6239854.308999999 0.005602166 -0.011914799 0.0035331557 0.002119712 0.0142028285 0.99985266 0.009409959
6289878.855 0.0038503772 -0.012898871 0.004080573 0.0020438784 0.014740503 0.99984324 0.009597093
6339902.9 0.0016779099 -0.013849995 0.0041003143 0.0024782077 0.015660707 0.99982995 0.009421987
6389927.6959999995 0.004292093 -0.0137041025 0.0047009173 -0.019189429 0.015563029 0.9996183 0.012361511
6439959.740999999 0.0026948159 -0.013794953 0.005020653 -0.019381441 0.014918417 0.99962664 0.012183342
6490000.285999999 0.00059697375 -0.013378531 0.005431815 -0.019466517 0.01465026 0.9996272 0.012328101
6540048.331 -0.001729253 -0.012541523 0.0059359237 -0.019357406 0.015002697 0.9996231 0.012405906
6590080.376 -0.0027011882 -0.01146199 0.006432701 -0.019516109 0.01533293 0.99961627 0.012307905
6640089.172 -1.1336366e-05 -0.01215677 0.0065351264 -0.03445749 0.013621749 0.9993065 0.003695181
6690081.718 -0.0014863207 -0.010877812 0.0066323853 -0.034551155 0.013322609 0.9993084 0.0033904403
6740066.264 -0.0032115455 -0.009872083 0.0068645016 -0.034556653 0.014050473 0.99929786 0.0034950015
6790043.561 -0.004337552 -0.008721119 0.0068381303 -0.03455393 0.013719467 0.9993025 0.0035183944
6840044.107 -0.0047269836 -0.00820497 0.006255323 -0.038796756 0.0061848313 0.99922794 -0.00035690345
6890060.652 -0.0065893764 -0.006638291 0.006155526 -0.03884416 0.0057823616 0.9992286 -0.00025481498
6940068.698 -0.008548735 -0.0050965087 0.0059509114 -0.03871232 0.007462369 0.9992226 -0.00029617175
6990045.995 -0.0075036627 -0.004449266 0.0055080485 -0.04782523 0.010999155 0.9987852 -0.0044765817
7040014.541 -0.00810168 -0.0027449823 0.005153681 -0.047764637 0.011265634 0.9987844 -0.0046180757
7089975.588 -0.0078051807 -0.0020590473 0.0050406004 -0.05121271 0.010461488 0.99858075 -0.010211647
7139928.885 -0.007073174 -0.0013361543 0.00497217 -0.054110423 0.010668916 0.99835217 -0.015849423
7189907.181000001 -0.0062997425 -0.0003101041 0.005193753 -0.05464724 0.013021903 0.9982115 -0.020444248
7239826.978 -0.005404842 0.00066482066 0.005529409 -0.054903943 0.015595149 0.99807274 -0.02435761
7289787.525 -0.0038475737 0.0013553437 0.0058012465 -0.055012792 0.018382106 0.9979638 -0.026534725
7339740.822000001 -0.0018080245 0.0019119545 0.0060808044 -0.05361966 0.019624818 0.9979948 -0.027319407
7389701.869 0.00067245244 0.002598138 0.006457441 -0.050518405 0.019035043 0.99815744 -0.027701981
7439670.915 0.0037259392 0.0031309316 0.006879718 -0.04516796 0.017426735 0.99840724 -0.028968826
7489647.461999999 0.007114386 0.0034362595 0.007251936 -0.03917421 0.016536418 0.99866074 -0.029474497
7539608.507999999 0.0107750995 0.00353741 0.0075942315 -0.03369612 0.01801247 0.9988315 -0.02959281
7589561.805 0.014643969 0.0034647037 0.0078961 -0.02859384 0.02072772 0.99891275 -0.030432463
7639506.852 0.018691262 0.0033573352 0.008211706 -0.021472113 0.022975512 0.9989936 -0.031985626
7689467.399 0.022676641 0.0030386422 0.008631993 -0.012565722 0.024159791 0.9990666 -0.03353351
7739451.944999999 0.026368821 0.002399499 0.009015059 -0.0056293416 0.025793053 0.9991054 -0.033039194
7789444.990999999 0.029676456 0.0013457505 0.009357905 -0.0015175121 0.028604535 0.99909276 -0.031516723
7839437.7870000005 0.032793336 -5.3873835e-05 0.009695145 0.0025086708 0.031124132 0.9991009 -0.028678412
7889430.333 0.035531014 -0.0017156914 0.009973321 0.0057399995 0.032805305 0.9991464 -0.024441553
7939438.879 0.0379231 -0.0036100564 0.010227277 0.007267885 0.03306113 0.9992408 -0.019285671
7989471.174 0.040002957 -0.005561492 0.010373789 0.009814647 0.03188635 0.9993549 -0.013300219
8039535.2190000005 0.04176973 -0.0074968855 0.010582636 0.013349789 0.02978479 0.99943346 -0.008209774
8089615.262999999 0.04293477 -0.009473982 0.010764414 0.01590734 0.028289445 0.99946415 -0.004264702
8139679.308 0.043728564 -0.011386142 0.010979201 0.015921086 0.029372662 0.9994408 -0.0013629649
8189703.353999999 0.04435289 -0.013173982 0.011191987 0.017865099 0.029440083 0.99940646 0.0009844797
8239704.15 0.04460878 -0.0149568515 0.011425593 0.021749638 0.028489243 0.99935126 0.0035287028
8289704.696 0.04437049 -0.016601156 0.011583885 0.024016934 0.02754623 0.9993056 0.007263622
8339747.241 0.043639332 -0.01807223 0.011666437 0.023458635 0.027951758 0.99925625 0.012470053
8389745.787 0.042532083 -0.019545835 0.011676048 0.020563308 0.028078882 0.9992458 0.017218458
8439770.331999999 0.040954597 -0.02069469 0.011659962 0.018852422 0.02587899 0.9992492 0.021815047
8489794.627999999 0.038999975 -0.021393696 0.011677875 0.016675973 0.022661308 0.9992738 0.025698453
8539818.922999999 0.0368252 -0.021809412 0.011652558 0.0119061805 0.020893523 0.99933016 0.027585827
8589835.468999999 0.03433166 -0.021874396 0.011603967 0.0054331333 0.02024499 0.99938816 0.0280007
8639852.014 0.032053918 -0.021494897 0.011698125 -7.4654863e-06 0.019954467 0.9994388 0.026906757
8689884.06 0.029767992 -0.020841144 0.011912034 -0.0037385507 0.019617297 0.9995303 0.023243735
8739924.105 0.027676845 -0.019870812 0.012150863 -0.0074225795 0.019388959 0.99961156 0.018593028
8789956.9 0.025857707 -0.018838199 0.012329653 -0.011542784 0.019467128 0.9996511 0.013622636
8839980.946 0.024283763 -0.017615335 0.012456367 -0.015688628 0.018950278 0.9996583 0.0088368775
8889989.491 0.022999056 -0.016304974 0.0126125105 -0.018403715 0.017843869 0.9996592 0.004957702
8940006.037 0.022250429 -0.0149203455 0.012749507 -0.020137552 0.017644227 0.99963886 0.0023346185
8990030.831999999 0.021690195 -0.013529198 0.012909033 -0.022061517 0.018462608 0.99958396 -0.0021029422
9040038.878 0.021371493 -0.012091177 0.013133873 -0.02562023 0.0201182 0.9994362 -0.0081410725
9090015.925 0.021148402 -0.010520053 0.013343513 -0.028819656 0.021603106 0.99924123 -0.014824976
9139960.972 0.021105673 -0.009018914 0.013533006 -0.032084476 0.02201638 0.9990235 -0.020927068
9189898.269 0.021320678 -0.007641646 0.013609538 -0.035127733 0.022731796 0.99878794 -0.025923587
9239827.316 0.0216091 -0.006389107 0.013658943 -0.03889676 0.023219306 0.99850047 -0.030739065
9289772.363 0.022138862 -0.0051151756 0.0136577645 -0.043512493 0.023674902 0.9981197 -0.036100727
9339733.659999998 0.022904843 -0.0038709221 0.013654095 -0.04786519 0.023612374 0.99769324 -0.041948214
9389694.705999998 0.02378426 -0.0025455358 0.013502225 -0.051285718 0.022564912 0.9973283 -0.046872027
9439655.253 0.024881618 -0.0012702716 0.0133256875 -0.05445425 0.021659464 0.99695134 -0.051513843
9489608.299999999 0.026370127 8.755829e-06 0.013146434 -0.057557844 0.020841658 0.9965832 -0.055449698
9539563.347000001 0.027947377 0.0012196079 0.012972573 -0.05753901 0.020632569 0.9963532 -0.059530873
9589514.644 0.029863622 0.0021888318 0.01287866 -0.05727772 0.020958103 0.99607134 -0.064203136
9639459.691 0.031992864 0.00301871 0.012825091 -0.05729625 0.021459438 0.99585503 -0.06730155
9689404.738 0.03426898 0.0035431061 0.012746798 -0.05768745 0.022189282 0.9956876 -0.06918134
9739357.784 0.037032478 0.0038087158 0.012767528 -0.05694132 0.023719853 0.9955627 -0.071064144
9789318.331 0.040047795 0.004056034 0.012834988 -0.053345595 0.023674717 0.99573374 -0.071471125
9839295.626999998 0.043269753 0.0041551082 0.0129572 -0.048476946 0.022823432 0.9959558 -0.07211974
9889280.174 0.04662469 0.004107306 0.013058492 -0.044211995 0.023677036 0.99601865 -0.0736992
9939264.719999999 0.049988672 0.0038497127 0.0130700525 -0.042219106 0.02434915 0.9961342 -0.07308451
9989242.015999999 0.053448163 0.0034967805 0.0131743625 -0.03537937 0.021234676 0.99657714 -0.07163409
10039234.561999999 0.056539267 0.0031020793 0.013349152 -0.028003844 0.016773297 0.9970991 -0.06875926
10089243.108000001 0.059244875 0.0023995957 0.013329857 -0.02550919 0.015103716 0.99743307 -0.06518013
10139251.654 0.061606456 0.0013752489 0.013137627 -0.026536647 0.015919622 0.9975995 -0.06194993
10189312.199000001 0.06394643 0.00015556643 0.012839315 -0.026288152 0.017240224 0.9978953 -0.056715526
10239300.495 0.06619141 -0.0013317098 0.01248886 -0.022751277 0.016803516 0.99826413 -0.051660433
10289348.54 0.06824513 -0.0028373078 0.01213637 -0.019533262 0.016426757 0.9985663 -0.047052663
10339388.585 0.07002587 -0.004358143 0.011819553 -0.016665297 0.015923511 0.99877584 -0.043767624
10389428.879999999 0.07170274 -0.005824328 0.0115539385 -0.011949534 0.0147138145 0.99895364 -0.04162265
10439445.425999999 0.07298686 -0.0072298925 0.011398836 -0.007163713 0.013491522 0.99911296 -0.039242975
10489461.970999999 0.0737547 -0.008599491 0.011283111 -0.0046038567 0.013360322 0.9991883 -0.03772404
10539470.517 0.07382596 -0.00989014 0.011230771 -0.0032927375 0.0146812545 0.99925077 -0.035659295
10589494.813000001 0.073697254 -0.011259764 0.011157176 -0.002805813 0.017914908 0.9992689 -0.03365778
10639527.358 0.07326295 -0.012630109 0.011047603 -0.0020044013 0.021398608 0.9993177 -0.030038625
10689567.403 0.07246511 -0.013984247 0.010998342 -0.0022634366 0.024232114 0.9993466 -0.026723104
10739692.696999999 0.07130004 -0.015073336 0.011106766 -0.0025796536 0.025656529 0.9993838 -0.02381515
10789624.243999999 0.06993154 -0.015901908 0.011295592 -0.0019476645 0.025661938 0.99942684 -0.021991802
10839648.789 0.06849247 -0.016368318 0.011534259 -0.001010496 0.024754101 0.9994512 -0.021988157
10889664.835 0.06695123 -0.016480165 0.011854966 -0.00077570137 0.023660718 0.9994518 -0.023145072
10939665.381 0.06535267 -0.016235208 0.012212541 0.00019020464 0.021822765 0.9994296 -0.025772925
10989666.177000001 0.06384133 -0.015592796 0.012590813 0.002067117 0.020345796 0.9993408 -0.029998254
11039666.723000001 0.0622299 -0.01477649 0.012954788 0.0014703895 0.019560356 0.99918216 -0.035358895
11089651.769 0.060566753 -0.013842588 0.013212674 -0.0021262162 0.020276392 0.9989955 -0.039905135
11139636.315 0.059099153 -0.012897987 0.01337778 -0.0059478134 0.021824062 0.99877834 -0.043933854
11189621.112 0.057724822 -0.011894361 0.013493265 -0.008542833 0.022733836 0.9985678 -0.04767222
11239615.408 0.056450225 -0.010774346 0.013524152 -0.011357606 0.022736095 0.9984361 -0.049794596
11289590.704 0.055337463 -0.009634619 0.013457437 -0.014552735 0.021644743 0.9983898 -0.050374243
11339575.25 0.054539304 -0.008462021 0.013361969 -0.01703179 0.019534005 0.9983888 -0.05047936
11389552.297 0.053967606 -0.0073393467 0.013205474 -0.02007613 0.017161299 0.998303 -0.05190059
11439537.092999998 0.053512737 -0.0061742608 0.01300658 -0.023906037 0.014416346 0.99817425 -0.053561658
11489521.639 0.053245902 -0.0050106198 0.012729742 -0.029373378 0.012783908 0.9980127 -0.054263316
11539506.184999999 0.0531229 -0.003827196 0.012395783 -0.03561135 0.011152846 0.9978144 -0.054534085
11589483.232 0.05319873 -0.0025334528 0.012083218 -0.041043818 0.009392712 0.9975313 -0.056202162
11639468.028 0.053391702 -0.0012350571 0.011757656 -0.047428433 0.0082345735 0.99716824 -0.057777714
11689444.574000001 0.053815 2.8448354e-05 0.0113949925 -0.05527961 0.0071255737 0.99672747 -0.058546647
11739413.621 0.05443107 0.0014185226 0.010963925 -0.06261027 0.0044235094 0.9963239 -0.05830331
11789382.667000001 0.055514965 0.0027636862 0.010634834 -0.06946435 5.6749144e-05 0.9958753 -0.058370423
11839359.464 0.056828402 0.0039709797 0.010423696 -0.0714219 -0.006282115 0.9956839 -0.05893262
11889344.01 0.05859138 0.0048917993 0.010268189 -0.07257451 -0.010069629 0.9955119 -0.05989696
11939366.806 0.06056336 0.005430133 0.010180403 -0.07483323 -0.009890038 0.99521655 -0.062017832
11989297.853 0.06276844 0.005858176 0.010197907 -0.07549209 -0.0077539454 0.9950292 -0.06447973
12039275.149 0.06522377 0.0059171855 0.010395179 -0.07483286 -0.005868321 0.9948831 -0.0676255
12089251.445999999 0.06786089 0.006076934 0.010565272 -0.0736807 -0.0045964303 0.9949348 -0.06822677
12139235.992 0.070657626 0.0060154917 0.010826821 -0.07218895 -0.0027342085 0.99505883 -0.06811244
12189228.788 0.07364349 0.0057898858 0.011150392 -0.06953126 -0.0015725513 0.99533194 -0.06691281
12239237.333999999 0.07674159 0.0054741707 0.0115185315 -0.06588651 -0.0013249936 0.9957101 -0.06495116
12289253.878999999 0.07990871 0.0050096465 0.011935241 -0.06216881 -0.001003221 0.996086 -0.06282396
12339270.424999999 0.08303179 0.004390043 0.012357747 -0.058930524 -0.000801778 0.9964052 -0.060854767
12389279.220999999 0.086062305 0.003569637 0.012749287 -0.055736348 -0.00025628257 0.9967073 -0.058889885
12439271.766999999 0.089055695 0.0027275346 0.013128352 -0.050874088 -0.0002637184 0.9970872 -0.056824427
12489280.313000001 0.091807574 0.0017484854 0.013412862 -0.046651494 0.0003772994 0.99745005 -0.054009203
12539288.358 0.094317496 0.0009078592 0.013618969 -0.04345864 -0.00028120028 0.99769765 -0.052065786
12589313.154 0.09642762 7.26264e-05 0.013756063 -0.040527493 -0.0023606217 0.9978766 -0.050934047
12639329.699 0.09817742 -0.0009002862 0.01388717 -0.0392922 -0.0032914295 0.9979434 -0.050541252
12689330.245 0.0995604 -0.0020911032 0.01387808 -0.039400402 -0.002395917 0.9979473 -0.050429374
12739323.041 0.10069678 -0.003378412 0.013810379 -0.03873695 -0.0011820479 0.9980302 -0.049334742
12789331.587 0.101543546 -0.004822109 0.013721329 -0.037775896 -0.0011081994 0.99816436 -0.047326315
12839347.633 0.102151826 -0.0064681717 0.013755307 -0.036160193 -0.0023350155 0.9983729 -0.044030182
12889380.178000001 0.10256654 -0.008238047 0.013880953 -0.032479495 -0.0033965935 0.99867964 -0.039655827
12939428.223000001 0.10264252 -0.010047592 0.014146403 -0.028745595 -0.0028754186 0.9989457 -0.035678152
12989476.268 0.1024847 -0.011706403 0.014529157 -0.025703032 -0.001709108 0.99913913 -0.03252007
13039516.563000001 0.10190648 -0.013230436 0.01508095 -0.023131084 -0.00017609666 0.9992896 -0.02975618
13089577.358000001 0.10105397 -0.014525853 0.01564253 -0.020424351 0.0015454682 0.99939704 -0.028037589
13139557.904000001 0.09995525 -0.015610251 0.016191171 -0.017247826 0.0031323805 0.99948245 -0.026972339
13189566.45 0.09867195 -0.016415052 0.016734142 -0.013953692 0.0035540806 0.9995505 -0.02629505
13239582.496 0.09714726 -0.017050536 0.017168885 -0.012803382 0.002416117 0.99956226 -0.026563324
13289599.041 0.09535328 -0.01728075 0.01768608 -0.0128757795 0.0015868341 0.9995493 -0.027072577
13339615.587 0.09342345 -0.017298056 0.018090572 -0.013926729 0.00047725326 0.99949515 -0.028552905
13389624.133000001 0.09136973 -0.017045183 0.018438313 -0.015408928 -0.0011160517 0.9993978 -0.03107144
13439632.929000001 0.08940317 -0.016455688 0.018752499 -0.017190961 -0.0034320229 0.99929327 -0.033253822
13489625.475 0.087444454 -0.015647305 0.018975636 -0.019619998 -0.005502026 0.99913484 -0.03625363
13539626.021000002 0.08558058 -0.014699804 0.019102897 -0.021961031 -0.0071552377 0.9989574 -0.039380267
13589610.817 0.083894216 -0.013615706 0.01915378 -0.024686271 -0.008049799 0.9987354 -0.04305139
13639603.363 0.08241402 -0.01234201 0.019124076 -0.027255943 -0.008493513 0.99842924 -0.048209872
13689595.909 0.08117839 -0.011055223 0.019010833 -0.03052501 -0.00802099 0.9980305 -0.05421332
13739572.955 0.080243796 -0.009692059 0.018804949 -0.033194445 -0.0072239395 0.99767625 -0.059059847
13789557.502 0.079631105 -0.008347107 0.018563101 -0.03612814 -0.0061360956 0.99726707 -0.06415252
13839526.298 0.0793387 -0.006991224 0.018325137 -0.03915005 -0.005050096 0.99683875 -0.06895221
13889503.345 0.07933926 -0.005656619 0.018064225 -0.040155467 -0.0043178317 0.996468 -0.07362393
13939471.891 0.07953915 -0.0044229883 0.017825358 -0.0421897 -0.004377784 0.99609387 -0.077446386
13989433.188000001 0.07973657 -0.0033202337 0.017581962 -0.046768192 -0.0050930986 0.9956544 -0.08036901
14039394.234000001 0.08011986 -0.0022666855 0.017212562 -0.051495064 -0.0072235647 0.995283 -0.08190188
14089362.781000001 0.080801964 -0.0014436778 0.016957097 -0.054453403 -0.010558816 0.9950643 -0.08228278
14139347.827000001 0.08166054 -0.0006572927 0.016663395 -0.056639034 -0.013879634 0.99499583 -0.081134126
14189348.623 0.08274439 5.658425e-06 0.016467907 -0.060619242 -0.015632177 0.9946994 -0.08157244
14239341.419 0.083915 0.00079559506 0.016268134 -0.06537201 -0.017618062 0.99431956 -0.08212628
14289346.465 0.08537009 0.001422093 0.016130904 -0.06936197 -0.020451864 0.9938999 -0.08326879
14339318.511999998 0.08714348 0.002092321 0.016106378 -0.071685396 -0.023895426 0.9937057 -0.08270033
14389295.558 0.089099556 0.0026170132 0.01615 -0.07447811 -0.026543783 0.99343264 -0.08270526
14439280.104 0.09128127 0.0031067536 0.016265474 -0.077588364 -0.027708763 0.9931101 -0.08333446
14489264.65 0.09365272 0.0034270878 0.016492456 -0.07859606 -0.02806597 0.9929179 -0.0845525
14539265.696 0.09639034 0.0035861488 0.016841426 -0.07928124 -0.02717238 0.9928086 -0.08548337
14589265.741999999 0.09934071 0.0035359648 0.0172911 -0.07782096 -0.0265545 0.99286675 -0.086339176
14639251.038 0.10237021 0.0033197873 0.01777488 -0.07549318 -0.025756313 0.9930157 -0.086932585
14689227.834999999 0.10539764 0.003003746 0.018253325 -0.07380261 -0.024996122 0.99309117 -0.08774007
14739212.381000001 0.108340174 0.002607597 0.018718587 -0.07167719 -0.024976827 0.9932466 -0.087748006
14789204.927000001 0.11105616 0.0020919263 0.019155469 -0.069660135 -0.026220018 0.99340785 -0.08718298
14839213.473 0.11350772 0.0015295129 0.01950575 -0.068791665 -0.02772457 0.99358636 -0.08535409
14889230.019 0.11568675 0.00079916103 0.019785369 -0.06898532 -0.027816992 0.993727 -0.08351005
14939222.565 0.11768097 -0.0001406956 0.019984903 -0.06950845 -0.028962405 0.9938739 -0.08089811
14989207.361000001 0.119531676 -0.0011504915 0.02022512 -0.07014062 -0.031622186 0.99393815 -0.078532726
15039192.407 0.121277064 -0.002514592 0.020545008 -0.06804959 -0.033258535 0.99424726 -0.07573306
15089208.453 0.12286736 -0.004165468 0.020943737 -0.06335803 -0.034169156 0.9947387 -0.07289184
15139241.248 0.12408908 -0.006026271 0.021269454 -0.05857291 -0.033270814 0.9952515 -0.070262656
15189289.293000001 0.12487341 -0.008123516 0.021535276 -0.055737652 -0.029981012 0.99565303 -0.068334855
15239345.338 0.12515219 -0.010204802 0.02171136 -0.053947967 -0.025290534 0.9960388 -0.06600554
15289401.383 0.12501393 -0.012177699 0.021821322 -0.052528054 -0.02194729 0.9964384 -0.06220671
15339449.428000001 0.124520786 -0.014141689 0.021771902 -0.04992991 -0.019368427 0.9970173 -0.05557353
15389481.973 0.12385379 -0.015972424 0.02155682 -0.0464152 -0.01642735 0.99767727 -0.047073588
15439522.268 0.123006284 -0.017729675 0.021153217 -0.043279994 -0.013235596 0.9982068 -0.039178155
15489570.313000001 0.12193563 -0.019264923 0.02053401 -0.042251486 -0.011304173 0.99854916 -0.031411443
15539618.608000001 0.12065725 -0.020416528 0.019861393 -0.03998152 -0.011048857 0.99885535 -0.023820428
15589659.154000001 0.11930503 -0.02127845 0.01917046 -0.038256615 -0.012058472 0.999044 -0.017383333
15639667.199000001 0.117586814 -0.021727243 0.018513065 -0.038291622 -0.012937903 0.99909574 -0.013196039
15689667.745000001 0.115679756 -0.02171807 0.017940322 -0.03969725 -0.013666087 0.9990618 -0.010627386
15739668.291 0.11380592 -0.021441575 0.017418228 -0.041286748 -0.014430953 0.9989913 -0.010174558
15789669.087000001 0.111849554 -0.020744888 0.016962335 -0.04217333 -0.015297491 0.99893713 -0.010590969
15839669.633000001 0.110054396 -0.01973683 0.01659276 -0.045132317 -0.016248858 0.99877346 -0.012272851
15889670.429 0.10836083 -0.018437767 0.016293855 -0.04749014 -0.018618692 0.9985584 -0.01670922
15939670.975 0.1069124 -0.016883843 0.016001087 -0.050229143 -0.021067379 0.99826217 -0.022492602
15989686.521 0.105677925 -0.015321423 0.015670707 -0.05361281 -0.022541584 0.9979329 -0.027339367
16039648.567000002 0.1046893 -0.013761319 0.015251674 -0.05825033 -0.02338351 0.99750805 -0.0322148
16089625.114000002 0.10387279 -0.012315522 0.014816641 -0.063704625 -0.024852207 0.9970089 -0.03602037
16139594.159999998 0.103259504 -0.0110518485 0.014352424 -0.069998205 -0.026669098 0.99642354 -0.03910453
16189554.707 0.10268486 -0.009750457 0.013868911 -0.078050055 -0.029798536 0.9956151 -0.04208135
16239524.003 0.10216389 -0.0084047355 0.013309553 -0.088174455 -0.033502318 0.99451417 -0.04521529
16289508.55 0.10180942 -0.0069947946 0.012700099 -0.09911902 -0.03798321 0.993201 -0.047795866
16339485.596 0.1018443 -0.0055585904 0.012113379 -0.10780021 -0.04279811 0.99196565 -0.05051371
16389462.391999999 0.102237955 -0.004114353 0.011605864 -0.11371716 -0.04840689 0.99092495 -0.05284827
16439439.439000001 0.102830045 -0.0027250503 0.011182005 -0.12097664 -0.053454205 0.9896836 -0.055078495
16489407.985000001 0.10371678 -0.0014025716 0.010810631 -0.1276287 -0.05712057 0.98845446 -0.05836085
16539385.032 0.104786746 -4.0461426e-05 0.010471128 -0.13298206 -0.06023861 0.9873345 -0.062110785
16589361.827999998 0.10605265 0.0011642998 0.010197797 -0.13713701 -0.06264788 0.9863801 -0.06575009
16639338.373999998 0.107415654 0.0021558725 0.009919725 -0.14168361 -0.06365467 0.985514 -0.068088345
16689375.92 0.10899199 0.002943164 0.009612409 -0.14531364 -0.06399522 0.98482066 -0.070120454
16739276.717 0.11068717 0.003634023 0.009438629 -0.1464158 -0.06500327 0.98450375 -0.07134026
16789253.264 0.112401284 0.0041213036 0.009267639 -0.14774872 -0.06600611 0.98418456 -0.072071895
16839253.81 0.11404436 0.0041693617 0.009068238 -0.149931 -0.06461194 0.98397416 -0.07170015
16889246.356 0.115776114 0.0038365726 0.0089137545 -0.15174319 -0.0628564 0.9838099 -0.071701705
16939246.902000003 0.11758783 0.003379648 0.008804518 -0.15254147 -0.061690174 0.983821 -0.07086378
16989247.698 0.11951144 0.002810692 0.008835603 -0.15119423 -0.060802482 0.98420864 -0.06911462
17039248.244 0.121311456 0.00212041 0.008862836 -0.149628 -0.05964316 0.98464274 -0.06732612
17089248.79 0.12300537 0.001328935 0.00894269 -0.1491326 -0.058334034 0.9848707 -0.066230096
17139249.336 0.12466282 0.00029882474 0.009062042 -0.14828882 -0.05781403 0.9850175 -0.066397265
17189250.130999997 0.12606572 -0.00075885723 0.009253519 -0.14518781 -0.057410855 0.9855905 -0.06508402
17239258.677 0.12730996 -0.0020323955 0.009449015 -0.14225028 -0.056208454 0.98621094 -0.06319395
17289259.222999997 0.12835054 -0.0034821825 0.009556979 -0.13978061 -0.0545564 0.9868543 -0.060029555
17339268.018999998 0.12927742 -0.005095798 0.009751596 -0.13586307 -0.05328374 0.9876563 -0.05689619
17389291.814 0.13001834 -0.0067151757 0.009950333 -0.13117635 -0.052808188 0.9884662 -0.05421036
17439324.36 0.130441 -0.008408885 0.010208859 -0.12818393 -0.05171881 0.9890309 -0.052076917
17489364.655 0.13058376 -0.010201505 0.010410769 -0.12617812 -0.049541973 0.9895219 -0.04971128
17539397.45 0.13030425 -0.012015914 0.010595549 -0.124195635 -0.047066163 0.99004847 -0.04652302
17589429.496 0.12998027 -0.013698976 0.010811893 -0.12166861 -0.045013797 0.99066126 -0.041962676
17639461.541 0.12927279 -0.015232016 0.010973437 -0.119298264 -0.044256907 0.9911702 -0.03729467
17689510.336 0.12834397 -0.016515145 0.01121219 -0.11719248 -0.043850806 0.9915894 -0.033067893
17739566.131 0.12713853 -0.017622007 0.011548557 -0.11422567 -0.043234773 0.9920444 -0.030517137
17789614.426 0.12587048 -0.018385088 0.011967727 -0.110902816 -0.04186361 0.9925453 -0.028318798
17839678.97 0.12443028 -0.018987004 0.012433704 -0.10678062 -0.04049508 0.99308187 -0.027322913
17889653.767 0.122875266 -0.019343363 0.012881713 -0.102695845 -0.038485833 0.99360645 -0.026808923
17939624.063 0.12106651 -0.01949885 0.013158691 -0.09871568 -0.036250714 0.9940901 -0.026946306
17989632.859 0.11907891 -0.019605773 0.0134104 -0.09596397 -0.034355864 0.99439365 -0.028141214
18039657.155 0.11689119 -0.019492282 0.013637149 -0.09324927 -0.03291483 0.99465865 -0.029586209
18089665.45 0.114539854 -0.019131046 0.013814581 -0.091212116 -0.032480754 0.9948567 -0.029758114
18139666.246000003 0.11210994 -0.018777778 0.013896472 -0.08932361 -0.03256029 0.9950218 -0.029879525
18189658.792 0.10960063 -0.01837275 0.0139937755 -0.088116005 -0.030799238 0.9951824 -0.029982954
18239651.338999998 0.10717015 -0.017877951 0.014084246 -0.08776291 -0.027332349 0.9952963 -0.030593146
18289651.884 0.10484869 -0.017239073 0.014174052 -0.08754181 -0.02396529 0.99534214 -0.03249753
18339668.68 0.10272246 -0.016471943 0.014189087 -0.08866579 -0.019654997 0.99525595 -0.034895018
18389677.226 0.10058264 -0.015601197 0.014010103 -0.09307723 -0.015412906 0.99489313 -0.035871334
18439661.772 0.09866765 -0.014721343 0.013927982 -0.0975815 -0.01281407 0.9944405 -0.03744153
18489638.818 0.096890904 -0.013711891 0.014085382 -0.09905463 -0.013879252 0.9941685 -0.04030676
18539623.365000002 0.09525682 -0.012431375 0.014365941 -0.10140375 -0.015965657 0.9937413 -0.044053227
18589631.91 0.09372004 -0.011019953 0.014609498 -0.105933085 -0.017857866 0.9929832 -0.049432725
18639656.206 0.09240273 -0.00959332 0.014636721 -0.112979725 -0.019331228 0.99187696 -0.055155315
18689656.751999997 0.09147947 -0.008180574 0.014691681 -0.11930284 -0.021302149 0.9908171 -0.059954464
18739626.048 0.09106245 -0.0068215877 0.014868957 -0.12024644 -0.023641873 0.99048126 -0.06267994
18789571.095 0.09075965 -0.0055797743 0.015193179 -0.11929458 -0.026030581 0.9903754 -0.065175265
18839531.642 0.090462275 -0.004734571 0.015378217 -0.11927299 -0.026789702 0.99025756 -0.066681325
18889500.689 0.09063768 -0.003922466 0.015441424 -0.11848618 -0.02492238 0.9905983 -0.063677765
18939501.485000003 0.09098088 -0.0035086633 0.015356945 -0.113336205 -0.023304967 0.9913671 -0.06167003
18989510.029999997 0.091383696 -0.002995429 0.015170928 -0.107606515 -0.021982826 0.9919025 -0.06377438
19039543.075999998 0.09169735 -0.0020868038 0.014714435 -0.1051528 -0.02096971 0.9918827 -0.06835162
19089511.372 0.09219099 -0.0010897117 0.014140821 -0.10235521 -0.018089574 0.9917677 -0.074787036
19139472.419 0.093038365 -0.00018649618 0.013563731 -0.096447036 -0.0135401115 0.9919405 -0.08104726
19189409.466000002 0.09409709 0.0006811564 0.012945098 -0.08801366 -0.008991992 0.99239427 -0.0855942
19239338.513 0.09539947 0.0013128023 0.012430996 -0.07998231 -0.0034812726 0.9927338 -0.089835845
19289299.560000002 0.09675949 0.0016275304 0.012081963 -0.071647264 0.0029689334 0.9929313 -0.094580226
19339276.356 0.09824186 0.0017260591 0.011986585 -0.0635263 0.007217193 0.9931537 -0.09776617
19389260.903 0.09974228 0.0014163121 0.011974786 -0.05467331 0.009762963 0.9935103 -0.099261865
19439245.949 0.10119514 0.0008552123 0.012084921 -0.047721684 0.01143133 0.9939158 -0.09860713
19489230.745 0.1024068 -5.369651e-05 0.012267348 -0.041717626 0.012510116 0.99439883 -0.096302465
19539223.291 0.10360925 -0.0012747187 0.012475061 -0.035239395 0.011069019 0.9950584 -0.09216526
19589247.836999997 0.1045464 -0.002711129 0.01273234 -0.028767271 0.008056401 0.9957813 -0.08675909
19639287.882 0.105269864 -0.004227697 0.012945641 -0.02361839 0.0026445538 0.9963551 -0.08192535
19689335.926999997 0.105792336 -0.00583874 0.013248591 -0.019673469 -0.0024687187 0.9968251 -0.07711478
19739360.472 0.10614391 -0.0075772833 0.01362282 -0.016265685 -0.00405387 0.9972878 -0.07166682
19789376.768 0.106006324 -0.009109486 0.014131718 -0.016033106 -0.0037567148 0.99758196 -0.067521386
19839385.314 0.1058604 -0.01059864 0.014806861 -0.01617621 -0.0037683644 0.9976057 -0.06713455
19889426.109 0.10548699 -0.011896225 0.015673563 -0.014426 -0.00456217 0.9976409 -0.06696124
19939474.154 0.10484457 -0.013147471 0.016698537 -0.013936622 -0.005533734 0.99767005 -0.06655594
19989522.199 0.10413422 -0.014288198 0.017829342 -0.013072495 -0.007093457 0.99776286 -0.06517844
20039538.744 0.10316989 -0.015397993 0.01899393 -0.01238283 -0.009133677 0.99790746 -0.06280138
20089546.79 0.10204707 -0.016511822 0.020206783 -0.01337595 -0.010555016 0.9980415 -0.06019085
20139555.336000003 0.10080934 -0.017401857 0.02143935 -0.014179819 -0.010852101 0.9980817 -0.059280228
20189595.881 0.09940571 -0.01809193 0.02266936 -0.015042846 -0.0113913035 0.9980856 -0.05889924
20239645.426 0.09798417 -0.018602584 0.023901027 -0.016173795 -0.0116357105 0.9981437 -0.057553235
20289684.220999997 0.096562594 -0.018950846 0.02508951 -0.01658866 -0.012719265 0.99820274 -0.056164328
20339693.016999997 0.09502146 -0.019059828 0.02634749 -0.01850662 -0.0133442655 0.99813926 -0.05654636
20389685.563 0.093531534 -0.01890872 0.027632065 -0.021964429 -0.014012319 0.9979392 -0.058639027
20439678.109 0.09217396 -0.018569406 0.029017393 -0.023154128 -0.014705299 0.9976979 -0.062021144
20489686.655 0.09098122 -0.017990774 0.030487167 -0.022747481 -0.015548499 0.99750847 -0.064944185
20539703.450999998 0.08987295 -0.01743066 0.03197245 -0.023912128 -0.015859647 0.997159 -0.069646984
20589711.996999998 0.08880999 -0.016699782 0.03340014 -0.02565067 -0.015403883 0.9968403 -0.073581554
20639696.543 0.0879355 -0.015901819 0.0347967 -0.026105376 -0.015203899 0.99659663 -0.07669821
20689673.089 0.087192684 -0.01504339 0.0361437 -0.026149422 -0.014381777 0.9964163 -0.079145774
20739650.385 0.08650787 -0.01420051 0.03734609 -0.026315153 -0.013324139 0.99623686 -0.08149917
20789658.930999998 0.08575449 -0.013355724 0.038417358 -0.029475134 -0.010710427 0.99595565 -0.084195435
20839690.977 0.08490898 -0.01254215 0.039165888 -0.033622347 -0.0078487815 0.99558896 -0.08723864
20889707.522 0.08409333 -0.011731872 0.03973878 -0.03696285 -0.0062704333 0.9953828 -0.0883609
20939700.068 0.08327304 -0.010987458 0.040134434 -0.04008988 -0.0063606044 0.9953194 -0.08770176
20989676.865000002 0.08239738 -0.01024234 0.04040502 -0.042883895 -0.0068561686 0.9954068 -0.085318565
21039653.911 0.08156278 -0.009584026 0.040551595 -0.046667635 -0.0066986606 0.9953885 -0.08354049
21089654.457 0.08088011 -0.008860182 0.040598225 -0.049390625 -0.006626846 0.99535984 -0.08231367
21139678.752 0.080239184 -0.00803772 0.04047325 -0.049962346 -0.0074631264 0.99537593 -0.08169992
21189695.298 0.0800323 -0.007402181 0.04016371 -0.050913278 -0.0069362633 0.995303 -0.082047306
21239695.844 0.07978739 -0.0067044557 0.039655656 -0.049836468 -0.006665174 0.99541396 -0.0813817
21289672.89 0.07967651 -0.0060900776 0.038977094 -0.048636865 -0.005599022 0.99550754 -0.08104279
21339649.437 0.07960974 -0.0054651015 0.038143344 -0.047560446 -0.005173259 0.99558926 -0.08070483
21389626.233 0.07964586 -0.004918147 0.03709193 -0.044794887 -0.005291983 0.9957969 -0.07971169
21439718.777 0.079766706 -0.0043409537 0.03579243 -0.042224772 -0.0045762723 0.99612504 -0.07701398
21489635.325 0.0799431 -0.00381971 0.03437107 -0.04008015 -0.0033562176 0.99632734 -0.07559302
21539636.371 0.08016577 -0.0032172827 0.03287289 -0.03802658 -0.0022285827 0.9964012 -0.075721465
21589620.667 0.08040887 -0.0025970307 0.031342447 -0.036430314 -0.00091927144 0.9964583 -0.0757829
21639597.713 0.08089166 -0.0018856868 0.029783364 -0.032733377 0.00079652027 0.99660736 -0.07550976
21689566.26 0.08173705 -0.0011950985 0.028298536 -0.027115848 0.0027101568 0.99678373 -0.07536404
21739535.306 0.08268431 -0.0007126429 0.026820712 -0.02112764 0.005095026 0.9969151 -0.075418
21789511.853 0.083922304 -0.00056020694 0.025347225 -0.014061803 0.008112903 0.99707514 -0.07468372
21839497.149 0.085319355 -0.00068012683 0.023831867 -0.0050128554 0.010783864 0.99738896 -0.07123098
21889481.945 0.08681891 -0.0011246239 0.022402044 0.0036730187 0.013283634 0.99760234 -0.06782114
21939474.491 0.088219285 -0.0017299027 0.021007836 0.011780992 0.01456723 0.99774873 -0.064393476
21989483.037 0.089654736 -0.0025365865 0.019772751 0.02125538 0.013650551 0.99776566 -0.061851613
22039536.582000002 0.091087334 -0.0035475378 0.018641964 0.03075218 0.011577119 0.99775267 -0.058394372
22089484.129 0.09241288 -0.0049174363 0.017597703 0.039314568 0.010691345 0.9977166 -0.05386678
22139484.675 0.09349025 -0.006508536 0.016731896 0.04786171 0.011351713 0.9975526 -0.049692642
22189501.471 0.094370246 -0.00833138 0.015997639 0.054909345 0.013838757 0.99731994 -0.04633046
22239525.516000003 0.095001586 -0.010241854 0.015296544 0.06074437 0.01628686 0.9970838 -0.043229975
22289558.311 0.09538571 -0.012274228 0.0145602 0.06541187 0.017678859 0.9969188 -0.039519183
22339590.357 0.09537866 -0.014370708 0.013929382 0.068295985 0.01748584 0.9968888 -0.035251502
22389614.902 0.09514989 -0.016368132 0.01329159 0.06840942 0.01663196 0.99703443 -0.031079534
22439646.948 0.09453514 -0.01819634 0.012782301 0.06680243 0.01667818 0.9972673 -0.026783377
22489687.743 0.09364283 -0.019937528 0.01237974 0.064752325 0.016557781 0.99749815 -0.023032583
22539719.788 0.0923849 -0.02140851 0.012060932 0.062248208 0.016212406 0.99775493 -0.01863978
22589736.334 0.090838045 -0.02276573 0.011838207 0.058032766 0.016419098 0.99807495 -0.01445983
22639797.878 0.08906661 -0.023765057 0.011757224 0.05200483 0.016996788 0.99843496 -0.011588207
22689753.175 0.08711177 -0.024486518 0.011874489 0.046626188 0.016026268 0.99872994 -0.010377229
22739769.721 0.08509588 -0.02477791 0.012164079 0.041143876 0.0145031605 0.99900573 -0.009187933
22789778.267 0.0830096 -0.02481699 0.01253102 0.035429783 0.012879262 0.9992457 -0.009328078
22839778.813 0.08101356 -0.024650218 0.012999826 0.030178815 0.012515891 0.99940485 -0.01107384
22889787.358 0.07906343 -0.024337059 0.013526098 0.025242561 0.013594695 0.9995075 -0.012762525
22939796.154 0.07713309 -0.02387297 0.014015256 0.020070283 0.014995359 0.9995705 -0.015207576
22989812.2 0.0752058 -0.023244584 0.014425665 0.013706353 0.015989332 0.9996152 -0.018057121
23039820.995 0.07335869 -0.022607721 0.0147265 0.008511413 0.016774494 0.9996461 -0.01881398
23089840.791 0.071855664 -0.021905398 0.01499843 0.0065803453 0.018110046 0.9996434 -0.01848955
23139822.087 0.07058825 -0.02106634 0.015309678 0.006783805 0.019671919 0.99958986 -0.019675603
23189830.633 0.069391206 -0.020092327 0.015613909 0.0064554936 0.021056889 0.9994887 -0.023180863
23239839.179 0.068187475 -0.018886853 0.01592192 0.00499744 0.022384878 0.9993224 -0.028788377
23289831.725 0.067161575 -0.017625997 0.016119685 0.0041683307 0.023492044 0.9991248 -0.034356825
23339824.270999998 0.06633641 -0.016320689 0.016252384 0.0052680853 0.023444455 0.99894184 -0.039216474
23389801.317 0.06551487 -0.0149179585 0.01622342 0.0064924373 0.023178957 0.99877065 -0.043334436
23439778.114 0.06465433 -0.013579422 0.016100543 0.0059369 0.023006057 0.9985819 -0.047642116
23489755.41 0.06386042 -0.012260681 0.015870186 0.0045120236 0.02373088 0.9983967 -0.051191904
23539739.956 0.06328356 -0.010979025 0.015673593 0.0033918892 0.025768824 0.998183 -0.054360945
23589716.503 0.06280516 -0.009745425 0.015438533 0.003502692 0.028430488 0.9979857 -0.05660334
23639677.549 0.062361866 -0.008528344 0.01514434 0.0016284056 0.031585876 0.9978342 -0.05767714
23689646.096 0.062050223 -0.0073117986 0.014866752 -0.00016126639 0.033686515 0.99776083 -0.05778085
23739615.143 0.06189596 -0.0060176523 0.014606991 -5.9365946e-05 0.034626767 0.9977353 -0.05766484
23789627.688 0.061758406 -0.0047354195 0.014349298 0.00024444488 0.034820005 0.9977587 -0.05714129
23839576.735 0.061926384 -0.0034517932 0.014188169 0.00043683083 0.035864685 0.99781346 -0.055515092
23889569.531 0.06235751 -0.002310817 0.014236135 0.0038790388 0.036115747 0.99779916 -0.05547577
23939546.078 0.06303925 -0.001113947 0.01443744 0.008813612 0.035044692 0.9977478 -0.056511812
23989531.373999998 0.06380267 -7.925462e-05 0.014831794 0.01286385 0.033408992 0.9976547 -0.05834032
24039507.919999998 0.064601764 0.00075130886 0.015396063 0.016546533 0.031668782 0.9975589 -0.059997823
24089476.967 0.0654956 0.001331529 0.016064031 0.019677704 0.029844387 0.9974887 -0.061142575
24139453.513 0.06640567 0.0017751689 0.016889554 0.022284323 0.02780683 0.9974773 -0.06139467
24189446.059 0.06738804 0.0020914162 0.017848654 0.025097474 0.02467213 0.99748015 -0.06160141
24239454.855 0.068352774 0.0023659165 0.019004427 0.02832938 0.019718831 0.99748117 -0.061967887
24289471.401 0.06928518 0.0025261065 0.02036462 0.030519579 0.014804972 0.9974401 -0.06294967
24339487.696 0.07002663 0.0025548807 0.02199913 0.031560678 0.009184141 0.99734086 -0.065045536
24389480.742000002 0.07071535 0.0024755704 0.023817865 0.031876806 0.003147091 0.9971935 -0.067668736
24439519.288 0.07123594 0.0022112504 0.02574537 0.033006407 -0.0021469751 0.99699616 -0.07003369
24489465.834000003 0.07164002 0.0018073674 0.027727693 0.035424124 -0.0043368214 0.99684817 -0.07085252
24539489.88 0.07194053 0.0012577638 0.029751185 0.03602444 -0.0055173496 0.996741 -0.07196691
24589522.425 0.071954034 0.00075196754 0.031890593 0.035728045 -0.006738329 0.9966387 -0.073412485
24639562.720000003 0.071849875 0.00023713085 0.034059513 0.035617124 -0.008691645 0.996475 -0.07545569
24689595.266 0.07162364 -0.0001446259 0.036175314 0.034370996 -0.010547761 0.9963692 -0.077174485
24739611.311 0.07120903 -0.0004991364 0.038158465 0.032861114 -0.012087815 0.99629927 -0.07849738
24789628.107 0.07075666 -0.0009006489 0.040040404 0.031704895 -0.012742041 0.9962355 -0.07967031
24839636.653 0.07034584 -0.0010819273 0.041756757 0.030546397 -0.012981897 0.9962381 -0.08005106
24889660.948 0.069771096 -0.0013872006 0.043346375 0.029230775 -0.012334139 0.99599075 -0.08364137
24939685.244 0.069208585 -0.0014795134 0.044757944 0.028311573 -0.0119778095 0.9957047 -0.08733418
24989714.789 0.068688706 -0.0014489449 0.045926332 0.02641829 -0.01093767 0.99548733 -0.09048473
25039694.585 0.06789876 -0.0014945086 0.046902545 0.024064653 -0.009237507 0.99521774 -0.09421861
25089679.132000003 0.067129694 -0.0012765153 0.047589347 0.020276371 -0.00764133 0.99515766 -0.09587369
25139656.178 0.06621382 -0.001229884 0.04806309 0.016220942 -0.006384632 0.9951112 -0.09721043
25189656.974 0.065324925 -0.0011971247 0.048483595 0.0129009 -0.004248991 0.9951194 -0.09773923
25239681.019 0.06457383 -0.0011319444 0.048920043 0.011055782 -0.00298133 0.99513376 -0.09786594
25289697.565 0.06385357 -0.0010102012 0.049279682 0.008714457 -0.0013313812 0.99508995 -0.09858178
25339706.110999998 0.06322484 -0.0009945951 0.0494444 0.0069017573 0.0010437774 0.9949825 -0.09980568
25389706.907 0.0626135 -0.0011098629 0.049245752 0.0074937604 0.004204562 0.9950898 -0.098602556
25439699.453 0.062294554 -0.0014925182 0.048615463 0.0069098286 0.008236367 0.99528754 -0.09636954
25489691.998999998 0.061885323 -0.0019443664 0.04765291 0.005911496 0.013734174 0.99548405 -0.09374381
25539719.544 0.061497558 -0.0023530684 0.046395466 0.0059908833 0.017719151 0.9956109 -0.09170149
25589725.34 0.06136408 -0.0027542778 0.044981174 0.0036483551 0.021147018 0.99570626 -0.090048105
25639741.386 0.061242808 -0.0031593402 0.0433435 0.0015484376 0.02350578 0.99583185 -0.08811438
25689749.932 0.060476243 -0.0032663543 0.041423205 0.004308875 0.025473505 0.99614096 -0.08387951
25739734.728 0.06010739 -0.0034539648 0.03943997 0.004491058 0.029249767 0.9962034 -0.08187236
25789711.774 0.059965618 -0.0035422111 0.037403002 0.0022089223 0.032579172 0.99616766 -0.081140235
25839704.32 0.059636146 -0.003400208 0.03529161 0.0010433589 0.035222027 0.99616486 -0.080087416
25889680.867 0.059305012 -0.0031592038 0.033196397 -0.00092447887 0.03797074 0.99609804 -0.0796632
25939666.163 0.05898978 -0.002850356 0.03113576 -0.0019403547 0.04100836 0.99599636 -0.07940946
25989634.709000003 0.058733758 -0.0025151956 0.029040657 -0.0024591228 0.044034526 0.99587524 -0.07929363
26039611.756 0.058531277 -0.0021919766 0.02697383 -0.003820439 0.04663891 0.9957956 -0.07874804
26089588.302 0.05852353 -0.0019541401 0.02499353 -0.0044398787 0.048172317 0.9957699 -0.078115605
26139557.599 0.058725853 -0.0017388503 0.023121396 -0.003586959 0.04906333 0.9958782 -0.07620095
26189542.145000003 0.05913527 -0.0017276868 0.021373559 -0.0009273869 0.049892705 0.99596167 -0.07463435
26239526.691 0.059734866 -0.0017816513 0.019660605 0.0015616615 0.05042065 0.9960504 -0.0730684
26289511.237 0.060634036 -0.001886232 0.018085074 0.006523428 0.050483856 0.9961325 -0.071616545
26339504.534 0.061793536 -0.002053989 0.016618505 0.012380248 0.05096403 0.9961566 -0.070153765
26389497.08 0.06310748 -0.0022480604 0.015262792 0.018641394 0.052416846 0.99610746 -0.06837381
26439497.876000002 0.064612605 -0.0023501627 0.013998985 0.024261879 0.05381319 0.9960796 -0.06588682
26489498.171 0.06622569 -0.0023854799 0.012884961 0.030774344 0.053868137 0.99596316 -0.06487397
26539498.717 0.06792954 -0.0025187002 0.011881004 0.038439646 0.054016944 0.9956717 -0.06513557
26589491.263 0.06971487 -0.002783782 0.010972279 0.045613162 0.0533768 0.9953978 -0.065220304
26639484.060000002 0.071556054 -0.003296278 0.010096373 0.05252098 0.05094462 0.99522674 -0.0645756
26689468.606 0.07340423 -0.004112183 0.009382796 0.059719216 0.04776065 0.9951379 -0.062074017
26739461.152000003 0.07529309 -0.005174331 0.008776011 0.06831321 0.04466401 0.9949646 -0.058172576
26789461.948 0.07695046 -0.0064313253 0.008334063 0.07534372 0.042296786 0.99479944 -0.053930454
26839502.743 0.07817405 -0.0077831494 0.00800234 0.08023734 0.040221963 0.9946944 -0.050271373
26889518.789 0.07907264 -0.009281761 0.007823646 0.08249109 0.03857846 0.9947968 -0.04567565
26939567.084000003 0.07967007 -0.01097869 0.007803818 0.08404145 0.036694825 0.9949284 -0.04132894
26989599.129 0.07999372 -0.0126117 0.007909419 0.08575697 0.033813108 0.99504805 -0.03717357
27039615.925 0.07992669 -0.014176246 0.008200874 0.08665538 0.029677536 0.99519813 -0.034508117
27089631.97 0.07940689 -0.01565075 0.00864919 0.085630566 0.025158478 0.9954844 -0.03233007
27139656.516 0.0784356 -0.0169868 0.009208901 0.0827346 0.021445539 0.99589324 -0.029864082
27189688.811 0.07699038 -0.018251615 0.009909977 0.077566266 0.019249182 0.9964132 -0.027817223
27239713.356 0.07517502 -0.019334396 0.010751273 0.07055183 0.017596252 0.9970052 -0.026332017
27289737.902 0.073295794 -0.0201112 0.011722923 0.06394633 0.014907503 0.9975204 -0.025332786
27339761.947 0.07133316 -0.020754794 0.012846725 0.058551293 0.013631062 0.9978717 -0.025261829
27389848.492 0.06924304 -0.021397118 0.014128113 0.051487383 0.014634448 0.9982017 -0.026986703
27439795.289 0.06707913 -0.021780549 0.015548736 0.045003578 0.015934031 0.99841344 -0.029857747
27489819.334 0.06500038 -0.02188635 0.016990582 0.039696205 0.016312856 0.9985416 -0.032754954
27539843.88 0.06291684 -0.021777831 0.018385984 0.035210792 0.01556939 0.9986535 -0.03477139
27589852.675 0.060796797 -0.021446945 0.01968339 0.030926049 0.013796668 0.9987499 -0.036767844
27639853.221 0.05873775 -0.020839434 0.020815393 0.026730983 0.0111931 0.99882036 -0.038964305
27689846.017 0.056705065 -0.020064289 0.021850869 0.021967823 0.008408009 0.99883085 -0.042234063
27739838.563 0.054715227 -0.019210275 0.02273682 0.017165035 0.0064159706 0.9987988 -0.045443885
27789847.109 0.052677277 -0.01832982 0.023430845 0.011022295 0.006223936 0.99875385 -0.048275273
27839910.654000003 0.050753348 -0.017357947 0.023913836 0.0039524045 0.008440824 0.9986558 -0.050988145
27889879.7 0.048954856 -0.016386755 0.024190065 -0.0016465711 0.010308125 0.9984335 -0.054969832
27939904.496 0.04753129 -0.015392259 0.02426716 -0.0060657663 0.012053654 0.99814117 -0.059432853
27989936.541 0.046369478 -0.014313414 0.024165547 -0.008825398 0.013421992 0.997851 -0.063525185
28039945.087 0.04549466 -0.013204952 0.023971494 -0.010884023 0.015062652 0.99759495 -0.066776074
28089914.134 0.04473527 -0.0120824 0.023647819 -0.012401207 0.017884439 0.99736714 -0.069175325
28139867.18 0.044206604 -0.010969082 0.023242174 -0.0141128255 0.021363387 0.9972518 -0.06952168
28189827.977 0.043883402 -0.009697062 0.022825511 -0.014990596 0.02488217 0.99707085 -0.07075255
28239813.023000002 0.043730468 -0.0082460465 0.022395438 -0.013656236 0.027215926 0.9968804 -0.07281649
28289805.569 0.043815374 -0.0067633856 0.02197972 -0.0115299225 0.028480787 0.9966972 -0.075171694
28339790.366 0.044103548 -0.005334743 0.021395847 -0.008147805 0.028818091 0.99663156 -0.076345734
28389727.413 0.044757694 -0.0040014028 0.020712832 -0.0043762247 0.028852973 0.9965832 -0.077268116
28439648.46 0.04553463 -0.0026005716 0.020002551 0.0004485398 0.029080331 0.99646354 -0.0788324
28489586.007 0.04652072 -0.0013317284 0.01928698 0.004841803 0.029981561 0.9961754 -0.08192843
28539546.554 0.047740914 -0.00031663515 0.018462354 0.010031462 0.029322252 0.9960027 -0.08377553
28589539.849999998 0.04923888 0.0004077927 0.017633084 0.01696931 0.029130151 0.9959573 -0.083262235
28639476.647 0.05090273 0.0007797559 0.016794646 0.023726573 0.0315569 0.9958135 -0.082442366
28689445.444000002 0.052664615 0.0009469609 0.016060134 0.029523583 0.033939853 0.9956232 -0.08192058
28739422.49 0.05454633 0.0008647257 0.015408662 0.038101334 0.034651823 0.9952834 -0.08221087
28789407.286 0.056357365 0.00051760837 0.0148416655 0.046114326 0.034160823 0.99499017 -0.08186101
28839407.832 0.058074053 -3.8055878e-06 0.01424072 0.052869752 0.033644278 0.99485344 -0.07962152
28889424.378 0.05956349 -0.0008203682 0.013702876 0.05852239 0.034000047 0.9947547 -0.07669674
28939440.674000002 0.06068675 -0.0017975208 0.013172235 0.06341773 0.034255125 0.9946445 -0.074075006
28989456.969 0.06147786 -0.00305339 0.012776819 0.0676343 0.0346855 0.9944546 -0.07268217
29039473.765 0.061843965 -0.0044746543 0.012457307 0.069729134 0.035002608 0.9944541 -0.070524745
29089497.810000002 0.06174973 -0.0059306896 0.012118334 0.06967889 0.035826672 0.99470836 -0.06645811
29139514.606 0.061130818 -0.0076203574 0.011891034 0.06559398 0.036331225 0.9952939 -0.061381206
29189539.151 0.060157232 -0.009150058 0.011743498 0.061034825 0.035196736 0.99592245 -0.05634243
29239579.447 0.05891408 -0.010519154 0.01170161 0.05685355 0.03182055 0.9965265 -0.05186692
29289635.491 0.057486977 -0.011718294 0.011780637 0.05377281 0.02762554 0.9969698 -0.048953995
29339691.286000002 0.0557919 -0.012666689 0.011965257 0.049023215 0.023973955 0.9974023 -0.047017645
29389723.582 0.053894814 -0.0135226855 0.012218881 0.042498738 0.02254384 0.9977831 -0.045984074
29439740.127 0.051830325 -0.014211126 0.012477878 0.034796022 0.022068948 0.9981255 -0.045251597
29489748.672999997 0.04980108 -0.014710225 0.012779542 0.027128184 0.021366443 0.99842954 -0.044114593
29539765.469 0.047820795 -0.01507909 0.013132626 0.020727111 0.019408204 0.99865204 -0.043449022
29589805.514 0.04588046 -0.015354868 0.013568307 0.015246861 0.017371774 0.9988002 -0.043174647
29639845.558999997 0.04402301 -0.01540942 0.01410872 0.010516311 0.015578282 0.99884033 -0.04432641
29689870.104000002 0.04201667 -0.015339201 0.014679661 0.004526356 0.013667601 0.99881524 -0.046485946
29739912.15 0.040056188 -0.015048098 0.01533311 -0.0031048346 0.011363089 0.99873745 -0.048833884
29789894.946000002 0.038091302 -0.014654653 0.015971048 -0.010028608 0.008833372 0.99859446 -0.051288925
29839911.492 0.036227405 -0.014033864 0.016556002 -0.015675643 0.0054942593 0.9984529 -0.053065926
29889944.037 0.034441084 -0.013397345 0.017033035 -0.021313982 0.0013730802 0.99827427 -0.054702654
29939968.082000002 0.03279792 -0.012713096 0.01741945 -0.02666215 -0.0025843312 0.99803096 -0.05671707
29989976.628000002 0.031177383 -0.012011189 0.017761756 -0.03345652 -0.005330095 0.9977126 -0.058496516
30039961.424 0.029677836 -0.011225275 0.017970778 -0.040493563 -0.006744521 0.9973061 -0.06078977
30089946.470999997 0.028202489 -0.010335435 0.018057195 -0.046677377 -0.008038367 0.9968027 -0.064351544
30139954.516 0.026877837 -0.009311833 0.017976752 -0.051567882 -0.010071545 0.9962957 -0.06807537
30189998.061 0.025763879 -0.008321755 0.017744724 -0.05594365 -0.011396862 0.99584556 -0.07093775
30239971.858000003 0.02507108 -0.007415728 0.017415408 -0.058650114 -0.011907465 0.9955177 -0.0732329
30289940.904 0.024730308 -0.0064879553 0.017029213 -0.05880673 -0.012329015 0.9953174 -0.07571745
30339885.951 0.024622677 -0.0056886757 0.016559482 -0.05756851 -0.012744716 0.9952095 -0.07798409
30389831.248 0.02465254 -0.0049236557 0.016043747 -0.056478266 -0.012269148 0.9951483 -0.07962118
30439784.294999998 0.024819044 -0.0041424413 0.015447142 -0.056251783 -0.010979616 0.995011 -0.081660055
30489752.842 0.025212416 -0.0033283255 0.014751338 -0.054626178 -0.010237583 0.99499416 -0.083053544
30539729.388 0.025783692 -0.0025800685 0.014073788 -0.05163272 -0.008857608 0.99508834 -0.08399319
30589706.685 0.026615566 -0.0017368719 0.013375892 -0.04901483 -0.0075716884 0.99510247 -0.08550608
30639675.231 0.027683793 -0.0008657531 0.012722973 -0.045367546 -0.0066687404 0.9950512 -0.08815029
30689628.278 0.028965281 -0.0001406543 0.01219602 -0.03920231 -0.0048634782 0.99519014 -0.089645244
30739581.575 0.030612884 0.00039737497 0.011759987 -0.033000406 -0.0014986771 0.9953409 -0.09058288
30789534.371999998 0.03241752 0.00071671314 0.011449823 -0.026026996 0.0016850192 0.99550843 -0.09100985
30839495.667999998 0.034413088 0.00088063756 0.011276065 -0.018109886 0.004458799 0.9957008 -0.09073128
30889472.215 0.036495887 0.0008624901 0.011197348 -0.008333107 0.00605022 0.9958097 -0.0908687
30939459.511 0.0385498 0.0006388139 0.011198517 0.0017265239 0.006410141 0.9957991 -0.09132379
30989449.807 0.040446874 9.3175295e-05 0.011248709 0.010557982 0.007819112 0.99569273 -0.09177907
31039442.353 0.04216098 -0.00070827623 0.011263795 0.016867576 0.011026256 0.99569124 -0.09051492
31089435.149 0.043710116 -0.0018716106 0.011252267 0.021968657 0.014470017 0.99587953 -0.086787485
31139435.695 0.045040302 -0.0032096657 0.011329826 0.026245438 0.016504047 0.9961623 -0.08185046
31189452.491 0.0461993 -0.0047058305 0.011507652 0.031298444 0.016474187 0.9964113 -0.07690031
31239492.536000002 0.047148895 -0.006141942 0.011796026 0.036319215 0.014832879 0.9965568 -0.07304494
31289548.581 0.047831498 -0.007614573 0.012186023 0.03989129 0.012907043 0.9966695 -0.06994446
31339604.626000002 0.048051458 -0.009279214 0.012630981 0.039751787 0.013515991 0.99685794 -0.067166895
31389644.671 0.048108272 -0.010857965 0.013034294 0.039165623 0.015794069 0.9971218 -0.06296658
31439661.466000002 0.047906455 -0.012526129 0.013428573 0.0401464 0.01814374 0.9973157 -0.05848481
31489685.512 0.047339283 -0.014024696 0.013813235 0.03913555 0.019856239 0.99758804 -0.053780213
31539726.057 0.046282344 -0.015390064 0.014089761 0.03490494 0.020991521 0.9979567 -0.04922984
31589782.352 0.045026522 -0.01659157 0.014356865 0.030235773 0.02139103 0.9983445 -0.044006795
31639846.397 0.043622587 -0.017572084 0.014621381 0.027832495 0.020246373 0.9986458 -0.039013457
31689894.442 0.04211518 -0.018318124 0.01497752 0.025369614 0.017903158 0.99887806 -0.0357575
31739926.487 0.04038743 -0.018829666 0.01531122 0.020237692 0.016271016 0.99908704 -0.03392369
31789943.283 0.038461838 -0.019125769 0.015532584 0.012903322 0.015692549 0.9992551 -0.032811698
31839967.827999998 0.036544804 -0.019174606 0.015700065 0.0056177997 0.015385563 0.99935347 -0.03200673
31889999.873 0.03481689 -0.018959839 0.015822288 0.00094017136 0.014763827 0.99938893 -0.03167164
31940055.917999998 0.03327275 -0.01840273 0.016010113 -0.0026258354 0.013134191 0.9993778 -0.032629747
31990104.213 0.03190374 -0.017643495 0.016221145 -0.00550037 0.011872577 0.9992794 -0.03563185
32040128.759000003 0.03068738 -0.016687587 0.016415207 -0.008112745 0.011781279 0.9991036 -0.03984271
32090113.305 0.029558804 -0.01558982 0.016597692 -0.010279348 0.011789343 0.99891526 -0.043860834
32140161.85 0.028663777 -0.014397388 0.016661655 -0.012182792 0.011487877 0.9987395 -0.047318734
32190034.898 0.027833963 -0.013138991 0.016566351 -0.013824688 0.0095481835 0.99858606 -0.0504338
32240012.195000004 0.027099755 -0.011849721 0.016328676 -0.015005882 0.007089388 0.9984809 -0.052541062
32290004.741 0.02642029 -0.010344033 0.015968712 -0.016554426 0.0035074567 0.9984181 -0.053618807
32339981.286999997 0.025730861 -0.008838532 0.015429153 -0.019302411 -0.00074577006 0.99829924 -0.05500438
32389942.334000003 0.02499067 -0.0072498177 0.014750146 -0.024108993 -0.004770268 0.9980291 -0.057740316
32439903.630999997 0.024421664 -0.0056736264 0.014097938 -0.028661568 -0.008269537 0.9976715 -0.06133398
32489864.676999997 0.024222365 -0.0041921735 0.013617944 -0.030624162 -0.011235322 0.9972923 -0.06590957
32539841.223999996 0.024236009 -0.0028988232 0.013378422 -0.030732531 -0.012534067 0.99699605 -0.06998172
32589810.519999996 0.024603622 -0.0018699891 0.01333932 -0.031164497 -0.011928479 0.9966787 -0.07428346
32639747.566999998 0.02539821 -0.0009943098 0.013559272 -0.029637966 -0.010915108 0.9964759 -0.07770654
32689684.613999996 0.02646708 -0.0002661622 0.014046695 -0.026371606 -0.011318932 0.9963245 -0.08070937
32739669.411 0.027590236 0.0002741319 0.01480089 -0.022264516 -0.0127837 0.9961915 -0.08332778
32789598.457999997 0.028831191 0.00063980016 0.015776243 -0.01780863 -0.014264714 0.99612886 -0.08489219
32839583.504 0.03022423 0.0008602519 0.016978186 -0.01197271 -0.01563924 0.9960669 -0.086386986
32889568.049999997 0.031594444 0.0009461181 0.018368721 -0.0051717977 -0.01616518 0.99594593 -0.088338405
32939552.597 0.03297246 0.0008464065 0.019893337 0.0006879614 -0.015520972 0.9957678 -0.0905824
32989537.142999995 0.03417022 0.00059461134 0.021462085 0.00602605 -0.014070521 0.99562776 -0.09214709
33039530.439 0.03527101 0.00022044127 0.023062207 0.011000987 -0.012500173 0.9954749 -0.09355514
33089538.485000003 0.03616777 -0.00020928471 0.024644485 0.01584037 -0.012297444 0.99529773 -0.0947651
33139563.28 0.036926646 -0.0007183011 0.02623984 0.019796906 -0.012480041 0.995164 -0.09539962
33189587.825999998 0.037433535 -0.0012970791 0.02782797 0.022861365 -0.012541951 0.99511546 -0.095212184
33239619.871 0.037765343 -0.001866766 0.029412352 0.023705006 -0.011748483 0.99515146 -0.094729595
33289636.417 0.037970435 -0.002406218 0.031017499 0.024651255 -0.010749437 0.9950945 -0.09520372
33339710.461 0.038188815 -0.0028144424 0.032720365 0.02674762 -0.010271692 0.99486303 -0.097091034
33389685.507999998 0.038327195 -0.003036544 0.034437116 0.028547738 -0.010214062 0.9945938 -0.09931754
33439717.053 0.038428947 -0.0032063825 0.036168814 0.030354915 -0.00951537 0.99426717 -0.10208306
33489741.847999997 0.03856626 -0.0033084971 0.037855253 0.03208657 -0.009329563 0.9940047 -0.104106255
33539750.393999998 0.038692426 -0.0033335467 0.039415646 0.034534235 -0.009644044 0.9937167 -0.10602656
33589751.44 0.038778763 -0.0033139416 0.040939994 0.0363947 -0.010211614 0.99340695 -0.10823082
33639759.736 0.038773295 -0.0032393166 0.042352177 0.037481505 -0.010689919 0.9930675 -0.110895954
33689775.780999996 0.038661644 -0.0031036073 0.043612596 0.03794837 -0.010816026 0.99280876 -0.11302127
33739784.327 0.038515657 -0.003041974 0.04476587 0.038095873 -0.01033979 0.99251175 -0.115595065
33789785.122999996 0.038314197 -0.0028782026 0.04573606 0.038104244 -0.010009186 0.99226886 -0.11768789
33839785.669 0.03816968 -0.0026463252 0.046739053 0.037115984 -0.00870129 0.9920104 -0.120258644
33889778.214999996 0.03813138 -0.0025413518 0.047528688 0.036438227 -0.00802383 0.9916175 -0.1237037
33939778.761 0.03791239 -0.0024132326 0.048185695 0.03705238 -0.008042951 0.9912912 -0.1261121
33989787.557 0.037988134 -0.0022812507 0.048653368 0.03719707 -0.00806287 0.9912228 -0.12660436
34039788.103 0.038234532 -0.0024262299 0.048845734 0.037252452 -0.008069164 0.99125475 -0.12633763
