943929.4789999999 -0.0 -0.0 -0.0 -0.0 -0.0 1.0 -0.0
984360.358 -0.0 -0.0 -0.0 -0.0 -0.0 1.0 -0.0
1043934.0360000001 0.0006015738 0.00026262028 0.0004129009 0.0010991791 -0.0011213017 0.9999984 -0.0009358286
1084364.9149999998 0.0006015738 0.00026262028 0.0004129009 0.0010991791 -0.0011213017 0.9999984 -0.0009358286
1143938.8429999999 0.0006015738 0.00026262028 0.0004129009 0.0010991791 -0.0011213017 0.9999984 -0.0009358286
1184369.722 0.0006015738 0.00026262028 0.0004129009 0.0010991791 -0.0011213017 0.9999984 -0.0009358286
1243943.4000000001 0.0006126769 0.0005020996 0.000939895 -0.0021395558 0.00040382924 0.9999954 -0.0021277708
1284374.5289999999 0.0006126769 0.0005020996 0.000939895 -0.0021395558 0.00040382924 0.9999954 -0.0021277708
1343948.207 0.0006126769 0.0005020996 0.000939895 -0.0021395558 0.00040382924 0.9999954 -0.0021277708
1384379.0860000001 0.0006126769 0.0005020996 0.000939895 -0.0021395558 0.00040382924 0.9999954 -0.0021277708
1443952.764 0.0008707059 0.00080871925 0.0013572286 0.0011556798 0.0021264527 0.99999666 -0.0008995142
1484383.643 0.0008707059 0.00080871925 0.0013572286 0.0011556798 0.0021264527 0.99999666 -0.0008995142
1543957.571 0.0008707059 0.00080871925 0.0013572286 0.0011556798 0.0021264527 0.99999666 -0.0008995142
1584388.45 0.0008707059 0.00080871925 0.0013572286 0.0011556798 0.0021264527 0.99999666 -0.0008995142
1643962.1279999998 0.00091942033 0.0015099562 0.0018453684 0.0011813623 0.0035351834 0.9999882 -0.0031340488
1684415.257 0.00091942033 0.0015099562 0.0018453684 0.0011813623 0.0035351834 0.9999882 -0.0031340488
1744049.6860000002 0.0015738148 0.0028175148 0.0026068692 0.0051290537 0.0027785618 0.99997663 -0.0035567866
1784397.814 0.0015738148 0.0028175148 0.0026068692 0.0051290537 0.0027785618 0.99997663 -0.0035567866
1843971.4919999999 0.0016045771 0.004894133 0.0035004427 0.0060319374 0.0019707908 0.9999716 -0.004060906
1884402.371 0.0016045771 0.004894133 0.0035004427 0.0060319374 0.0019707908 0.9999716 -0.004060906
1943976.2989999999 0.0016045771 0.004894133 0.0035004427 0.0060319374 0.0019707908 0.9999716 -0.004060906
1984406.928 0.0019249183 0.0047906614 0.0024245966 0.008272636 0.0018565955 0.9999592 -0.003124481
2043980.8549999997 0.0012139482 0.0041391514 0.0012622982 0.009114914 0.0020984882 0.99995446 -0.001917756
2085974.0089999996 0.00020602485 0.003528719 0.0006647529 0.008780512 0.002359628 0.99995786 -0.0012766737
2135310.2770000002 -0.00013097511 0.002698148 3.0595616e-05 0.008263836 0.0021426447 0.99996316 -0.0009276776
2185280.555 -0.0007055729 0.0018145131 -0.0013374365 0.0092973085 0.0011554763 0.9999559 -0.00067577127
2235687.34 -0.0007337402 0.0011723632 -0.0011410379 0.010926111 -3.0035602e-05 0.9999399 -0.0008878341
2286292.128 -0.0002632769 0.0015559373 0.00044318245 0.011720876 -0.0007487218 0.99993 -0.0014835873
2336548.6599999997 -0.00015576347 0.0019886252 0.0011736816 0.011518698 -0.0010853763 0.9999297 -0.0025950961
2386249.434 -0.00035384233 0.002557779 0.0014054591 0.012397089 -0.0015127206 0.99991286 -0.0042835316
2435887.2070000004 -0.0005072611 0.0032290611 0.0013560721 0.01251893 -0.0017034202 0.9999132 -0.003732354
2485706.983 -0.00053304835 0.0037035756 0.0016497099 0.012320917 -0.00057881564 0.9999214 -0.002269524
2535733.512 -0.00024295352 0.0038701242 0.0021485398 0.012641623 -0.00050412584 0.9999166 -0.0025920644
2585902.293 -0.00043529973 0.0046159686 0.0030235932 0.012705852 -0.0021122445 0.99991596 -0.0015324386
2636078.574 -5.777182e-05 0.004965251 0.0038468337 0.013052459 -0.0020103238 0.99990934 -0.0026374639
2686105.1029999997 -0.0003834388 0.005970993 0.005099879 0.013841895 -0.0007938429 0.9998755 -0.007544663
2736012.38 -0.0006386761 0.0073003513 0.005382732 0.013210004 -0.00068671885 0.9998334 -0.012582574
2785903.656 -0.0004952387 0.0072596883 0.0052323984 0.012367108 -0.0016061588 0.9997945 -0.015984945
2835850.434 -0.0005700639 0.0071852095 0.005510221 0.013757899 -0.0027230405 0.9997812 -0.015525595
2885868.4630000005 0.00079183734 0.0059654373 0.005037921 0.016852537 -0.0019394598 0.9997864 -0.011809376
2935980.743 0.0012133641 0.005511646 0.004841025 0.021007927 -0.0012771722 0.999748 -0.00782052
2985976.521 0.0016521112 0.0044437447 0.0045936606 0.023750037 -0.00088945375 0.99970317 -0.005369667
3036010.3 0.0027645046 0.0025989814 0.004195003 0.023469726 0.00062874955 0.9997129 -0.0048064296
3085988.5790000004 0.002584469 4.081552e-05 0.0041319337 0.023927175 0.0027762277 0.9996905 -0.006236257
3135951.856 0.001780743 -0.0018790677 0.0045290273 0.024774684 0.0059492 0.9996484 -0.007342839
3185930.3850000002 0.0012095614 -0.004064356 0.004763935 0.02513028 0.00943314 0.9996049 -0.008349606
3235940.1629999997 0.0008173801 -0.006615223 0.0051076105 0.02961825 0.012046549 0.999473 -0.0056113857
3285974.442 2.4656101e-05 -0.008877578 0.0054561817 0.036500208 0.013580771 0.99924004 -0.001629526
3336029.471 -0.0007806056 -0.011415031 0.006023383 0.041450355 0.01676602 0.9989961 0.002772528
3385987.2490000003 -0.0024383531 -0.013678406 0.0064732307 0.043116163 0.01862952 0.9988838 0.0050247516
3435965.527 -0.004597524 -0.0154949 0.0070084212 0.042757694 0.017633628 0.9989044 0.0071347486
3485944.305 -0.007054409 -0.017198307 0.0076844604 0.040632736 0.015029138 0.9990174 0.00934915
3535962.334 -0.0093409205 -0.018625578 0.0082637835 0.037652463 0.013003267 0.9991433 0.011223977
3585996.613 -0.0115786735 -0.019617967 0.00899831 0.036189243 0.0112205725 0.999227 0.010481199
3636046.3919999995 -0.014617324 -0.020675713 0.0102216415 0.03502637 0.00714628 0.99933004 0.007847618
3686080.421 -0.017542427 -0.021358088 0.0115107335 0.034925003 0.0029841794 0.9993708 0.005419642
3736082.7 -0.020889675 -0.02288497 0.012765203 0.03342106 0.0008199029 0.9994285 0.005006207
3786061.478 -0.024543898 -0.023353102 0.013931519 0.025404142 0.0027953153 0.9996489 0.006989626
3836047.756 -0.028835233 -0.023302093 0.014898124 0.01602786 0.005629719 0.9998232 0.00806534
3886058.0349999997 -0.032490294 -0.022643805 0.01550633 0.00941341 0.008783793 0.9998861 0.007878451
3936100.064 -0.035487182 -0.021076348 0.016460855 0.0051158955 0.011517568 0.9998938 0.007330646
3986149.843 -0.038747024 -0.018915104 0.017363582 0.003379447 0.01201877 0.9999006 0.006555395
4036176.1220000004 -0.041431516 -0.016125338 0.018153885 -0.0012484732 0.011900527 0.9999166 0.004855656
4086178.4000000004 -0.044064555 -0.012724945 0.01899706 -0.007418489 0.013066149 0.9998844 0.0023252713
4136191.1789999995 -0.04628016 -0.009102302 0.019758625 -0.01288563 0.015706578 0.99979 -0.0027051368
4186159.2070000004 -0.047211446 -0.005107682 0.020857207 -0.015670445 0.017254125 0.99969536 -0.008118069
4236185.486 -0.047699638 -0.0013457668 0.021778442 -0.016081294 0.01945548 0.99960554 -0.012314852
4286219.515 -0.047868613 0.002800924 0.022619115 -0.015973615 0.023140486 0.99948514 -0.015454109
4336245.794 -0.04748375 0.0064782887 0.023307826 -0.017488794 0.028573267 0.9992843 -0.017567255
4386256.072 -0.047211763 0.009785807 0.023387635 -0.01927153 0.032918103 0.999121 -0.017383326
4436275.101000001 -0.046797678 0.012786662 0.023354614 -0.019773424 0.034771286 0.999069 -0.016160345
4486237.129 -0.0459189 0.016046813 0.023321237 -0.021347499 0.035037477 0.99906814 -0.01340073
4536231.157000001 -0.044649318 0.019277656 0.022963488 -0.02426782 0.034245774 0.99906355 -0.010505369
4586233.436000001 -0.042920977 0.022288049 0.022499766 -0.026712961 0.032367334 0.99907637 -0.009232336
4636243.714 -0.040356632 0.025239373 0.022562949 -0.029234342 0.02969197 0.99908245 -0.009908571
4686254.243000001 -0.036989406 0.028237946 0.022220798 -0.0320876 0.026244998 0.9990655 -0.012232997
4736248.521 -0.032789312 0.030769508 0.021955995 -0.028857827 0.025118152 0.99916106 -0.014614197
4786227.3 -0.026894262 0.033415396 0.022185545 -0.01715657 0.022618564 0.9994803 -0.015274656
4836197.578 -0.020119514 0.035836916 0.022672808 -9.172589e-05 0.020667516 0.9996329 -0.01751991
4886152.3549999995 -0.013073779 0.037959184 0.023203364 0.019089522 0.019691631 0.99935764 -0.023071198
4936083.383 -0.0060282396 0.040219218 0.023721278 0.035549816 0.01941852 0.99871933 -0.030311553
4986006.66 0.00053520343 0.041936506 0.023911297 0.048137028 0.018052042 0.99801654 -0.03633247
5035937.437 0.0068769176 0.04345994 0.023823911 0.059537694 0.016686639 0.9971847 -0.04242161
5085939.716 0.013385746 0.044351473 0.023577055 0.0733837 0.015023204 0.99604 -0.047890715
5135973.495 0.019341752 0.044872638 0.023365304 0.08562922 0.015721455 0.9948743 -0.051436204
5186000.024 0.024832672 0.04468906 0.022953948 0.09610785 0.016577572 0.99378 -0.053757563
5235970.801999999 0.029551297 0.043692615 0.022414198 0.10426193 0.016332593 0.99287343 -0.055363853
5285945.08 0.033811644 0.042274654 0.021741135 0.11038361 0.014311394 0.99210393 -0.057796787
5335864.607 0.037238877 0.039959367 0.021114735 0.115764774 0.012724424 0.9914317 -0.05915893
5385851.135 0.04038042 0.037009392 0.020191053 0.11927546 0.012858152 0.99105126 -0.058528364
5435861.164 0.042620227 0.03326711 0.019378735 0.11958919 0.014330967 0.9911694 -0.055464797
5485871.442000001 0.044584773 0.02950717 0.018620007 0.11825664 0.015998643 0.9914388 -0.05299569
5535849.97 0.04624738 0.025435973 0.017879458 0.117884606 0.016792607 0.9916083 -0.050341334
5585804.748 0.04762977 0.020963179 0.017033206 0.11895204 0.017345067 0.99157315 -0.048294142
5635775.026 0.04889843 0.01681458 0.016509924 0.12144679 0.01741947 0.9913862 -0.045834213
5685793.305 0.04940676 0.012512282 0.015638486 0.12094383 0.015838308 0.99158424 -0.04338864
5735835.334 0.0491589 0.0075801355 0.014753596 0.11770183 0.013868339 0.99209756 -0.04118718
5785885.613 0.04855167 0.0030320105 0.013750737 0.114531405 0.012919275 0.9925857 -0.03859165
5835919.392 0.047656465 -0.0021194709 0.012621708 0.11228687 0.012228166 0.9929283 -0.036545355
5885921.671 0.046148274 -0.007120863 0.011671767 0.10594704 0.012631377 0.993711 -0.03397212
5935915.949 0.04446655 -0.011947675 0.010958198 0.09990223 0.013998556 0.9943317 -0.033586953
5985926.478 0.04298587 -0.016605273 0.010500086 0.09757619 0.0152410995 0.9946076 -0.031660084
6035944.756 0.041656107 -0.020814992 0.010160387 0.100223094 0.0136451945 0.9944602 -0.028599912
6085962.785 0.040085226 -0.024383124 0.010250057 0.104845226 0.009993723 0.9941059 -0.025712082
6135981.064 0.037635345 -0.027288537 0.010277201 0.105994895 0.0053141634 0.9940738 -0.023540474
6185991.343 0.033916704 -0.029691404 0.010310497 0.10186869 0.002761851 0.9945305 -0.022897817
6236001.620999999 0.029511763 -0.031399358 0.010524918 0.09301618 0.00093877607 0.9953931 -0.023234278
6286011.9 0.024880312 -0.03266106 0.010941846 0.08296095 -0.0015591653 0.9962477 -0.024608502
6336022.428 0.020564262 -0.033665426 0.0114977015 0.07791841 -0.005116081 0.99660635 -0.026048487
6386040.2069999995 0.016408399 -0.03472863 0.012052194 0.07600627 -0.008534944 0.9966865 -0.027680472
6436066.736 0.011534293 -0.035609975 0.013178434 0.073283836 -0.009735722 0.9968438 -0.028935019
6486113.015 0.006434246 -0.036258105 0.0138591295 0.06677129 -0.011170643 0.9972556 -0.029966772
6536118.794 0.0014322982 -0.03640269 0.014377728 0.057576682 -0.0121183405 0.9977923 -0.030799331
6586137.322 -0.0033796434 -0.036526132 0.014923767 0.05012204 -0.013338674 0.9981762 -0.030889586
6636154.851 -0.007727104 -0.036397543 0.015575799 0.044390842 -0.015020886 0.99843407 -0.030551177
6686173.38 -0.011798247 -0.035848353 0.016318817 0.040394917 -0.01586653 0.99859244 -0.030491494
6736199.659 -0.015516962 -0.03523626 0.017195938 0.036627945 -0.0152258715 0.9987143 -0.03156624
6786225.437999999 -0.019394752 -0.034247622 0.018349929 0.032783967 -0.014038909 0.9987778 -0.034220167
6836235.716 -0.023129709 -0.03317181 0.019322326 0.02754996 -0.012354474 0.99881923 -0.038060468
6886257.245 -0.026521942 -0.032061756 0.020303298 0.02392664 -0.0120210815 0.99881244 -0.040703528
6936224.523 -0.029774653 -0.0309604 0.021186635 0.022245254 -0.010660762 0.99884504 -0.041232783
6986219.551 -0.032712 -0.029693075 0.022060376 0.018804967 -0.008276586 0.99901915 -0.03922626
7036221.58 -0.035071198 -0.028295213 0.023069443 0.015560485 -0.0038214019 0.9992303 -0.035806164
7086247.359 -0.03699944 -0.025868174 0.023652386 0.01391732 0.0018059147 0.9993394 -0.033523988
7136273.886999999 -0.038853563 -0.022872422 0.024015004 0.010389519 0.0064588194 0.99935687 -0.033708308
7186291.665999999 -0.040652763 -0.019324733 0.024374546 0.005151337 0.009926513 0.99933106 -0.03481976
7236286.445 -0.042393513 -0.015624564 0.024672907 0.0005649401 0.0106631415 0.9992978 -0.035914667
7286288.723 -0.043779086 -0.011887464 0.02481759 -0.00411881 0.011299394 0.9993015 -0.035382494
7336314.751999999 -0.04521786 -0.008172418 0.024799425 -0.010289836 0.01271119 0.99922913 -0.035689205
7386341.0309999995 -0.046548102 -0.0040283864 0.024479149 -0.018678512 0.01223544 0.9990572 -0.037231605
7436374.81 -0.04737358 0.00033779832 0.02407007 -0.024380371 0.011760531 0.99887353 -0.038975526
7486409.339000001 -0.047370575 0.0043425146 0.023680149 -0.027688418 0.011620578 0.9987383 -0.040250126
7536427.117000001 -0.047017977 0.00877549 0.023320578 -0.02757651 0.010623737 0.99879074 -0.039291162
7586421.896 -0.045911785 0.011850876 0.022880571 -0.02385091 0.008082758 0.9988998 -0.039560117
7636392.174 -0.044521827 0.015241729 0.022588653 -0.019816102 0.005455082 0.99903524 -0.038809255
7686361.2020000005 -0.042716257 0.018323138 0.022113176 -0.01765835 0.0068335533 0.99910223 -0.03789925
7736325.48 -0.04074545 0.021323735 0.02157052 -0.019551987 0.010811787 0.9990685 -0.03691857
7786312.507999999 -0.0385473 0.024902998 0.0209401 -0.018801032 0.013241468 0.9990493 -0.037035655
7836314.785999999 -0.035850145 0.028392784 0.020655708 -0.015715847 0.014154993 0.9990824 -0.03724382
7886332.5649999995 -0.032650042 0.03206331 0.020709021 -0.010320216 0.014517408 0.99909997 -0.038496256
7936343.0940000005 -0.029797304 0.035922162 0.020620344 -0.008930968 0.015394845 0.99895644 -0.04206417
7986329.1219999995 -0.026622636 0.039919257 0.020791702 -0.010788555 0.015958501 0.9986602 -0.048029475
8036331.4 -0.02317488 0.04369393 0.02088601 -0.010185509 0.014986099 0.9983151 -0.055124145
8086381.68 -0.019651175 0.047856495 0.021267824 -0.006845797 0.012400289 0.9978933 -0.06331243
8136495.21 -0.015879465 0.05183797 0.021641605 -0.0045004864 0.010779017 0.99728096 -0.07276172
8186639.991 -0.012168579 0.055351526 0.022100355 -0.0005572984 0.00958029 0.9965196 -0.082804464
8236761.271 -0.008194489 0.058348052 0.022508197 0.0048070177 0.00963865 0.99583215 -0.09056666
8286835.301000001 -0.0040712473 0.06059324 0.02269706 0.00963114 0.009600732 0.99531466 -0.09572886
8336837.579 0.00010442166 0.0616598 0.022601824 0.014835695 0.00974862 0.9950728 -0.097545266
8386760.356000001 0.0046671396 0.06198992 0.022409903 0.022913767 0.008349278 0.9950122 -0.09672632
8436675.633000001 0.009452062 0.061817016 0.021977914 0.032885045 0.0044906707 0.9948428 -0.09584469
8486606.410999998 0.014025665 0.060866706 0.021434374 0.043716557 0.0018861962 0.99455315 -0.09460118
8536577.439 0.018897679 0.059307273 0.02087889 0.05464644 0.0020299829 0.9940706 -0.09398607
8586555.717 0.02330123 0.057090707 0.020286025 0.063125245 0.003862485 0.9936755 -0.092786714
8636502.495 0.027685866 0.05424402 0.019560806 0.069525205 0.0058374805 0.9933987 -0.09105598
8686410.022 0.031759705 0.05086813 0.019004649 0.07616295 0.007715184 0.99323136 -0.087356135
8736316.799 0.03603547 0.047455072 0.018447412 0.08392535 0.00835122 0.9928862 -0.0840469
8786248.076000001 0.03980238 0.04388766 0.017873552 0.09097693 0.009504452 0.9924463 -0.08175103
8836218.354 0.043454293 0.040201288 0.017450688 0.10003067 0.010123215 0.9917717 -0.07924891
8886197.382 0.046892956 0.036820438 0.017138567 0.10896211 0.010135588 0.9909566 -0.07765098
8936159.66 0.049793318 0.033462062 0.016809762 0.11663608 0.010445273 0.99013 -0.07700376
8986114.438000001 0.052352443 0.03008066 0.016456334 0.11996495 0.012762897 0.98971254 -0.07690669
9036069.215 0.054340024 0.02671532 0.016209304 0.12262684 0.0142244445 0.98943573 -0.07600883
9086031.992999999 0.056291606 0.023103908 0.015945716 0.12859005 0.013882843 0.9889128 -0.07296198
9136026.272 0.057681073 0.019627703 0.015777357 0.13512973 0.011798708 0.9883087 -0.069617994
9186028.799999999 0.057967287 0.016049143 0.015581232 0.13819627 0.010047151 0.9879936 -0.0683338
9236031.079 0.05690522 0.0132364705 0.015877742 0.13750097 0.00940528 0.9882296 -0.06638882
9286041.356999999 0.05545115 0.010077317 0.015647527 0.13352385 0.00828843 0.988909 -0.06451054
9336059.386 0.053279713 0.006997559 0.01565708 0.12933858 0.008045663 0.9896046 -0.062367473
9386085.665000001 0.050564006 0.0037549625 0.015483711 0.12331443 0.0074073505 0.9905714 -0.05922047
9436095.943 0.04752037 0.0002705966 0.0151679665 0.11601043 0.006111001 0.99162865 -0.056363676
9486106.222000001 0.04433627 -0.0032603436 0.01481753 0.10841845 0.0062034866 0.9925571 -0.055112712
9536108.751 0.040936153 -0.006753956 0.014761998 0.10110101 0.0074978033 0.993365 -0.054298904
9586126.529000001 0.037821416 -0.010164188 0.01484242 0.09399781 0.008005902 0.9940634 -0.05420685
9636136.808 0.035070866 -0.013235865 0.015108194 0.08855527 0.006796106 0.9946697 -0.052383184
9686155.087 0.0322697 -0.016160188 0.015423881 0.083897464 0.005284377 0.9951261 -0.05154868
9736157.615 0.029475367 -0.018375566 0.016114246 0.080377825 0.0040851072 0.9953638 -0.052665748
9786167.894000001 0.026797844 -0.020318141 0.016678577 0.0775003 0.0016720634 0.9955279 -0.053991985
9836186.172 0.023708703 -0.021708468 0.01718824 0.07388491 -0.0009049344 0.9957901 -0.05424309
9886211.951000001 0.02005739 -0.022858761 0.01734326 0.067313194 -0.0016159688 0.99625933 -0.054163724
9936238.48 0.015996786 -0.023486793 0.01726513 0.057464313 -0.0021606844 0.9968323 -0.05494152
9986256.259 0.011506094 -0.024314754 0.017156597 0.046876665 -0.0026702143 0.99726933 -0.057002828
10036282.538 0.007230219 -0.02526926 0.016914913 0.039097194 -0.0044693374 0.9976368 -0.05632335
10086398.318 0.002780379 -0.025712945 0.016720347 0.03376122 -0.007724979 0.9979071 -0.054607283
10136342.846 -0.0013916806 -0.02614052 0.016424142 0.027987596 -0.009493252 0.9981331 -0.053450055
10186408.625 -0.0063407207 -0.026077138 0.016192721 0.019626124 -0.010355799 0.9983607 -0.052759726
10236427.154 -0.011204677 -0.026142303 0.015965322 0.010075616 -0.011228847 0.9984918 -0.05278765
10286405.432 -0.016213594 -0.025682438 0.015851377 0.0025728676 -0.012437878 0.99865603 -0.050248932
10336376.209999999 -0.020835493 -0.025380433 0.015833966 -0.0046454873 -0.014191917 0.9986959 -0.048821557
10386385.989 -0.025013337 -0.02423989 0.015694426 -0.011851519 -0.015779043 0.99864936 -0.048062343
10436428.268 -0.029175367 -0.023078933 0.015777651 -0.017443232 -0.017926732 0.99855924 -0.04747525
10486494.047 -0.033083886 -0.021404868 0.015845861 -0.024000498 -0.0183381 0.9984962 -0.045750447
10536544.076 -0.036997948 -0.019992318 0.015567666 -0.03333482 -0.016195513 0.9983664 -0.043486856
10586569.854999999 -0.040554903 -0.018089537 0.015361803 -0.042555064 -0.014299188 0.9981051 -0.042081784
10636580.134 -0.04369275 -0.015887832 0.015346896 -0.050801102 -0.014018225 0.99776196 -0.0411565
10686598.663 -0.04625935 -0.013049689 0.015316739 -0.058163382 -0.014415649 0.99739015 -0.040275775
10736632.442 -0.04875617 -0.010041198 0.015527636 -0.065615006 -0.014181222 0.9968542 -0.042135537
10786666.721 -0.050955284 -0.006830972 0.015790742 -0.07191992 -0.014157621 0.99629134 -0.04506369
10836692.499 -0.0529166 -0.0031987145 0.016078424 -0.07878512 -0.0128912125 0.9956936 -0.04712774
10886695.028 -0.054525062 0.0004295374 0.016176444 -0.08663303 -0.011068722 0.9950305 -0.047818124
10936689.806 -0.055356693 0.0048594065 0.016173052 -0.0918895 -0.011685848 0.994481 -0.049267933
10986684.084999999 -0.055198647 0.009105393 0.016480925 -0.09023547 -0.014814169 0.99437827 -0.053385474
11036694.363 -0.054535486 0.014447291 0.017525753 -0.085929245 -0.015687391 0.99458313 -0.05634355
11086712.391999999 -0.05320226 0.018982965 0.01834366 -0.08395997 -0.012691161 0.9945291 -0.06084117
11136722.671 -0.051262554 0.023509987 0.018903047 -0.08269629 -0.010493931 0.9944387 -0.06436615
11186716.949 -0.04892344 0.027591912 0.019634034 -0.07763651 -0.01134761 0.99468344 -0.06669917
11236735.228 -0.045887213 0.031279698 0.020218398 -0.06860916 -0.013698198 0.9952391 -0.06785547
11286845.008 -0.042623516 0.03511731 0.020890027 -0.05920455 -0.01613562 0.9957333 -0.06891773
11336851.036 -0.03932967 0.038484544 0.021199 -0.054452106 -0.016802097 0.9957617 -0.07219009
11386900.816 -0.036220655 0.04184072 0.02145964 -0.05197257 -0.01582765 0.9955815 -0.076588206
11436935.095 -0.03278677 0.04510799 0.02186064 -0.04850422 -0.015373027 0.99518 -0.083832026
11486976.874 -0.02825237 0.047879335 0.022524752 -0.043712787 -0.0133095365 0.9947465 -0.09160531
11537058.902999999 -0.024111751 0.050196834 0.023207132 -0.038087808 -0.010034112 0.9942651 -0.09942669
11587179.684 -0.019407064 0.051577635 0.02400715 -0.031630673 -0.0064373477 0.9940679 -0.10386085
11637237.463000001 -0.014535125 0.052254267 0.02451899 -0.02432926 -0.0032593566 0.99416864 -0.10500567
11687208.491 -0.009369523 0.052993026 0.024733188 -0.014878067 -0.001845451 0.9941957 -0.106537275
11737115.768 -0.0042294143 0.052810855 0.024837265 -0.003970791 -0.0015126608 0.9941592 -0.107839845
11786983.044 0.0005907224 0.051736966 0.024635289 0.0046231514 -0.0014226914 0.99422836 -0.10717569
11836842.821 0.005324645 0.049906425 0.024150955 0.012412841 -0.0006708916 0.99448436 -0.10414566
11886710.097000001 0.009945098 0.047345392 0.023638379 0.021190258 -0.00040820165 0.9947124 -0.10048889
11936633.124000002 0.014221205 0.04429285 0.02315862 0.031128945 -0.001172373 0.9947133 -0.09785278
11986603.901999999 0.018437177 0.040925 0.022556368 0.039335176 -0.0020191825 0.9945495 -0.09654052
12036614.181 0.022242723 0.037293654 0.0220031 0.046171647 -0.0016238648 0.9943756 -0.095303826
12086592.458999999 0.025244845 0.033658613 0.021560425 0.052121412 -0.0015285714 0.99414843 -0.094604135
12136515.986 0.02807752 0.02986923 0.021061307 0.056186248 -0.0014570898 0.9939982 -0.093853846
12186399.262999998 0.030579088 0.025753735 0.020700574 0.0630348 -0.0019705947 0.99376905 -0.09190133
12236306.04 0.03279312 0.021602618 0.020250617 0.07029283 -0.0044742306 0.9936345 -0.08791752
12286260.818 0.03424432 0.017664414 0.019600408 0.07657775 -0.0060613803 0.9935018 -0.08398452
12336247.596 0.034951124 0.013875821 0.019025356 0.078703284 -0.006014747 0.9935726 -0.08113658
12386242.124 0.03525654 0.009893159 0.018544264 0.07827692 -0.0057844743 0.9939126 -0.07731128
12436236.402999999 0.035381738 0.0058026365 0.017709257 0.077013426 -0.004542494 0.99434274 -0.07301285
12486276.932 0.03503048 0.0021857556 0.01749123 0.076908134 -0.0019447217 0.9945842 -0.06988337
12536272.709999999 0.035195928 -0.0010672337 0.017366048 0.07886473 7.7382516e-05 0.9945422 -0.06830971
12586307.239 0.03481049 -0.004160471 0.017456096 0.08115975 0.00092845835 0.99445224 -0.066910416
12636317.268 0.033590022 -0.0066155284 0.017912216 0.08340796 0.0011531411 0.994286 -0.06661277
12686319.546 0.031853102 -0.008758159 0.018320728 0.08179687 2.8301625e-05 0.99445385 -0.06611284
12736306.074000001 0.028862607 -0.011279875 0.018316125 0.077022694 -0.0017691735 0.9949135 -0.064896144
12786308.353 0.025229992 -0.01337197 0.018238986 0.07096514 -0.003602212 0.99557054 -0.061565008
12836334.132 0.021265829 -0.01521438 0.018008914 0.06466342 -0.005669495 0.9961438 -0.05902599
12886368.411 0.017038753 -0.016354438 0.01796355 0.05761361 -0.008242145 0.99661636 -0.05803969
12936418.44 0.012432 -0.01751452 0.01787933 0.048779663 -0.010254328 0.997127 -0.057037584
12986452.218999999 0.0076381415 -0.018762732 0.018017085 0.037753515 -0.010603564 0.99768597 -0.055542935
13036470.498000002 0.0027696823 -0.020044563 0.018135127 0.025833037 -0.010531286 0.99813116 -0.054368686
13086480.776 -0.0016641602 -0.021393012 0.018213565 0.013602313 -0.011135047 0.9984102 -0.053554457
13136522.805 -0.006045016 -0.022358594 0.018495029 0.006109094 -0.014589627 0.99852043 -0.052028008
13186572.584999999 -0.009913633 -0.023574851 0.019065717 0.0027606392 -0.018627234 0.99856055 -0.050223537
13236590.863 -0.013566883 -0.024917187 0.019724889 0.00023626392 -0.022305554 0.9985357 -0.049284868
13286593.391999999 -0.017224185 -0.025445357 0.020249834 -0.0040694685 -0.025657086 0.99847066 -0.04880168
13336579.67 -0.020948311 -0.02539622 0.020947121 -0.008504254 -0.027861236 0.99838203 -0.048834495
13386581.949000001 -0.024290314 -0.025451899 0.021605724 -0.012303568 -0.02841576 0.99833155 -0.048736952
13436616.228 -0.027869113 -0.024982112 0.022237992 -0.01661793 -0.027580414 0.99831873 -0.048197377
13486658.257 -0.031171799 -0.024550127 0.022897849 -0.023481134 -0.025103452 0.99822176 -0.04870086
13536700.536 -0.034670163 -0.023634255 0.02362801 -0.03197542 -0.022941189 0.9979972 -0.049527377
13586726.315000001 -0.03848232 -0.022146633 0.024564646 -0.039386436 -0.021837784 0.99771523 -0.050359502
13636781.344 -0.04185346 -0.020743024 0.025777727 -0.04456889 -0.019761106 0.9974854 -0.051439065
13686771.122 -0.04548344 -0.018547716 0.027112264 -0.050975353 -0.017256863 0.99715596 -0.052761484
13736804.901 -0.049021143 -0.016109817 0.028011288 -0.06118076 -0.01348378 0.99651676 -0.05504039
13786823.18 -0.052688412 -0.012921868 0.02860943 -0.07302733 -0.007992301 0.99572307 -0.056025278
13836840.959 -0.055905994 -0.009653381 0.028920297 -0.081660345 -0.003740057 0.9950399 -0.056686435
13886859.237 -0.058173846 -0.005416008 0.028865706 -0.085902296 -0.0042133383 0.99467987 -0.056701556
13936885.766 -0.059522983 -0.00080446585 0.028639568 -0.08892153 -0.004256912 0.9944502 -0.05606844
13986911.545 -0.05991333 0.0036764187 0.028501937 -0.09242847 -0.0011493295 0.99407816 -0.057135254
14036905.824000001 -0.05996466 0.008419792 0.028040225 -0.09538548 0.00078366784 0.9937059 -0.058732707
14086892.602 -0.059478644 0.013025673 0.027887175 -0.096361734 0.0012582947 0.99344736 -0.061442796
14136879.129999999 -0.058243934 0.017248439 0.028188828 -0.09345011 0.0021885012 0.9935833 -0.06367533
14186881.409 -0.056409787 0.021233851 0.028548373 -0.090268046 0.0028187733 0.99375534 -0.06552962
14236891.687 -0.054090098 0.024665346 0.028748076 -0.08657185 0.0024644623 0.99395156 -0.067524105
14286909.466 -0.05101591 0.027669622 0.028909264 -0.079626665 0.0018688571 0.9943499 -0.07017351
14336927.995000001 -0.04738508 0.03055174 0.029235618 -0.06788026 0.00073099276 0.99517846 -0.070792824
14386954.273 -0.043242328 0.033019822 0.02942465 -0.054369424 -0.00015970708 0.99606293 -0.07001912
14436972.052000001 -0.039185114 0.035352387 0.029112445 -0.044012934 -0.0012467362 0.9965785 -0.06994789
14486958.83 -0.0360034 0.037578482 0.028621327 -0.037234105 -0.0016228325 0.9967456 -0.07147898
14536929.358000001 -0.03276391 0.039702892 0.028095236 -0.03453111 -0.0020651072 0.99652106 -0.07582373
14586900.136 -0.029747184 0.041686993 0.027569892 -0.03314677 -0.0024059447 0.99616444 -0.08094428
14636933.915000001 -0.026331024 0.043274052 0.027276203 -0.030239005 -0.0024440738 0.9957635 -0.08680365
14687015.945 -0.022160688 0.044727236 0.027314566 -0.023219282 -0.0021971436 0.9955079 -0.09176078
14737105.225 -0.017043008 0.045729656 0.027595043 -0.012616797 -8.71834e-05 0.9954585 -0.09435706
14787155.003999999 -0.011955792 0.04647094 0.02755082 -0.0017978799 0.0014408012 0.9954173 -0.09559921
14837131.532 -0.0071944036 0.04688071 0.027254086 0.0068768356 0.0029462518 0.99533385 -0.09620103
14886993.309 -0.0027149364 0.046669096 0.026533302 0.012512625 0.0038904743 0.99524796 -0.09648809
14936869.085 0.0012622168 0.04619209 0.025520418 0.017059164 0.0028516506 0.995148 -0.09685773
14986783.862 0.0049071773 0.0452006 0.02404425 0.01766099 0.0026765948 0.9948652 -0.09962073
15036770.639999999 0.008283498 0.043235067 0.022072412 0.016322382 0.0016851574 0.995 -0.09851804
15086812.42 0.011793644 0.040631335 0.020316342 0.024145283 0.0007761245 0.9952034 -0.09479841
15136870.449000001 0.015744513 0.037692994 0.018828578 0.034187607 0.00045578694 0.99529386 -0.090671055
15186880.727999998 0.019226698 0.03466997 0.017376019 0.042398375 -0.0007069999 0.995352 -0.08646529
15236803.505 0.02238622 0.031490173 0.015811969 0.046745084 0.0004477929 0.99541086 -0.08349867
15286655.531 0.025073795 0.028525073 0.014357224 0.048951883 0.0020396614 0.99553305 -0.08070679
15336522.807 0.027362151 0.025612695 0.013192293 0.0515771 0.0037095866 0.99540615 -0.08057761
15386461.585 0.03018351 0.02266011 0.012328414 0.055834454 0.0052491277 0.9950993 -0.0814398
15436479.864 0.033086956 0.019485034 0.012090064 0.06417155 0.006093136 0.9946391 -0.080857776
15486537.893000001 0.035864763 0.015772779 0.011967147 0.07507815 0.0066836616 0.99392194 -0.080236204
15536532.171 0.03851675 0.011771578 0.011793184 0.0836577 0.008115203 0.9934461 -0.077462785
15586462.949000001 0.040442973 0.007349624 0.011085985 0.08817447 0.01184662 0.9932678 -0.07419006
15636370.226 0.04193349 0.0021531929 0.010273006 0.09154754 0.014956831 0.9933399 -0.06834691
15686333.253 0.043042302 -0.0034710052 0.009094859 0.09327418 0.018984703 0.9936278 -0.060360324
15736391.033 0.0444267 -0.009187064 0.007961978 0.095982715 0.023973249 0.9936443 -0.053700358
15786504.313000001 0.045516428 -0.015001804 0.0066419593 0.10180105 0.0275502 0.99332845 -0.046649553
15836585.593 0.04631679 -0.02089316 0.005688623 0.10750382 0.030841108 0.9929506 -0.039253257
15886572.621 0.046659727 -0.026464196 0.0044952775 0.112695456 0.0336104 0.9925394 -0.032182127
15936503.648 0.046059847 -0.03152206 0.0037274694 0.118865415 0.031434517 0.9920826 -0.025596056
15986466.426 0.04470122 -0.035955176 0.003558551 0.1218684 0.028103204 0.99194115 -0.020275176
16036491.205000002 0.0422018 -0.039588366 0.003464662 0.12091335 0.023601288 0.9922524 -0.016068498
16086557.985 0.03893856 -0.042935997 0.0035801677 0.11578734 0.02001063 0.9929587 -0.0150294965
16136623.764 0.034501478 -0.044586264 0.0035819232 0.108145766 0.017522944 0.99386674 -0.015048384
16186642.043 0.029190343 -0.046131108 0.0040201284 0.09629541 0.013091802 0.9951211 -0.017022392
16236612.570999999 0.023464985 -0.047140688 0.004730388 0.08274986 0.008505119 0.99630785 -0.02123219
16286575.349 0.0177142 -0.048208714 0.0054775164 0.07151431 0.005362577 0.9971205 -0.024652673
16336585.626999998 0.011910846 -0.04866347 0.0060835546 0.06351685 0.0024979573 0.997652 -0.025493056
16386659.407 0.006209826 -0.04848921 0.00655156 0.056259956 0.00085398246 0.998078 -0.025971262
16436756.686999999 0.00022318581 -0.048186872 0.007004777 0.047969796 0.00015463149 0.99849355 -0.026637303
16486806.716000002 -0.0054806992 -0.047017336 0.0073722056 0.04013127 -0.0007285738 0.9988283 -0.027038667
16536784.993999999 -0.011331739 -0.045654412 0.007937067 0.03198843 -0.0034131338 0.99900424 -0.03091401
16586755.772 -0.016932579 -0.043839213 0.00858739 0.024830677 -0.0055326363 0.998991 -0.037010737
16636742.049999999 -0.022219876 -0.041918296 0.009483459 0.02020793 -0.009773924 0.9988592 -0.04214663
16686776.329000002 -0.026875883 -0.040097456 0.010442641 0.016705252 -0.0114343595 0.9986408 -0.04802871
16736818.359000001 -0.031311836 -0.038003143 0.01133494 0.013490237 -0.010842288 0.99844813 -0.05293281
16786836.637000002 -0.03546386 -0.036059733 0.012249122 0.011417769 -0.012907188 0.99827534 -0.056120023
16836822.915 -0.039274096 -0.033551678 0.01289563 0.008092948 -0.015114494 0.99816376 -0.058096893
16886801.444000002 -0.042801037 -0.031087594 0.012965939 0.004395523 -0.013571106 0.9982559 -0.057285663
16936819.722 -0.04658793 -0.028177818 0.013141403 -0.002085629 -0.013084359 0.99841017 -0.054787587
16986854.001000002 -0.049493283 -0.024643186 0.013084472 -0.013110367 -0.013274001 0.9982782 -0.05561198
17036895.779999997 -0.052378263 -0.02051627 0.012795651 -0.021662606 -0.011817227 0.99803054 -0.057673402
17086937.81 -0.05413634 -0.016308146 0.012961607 -0.028435467 -0.009893745 0.9977513 -0.05988359
17136964.088 -0.055422675 -0.0114260875 0.013232265 -0.033651423 -0.011337646 0.99752533 -0.060681615
17186966.367000002 -0.056306005 -0.006962649 0.013698549 -0.038275685 -0.013065224 0.9972962 -0.061356872
17236952.895 -0.056508094 -0.002267809 0.01390228 -0.042241473 -0.011476434 0.99715555 -0.061357934
17286931.673 -0.0561496 0.002430756 0.014206484 -0.0445762 -0.009808671 0.997022 -0.06216087
17336925.952 -0.055438846 0.0076775565 0.01463486 -0.044238668 -0.010439211 0.99679714 -0.06579845
17386951.73 -0.053987224 0.01336507 0.015098673 -0.04551203 -0.014932558 0.9962752 -0.07170409
17436978.009 -0.052281383 0.018881995 0.015898367 -0.045392454 -0.020258076 0.99576354 -0.077357374
17487039.538999997 -0.050292205 0.023543848 0.016891092 -0.0413987 -0.01987836 0.99564224 -0.081163615
17537054.316999998 -0.04718365 0.02725525 0.0180445 -0.034808848 -0.016305204 0.9958214 -0.08283835
17587135.597 -0.044040807 0.03132422 0.019087616 -0.029679563 -0.014453285 0.9958597 -0.08469808
17637217.627 -0.04090952 0.035262812 0.019710923 -0.029324831 -0.012107123 0.99546504 -0.08968192
17687259.156 -0.03836693 0.03890007 0.02008245 -0.030953268 -0.0092170965 0.99486876 -0.09588079
17737293.185 -0.035460338 0.041899823 0.02070104 -0.032126553 -0.007284056 0.9943217 -0.10118922
17787382.965 -0.03120036 0.044271916 0.021572344 -0.027662179 -0.0054147104 0.99396586 -0.106006585
17837504.244999997 -0.026278479 0.04620067 0.022507984 -0.0192353 -0.0039823586 0.99374866 -0.109898746
17887578.275 -0.021499712 0.047315963 0.023197124 -0.008494868 -0.0036585187 0.9934823 -0.11361116
17937556.553 -0.016712738 0.047951184 0.023721842 0.00032014944 -0.0034283104 0.99335736 -0.11501918
17987431.829 -0.012025681 0.048077215 0.023701442 0.007579614 -0.0034596245 0.9932889 -0.11535963
18037275.604999997 -0.0069596134 0.047720738 0.023377808 0.014870845 -0.0027390472 0.99313277 -0.11601223
18087135.632 -0.002036469 0.047039565 0.022800328 0.023919983 -0.002378907 0.9930749 -0.11499748
18137050.409 0.0029313222 0.045746144 0.021980288 0.0316354 -0.0012828155 0.99312717 -0.11267716
18187013.187 0.0076674083 0.044537812 0.021355864 0.040797416 0.00054258003 0.99288535 -0.111866176
18237031.465 0.012389147 0.04299703 0.02080721 0.04989194 0.0018177008 0.9923771 -0.11267295
18287049.244 0.01667341 0.04105938 0.020369409 0.057304587 0.0044372934 0.9917639 -0.114459634
18337020.272 0.020853113 0.038861442 0.019945655 0.06502287 0.007383753 0.9911749 -0.11528182
18386927.549 0.024468496 0.03648737 0.019457784 0.072281234 0.009767981 0.99044657 -0.1170282
18436910.077 0.027694643 0.033724084 0.018888375 0.07636292 0.014302254 0.98986626 -0.11886558
18486741.603 0.030714896 0.03061743 0.018073639 0.07732511 0.018697321 0.9898867 -0.11745452
18536736.130999997 0.03365427 0.027420709 0.017247442 0.08040426 0.021276215 0.9899324 -0.11452704
18586769.91 0.036847144 0.024161674 0.016295131 0.089657396 0.017968995 0.9896746 -0.110376425
18636812.19 0.03956366 0.02062989 0.01514451 0.09931524 0.014646015 0.9892229 -0.10658371
18686782.968 0.042041853 0.01631003 0.013789769 0.10653749 0.018811187 0.9889052 -0.101796396
18736697.995 0.043739084 0.01202767 0.012621278 0.10668703 0.02416955 0.9895481 -0.093958944
18786605.272 0.045513276 0.00705277 0.010966433 0.10428076 0.03097724 0.9901952 -0.08763242
18836559.549000002 0.0471775 0.0022246537 0.010023185 0.10628991 0.034535505 0.9903837 -0.0815476
18886562.078 0.049355417 -0.0025209147 0.009156085 0.11419089 0.039009847 0.9898142 -0.0755417
18936612.356999997 0.051384255 -0.00789239 0.008244333 0.12594678 0.044356048 0.98868376 -0.06837011
18986677.637000002 0.05270133 -0.013254653 0.0077758282 0.13658518 0.049838208 0.9874982 -0.0608937
19036711.915999997 0.052203536 -0.018147456 0.0076051997 0.13755955 0.052505672 0.98759174 -0.054618485
19086706.444000002 0.04983803 -0.02225184 0.007318971 0.12734415 0.051560603 0.98917145 -0.051623132
19136684.722 0.046295337 -0.026386457 0.006756082 0.11465517 0.049693674 0.990887 -0.050277654
19186679.5 0.0423842 -0.030295843 0.0064128684 0.10656353 0.04445341 0.9921174 -0.048695236
19236705.279 0.0382329 -0.033942875 0.0061217826 0.10118004 0.03664836 0.9930919 -0.046777103
19286739.808000002 0.033673566 -0.037489112 0.0058602416 0.097046286 0.030042645 0.9938346 -0.044410963
19336765.586999997 0.028425265 -0.04071646 0.00588696 0.08956294 0.021954479 0.9948478 -0.04212436
19386775.866 0.023094289 -0.0435292 0.0058739837 0.08234608 0.015106028 0.9956575 -0.040707853
19436778.143999998 0.017572295 -0.045700714 0.0060448186 0.076720424 0.008147458 0.9962389 -0.039442323
19486796.673 0.011709101 -0.04720375 0.0061523668 0.06808043 0.0014711554 0.9969432 -0.03830413
19536838.452 0.0056181317 -0.04829863 0.0067086793 0.05695181 -0.0052927057 0.9975714 -0.039746497
19586904.481999997 -0.0006015141 -0.048914116 0.007397793 0.045520093 -0.011476499 0.9980531 -0.041064873
19637000.511 -0.0061036865 -0.049390487 0.008300372 0.036526974 -0.01600046 0.9982742 -0.043108832
19686956.539 -0.011348192 -0.049585093 0.009416207 0.032040548 -0.019751152 0.99827445 -0.045073196
19736958.818 -0.016518177 -0.0491099 0.010580756 0.028223127 -0.02238708 0.9982845 -0.046155415
19786969.096 -0.021540921 -0.048369117 0.011798174 0.024605723 -0.024051035 0.99825233 -0.048046567
19836987.625 -0.0267375 -0.04720579 0.013005942 0.018524447 -0.023128903 0.99827874 -0.05061144
19887005.154000003 -0.031608656 -0.046014458 0.01415501 0.012907424 -0.024245529 0.9981691 -0.053889155
19937023.683000002 -0.03635796 -0.044374462 0.015382237 0.007673898 -0.022995416 0.9980881 -0.056855354
19987017.961 -0.041096207 -0.042100947 0.016467394 0.0027507877 -0.021934653 0.9980222 -0.05884753
20037028.740000002 -0.045518044 -0.039683502 0.017553575 -0.0036704675 -0.020956282 0.9978331 -0.06226226
20087055.018000003 -0.049862448 -0.037040617 0.018651048 -0.009762238 -0.01888522 0.9976482 -0.0651627
20137104.548 -0.053893887 -0.03440583 0.019727396 -0.014439902 -0.019612074 0.99749804 -0.06636731
20187146.327 -0.05786752 -0.031925805 0.020723654 -0.017875932 -0.01818327 0.99743706 -0.066853
20237164.605 -0.061431676 -0.028803078 0.021211829 -0.023147237 -0.017459193 0.9973582 -0.06660431
20287175.134 -0.06465124 -0.025403738 0.021484299 -0.02820707 -0.0165587 0.9972055 -0.067168124
20337177.413 -0.06755118 -0.021764118 0.02157482 -0.033132613 -0.015024207 0.99705964 -0.06744438
20387195.191 -0.07016766 -0.017557513 0.02127753 -0.0386268 -0.015502375 0.99684554 -0.06757728
20437205.72 -0.07252712 -0.013178554 0.020695796 -0.043935776 -0.014128384 0.9965892 -0.06841086
20487215.999 -0.07401336 -0.008144365 0.020033948 -0.04860651 -0.012879419 0.99636835 -0.06871495
20537218.277000003 -0.07478603 -0.0033255152 0.01929824 -0.052587543 -0.013396742 0.9961275 -0.069174714
20587204.555 -0.07474529 0.0008043003 0.018658726 -0.053631444 -0.01463593 0.996082 -0.06877566
20637199.584 -0.074432634 0.0053071626 0.0182724 -0.05258192 -0.015409819 0.99630374 -0.06615684
20687209.362 -0.07285388 0.008900002 0.017820373 -0.051723525 -0.016292453 0.996379 -0.06548482
20737227.641000003 -0.07060782 0.013167881 0.017586922 -0.049068365 -0.016351335 0.9965836 -0.06439051
20787246.17 -0.067601405 0.017193627 0.01735571 -0.04556921 -0.016482715 0.9967266 -0.06471392
20837288.948999997 -0.06370884 0.021285588 0.017500905 -0.03860122 -0.018086819 0.9968391 -0.06704247
20887266.727 -0.059671186 0.0250873 0.017965531 -0.031054055 -0.017910074 0.99690795 -0.069924854
20937269.005000003 -0.055391584 0.028661128 0.01841964 -0.025629964 -0.018377816 0.99686134 -0.072614424
20987295.033999998 -0.051286858 0.031922583 0.01924571 -0.02136739 -0.019858921 0.9966235 -0.07675103
21037336.813 -0.046978872 0.035097126 0.019926375 -0.018846994 -0.018982522 0.9962072 -0.082800575
21087402.593000002 -0.04219309 0.037698697 0.020648614 -0.013483883 -0.015730456 0.9957164 -0.09010965
21137468.372 -0.036902256 0.039690096 0.021781607 -0.0061280066 -0.0136449905 0.99536175 -0.09503318
21187526.152000003 -0.030793125 0.041306634 0.022738896 0.005520047 -0.0121872155 0.9949881 -0.09909451
21237560.680999998 -0.024697978 0.042024307 0.023225728 0.015268662 -0.00927293 0.9945873 -0.10235725
21287538.959 -0.01888219 0.04238211 0.02365359 0.024899751 -0.005989137 0.9940586 -0.105790764
21337446.235999998 -0.012991219 0.04188181 0.023685541 0.035309814 -0.0040541617 0.99352694 -0.107893564
21387313.512 -0.00730616 0.040701285 0.02355476 0.04594069 -0.0036592814 0.9929367 -0.109329045
21437196.788999997 -0.0017095975 0.039140906 0.023082472 0.05690385 -0.0038757154 0.9921724 -0.111089185
21487128.316 0.0037597555 0.036946904 0.022402508 0.06719781 -0.0033727188 0.9915577 -0.11084421
21537114.594 0.009053855 0.034043778 0.021685194 0.07651793 -0.0011958831 0.9910506 -0.10937206
21587100.873 0.013566462 0.030660309 0.021124884 0.08348472 0.0015630156 0.99058896 -0.10845017
21637047.65 0.017407708 0.027062247 0.020321764 0.0868001 0.0051730867 0.99030876 -0.108293936
21686947.177 0.020705573 0.02296579 0.019579997 0.09122312 0.0077401893 0.9900988 -0.10640912
21736861.954 0.023817845 0.018224308 0.018836988 0.096882865 0.0083817635 0.989912 -0.10304238
21786816.732 0.026789095 0.013300308 0.018214894 0.106791526 0.00886765 0.9892783 -0.09922395
21836803.759999998 0.028816381 0.008128613 0.017229114 0.111477375 0.0107564 0.98896796 -0.096951194
21886782.038 0.029847544 0.0025315224 0.015859269 0.11329459 0.010333542 0.9889985 -0.094549425
21936752.816 0.030471802 -0.0025858223 0.015037622 0.11280797 0.010654489 0.98931056 -0.09179008
21986760.845 0.031254012 -0.008370078 0.014208225 0.11457813 0.012336565 0.98947144 -0.08755543
22036744.373 0.031586863 -0.013932359 0.013675659 0.1169276 0.014857556 0.989608 -0.082360744
22086791.402 0.031129282 -0.019307945 0.013637903 0.11593202 0.01732018 0.98978597 -0.08113945
22136857.182 0.02969331 -0.023291457 0.014045073 0.1117344 0.01660194 0.98995405 -0.085033916
22186890.961 0.027710961 -0.026503514 0.014755892 0.1071582 0.014984497 0.9901264 -0.089120105
22236877.989 0.025774917 -0.029431695 0.01551222 0.10703322 0.013477455 0.9900045 -0.090848334
22286840.267 0.024083586 -0.03235951 0.01613804 0.11362178 0.0114443945 0.98948705 -0.08873864
