25026.994246861923 -0.0 -0.0 -0.0 -0.0 -0.0 1.0 -0.0
75023.99424686193 -0.0 -0.0 -0.0 -0.0 -0.0 1.0 -0.0
125016.99424686193 -0.0 -0.0 -0.0 -0.0 -0.0 1.0 -0.0
175037.99424686193 -0.00063508796 -0.00023271135 0.057201724 0.0012096824 -0.00014842676 0.99999887 -0.00092281756
225031.99424686193 -0.00063508796 -0.00023271135 0.057201724 0.0012096824 -0.00014842676 0.99999887 -0.00092281756
275020.9942468619 -0.00063508796 -0.00023271135 0.057201724 0.0012096824 -0.00014842676 0.99999887 -0.00092281756
325025.9942468619 -0.00062957796 -0.0003534517 0.11736312 0.0024726654 0.0004896197 0.99999666 -0.00060859154
375034.9942468619 -0.00062957796 -0.0003534517 0.11736312 0.0024726654 0.0004896197 0.99999666 -0.00060859154
424972.9942468619 -0.00062957796 -0.0003534517 0.11736312 0.0024726654 0.0004896197 0.99999666 -0.00060859154
475001.9942468619 -0.00062957796 -0.0003534517 0.11736312 0.0024726654 0.0004896197 0.99999666 -0.00060859154
525010.9942468619 -0.0012831578 -0.0004180745 0.2025178 0.0043474785 0.0004631564 0.99999046 -8.664845e-05
575023.9942468619 -0.0012831578 -0.0004180745 0.2025178 0.0043474785 0.0004631564 0.99999046 -8.664845e-05
625009.9942468619 -0.001130074 -0.00054090953 0.24750435 0.00507181 0.00058419094 0.999987 -9.042062e-05
675006.9942468619 -0.001130074 -0.00054090953 0.24750435 0.00507181 0.00058419094 0.999987 -9.042062e-05
725022.9942468619 -0.001130074 -0.00054090953 0.24750435 0.00507181 0.00058419094 0.999987 -9.042062e-05
775015.9942468619 -0.0011037573 -0.00089429243 0.31992173 0.0061232774 0.0006245372 0.9999809 0.0005913576
825013.9942468619 -0.0011037573 -0.00089429243 0.31992173 0.0061232774 0.0006245372 0.9999809 0.0005913576
875010.9942468619 -0.0011037573 -0.00089429243 0.31992173 0.0061232774 0.0006245372 0.9999809 0.0005913576
925021.9942468619 -0.00088355056 -0.0008703317 0.39675394 0.0062255114 0.00180816 0.99997663 0.0021949322
975013.9942468619 -0.00088355056 -0.0008703317 0.39675394 0.0062255114 0.00180816 0.99997663 0.0021949322
1025009.9942468619 -0.001027785 -0.0008575588 0.4497965 0.0062799 0.0024903426 0.9999736 0.0027064332
1075004.994246862 -0.0013321846 -0.0010129552 0.48011807 0.0063148583 0.0024182873 0.9999737 0.002643512
1125021.994246862 -0.0014693978 -0.0016211084 0.5012869 0.006271463 0.002511087 0.9999742 0.0024432433
1175018.994246862 -0.0019010868 -0.0017022735 0.5303942 0.0063250125 0.001976319 0.9999752 0.0023788682
1225008.994246862 -0.0023005407 -0.0017179325 0.5605365 0.006334558 0.0010964655 0.99997604 0.002578387
1275017.994246862 -0.0026087202 -0.0014567476 0.5907999 0.0061672325 0.0007307278 0.9999773 0.0026215771
1325030.994246862 -0.0025724925 -0.0016566269 0.6224553 0.0059766253 0.0005436112 0.9999792 0.002384267
1375019.994246862 -0.002176979 -0.0018845488 0.65281165 0.0057546073 0.0005148117 0.99998116 0.0020974604
1424965.994246862 -0.003176567 -0.0021483828 0.6859254 0.005840355 0.00012651431 0.9999811 0.0019163836
1474990.994246862 -0.004933344 -0.0026465806 0.71690583 0.006227409 0.00018254324 0.999979 0.0017882028
1524999.994246862 -0.004670478 -0.0025860015 0.7498275 0.005994097 0.00032546947 0.9999797 0.0021725344
1575012.994246862 -0.005012709 -0.0028946474 0.7836196 0.006088082 0.0005295316 0.99997836 0.0024283067
1625006.994246862 -0.0052702916 -0.003256467 0.8191019 0.0061693788 0.00066761335 0.9999776 0.002530612
1675003.994246862 -0.0055279094 -0.0033765815 0.8531232 0.006113589 0.00054965797 0.99997795 0.002567495
1725000.994246862 -0.005665761 -0.0036428485 0.8883071 0.0060246815 8.925942e-05 0.99997836 0.0026419607
1775013.994246862 -0.0062994557 -0.0036570297 0.9232792 0.0062656985 -0.00033300737 0.9999776 0.0023353347
1825007.994246862 -0.006276497 -0.0038485897 0.9604214 0.006289633 0.00014209484 0.9999778 0.0021824073
1875004.994246862 -0.0062872423 -0.0039142575 0.99763155 0.0062255883 8.72883e-06 0.999978 0.002316025
1925001.994246862 -0.0068676244 -0.0044022314 1.0332578 0.0062547047 -0.0001146974 0.99997795 0.0022474437
1975022.994246862 -0.00707115 -0.004199326 1.0724622 0.0062710894 -0.0005019389 0.9999774 0.0023691726
2025016.994246862 -0.006582387 -0.004251384 1.1124874 0.006201657 -0.0005840886 0.9999778 0.0023736625
2075009.994246862 -0.00737472 -0.003955462 1.1531698 0.006451323 -0.0009868445 0.99997586 0.0023993433
2125025.994246862 -0.006616929 -0.0038824996 1.191739 0.0063803694 -0.0016064194 0.9999762 0.002080637
2175021.994246862 -0.007851991 -0.004633967 1.2305156 0.0064878645 -0.0016223355 0.99997675 0.0013394718
2225015.994246862 -0.007800971 -0.0046098414 1.2708194 0.006408957 -0.00143502 0.99997795 0.0010310774
2275019.994246862 -0.008103083 -0.004017654 1.3123684 0.006319122 -0.0015554419 0.9999784 0.0008871967
2325033.994246862 -0.007886345 -0.0038286499 1.3539097 0.0062165447 -0.0016003373 0.9999792 0.0006746083
2375017.994246862 -0.0077743786 -0.004289537 1.3950866 0.0062850765 -0.0010443408 0.9999796 0.0004351305
2424963.994246862 -0.008143738 -0.00455976 1.4374337 0.006829061 -0.0012205325 0.999976 6.562792e-05
2474990.994246862 -0.008526528 -0.004998093 1.479457 0.007131787 -0.001916783 0.9999727 -0.00026096616
2524996.994246862 -0.008862402 -0.0048896153 1.5227679 0.007635588 -0.003009867 0.99996626 -0.00043502
2575011.994246862 -0.0090226745 -0.004809515 1.5663173 0.008024179 -0.0037791454 0.99996054 -0.00058417517
2625006.994246862 -0.008874282 -0.004628884 1.6099072 0.008402022 -0.0031542904 0.99995905 -0.0011754321
2675000.994246862 -0.009066372 -0.004782286 1.6541802 0.008977072 -0.0037507014 0.99995095 -0.0018789377
2725024.994246862 -0.009365245 -0.004297902 1.6987729 0.009344653 -0.004203658 0.99994475 -0.0023548184
2775022.994246862 -0.008562019 -0.003992952 1.743717 0.009907215 -0.0037471345 0.9999391 -0.0031219593
2825019.994246862 -0.00844616 -0.004005823 1.7890656 0.010663381 -0.0031799 0.9999319 -0.0035198412
2875015.994246862 -0.0075416714 -0.004300435 1.8341743 0.0111951 -0.0030156833 0.99992585 -0.003722364
2925029.994246862 -0.007249078 -0.0038506014 1.8796998 0.012124176 -0.002593416 0.9999148 -0.004095286
2975023.994246862 -0.0066245147 -0.0035176512 1.9252769 0.012909156 -0.0030170567 0.9999006 -0.0048052883
3025023.994246862 -0.006830032 -0.0024598788 1.9715085 0.013816755 -0.004566638 0.99988526 -0.0042277807
3075046.994246862 -0.0065679564 -0.0021171896 2.019986 0.014418663 -0.0073537766 0.9998626 -0.003579514
3125043.994246862 -0.006660101 -0.0022659316 2.0660777 0.015312147 -0.008659652 0.9998401 -0.0032411672
3175043.994246862 -0.005731249 -0.0022070443 2.114955 0.015849695 -0.0073758024 0.9998411 -0.0035103778
3225060.994246862 -0.0040216525 -0.0021011038 2.162634 0.015872942 -0.0070452234 0.99983954 -0.0044067535
3275050.994246862 -0.0026227771 -0.0019874533 2.2117822 0.016042627 -0.0069323205 0.99983805 -0.0043022037
3325064.994246862 -0.0017997066 -0.00153514 2.261348 0.016984778 -0.005306095 0.9998376 -0.00286881
3375056.994246862 -0.0008576788 -0.000896272 2.3102925 0.018064743 -0.0053220554 0.9998204 -0.0021535892
3425002.994246862 -0.00015464124 -0.0004983242 2.3598733 0.01922703 -0.0074899886 0.9997852 -0.0019651072
3475053.994246862 0.00082093175 -0.0006234308 2.4109554 0.020387875 -0.009005214 0.99974877 -0.0023804202
3525027.994246862 0.0014982817 0.00032254308 2.4621701 0.021384671 -0.009514636 0.9997234 -0.0023451122
3575043.994246862 0.0024717615 0.00070393074 2.5125713 0.022070015 -0.010740071 0.9996968 -0.0019696373
3625041.994246862 0.004292364 0.0012290279 2.5639234 0.022571437 -0.011023557 0.9996818 -0.0023236496
3675035.994246862 0.006154508 0.0012285063 2.6162596 0.02331687 -0.010466189 0.9996685 -0.0031190375
3725031.994246862 0.008479357 0.0025499251 2.669336 0.024133883 -0.009747055 0.999655 -0.003525382
3775054.994246862 0.010728418 0.0014645312 2.7202933 0.025424786 -0.008868339 0.9996292 -0.0040620626
3825047.994246862 0.012928179 0.0008587176 2.7708998 0.026761938 -0.009070632 0.99959207 -0.0041613714
3875042.994246862 0.015162531 0.0013242721 2.823627 0.027852438 -0.01020037 0.999552 -0.0039986707
3925063.994246862 0.017535511 0.0015838185 2.8784533 0.028936977 -0.011014294 0.9995135 -0.0037685365
3975055.994246862 0.02029894 0.0013939892 2.9324648 0.029895784 -0.011718323 0.9994773 -0.0037425521
4025053.994246862 0.022419542 0.0019461697 2.9851127 0.031141838 -0.012546735 0.9994297 -0.0036241633
4075066.994246862 0.02557248 0.0022362152 3.0397453 0.032198094 -0.011704162 0.9994058 -0.0038012154
4125063.994246862 0.029088728 0.0031278338 3.0944133 0.033276904 -0.010852804 0.9993792 -0.0040058405
4175056.994246862 0.033073712 0.0027974776 3.1500216 0.034494583 -0.010915567 0.99933404 -0.004740246
4225054.994246862 0.037106045 0.0030346098 3.2041683 0.036112413 -0.011921473 0.9992658 -0.004655766
4275055.994246862 0.0388644 0.0035003182 3.2607226 0.037923772 -0.014032613 0.999174 -0.0040255575
4325073.994246862 0.042663228 0.0036509 3.3166776 0.039460324 -0.016018448 0.99908876 -0.0028288504
4375062.994246862 0.046253767 0.002863355 3.3729558 0.04081314 -0.017514909 0.99901223 -0.0014365662
4425008.994246862 0.049274873 0.0031138305 3.4277375 0.042027466 -0.018184057 0.99895096 -0.000257747
4475033.994246862 0.054374874 0.0037547695 3.4846866 0.04286917 -0.018757924 0.99890417 0.00092660467
4525042.994246862 0.056651883 0.003770099 3.540918 0.04427388 -0.019646296 0.99882555 0.0011838841
4575055.994246862 0.06044725 0.0038897633 3.5963953 0.045762885 -0.02130266 0.998725 0.0006614605
4625049.994246862 0.06319321 0.0024833214 3.6517203 0.04732044 -0.02337706 0.99860615 -0.00027920413
4675042.994246862 0.06794473 0.0024379399 3.7105532 0.048762444 -0.025281876 0.9984903 -0.0005713788
4725039.994246862 0.07190822 0.0025219172 3.768263 0.05000043 -0.027096754 0.99838144 -0.0006326147
4775056.994246862 0.07764626 0.0027193772 3.824551 0.051054496 -0.028633527 0.99828476 -0.0010600385
4825054.994246862 0.08070826 0.003072394 3.8847365 0.052451108 -0.029992312 0.99817216 -0.0013460085
4875047.994246862 0.086348936 0.002280578 3.9416304 0.05371535 -0.030347927 0.99809337 -0.0018378616
4925071.994246862 0.09206065 0.0019338662 3.9995208 0.055152386 -0.029819751 0.99802995 -0.0023067705
4975063.994246862 0.0980647 0.0023179846 4.0586243 0.056618735 -0.029117186 0.9979675 -0.0027384546
5025063.994246862 0.10446704 0.0027973512 4.1187925 0.058040183 -0.02911467 0.9978841 -0.0033326931
5075063.994246862 0.11016632 0.0028658435 4.178784 0.05963115 -0.02953502 0.9977767 -0.0036832541
5125063.994246862 0.116662614 0.0024915356 4.236601 0.061196893 -0.02950036 0.9976823 -0.0038390637
5175087.994246862 0.123367354 0.0024367701 4.294854 0.062591895 -0.029213136 0.99760526 -0.003545081
5225079.994246862 0.131125 0.0023536198 4.3531466 0.06385012 -0.028901031 0.99753606 -0.003117219
5275075.994246862 0.13717192 0.002269579 4.413998 0.065160684 -0.02789874 0.99748135 -0.0025939893
5325095.994246862 0.1450226 0.0025916006 4.474286 0.066426925 -0.026698874 0.997432 -0.0020531574
5375082.994246862 0.15321325 0.0026116576 4.5341377 0.06780806 -0.026039394 0.9973566 -0.0019760893
5425032.994246862 0.16150203 0.0033623595 4.5955596 0.06942467 -0.026239883 0.99723846 -0.0026697228
5475083.994246862 0.16886902 0.0038646106 4.656246 0.070955455 -0.026591113 0.9971174 -0.0039085536
5525082.994246862 0.17700545 0.0036187302 4.7181144 0.07221817 -0.02665824 0.9970196 -0.005079973
5575069.994246862 0.18456976 0.003456654 4.778851 0.073430866 -0.0266912 0.99692714 -0.00564418
5625093.994246862 0.1933894 0.0045264196 4.841842 0.07445077 -0.026837373 0.9968489 -0.005407157
5675091.994246862 0.20384912 0.0048698355 4.9050217 0.075230725 -0.02642749 0.9968052 -0.0046251044
5725088.994246862 0.21162742 0.0048664697 4.966485 0.076625384 -0.02589191 0.9967167 -0.0037483166
5775108.994246862 0.2205142 0.0046569705 5.0287404 0.07780395 -0.02527833 0.99664277 -0.0032974582
5825098.994246862 0.22983022 0.0050797854 5.0919294 0.078920506 -0.02509795 0.9965588 -0.0034963612
5875118.994246862 0.238122 0.0060177855 5.154633 0.080134176 -0.024946094 0.9964617 -0.004503399
5925113.994246862 0.24795635 0.006356165 5.219049 0.08133052 -0.024547918 0.9963672 -0.005934686
5975109.994246862 0.25796354 0.0067033395 5.2837677 0.08238861 -0.023330588 0.9962994 -0.007442047
6025132.994246862 0.2684187 0.0072316993 5.348928 0.08336364 -0.022812894 0.99621814 -0.008919386
6075129.994246862 0.27754763 0.0080139935 5.413175 0.08445559 -0.022643615 0.99611986 -0.009987595
6125125.994246862 0.28764728 0.008951478 5.4783936 0.08547937 -0.023031227 0.9960192 -0.010424131
6175149.994246862 0.29834884 0.010160083 5.5450697 0.08639822 -0.023065476 0.99593955 -0.010378332
6225149.994246862 0.30850935 0.010513969 5.6100836 0.08722012 -0.02258323 0.9958832 -0.009967585
6275171.994246862 0.3195629 0.011202613 5.6751275 0.08793748 -0.02186164 0.9958446 -0.009091511
6325170.994246862 0.33041817 0.012427701 5.742098 0.088791855 -0.021202708 0.9957889 -0.0084273005
6375174.994246862 0.34240672 0.012868714 5.80912 0.089780726 -0.02060179 0.99571246 -0.008473069
6425125.994246862 0.3539925 0.014041912 5.8765707 0.09091044 -0.020016968 0.9956185 -0.008855644
6475154.994246862 0.36572552 0.0149608925 5.9444985 0.09196705 -0.019182341 0.9955341 -0.00927676
6525166.994246862 0.37849125 0.015116146 6.0133486 0.09280687 -0.018386062 0.9954667 -0.00974489
6575184.994246862 0.389876 0.015766652 6.081049 0.093870014 -0.018019717 0.9953757 -0.009538553
6625183.994246862 0.4024919 0.01671746 6.1496615 0.09474899 -0.017038925 0.995316 -0.008853459
6675203.994246862 0.4159965 0.017690295 6.2189083 0.09561157 -0.015773188 0.99526244 -0.007896212
6725202.994246862 0.4280442 0.017032206 6.2871437 0.09662039 -0.014320226 0.99519026 -0.0074717714
6775201.994246862 0.44127968 0.018064788 6.3568654 0.09747972 -0.013293276 0.9951252 -0.0068534687
6825225.994246862 0.45390645 0.018585503 6.4260163 0.0984477 -0.012057105 0.9950451 -0.006917452
6875222.994246862 0.46814546 0.01881315 6.497026 0.099206254 -0.010472487 0.99498415 -0.0074146893
6925220.994246862 0.4820636 0.01950676 6.5672207 0.099803284 -0.009078026 0.99493307 -0.008067065
6975237.994246862 0.49506947 0.02056355 6.6387887 0.10039428 -0.008159657 0.994878 -0.008506974
7025232.994246862 0.5089896 0.021079056 6.7098846 0.101147436 -0.006535763 0.994813 -0.008582838
7075255.994246862 0.52266324 0.02144557 6.779556 0.10178781 -0.0049552512 0.9947622 -0.007939161
7125253.994246862 0.53659034 0.022135323 6.850958 0.10223171 -0.0037596878 0.9947317 -0.0065842066
7175253.994246862 0.5514249 0.022666097 6.923054 0.10272015 -0.003247694 0.9946917 -0.00513966
7225256.994246862 0.5653415 0.023097668 6.9929447 0.103280865 -0.0023338937 0.9946412 -0.0040841615
7275279.994246862 0.57904834 0.022100836 7.063347 0.103772886 -0.0018764471 0.99459344 -0.0034286361
7325278.994246862 0.5945526 0.023078242 7.1374774 0.103958234 -0.0018383672 0.99457574 -0.0028991292
7375270.994246862 0.60906726 0.02321275 7.2099776 0.104236774 -0.0016017376 0.9945482 -0.0024717906
7425227.994246862 0.62340814 0.023350783 7.282994 0.104601294 -0.001472207 0.9945112 -0.0020024853
7475254.994246862 0.63846135 0.023523804 7.3553133 0.104920655 -0.0017910396 0.99447745 -0.0017290757
7525284.994246862 0.6526408 0.023026895 7.426939 0.10531392 -0.0018783616 0.99443567 -0.0018019794
7575267.994246862 0.66634035 0.023713399 7.5002885 0.105823554 -0.0022123745 0.9943811 -0.0016329758
7625263.994246862 0.6817994 0.022906354 7.5754037 0.10618345 -0.0028053406 0.99434114 -0.0017425012
7675286.994246862 0.696386 0.022906184 7.6491423 0.106527716 -0.003162528 0.99430317 -0.0017841794
7725281.994246862 0.71016705 0.022987302 7.723025 0.10704625 -0.0034457901 0.9942468 -0.0016404456
7775281.994246862 0.7260628 0.02193173 7.7971377 0.10724206 -0.0029548584 0.99422735 -0.0015965628
7825301.994246862 0.7404363 0.02176341 7.8714495 0.10750111 -0.0027020941 0.9942 -0.0016243762
7875296.994246862 0.7552694 0.021318726 7.9456215 0.107633345 -0.002389179 0.9941861 -0.0018392248
7925296.994246862 0.77099884 0.022106668 8.021165 0.10764569 -0.002048776 0.9941847 -0.002257523
7975293.994246862 0.78577846 0.020606386 8.094778 0.10762999 -0.0022921918 0.99418426 -0.00288451
8025315.994246862 0.80012846 0.020913433 8.170057 0.1075576 -0.0023182374 0.9941917 -0.0029968068
8075312.994246862 0.81538785 0.021960258 8.2460785 0.107414685 -0.0026630415 0.9942069 -0.002784249
8125330.994246862 0.8301617 0.019572096 8.322159 0.107264735 -0.0024478901 0.994223 -0.0029819862
8175330.994246862 0.84526116 0.019824104 8.397754 0.10708385 -0.0026158583 0.994243 -0.0026609374
8225331.994246862 0.8607893 0.019707358 8.474741 0.10694783 -0.002768588 0.99425733 -0.0026261918
8275338.994246862 0.8753132 0.020723639 8.552346 0.10696401 -0.0029180485 0.99425596 -0.0023058879
8325367.994246862 0.89224774 0.020148315 8.629905 0.10669051 -0.0027274415 0.99428606 -0.0022276244
8375363.994246862 0.90744036 0.0195769 8.70628 0.106527574 -0.0024938297 0.99430406 -0.0022683395
8425313.994246863 0.9226238 0.02124922 8.785703 0.10646814 -0.0025846092 0.9943106 -0.0020678858
8475347.994246863 0.9380776 0.019679774 8.861747 0.10651244 -0.0029397917 0.99430436 -0.002323984
8525362.994246863 0.953419 0.019390643 8.937786 0.106538504 -0.0030413715 0.9943009 -0.0024627633
8575384.994246863 0.9695929 0.019250553 9.017343 0.10647108 -0.0028986053 0.9943087 -0.0024139844
8625391.994246863 0.98585284 0.019198399 9.096076 0.106442295 -0.0031569167 0.99431103 -0.0023942075
8675395.994246863 1.0013753 0.019120153 9.174783 0.10651555 -0.0033777014 0.99430174 -0.002662741
8725415.994246863 1.0166681 0.019527545 9.253952 0.10666312 -0.003991566 0.9942831 -0.0028857521
8775419.994246863 1.0324278 0.019629866 9.331221 0.10654601 -0.0042401548 0.9942938 -0.003132297
8825447.994246863 1.047555 0.019975405 9.410924 0.10683874 -0.0042169606 0.9942606 -0.003684011
8875451.994246863 1.0637985 0.020147968 9.489831 0.10670852 -0.0039780736 0.99427444 -0.0039807614
8925457.994246863 1.0786746 0.020522773 9.568504 0.10692374 -0.0042312103 0.99424994 -0.0040720007
8975483.994246863 1.0946478 0.020500774 9.64785 0.10711961 -0.0046984768 0.99422586 -0.004286984
9025483.994246863 1.1101964 0.020182073 9.727493 0.107188724 -0.004952438 0.9942181 -0.0040719756
9075484.994246863 1.1265826 0.02016459 9.80669 0.107001975 -0.0047129253 0.99424106 -0.0036339476
9125508.994246863 1.1429104 0.021898538 9.888375 0.107144795 -0.005031458 0.9942264 -0.0029348477
9175510.994246863 1.1592733 0.022307854 9.968202 0.10693047 -0.0044637206 0.994253 -0.0026617548
9225508.994246863 1.1753006 0.022595515 10.048151 0.106939994 -0.00448252 0.99425155 -0.0027771753
9275510.994246863 1.1899167 0.021929197 10.126467 0.10720777 -0.0050714286 0.9942183 -0.003295873
9325525.994246863 1.2066635 0.021443237 10.207422 0.107188664 -0.0054567275 0.9942158 -0.003986936
9375516.994246863 1.2219563 0.022414133 10.288763 0.10731691 -0.0057450878 0.99419814 -0.0044974736
9425457.994246863 1.2377464 0.02247255 10.368323 0.10735104 -0.006255993 0.99418896 -0.0049894224
9475486.994246863 1.2538409 0.022489548 10.448999 0.107197225 -0.00677984 0.9942007 -0.0052752383
9525491.994246863 1.2697872 0.022462536 10.528856 0.1071884 -0.0072760815 0.9941989 -0.0051230444
9575496.994246863 1.2863294 0.022645742 10.609853 0.10729567 -0.007769531 0.9941859 -0.0046546776
9625494.994246863 1.3026154 0.022672407 10.690577 0.10710599 -0.0073193726 0.99421126 -0.0043358323
9675487.994246863 1.3176489 0.023059996 10.771088 0.107263446 -0.0074654045 0.99419445 -0.004039673
9725504.994246863 1.3337414 0.023119347 10.850564 0.10724042 -0.0076106736 0.9941951 -0.0042244084
9775501.994246863 1.3500881 0.02363482 10.930924 0.10714484 -0.0075729117 0.99420494 -0.004389155
9825491.994246863 1.364861 0.023287857 11.011143 0.10746069 -0.007122831 0.9941733 -0.004587884
9875501.994246863 1.3816602 0.023058595 11.090338 0.107443236 -0.0068552126 0.9941765 -0.004709513
9925491.994246863 1.3979706 0.023762532 11.171545 0.10732048 -0.0068300846 0.99419045 -0.0046010725
9975482.994246863 1.4144722 0.023534007 11.250719 0.107235774 -0.0067415154 0.99420047 -0.004535933
10025495.994246863 1.431108 0.02351327 11.332383 0.10742422 -0.006837006 0.99417865 -0.0046974313
10075479.994246863 1.44715 0.023045063 11.41202 0.10731451 -0.006711336 0.9941912 -0.004740183
10125466.994246863 1.4626223 0.022787463 11.492522 0.10736825 -0.0066146026 0.994186 -0.004745097
10175472.994246863 1.478363 0.022386244 11.571334 0.10754219 -0.007014205 0.99416506 -0.0046275263
10225458.994246863 1.4946314 0.022433009 11.652098 0.10742145 -0.006954679 0.99417967 -0.0043752086
10275461.994246863 1.5105243 0.022535473 11.733662 0.10752954 -0.006910482 0.9941694 -0.004104262
10325441.994246863 1.5272627 0.022259139 11.81334 0.10754221 -0.006569122 0.994171 -0.003942888
10375444.994246863 1.5433658 0.02235423 11.893583 0.10738658 -0.006153049 0.9941904 -0.003970995
10425378.994246863 1.5594939 0.021970991 11.973439 0.10739308 -0.0057929656 0.9941921 -0.0038980679
10475395.994246863 1.5764083 0.021292005 12.054275 0.10742304 -0.0050801253 0.99419266 -0.003930252
10525397.994246863 1.5929513 0.021181209 12.135515 0.10725859 -0.0042538377 0.9942136 -0.004110723
10575399.994246863 1.6088476 0.021084944 12.215976 0.10734799 -0.0039854706 0.99420434 -0.004292168
10625393.994246863 1.624948 0.020704506 12.296939 0.10707526 -0.0033763088 0.99423414 -0.004700159
10675384.994246863 1.6418091 0.020175966 12.378405 0.10677692 -0.0025464394 0.99426717 -0.0050163297
10725394.994246863 1.6585016 0.019987362 12.459262 0.10649999 -0.0019986094 0.99429816 -0.0050032693
10775386.994246863 1.6744564 0.019800507 12.539113 0.10601941 -0.0017965483 0.9943522 -0.004510836
10825384.994246863 1.6911004 0.019670326 12.621547 0.10568522 -0.0016043066 0.9943907 -0.003888635
10875381.994246863 1.7070765 0.01952005 12.702359 0.10514426 -0.001294954 0.99445075 -0.0032786266
10925398.994246863 1.72357 0.01977519 12.784596 0.10453019 -0.0009000936 0.99451685 -0.0029905601
10975392.994246863 1.7395897 0.019668553 12.866335 0.10417533 -0.00076071784 0.99455404 -0.0030509594
11025381.994246863 1.7547115 0.01995377 12.947427 0.10375036 -0.0004974402 0.9945988 -0.0029885971
11075395.994246863 1.7713258 0.01942045 13.030197 0.10306586 -0.00014956767 0.99466926 -0.0032458573
11125388.994246863 1.786369 0.019996988 13.11092 0.10292726 -7.655014e-05 0.99468285 -0.0034676362
11175380.994246863 1.8015689 0.019773288 13.192489 0.10250216 0.0004358188 0.9947256 -0.0037659914
11225378.994246863 1.8174052 0.020106545 13.274727 0.10195224 0.0007545867 0.9947804 -0.0041429996
11275379.994246863 1.8329747 0.019972742 13.355724 0.10172447 0.0008200192 0.99480206 -0.004511196
11325392.994246863 1.8498108 0.020819975 13.439008 0.10119061 0.0012459257 0.99485546 -0.00465102
11375381.994246863 1.8649402 0.020602966 13.520052 0.10107575 0.0012956336 0.9948671 -0.0046357946
11425335.994246863 1.8796492 0.020134091 13.601157 0.10101596 0.0011624111 0.9948738 -0.00453582
11475364.994246863 1.8950958 0.02017785 13.683986 0.10079038 0.0012284917 0.9948984 -0.0041428823
11525373.994246863 1.9114124 0.020861743 13.767951 0.10047228 0.00088693877 0.99493265 -0.003679156
11575382.994246863 1.9245758 0.02024749 13.847311 0.10066168 0.00015114939 0.99491453 -0.003511305
11625373.994246863 1.9399728 0.020852884 13.929843 0.100366026 -0.00042655077 0.99494493 -0.0033430601
11675365.994246863 1.9552517 0.021633321 14.014021 0.10017389 -0.0007730626 0.9949641 -0.0033310372
11725357.994246863 1.9696119 0.020111531 14.095971 0.100155964 -0.0013904062 0.99496365 -0.0037880293
11775371.994246863 1.9849126 0.020645093 14.178464 0.09987148 -0.0020105888 0.9949907 -0.0038881549
11825366.994246863 1.9995916 0.020399218 14.262038 0.09983314 -0.0025333257 0.99499345 -0.0038704777
11875352.994246863 2.014607 0.02073097 14.344303 0.09954517 -0.0026050592 0.9950224 -0.0037981689
11925372.994246863 2.0298686 0.020748354 14.427208 0.09922021 -0.0025625257 0.9950557 -0.0036108631
11975365.994246863 2.0452325 0.020764697 14.511169 0.09911553 -0.0033235506 0.99506366 -0.0036704887
12025359.994246863 2.0605307 0.02069325 14.594617 0.098666765 -0.0033718797 0.9951076 -0.0038017828
12075376.994246863 2.0756648 0.019981753 14.67573 0.098432384 -0.0032993422 0.9951301 -0.004041682
12125373.994246863 2.0904825 0.019106897 14.7582 0.09805557 -0.003227425 0.9951668 -0.004210801
12175358.994246863 2.1063533 0.019233229 14.844083 0.09766818 -0.0035754757 0.99520487 -0.0039490843
12225376.994246863 2.119838 0.018771682 14.924746 0.097898506 -0.0043922593 0.9951804 -0.0035512582
12275365.994246863 2.1350381 0.018657947 15.007523 0.09756927 -0.0043558497 0.99521345 -0.0033909061
12325378.994246863 2.1501305 0.018880118 15.091815 0.097371906 -0.0045416583 0.99523234 -0.003265678
12375367.994246863 2.1655595 0.018473364 15.175291 0.09740229 -0.0043162717 0.9952285 -0.0038007689
12425317.994246863 2.180374 0.018595256 15.258679 0.097265 -0.004030345 0.9952405 -0.0044387216
12475362.994246863 2.19475 0.018457538 15.34241 0.09726472 -0.0037603218 0.9952391 -0.0049633365
12525347.994246863 2.209987 0.0175616 15.425898 0.0973433 -0.003312581 0.99522907 -0.0057007866
12575360.994246863 2.224863 0.017898101 15.509478 0.0971882 -0.0033355048 0.9952432 -0.0058630453
12625354.994246863 2.2389963 0.017510824 15.593122 0.09717288 -0.003436256 0.9952431 -0.006081441
12675351.994246863 2.2539544 0.017455662 15.675367 0.09709374 -0.0039220625 0.9952492 -0.0060412087
12725368.994246863 2.2680304 0.017590988 15.75837 0.09704428 -0.0043113166 0.99525297 -0.0059525226
12775357.994246863 2.2824917 0.018750738 15.841628 0.09690552 -0.0049238615 0.9952656 -0.0056170826
12825351.994246863 2.2970572 0.01750287 15.925761 0.0970494 -0.005641732 0.995248 -0.005570685
12875368.994246863 2.311853 0.017989604 16.009304 0.09680666 -0.0062772855 0.99526995 -0.0051828627
12925365.994246863 2.3266962 0.0180543 16.09428 0.09659177 -0.006691612 0.9952902 -0.0047578705
12975355.994246863 2.341053 0.017041573 16.175861 0.096545234 -0.0074742227 0.99528944 -0.0047082817
13025367.994246863 2.3545232 0.017167138 16.258621 0.09648802 -0.008090172 0.9952913 -0.0044754
13075357.994246863 2.368314 0.018194238 16.343258 0.09655595 -0.008472459 0.9952819 -0.004380616
13125349.994246863 2.3826542 0.017807018 16.426325 0.09635544 -0.009119454 0.9952948 -0.004565019
13175362.994246863 2.3974023 0.017927976 16.511002 0.096129514 -0.009342448 0.9953144 -0.004589335
13225357.994246863 2.41161 0.018097928 16.594242 0.095914654 -0.00963018 0.9953329 -0.0044840826
13275357.994246863 2.4263973 0.018108375 16.677105 0.09560147 -0.00950843 0.9953648 -0.0043674354
13325341.994246863 2.4409347 0.017979376 16.760435 0.0952842 -0.009784326 0.995392 -0.004471602
13375352.994246863 2.4548724 0.018422086 16.845022 0.09540305 -0.010040188 0.99537736 -0.004630426
13425285.994246863 2.4699984 0.018020317 16.928366 0.09510551 -0.009893141 0.9954051 -0.005097684
13475308.994246863 2.4842277 0.018442906 17.012884 0.09502322 -0.010078126 0.99541086 -0.0051360736
13525316.994246863 2.4985383 0.01857261 17.095827 0.09493297 -0.01020509 0.995417 -0.005365966
13575322.994246863 2.5124736 0.018401127 17.178492 0.094878666 -0.010364494 0.9954198 -0.0054861195
13625307.994246863 2.5271525 0.018159177 17.26134 0.09458849 -0.01001361 0.9954498 -0.00570723
13675296.994246863 2.5416563 0.019094432 17.343384 0.094361596 -0.009552866 0.99547565 -0.0057410817
13725310.994246863 2.5555692 0.018812615 17.427902 0.09463129 -0.009840862 0.9954466 -0.00583902
13775297.994246863 2.569826 0.019356415 17.510355 0.09459966 -0.009855555 0.99544954 -0.0058297087
13825287.994246863 2.5844371 0.019497892 17.59366 0.0946546 -0.009345874 0.99544764 -0.006101829
13875271.994246863 2.5979095 0.019111598 17.67577 0.0953336 -0.009202512 0.9953829 -0.006301039
13925277.994246863 2.6126401 0.019580847 17.757843 0.09583392 -0.009210741 0.99533457 -0.00634411
13975267.994246863 2.627151 0.019988788 17.84212 0.0964772 -0.008645595 0.9952779 -0.0062839864
14025254.994246863 2.642146 0.019149471 17.922056 0.09738529 -0.008585695 0.9951901 -0.00625722
14075270.994246863 2.6578264 0.019873409 18.005379 0.098102726 -0.008703135 0.9951217 -0.005733989
14125257.994246863 2.673181 0.019391801 18.08757 0.09878941 -0.008730536 0.9950553 -0.0054182345
14175248.994246863 2.6874352 0.01930656 18.168736 0.09951521 -0.009120995 0.9949825 -0.004838368
14225262.994246863 2.701899 0.019216247 18.250595 0.10018391 -0.009706873 0.9949129 -0.0041494095
14275245.994246863 2.7192655 0.018857375 18.333488 0.10066524 -0.009830574 0.99486524 -0.0036368866
14325257.994246863 2.7336812 0.018631078 18.414185 0.10156789 -0.010261605 0.9947702 -0.0032969743
14375238.994246863 2.7493968 0.017359998 18.495613 0.10236238 -0.010782119 0.9946839 -0.0031143113
14425183.994246863 2.7649987 0.016663827 18.577307 0.10316816 -0.010773568 0.99460155 -0.002847644
14475227.994246863 2.7802472 0.016794514 18.658194 0.10410149 -0.011231343 0.9945005 -0.002349974
14525203.994246863 2.7971141 0.01605139 18.740223 0.10477969 -0.0111576365 0.9944312 -0.0018428325
14575211.994246863 2.8128192 0.014637798 18.820759 0.105691545 -0.010750698 0.9943399 -0.0014272619
14625204.994246863 2.8290462 0.013675682 18.901499 0.10648779 -0.010344556 0.99426 -0.00065818906
14675191.994246863 2.8453023 0.012496106 18.981424 0.10722792 -0.0097710695 0.99418646 7.068528e-05
14725181.994246863 2.8615975 0.011508752 19.0615 0.108106166 -0.009543164 0.9940934 0.0006050987
14775187.994246863 2.8782165 0.010542139 19.142284 0.10890681 -0.0091739 0.99400944 0.000717771
14825174.994246863 2.8964949 0.011100881 19.22476 0.1095208 -0.008518922 0.993948 0.000424619
14875162.994246863 2.9137712 0.010017231 19.306482 0.11016956 -0.0074810674 0.9938845 -0.0006100924
14925176.994246863 2.929507 0.008549795 19.38645 0.11130299 -0.007302505 0.9937582 -0.0017543351
14975165.994246863 2.946305 0.008161448 19.467333 0.11214231 -0.006701678 0.99366575 -0.0027746954
15025156.994246863 2.9633796 0.0079982 19.5487 0.11304547 -0.006649088 0.99356115 -0.0035766154
15075139.994246863 2.9810266 0.008421639 19.631115 0.113800704 -0.006856057 0.99347186 -0.004002805
15125151.994246863 2.9992242 0.006265374 19.71235 0.11446678 -0.0060469517 0.99339855 -0.004507456
15175143.994246863 3.0162077 0.0069434308 19.793968 0.115210414 -0.006421978 0.99331206 -0.004078528
15225135.994246863 3.034912 0.007272519 19.87571 0.11577222 -0.0062737614 0.9932486 -0.003834721
15275134.994246863 3.0520968 0.0068866257 19.957586 0.11648635 -0.006269169 0.99316627 -0.0035281107
15325143.994246863 3.0709014 0.006034922 20.03876 0.1171218 -0.0063130823 0.99309105 -0.0035707573
15375119.994246863 3.0883093 0.0054725595 20.120047 0.11772707 -0.006707885 0.99301684 -0.0035936306
15425069.994246863 3.106771 0.006200414 20.202423 0.118298255 -0.0068731885 0.9929483 -0.003463963
15475108.994246863 3.125599 0.005531227 20.284504 0.11868566 -0.0067035053 0.9929027 -0.0036089672
15525087.994246863 3.1436493 0.0061039664 20.367098 0.11901953 -0.0072119664 0.99285996 -0.003381883
15575091.994246863 3.1627512 0.005623888 20.450699 0.11929551 -0.0071838954 0.9928273 -0.003316534
15625098.994246863 3.1804857 0.004980605 20.53173 0.11966581 -0.007622547 0.9927797 -0.0032380638
15675088.994246863 3.1991692 0.005456928 20.616386 0.11996669 -0.008106817 0.9927401 -0.003070269
15725077.994246863 3.2219393 0.0048020296 20.701403 0.11981019 -0.007948387 0.99276 -0.0031647356
15775091.994246863 3.241529 0.0044951923 20.786152 0.119856566 -0.008202823 0.992752 -0.0032566842
15825080.994246863 3.259806 0.004235849 20.86848 0.11994036 -0.0083076395 0.992741 -0.0032591184
15875069.994246863 3.2782915 0.004167892 20.951431 0.119923495 -0.008266043 0.99274325 -0.0033087714
15925074.994246863 3.2967863 0.0041347593 21.034914 0.11988741 -0.008765386 0.9927436 -0.0032329927
15975062.994246863 3.3175037 0.004025642 21.117716 0.119609565 -0.008814274 0.9927765 -0.003283543
16025074.994246863 3.336457 0.0035116673 21.201157 0.119534396 -0.008479027 0.99278814 -0.0033752783
16075062.994246863 3.3548284 0.0038367063 21.285452 0.11946934 -0.008410529 0.9927971 -0.0032251528
16125049.994246863 3.3740628 0.0039199777 21.368925 0.119398035 -0.008831064 0.9928016 -0.0033342019
16175061.994246863 3.392797 0.0036718547 21.45251 0.1193101 -0.008896831 0.9928106 -0.0036089155
16225045.994246863 3.412288 0.0044361353 21.536772 0.11925225 -0.008586718 0.9928204 -0.0035804617
16275051.994246863 3.431107 0.0035421737 21.62112 0.11925 -0.008736701 0.9928185 -0.003827132
16325063.994246863 3.4507806 0.0032365173 21.704687 0.118969895 -0.008444906 0.9928554 -0.0036077667
16375047.994246863 3.4714599 0.0026424453 21.789812 0.118695006 -0.008023755 0.99289364 -0.0030583513
16424992.994246863 3.4899595 0.0026661418 21.873209 0.118680626 -0.0076287794 0.99290013 -0.0024561342
16475044.994246863 3.5079982 0.0027928613 21.956543 0.11868587 -0.0073169395 0.9929026 -0.0021687024
16525017.994246863 3.5271535 0.002272267 22.041765 0.118601516 -0.006952474 0.9929151 -0.0022550463
16575023.994246863 3.5461226 0.001882121 22.124323 0.11844257 -0.006618117 0.992935 -0.0027677396
16625021.994246863 3.565587 0.0018565878 22.210848 0.11838423 -0.0066975835 0.99294007 -0.0032168776
16675014.994246863 3.58515 0.0021906607 22.29645 0.11819623 -0.0063186716 0.99296564 -0.0029917185
16725033.994246863 3.6034887 0.001858566 22.380556 0.11809468 -0.0061306497 0.9929797 -0.0027367633
16775020.994246863 3.6236348 0.0012816377 22.466402 0.1179457 -0.005965274 0.992999 -0.0024903086
16825041.994246863 3.642378 0.00057842024 22.55204 0.11788863 -0.005853158 0.99300665 -0.0024347526
16875037.994246863 3.6615648 0.00047690608 22.636324 0.11772258 -0.0057015847 0.9930273 -0.0023698115
16925032.994246863 3.6804428 0.0014221855 22.722012 0.11774408 -0.005591962 0.99302536 -0.002395794
16975049.994246863 3.6993396 0.0014755335 22.807968 0.11751539 -0.0055847527 0.99305254 -0.0023806207
17025046.994246863 3.718099 0.0014194958 22.892578 0.11735793 -0.0053063096 0.9930728 -0.0023298524
17075058.994246863 3.7371356 0.00014014915 22.978905 0.117221154 -0.0051647993 0.9930898 -0.0022678867
17125053.994246863 3.756438 -0.00075647794 23.065327 0.11696071 -0.0051836395 0.993121 -0.0019849953
17175054.994246863 3.775084 -0.0008505024 23.149405 0.11687179 -0.005421606 0.993131 -0.0015791799
17225075.994246863 3.7946908 -0.0010094028 23.237188 0.116732426 -0.005603081 0.9931467 -0.0013136868
17275071.994246863 3.812953 -0.0017191917 23.321987 0.11651081 -0.00562035 0.99317276 -0.0012160554
17325067.994246863 3.8327894 -0.0015083533 23.410719 0.11629041 -0.0057060374 0.99319834 -0.0010730856
17375082.994246863 3.8514385 -0.0025123376 23.496416 0.11614835 -0.005935312 0.99321353 -0.0011173479
17425023.994246863 3.8701627 -0.0030033123 23.583092 0.115925245 -0.0061965464 0.9932382 -0.0008867304
17475075.994246863 3.8902543 -0.0037237406 23.67124 0.115583755 -0.0063612307 0.99327725 -0.0005639608
17525059.994246863 3.908942 -0.004430823 23.759068 0.1155311 -0.006902352 0.9932799 -0.0002346976
17575071.994246863 3.9273703 -0.0049704425 23.845175 0.11530008 -0.007400801 0.9933032 9.831589e-05
17625072.994246863 3.9458792 -0.005682703 23.932684 0.11514615 -0.007913958 0.993317 0.00042998214
17675081.994246863 3.9649177 -0.0066759065 24.02037 0.114855155 -0.008252608 0.9933478 0.00059196766
17725073.994246863 3.9840093 -0.007594213 24.107687 0.11452721 -0.008525694 0.99338335 0.0006871318
17775067.994246863 4.0024996 -0.008036397 24.19471 0.11431593 -0.008866809 0.99340457 0.000832285
17825085.994246863 4.0199122 -0.009546597 24.28181 0.114203155 -0.009458602 0.9934123 0.00049180887
17875081.994246863 4.0379276 -0.010609012 24.369574 0.114054516 -0.01015719 0.99342257 0.00020494382
17925099.994246863 4.0562186 -0.011020903 24.458683 0.11378375 -0.011229928 0.99344206 -4.725521e-05
17975085.994246863 4.076548 -0.010378379 24.548126 0.11342659 -0.011599726 0.99347824 -0.0009454979
18025081.994246863 4.0961747 -0.01051043 24.637423 0.11313563 -0.01162543 0.9935091 -0.0022037989
18075075.994246863 4.113314 -0.011041276 24.724669 0.11297552 -0.012336891 0.9935156 -0.0033437042
18125093.994246863 4.13049 -0.010665342 24.812906 0.11300281 -0.013540456 0.99349535 -0.0037640855
18175091.994246863 4.149803 -0.009557612 24.904238 0.11281434 -0.014958278 0.99350035 -0.0025054405
18225103.994246863 4.168508 -0.009540111 24.99341 0.11244293 -0.016264668 0.9935248 -0.0007728025
18275107.994246863 4.186496 -0.010344811 25.082567 0.11208124 -0.017328812 0.9935479 0.00022983819
18325094.994246863 4.205188 -0.01078555 25.171059 0.11169463 -0.018119747 0.99357724 0.0006630427
18375107.994246863 4.222208 -0.012615666 25.258423 0.11141101 -0.018664058 0.9935992 7.3006736e-06
18425041.994246863 4.2406807 -0.013401002 25.348866 0.111210965 -0.019107249 0.993613 -0.0005492028
18475070.994246863 4.259414 -0.013906904 25.439314 0.1109151 -0.019287093 0.9936418 -0.0013625362
18525071.994246863 4.277626 -0.015163623 25.529001 0.110757545 -0.018881822 0.9936654 -0.0023328452
18575080.994246863 4.2949524 -0.015663348 25.61914 0.11059391 -0.019283833 0.9936743 -0.0029352421
18625074.994246863 4.3128242 -0.016243912 25.708126 0.11029656 -0.019951131 0.993694 -0.0030038734
18675091.994246863 4.331527 -0.016546048 25.798101 0.10999841 -0.020216396 0.9937224 -0.0027500733
18725084.994246863 4.34976 -0.016233057 25.889488 0.109704554 -0.020215867 0.9937555 -0.0025148217
18775078.994246863 4.368235 -0.016681239 25.97873 0.10921998 -0.020561513 0.993801 -0.0027897053
18825089.994246863 4.3861904 -0.017240286 26.068947 0.10919452 -0.020306038 0.9938067 -0.0035374102
18875081.994246863 4.4045057 -0.017408274 26.16187 0.10924725 -0.018763252 0.9938276 -0.004449538
18925078.994246863 4.4234643 -0.017499566 26.252003 0.10913075 -0.017232042 0.9938629 -0.0054873414
18975096.994246863 4.4424815 -0.01724685 26.34337 0.109219514 -0.016105516 0.9938663 -0.006438832
19025092.994246863 4.4620833 -0.016819 26.434843 0.10928807 -0.01425953 0.9938834 -0.0069768573
19075087.994246863 4.48064 -0.01629787 26.5248 0.10921559 -0.012667813 0.99391323 -0.0069326665
19125103.994246863 4.5002728 -0.016191583 26.616846 0.109093495 -0.011866719 0.99394 -0.0064179203
19175099.994246863 4.5193195 -0.01597068 26.708124 0.10886386 -0.011238961 0.99397635 -0.005781728
19225117.994246863 4.538685 -0.015915599 26.799213 0.108756386 -0.011242181 0.9939919 -0.0050821765
19275119.994246863 4.557223 -0.015318476 26.891054 0.1088357 -0.010302072 0.99399567 -0.0046092356
19325107.994246863 4.5763865 -0.014587443 26.984015 0.1088544 -0.010052989 0.993999 -0.0039691455
19375123.994246863 4.595039 -0.014654797 27.074245 0.108914025 -0.009720422 0.9939976 -0.003481332
19425053.994246863 4.613274 -0.014820553 27.16541 0.10901457 -0.010238532 0.9939834 -0.0028438936
19475079.994246863 4.6321225 -0.014973119 27.25642 0.109014474 -0.010071581 0.9939882 -0.001390635
19525083.994246863 4.650185 -0.0168848 27.34823 0.10912069 -0.010094578 0.9939771 -0.00055675075
19575094.994246863 4.668218 -0.017105531 27.439222 0.10896694 -0.010276885 0.9939922 0.00042969684
19625088.994246863 4.6872597 -0.019046105 27.530983 0.10882703 -0.009714514 0.99401295 0.0008055201
19675094.994246863 4.7065406 -0.019766986 27.6247 0.10888949 -0.009813257 0.99400526 0.00060274807
19725086.994246863 4.72431 -0.020773396 27.717228 0.10898956 -0.009908836 0.9939935 -4.8905917e-05
19775076.994246863 4.7443047 -0.02131692 27.809689 0.108936906 -0.010217411 0.99399585 -0.00087885297
19825068.994246863 4.761711 -0.02286863 27.899801 0.10903723 -0.009951062 0.9939857 -0.0020676283
19875082.994246863 4.780326 -0.023569785 27.992085 0.10895244 -0.009643561 0.99399555 -0.0030537792
19925072.994246863 4.8003373 -0.023007538 28.085377 0.108878665 -0.009785205 0.99400055 -0.0035508552
19975081.994246863 4.818049 -0.023478813 28.175829 0.10897814 -0.009534011 0.99399066 -0.003934821
20025075.994246863 4.8366203 -0.023168713 28.268038 0.10911924 -0.009225898 0.99397767 -0.0040472476
20075068.994246863 4.8548098 -0.023515366 28.359041 0.109114245 -0.009088216 0.99397916 -0.0041145626
20125089.994246863 4.873294 -0.02278762 28.449902 0.10908906 -0.008805317 0.99398553 -0.0038542568
20175082.994246863 4.892738 -0.023516096 28.540897 0.10902519 -0.008629118 0.99399406 -0.0038673924
20225076.994246863 4.911526 -0.023704238 28.632423 0.10899257 -0.008504937 0.9939991 -0.003753374
20275085.994246863 4.929485 -0.023922605 28.723856 0.109071255 -0.008635662 0.9939896 -0.0037056457
20325074.994246863 4.9478855 -0.024228169 28.814884 0.10905598 -0.008861852 0.99398965 -0.0035899426
20375079.994246863 4.966158 -0.02427902 28.905668 0.10902037 -0.008976257 0.9939935 -0.0032951834
20425025.994246863 4.9849935 -0.024219688 28.996964 0.10892343 -0.009396133 0.99400115 -0.0030144812
20475074.994246863 5.00194 -0.025438685 29.08803 0.10910925 -0.009899099 0.99397534 -0.0031908976
20525078.994246863 5.0201025 -0.026074499 29.1795 0.10906533 -0.010474931 0.9939735 -0.003438824
20575057.994246863 5.038653 -0.026811272 29.270136 0.10896256 -0.010664207 0.99398226 -0.0035810552
20625055.994246863 5.05737 -0.026686557 29.362236 0.10902504 -0.010965628 0.9939721 -0.0035656055
20675071.994246863 5.075417 -0.027039018 29.453373 0.10893879 -0.011348193 0.99397784 -0.003419996
20725065.994246863 5.094533 -0.02689889 29.544447 0.10878093 -0.011618816 0.9939926 -0.0032350842
20775057.994246863 5.113886 -0.027790122 29.635765 0.10869766 -0.011540572 0.99400157 -0.003551282
20825067.994246863 5.132061 -0.028025497 29.727543 0.10859655 -0.011714385 0.9940093 -0.0038777476
20875061.994246863 5.150491 -0.027680695 29.818378 0.10847944 -0.01182469 0.9940196 -0.0041653467
20925057.994246863 5.1689777 -0.02841727 29.909548 0.10844014 -0.011586033 0.994026 -0.0043326174
20975075.994246863 5.187616 -0.028732866 30.000523 0.10825369 -0.011534976 0.9940479 -0.0041204155
21025069.994246863 5.2055907 -0.027371217 30.090239 0.10817844 -0.011298101 0.994061 -0.0035351394
21075061.994246863 5.2242527 -0.028993584 30.182173 0.10813049 -0.010841146 0.9940711 -0.0035845777
21125075.994246863 5.2420297 -0.02949461 30.272675 0.10801999 -0.010685391 0.99408466 -0.0036342805
21175067.994246863 5.2599163 -0.029279146 30.3638 0.107912146 -0.010804396 0.994095 -0.0036573834
21225085.994246863 5.278255 -0.030111656 30.45409 0.107829176 -0.010877279 0.99410254 -0.0038326608
21275071.994246863 5.296457 -0.029770032 30.544193 0.10768794 -0.0108391 0.9941193 -0.0035813353
21325067.994246863 5.3141313 -0.03059347 30.634804 0.10759637 -0.010522833 0.99413323 -0.0033906428
21375073.994246863 5.332316 -0.0315168 30.724411 0.10747013 -0.010338898 0.99414945 -0.0032122175
21425023.994246863 5.3505273 -0.031878043 30.815525 0.10741237 -0.010150443 0.99415785 -0.0031255416
21475067.994246863 5.368655 -0.03228164 30.905378 0.10728019 -0.009890857 0.9941745 -0.0032128594
21525049.994246863 5.386484 -0.03282683 30.995329 0.107320234 -0.00967883 0.9941715 -0.003432369
21575061.994246863 5.404335 -0.03319243 31.086079 0.1072625 -0.009721798 0.9941767 -0.003612096
21625055.994246863 5.4217715 -0.03323577 31.175615 0.10724785 -0.009192434 0.9941838 -0.003463595
21675077.994246863 5.4398665 -0.033339806 31.26514 0.107241325 -0.008922715 0.99418736 -0.003349659
21725065.994246863 5.4574666 -0.033777542 31.354778 0.10713722 -0.008703771 0.9942005 -0.0033571753
21775055.994246863 5.475438 -0.03471502 31.44392 0.10701971 -0.008715746 0.99421257 -0.0034997843
21825073.994246863 5.493472 -0.034985468 31.534132 0.106847346 -0.00876002 0.9942305 -0.0035640765
21875065.994246863 5.511049 -0.035072964 31.62348 0.106722355 -0.00892454 0.9942419 -0.003710649
21925059.994246863 5.5291986 -0.035593577 31.714243 0.10672143 -0.009135112 0.9942392 -0.0039444612
21975067.994246863 5.54684 -0.03598819 31.803688 0.106615 -0.009073593 0.99425054 -0.004097704
22025061.994246863 5.565001 -0.036634903 31.893736 0.10646201 -0.009009001 0.99426776 -0.0040519782
22075079.994246863 5.5829687 -0.03660693 31.983284 0.106504925 -0.009120688 0.9942633 -0.0037459806
22125071.994246863 5.601062 -0.03666988 32.073498 0.10634493 -0.009494979 0.99427885 -0.0031964972
22175065.994246863 5.618841 -0.036262937 32.161915 0.10620064 -0.009966822 0.994291 -0.0027424325
22225083.994246863 5.6358485 -0.03678034 32.253143 0.1063335 -0.010185376 0.9942755 -0.0024044865
22275087.994246863 5.653584 -0.037085388 32.342937 0.10613747 -0.010554154 0.99429303 -0.0022158066
22325073.994246863 5.6708307 -0.03808069 32.432682 0.10596943 -0.011265931 0.99430317 -0.0022026538
22375081.994246863 5.6885333 -0.038388167 32.523354 0.10578412 -0.011702806 0.99431765 -0.002286406
22425023.994246863 5.7058406 -0.038306434 32.61485 0.10578058 -0.01258764 0.99430746 -0.0021949282
22475049.994246863 5.723194 -0.03908315 32.70404 0.10555038 -0.013153915 0.9943245 -0.0022278216
22525057.994246863 5.740113 -0.039956976 32.792854 0.10523422 -0.013545302 0.994353 -0.0021344498
22575063.994246863 5.75758 -0.04011949 32.88406 0.10510985 -0.014086416 0.9943596 -0.0015827541
22625057.994246863 5.7744246 -0.04042481 32.974438 0.10502134 -0.015548081 0.9943477 -0.0012280175
22675073.994246863 5.79108 -0.041718833 33.06366 0.104921326 -0.016121453 0.9943494 -0.000996292
22725067.994246863 5.8087254 -0.04244233 33.154434 0.104753144 -0.016246764 0.99436545 -0.00058601535
22775063.994246863 5.8259387 -0.04323882 33.244087 0.104690045 -0.01611238 0.9943744 -2.1236121e-05
22825057.994246863 5.842946 -0.044958606 33.332497 0.10466363 -0.015278631 0.9943899 -0.00095809915
22875067.994246863 5.8612366 -0.045819975 33.42465 0.10468578 -0.013723959 0.9944088 -0.0019610415
22925059.994246863 5.879067 -0.046769742 33.515682 0.10463749 -0.012552454 0.99442595 -0.0032429106
22975081.994246863 5.8960667 -0.04714133 33.605 0.10476104 -0.012962299 0.9944012 -0.0048393854
23025075.994246863 5.9143662 -0.046280183 33.69642 0.104994796 -0.012960658 0.9943718 -0.0057425024
23075067.994246863 5.931918 -0.046475615 33.785797 0.10490848 -0.012421906 0.9943861 -0.0060312673
23125085.994246863 5.9504275 -0.04604649 33.87539 0.1045091 -0.0120569095 0.99443513 -0.0055857906
23175073.994246863 5.9679904 -0.046663094 33.965904 0.10474601 -0.011883827 0.9944154 -0.005026391
23225067.994246863 5.986049 -0.046351414 34.05526 0.1047926 -0.011476235 0.9944183 -0.0043621007
23275085.994246863 6.0039325 -0.046215925 34.145237 0.104806386 -0.011451966 0.99441797 -0.0041789613
23325069.994246863 6.0208726 -0.046125196 34.236042 0.10516622 -0.011731822 0.9943757 -0.0044203117
23375075.994246863 6.038622 -0.046277322 34.32704 0.105223775 -0.01131487 0.9943706 -0.005208937
23425025.994246863 6.0557084 -0.04646807 34.41529 0.10530899 -0.0106417 0.99436516 -0.005891882
23475049.994246863 6.073512 -0.046479758 34.507156 0.10543418 -0.009982437 0.9943567 -0.0062376666
23525059.994246863 6.091499 -0.046163898 34.59822 0.105446436 -0.009585033 0.9943577 -0.00648323
23575067.994246863 6.109834 -0.045947455 34.68681 0.10533095 -0.009290263 0.9943744 -0.006223158
23625065.994246863 6.1284065 -0.044563286 34.776863 0.10543113 -0.009117411 0.9943685 -0.0056958483
23675059.994246863 6.146317 -0.04464458 34.86595 0.10531759 -0.008860681 0.99438727 -0.004861295
23725071.994246863 6.1632547 -0.045645587 34.95401 0.10539811 -0.008237451 0.9943877 -0.004073567
23775065.994246863 6.1814995 -0.045098074 35.044632 0.105520785 -0.007675357 0.9943827 -0.0031076458
23825059.994246863 6.1993747 -0.044836342 35.134747 0.10550943 -0.007533913 0.9943864 -0.0026288878
23875075.994246863 6.2154326 -0.045004766 35.222492 0.105859965 -0.00781259 0.9943474 -0.0024282027
23925073.994246863 6.2332487 -0.04620575 35.31282 0.10581525 -0.008051058 0.99434936 -0.002768209
23975065.994246863 6.2510533 -0.04619649 35.402122 0.10580558 -0.0080128545 0.9943501 -0.0030097337
24025075.994246863 6.2684493 -0.046606597 35.492825 0.1058869 -0.008024556 0.9943416 -0.0029142704
24075069.994246863 6.2864237 -0.046960182 35.582027 0.105846524 -0.008405281 0.9943425 -0.0029735565
24125065.994246863 6.3035483 -0.046678722 35.671535 0.10589914 -0.008804052 0.99433374 -0.0029014996
24175083.994246863 6.32076 -0.046980795 35.760525 0.10610187 -0.008775051 0.9943122 -0.00293089
24225077.994246863 6.3384557 -0.047081005 35.85045 0.10612095 -0.0085404115 0.99431187 -0.0030524547
24275085.994246863 6.356049 -0.04632383 35.939262 0.106213376 -0.008101456 0.99430555 -0.0031023498
24325071.994246863 6.373841 -0.04782315 36.02896 0.106381975 -0.0076887095 0.99428934 -0.0035284986
24375079.994246863 6.392017 -0.048077412 36.1193 0.10641816 -0.00807085 0.9942824 -0.0035344486
24425021.994246863 6.4101796 -0.04766487 36.21021 0.106530294 -0.008123585 0.99427056 -0.0033671814
24475052.994246863 6.4276247 -0.04867231 36.298622 0.1066371 -0.007740937 0.994263 -0.0031332443
24525055.994246863 6.4448586 -0.048808184 36.38755 0.106608786 -0.0076485807 0.9942681 -0.002648068
24575061.994246863 6.4632845 -0.04855296 36.479122 0.106618166 -0.008067274 0.9942651 -0.0021165635
24625059.994246863 6.480568 -0.049972188 36.567383 0.10674244 -0.008131166 0.9942515 -0.0019989314
24675051.994246863 6.4987617 -0.05100526 36.65726 0.106800936 -0.008319568 0.994244 -0.0018356622
24725069.994246863 6.5159116 -0.05102884 36.747425 0.10688559 -0.0080609415 0.9942372 -0.0017228003
24775061.994246863 6.5342865 -0.052481048 36.836826 0.1069223 -0.00816666 0.9942314 -0.0022251275
24825061.994246863 6.552362 -0.05260269 36.927933 0.10696351 -0.008241461 0.99422497 -0.0027432519
24875071.994246863 6.56973 -0.051881406 37.01697 0.10715877 -0.0076790876 0.9942057 -0.0036137996
24925069.994246863 6.5883617 -0.05294869 37.10684 0.10726804 -0.0076022595 0.99419165 -0.004323898
24975065.994246863 6.606669 -0.0529548 37.19693 0.10722722 -0.007658914 0.99419546 -0.0043705883
25025085.994246863 6.624649 -0.05242137 37.287228 0.107235946 -0.007763089 0.99419576 -0.0038856743
25075085.994246863 6.6425414 -0.052966163 37.375847 0.10723811 -0.007837248 0.9941992 -0.0025554076
25125081.994246863 6.6606984 -0.053150192 37.466373 0.10713991 -0.0077700582 0.99421155 -0.0020149937
25175097.994246863 6.6783853 -0.053389065 37.555035 0.10720729 -0.008305422 0.9942 -0.002030672
25225089.994246863 6.69588 -0.05389271 37.643665 0.10729512 -0.008496488 0.99418867 -0.002112117
25275102.994246863 6.713281 -0.054751292 37.733597 0.107441075 -0.008442867 0.994173 -0.0022876468
25325091.994246863 6.732304 -0.05479949 37.82334 0.10737951 -0.008240455 0.994181 -0.002448529
25375097.994246863 6.7500753 -0.054945845 37.912655 0.10737121 -0.008402999 0.99418014 -0.0025947788
25425043.994246863 6.768037 -0.055315033 38.002495 0.10741897 -0.008583636 0.99417263 -0.0028918772
25475070.994246863 6.786774 -0.055363074 38.092052 0.1074901 -0.007882193 0.9941703 -0.0030413982
25525077.994246863 6.8041496 -0.055880006 38.1807 0.10756286 -0.007877209 0.9941624 -0.0030496488
25575093.994246863 6.822711 -0.055989 38.271076 0.10750089 -0.007753994 0.9941712 -0.002649348
25625094.994246863 6.84039 -0.05621022 38.35986 0.10764717 -0.007829484 0.9941555 -0.0023678401
25675089.994246863 6.859066 -0.05643508 38.44964 0.10755158 -0.007404273 0.99416924 -0.0023544817
25725107.994246863 6.8770375 -0.057091296 38.53818 0.10746916 -0.0073368284 0.99417806 -0.0025739705
25775094.994246863 6.8944225 -0.058086555 38.627502 0.10766113 -0.0072255703 0.99415743 -0.0028015252
25825089.994246863 6.912084 -0.058327973 38.716366 0.10766956 -0.007296881 0.9941552 -0.00309373
25875108.994246863 6.929323 -0.05836621 38.803165 0.10769376 -0.0072878106 0.9941529 -0.0029977367
25925099.994246863 6.9474525 -0.058947854 38.893486 0.10784557 -0.0068720053 0.99413896 -0.0031560648
25975093.994246863 6.965812 -0.059332397 38.98299 0.10780595 -0.0062513943 0.9941471 -0.003209934
26025103.994246863 6.984992 -0.059387404 39.071167 0.10772992 -0.005816316 0.99415827 -0.0031407084
26075095.994246863 7.0032697 -0.05961052 39.16126 0.10778817 -0.0054834587 0.9941536 -0.0032151255
26125113.994246863 7.021971 -0.059753366 39.25089 0.10767798 -0.004980753 0.99416864 -0.0030654396
26175105.994246863 7.040627 -0.06012637 39.340584 0.10763327 -0.00470521 0.9941759 -0.0026980315
26225099.994246863 7.0578675 -0.061415263 39.428165 0.10767845 -0.003780157 0.9941756 -0.0024478736
26275105.994246863 7.0756354 -0.062325664 39.516697 0.107621156 -0.0031931808 0.994184 -0.0023639887
26325109.994246863 7.0939937 -0.06268592 39.606255 0.10761392 -0.0027250212 0.99418575 -0.0025738296
26375123.994246863 7.111342 -0.06265658 39.69396 0.10768766 -0.0025809782 0.9941768 -0.003031998
26425057.994246863 7.1292048 -0.062828235 39.784153 0.10760289 -0.003374898 0.9941815 -0.0036662412
26475085.994246863 7.146495 -0.06318972 39.87165 0.10757913 -0.0042816624 0.9941786 -0.0041619204
26525091.994246863 7.1641607 -0.06274895 39.961124 0.10740457 -0.0050283973 0.9941958 -0.003694288
26575103.994246863 7.1821437 -0.063221864 40.050415 0.107116334 -0.0052822507 0.9942278 -0.003042952
26625093.994246863 7.199594 -0.06316127 40.13954 0.107328534 -0.005968611 0.99420244 -0.0025569343
26675091.994246863 7.217358 -0.06377277 40.228333 0.10729497 -0.0062724156 0.99420494 -0.0022396748
26725106.994246863 7.2351065 -0.063903965 40.318504 0.10731661 -0.0066871117 0.9942004 -0.0020019377
26775097.994246863 7.2512827 -0.064378485 40.40577 0.107410744 -0.007583226 0.99418306 -0.0023447338
26825092.994246863 7.268904 -0.064739384 40.49476 0.10734202 -0.007636956 0.99419075 -0.0020412055
26875105.994246863 7.287049 -0.06560181 40.58387 0.10724432 -0.007066212 0.99420637 -0.0015710038
26925091.994246863 7.304298 -0.0663975 40.67227 0.10735003 -0.0066529326 0.9941988 -0.000706718
26975086.994246863 7.322095 -0.06729865 40.761368 0.10729721 -0.0069151022 0.9942029 0.00040685703
27025077.994246863 7.339496 -0.0672347 40.849045 0.10734945 -0.0068789897 0.994197 0.0010834541
27075095.994246863 7.357143 -0.069206156 40.938263 0.10745781 -0.00682654 0.99418575 0.000985141
27125085.994246863 7.374688 -0.06968969 41.027008 0.10732804 -0.0072367988 0.9941973 4.9352442e-05
27175069.994246863 7.392941 -0.07072357 41.117653 0.10750734 -0.0076732314 0.9941739 -0.0012813229
27225083.994246863 7.410214 -0.07111764 41.205444 0.10769102 -0.008107128 0.99414897 -0.002214889
27275069.994246863 7.4275675 -0.07184664 41.293346 0.10795237 -0.008756132 0.9941134 -0.0028697983
27325080.994246863 7.4449615 -0.07216158 41.38171 0.10820513 -0.009187908 0.99408144 -0.0030634024
27375069.994246863 7.4632225 -0.07260752 41.47157 0.10829344 -0.009194861 0.9940717 -0.003064483
27425015.994246863 7.481111 -0.072520435 41.56039 0.10856822 -0.0095234085 0.9940383 -0.0031803325
27475040.994246863 7.4989634 -0.072641924 41.6489 0.1087256 -0.009434613 0.9940218 -0.0032527107
27525043.994246863 7.516909 -0.07360129 41.737904 0.10887089 -0.009942186 0.994 -0.0035195416
27575053.994246863 7.5348067 -0.07327559 41.8266 0.10905262 -0.010240742 0.99397665 -0.0036165097
27625048.994246863 7.5528364 -0.07318151 41.914948 0.10908263 -0.009794519 0.9939782 -0.00352836
27675038.994246863 7.5708804 -0.07295879 42.00328 0.109185934 -0.009434644 0.9939707 -0.0034254522
27725033.994246863 7.590051 -0.07406271 42.092648 0.10921028 -0.009212326 0.9939697 -0.0035476324
27775043.994246863 7.6081986 -0.074338496 42.180874 0.10937028 -0.00952466 0.99394953 -0.003446637
27825038.994246863 7.6263394 -0.07413609 42.267822 0.10947931 -0.010386505 0.9939298 -0.003162302
27875029.994246863 7.6441345 -0.07468815 42.357647 0.10966405 -0.010500265 0.9939086 -0.0030513613
27925043.994246863 7.6626487 -0.07528335 42.444775 0.10962614 -0.009909251 0.99391973 -0.0027508822
27975037.994246863 7.68165 -0.07524393 42.534798 0.109672874 -0.009579464 0.9939182 -0.0025987905
28025031.994246863 7.6999826 -0.075466044 42.62317 0.1098037 -0.009285381 0.9939056 -0.0029294828
28075044.994246863 7.717933 -0.075394176 42.71176 0.11011539 -0.008622004 0.9938761 -0.0032600441
28125037.994246863 7.735883 -0.076497585 42.799854 0.110327765 -0.008408512 0.99385303 -0.0036451598
28175034.994246863 7.7544737 -0.076466754 42.888714 0.11042931 -0.008330939 0.99384224 -0.003695265
28225052.994246863 7.773515 -0.076783285 42.97755 0.11041003 -0.007455734 0.9938509 -0.0038026602
28275036.994246863 7.791324 -0.07697847 43.065784 0.110688426 -0.0073596193 0.9938215 -0.0035664812
28325050.994246863 7.8095665 -0.077207625 43.154514 0.11079632 -0.0076939575 0.9938074 -0.0034630846
28375058.994246863 7.8279147 -0.077691734 43.243458 0.11089179 -0.007955861 0.99379504 -0.003345564
28424992.994246863 7.8460336 -0.07734739 43.331715 0.111018546 -0.0088464245 0.99377537 -0.0026801722
28475045.994246863 7.864826 -0.077977285 43.420856 0.11104351 -0.009474838 0.9937689 -0.0017761122
28525025.994246863 7.883596 -0.0782159 43.509644 0.11104734 -0.009582102 0.99376863 -0.0008101034
28575040.994246863 7.9022074 -0.077407695 43.59849 0.111125104 -0.009503784 0.99376106 -0.00014365099
28625027.994246863 7.9201775 -0.07925722 43.686172 0.111421436 -0.010170661 0.99372095 -0.0007537539
28675050.994246863 7.938706 -0.079433665 43.775368 0.111571334 -0.011523405 0.9936881 -0.0017273141
28725048.994246863 7.956986 -0.07968791 43.8644 0.11192797 -0.012701383 0.9936313 -0.0027928548
28775045.994246863 7.9747806 -0.08087045 43.951855 0.11233536 -0.012738338 0.9935844 -0.002920766
28825067.994246863 7.993084 -0.081146434 44.039795 0.11255511 -0.013562247 0.99354994 -0.0024336863
28875067.994246863 8.011003 -0.08176845 44.128647 0.112906426 -0.015290817 0.9934857 -0.0021398275
28925055.994246863 8.0298 -0.08218476 44.21773 0.113407455 -0.016154528 0.9934156 -0.0018396741
28975078.994246863 8.04791 -0.0826443 44.305992 0.11392999 -0.016307548 0.99335384 -0.0014708115
29025075.994246863 8.06662 -0.08283443 44.39356 0.11431705 -0.016482608 0.9933061 -0.0017051417
29075068.994246863 8.086857 -0.08384511 44.482746 0.114798635 -0.016076112 0.9932556 -0.002483308
29125064.994246863 8.106435 -0.08422498 44.5718 0.115368485 -0.016123643 0.9931881 -0.0027794302
29175082.994246863 8.125349 -0.08434422 44.66001 0.116050474 -0.016536832 0.99310213 -0.0026593
29225076.994246863 8.144254 -0.08497241 44.749107 0.11674722 -0.017060587 0.99301183 -0.002573475
29275079.994246863 8.164084 -0.08557988 44.837574 0.117256604 -0.016869277 0.9929561 -0.002141737
29325091.994246863 8.183691 -0.08624031 44.924362 0.117745824 -0.017039027 0.9928952 -0.0022131216
29375089.994246863 8.202994 -0.08659656 45.01337 0.11837972 -0.01747226 0.9928105 -0.0028826275
29425031.994246863 8.223145 -0.08672874 45.101406 0.11898158 -0.017333802 0.99273705 -0.0040223603
29475083.994246863 8.243596 -0.086072035 45.191284 0.11963948 -0.017058987 0.99265856 -0.0049509434
29525061.994246863 8.262833 -0.087154455 45.278435 0.12011985 -0.016896456 0.99259907 -0.0057262187
29575073.994246863 8.281863 -0.08755027 45.365906 0.12057989 -0.017886346 0.99252623 -0.00568523
29625071.994246863 8.302927 -0.08692148 45.455666 0.12086111 -0.017337266 0.9925069 -0.0046922388
29675069.994246863 8.323609 -0.08700976 45.54284 0.12098262 -0.016582804 0.99250853 -0.0038685827
29725061.994246863 8.343225 -0.0870323 45.63132 0.1208948 -0.018908288 0.99247855 -0.003652604
29775075.994246863 8.362821 -0.085972965 45.720608 0.12102246 -0.021539262 0.9924098 -0.00352174
29825069.994246863 8.383536 -0.08750896 45.807636 0.12146736 -0.020450007 0.9923773 -0.0038490635
29875065.994246863 8.40448 -0.08768311 45.895954 0.12146972 -0.018304376 0.9924171 -0.0042931642
29925083.994246863 8.424649 -0.08825738 45.983173 0.121566795 -0.01831391 0.9924018 -0.0049884655
29975079.994246863 8.445381 -0.08844938 46.07224 0.12213372 -0.018548872 0.99232507 -0.005502211
30025073.994246863 8.466072 -0.08883422 46.160336 0.12260984 -0.018360991 0.9922665 -0.0060861725
30075087.994246863 8.486717 -0.08906325 46.248737 0.122808695 -0.017995592 0.99224937 -0.0059474893
30125079.994246863 8.507459 -0.088853024 46.33626 0.12280522 -0.018053887 0.99224865 -0.0059705693
30175077.994246863 8.528155 -0.08860605 46.424145 0.12287021 -0.018457666 0.9922334 -0.0059306216
30225095.994246863 8.549139 -0.08862828 46.513046 0.12321711 -0.01857189 0.9921894 -0.0057331
30275095.994246863 8.570385 -0.088792875 46.602543 0.12366953 -0.018753078 0.99213314 -0.005105607
30325085.994246863 8.591349 -0.08881961 46.690784 0.12431703 -0.018500771 0.9920605 -0.0043636803
30375097.994246863 8.613282 -0.08920499 46.77889 0.12487923 -0.018168543 0.9919978 -0.0039564446
30425030.994246863 8.634764 -0.08939986 46.866215 0.12577629 -0.017830104 0.99188817 -0.004515026
30475072.994246863 8.656969 -0.08952836 46.95569 0.12657748 -0.017216438 0.99179167 -0.0055802483
30525051.994246863 8.680214 -0.08940375 47.04343 0.12731573 -0.015959635 0.9917126 -0.0064957067
30575061.994246863 8.702005 -0.08849737 47.132988 0.12844524 -0.014535322 0.9915833 -0.007285718
30625058.994246863 8.7246275 -0.0882168 47.22073 0.12922822 -0.013013776 0.991496 -0.008147312
30675067.994246863 8.746901 -0.08771114 47.30927 0.1302573 -0.01204264 0.99137026 -0.00854685
30725064.994246863 8.769746 -0.08680296 47.397736 0.13110979 -0.011545446 0.9912665 -0.008232722
30775061.994246863 8.791709 -0.08688008 47.485664 0.13226935 -0.010499032 0.9911282 -0.0077175
30825059.994246863 8.814416 -0.086408615 47.5725 0.13314511 -0.009582389 0.991025 -0.0070849326
30875076.994246863 8.837396 -0.08579499 47.661034 0.13400269 -0.009623933 0.9909112 -0.006768764
30925073.994246863 8.860434 -0.085744746 47.7492 0.13498011 -0.009649424 0.99078006 -0.0065053073
30975062.994246863 8.884321 -0.085307404 47.837223 0.13602015 -0.008947814 0.99064726 -0.0060441177
31025078.994246863 8.907721 -0.08543168 47.924606 0.1368222 -0.008403313 0.99054396 -0.0056477613
31075070.994246863 8.931793 -0.08481162 48.013428 0.1377569 -0.0082028685 0.99041796 -0.005301978
31125063.994246863 8.955521 -0.085740656 48.101177 0.1388557 -0.008153922 0.9902632 -0.0055987034
31175060.994246863 8.979028 -0.08556874 48.188522 0.13985728 -0.0077012097 0.99012625 -0.005541397
31225074.994246863 9.003487 -0.08514775 48.277885 0.14082152 -0.0073224115 0.9899923 -0.005556179
31275083.994246863 9.028123 -0.08554572 48.366486 0.14179276 -0.007284861 0.9898524 -0.005835187
31325072.994246863 9.053043 -0.085537426 48.45541 0.14271736 -0.0075694495 0.98971736 -0.005835378
31375081.994246863 9.077447 -0.086131595 48.542667 0.14362998 -0.0074450746 0.98958784 -0.0055735884
31425015.994246863 9.102317 -0.085985005 48.631557 0.1447137 -0.0076811686 0.9894308 -0.005065203
31475040.994246863 9.127416 -0.085903354 48.719604 0.14547324 -0.007996836 0.98931855 -0.0047387388
31525041.994246863 9.152511 -0.08459034 48.807995 0.14634855 -0.008208442 0.98918796 -0.0046853805
31575054.994246863 9.177593 -0.08477464 48.89664 0.14718063 -0.008208663 0.9890615 -0.0052855727
31625048.994246863 9.202482 -0.08470884 48.9845 0.14794539 -0.008223075 0.98894155 -0.006264202
31675045.994246863 9.227768 -0.08426371 49.073242 0.14868128 -0.007759269 0.988827 -0.0074123754
31725062.994246863 9.254103 -0.083447695 49.161694 0.14945208 -0.007632525 0.98870087 -0.008745928
31775055.994246863 9.279464 -0.08262892 49.248924 0.1501562 -0.0075001186 0.9885863 -0.009699171
31825069.994246863 9.305451 -0.081946895 49.33767 0.15091665 -0.007805122 0.98846656 -0.009862021
31875062.994246863 9.331654 -0.08136787 49.424183 0.1516383 -0.007637273 0.98836297 -0.009283722
31925055.994246863 9.358655 -0.08079529 49.51244 0.1520447 -0.0083845975 0.9883066 -0.007890331
31975052.994246863 9.384309 -0.08022904 49.599106 0.15265195 -0.008586541 0.98822457 -0.0059884354
32025070.994246863 9.411069 -0.08030237 49.687298 0.15327501 -0.009284773 0.9881278 -0.0049057347
32075059.994246863 9.437485 -0.08013296 49.774914 0.15389553 -0.008089524 0.98804456 -0.0043220553
32125068.994246863 9.464056 -0.08070942 49.863075 0.1545504 -0.006927082 0.98795027 -0.004520819
32175055.994246863 9.491405 -0.081163414 49.95091 0.1550112 -0.005877023 0.98788285 -0.00495664
32225047.994246863 9.518678 -0.081252 50.039394 0.15562737 -0.0058922665 0.9877829 -0.005516386
32275049.994246863 9.545364 -0.08121519 50.12535 0.15621816 -0.00455593 0.9876976 -0.005364837
32325059.994246863 9.573376 -0.08117912 50.215656 0.15669814 -0.004172052 0.9876242 -0.0051647243
32375043.994246863 9.599862 -0.081135504 50.30172 0.15703753 -0.003787036 0.98757255 -0.0050347093
32424992.994246863 9.627727 -0.081999786 50.389717 0.1574537 -0.0029882605 0.98750883 -0.005071
32475018.994246863 9.655372 -0.08180824 50.478424 0.15810043 -0.002892441 0.9874068 -0.0048697065
32525021.994246863 9.682004 -0.08225921 50.565567 0.15863384 -0.0031758288 0.98732066 -0.0048096837
32575027.994246863 9.709063 -0.082788736 50.65225 0.15924959 -0.0029679616 0.9872215 -0.0049446924
32625022.994246863 9.736429 -0.083419845 50.739067 0.15975426 -0.0029014791 0.98713833 -0.0053110067
32675009.994246863 9.763446 -0.08225258 50.827 0.1601976 -0.0029952822 0.9870654 -0.0054564322
32725024.994246863 9.790712 -0.08274827 50.914513 0.16074046 -0.0030126683 0.98697346 -0.006069647
32775020.994246863 9.818447 -0.08239409 51.001114 0.16123784 -0.002988174 0.9868895 -0.0065319347
32825011.994246863 9.8460655 -0.08208096 51.088875 0.161618 -0.0032045292 0.986824 -0.006917426
32875007.994246863 9.874816 -0.08184591 51.176983 0.16205029 -0.0028323391 0.9867521 -0.007210059
32925024.994246863 9.902822 -0.08073226 51.264206 0.1624793 -0.0031258124 0.98668164 -0.007080024
32975013.994246863 9.930441 -0.08020341 51.35057 0.16282324 -0.0037423305 0.98662454 -0.0068309056
33025009.994246863 9.958154 -0.0796449 51.438766 0.16329505 -0.0041216034 0.9865463 -0.0066511994
33075024.994246863 9.985365 -0.07914786 51.525208 0.16366217 -0.004655441 0.986484 -0.00651142
33125014.994246863 10.013408 -0.078977264 51.612034 0.16388772 -0.0043605934 0.98644567 -0.006838056
33175009.994246863 10.041498 -0.07884802 51.698723 0.16407275 -0.004231237 0.9864134 -0.007128982
33225005.994246863 10.068539 -0.07839917 51.7846 0.164373 -0.0045311 0.9863611 -0.0072694626
33275010.994246863 10.097065 -0.07724529 51.87306 0.16452204 -0.005139545 0.98633605 -0.0068781874
33325023.994246863 10.126098 -0.07747881 51.959225 0.16438062 -0.0047946773 0.9863657 -0.0062369383
33375012.994246863 10.154134 -0.07714528 52.04633 0.16448632 -0.0043766224 0.98635393 -0.005580154
33424962.994246863 10.182068 -0.07677555 52.132442 0.16436477 -0.003907368 0.9863773 -0.0053678774
33474991.994246863 10.20956 -0.07718039 52.218674 0.164498 -0.0032887189 0.9863538 -0.005991782
33524992.994246863 10.238444 -0.07724722 52.306564 0.16456538 -0.0025078235 0.9863421 -0.0064287214
33575001.99424686 10.2667885 -0.07750793 52.393375 0.16473788 -0.0019806016 0.9863118 -0.0068330355
33624999.99424686 10.294609 -0.07741006 52.47992 0.16475193 -0.0015308636 0.986309 -0.0070112026
33674996.99424686 10.324305 -0.0764979 52.56807 0.16466106 -0.0012409107 0.9863274 -0.006589148
33725013.99424686 10.352815 -0.07574948 52.655926 0.16471079 -0.0012149072 0.98632187 -0.006168314
33775010.99424686 10.381431 -0.07574673 52.743008 0.16470885 -0.0009906472 0.98632354 -0.005997479
33824996.99424686 10.409451 -0.07597568 52.830223 0.16482969 -0.0010828583 0.98630315 -0.006010619
33875017.99424686 10.4374275 -0.07622151 52.916893 0.16480982 -0.0014447045 0.9863059 -0.006038535
33925010.99424686 10.4650545 -0.07614039 53.003487 0.16479118 -0.0019319924 0.9863092 -0.0058704084
33975007.99424686 10.494264 -0.07508807 53.091972 0.16480464 -0.002412015 0.9863081 -0.005483876
34025005.99424686 10.522469 -0.0751915 53.18024 0.16478522 -0.0025898574 0.9863106 -0.0055292025
34075022.99424686 10.55072 -0.07504806 53.267517 0.16475806 -0.002658302 0.98631394 -0.005699177
34125011.99424686 10.579208 -0.07504698 53.355156 0.16477083 -0.0031656006 0.9863074 -0.0061878185
34175008.99424686 10.608753 -0.074398965 53.443977 0.16468501 -0.003277409 0.9863196 -0.0064692395
34225026.99424686 10.637206 -0.073917985 53.53204 0.16466163 -0.0034387882 0.9863209 -0.0067716544
34275011.99424686 10.665482 -0.073623925 53.619534 0.16471912 -0.0035247274 0.9863099 -0.0069357213
34325024.99424686 10.694084 -0.07280213 53.707325 0.1645479 -0.0040403027 0.98633623 -0.006963489
34375013.99424686 10.721904 -0.07274503 53.794506 0.16461493 -0.0037608927 0.98632663 -0.0069061466
34424963.99424686 10.750953 -0.072413534 53.883087 0.16458634 -0.0037425035 0.9863309 -0.0069727073
34475008.99424686 10.779366 -0.07219215 53.970524 0.16452672 -0.0036855799 0.9863403 -0.007088941
34524993.99424686 10.809074 -0.07161315 54.059776 0.16453189 -0.0040036165 0.98633826 -0.007083644
34575006.99424686 10.837481 -0.07111872 54.147835 0.16458978 -0.0035188352 0.98632896 -0.0072808308
34625000.99424686 10.866144 -0.07077526 54.23494 0.16456833 -0.0023028045 0.9863338 -0.0075948574
34675021.99424686 10.895485 -0.07007371 54.324883 0.16465582 -0.0022506516 0.98631674 -0.007926688
34725011.99424686 10.924456 -0.0694195 54.41272 0.16466738 -0.0021226415 0.98631114 -0.008394559
34775011.99424686 10.953178 -0.069206014 54.50148 0.16474408 -0.0027850687 0.9862974 -0.008313457
34825007.99424686 10.981338 -0.0686228 54.589676 0.16462092 -0.003550062 0.986327 -0.0068203695
34875022.99424686 11.010063 -0.06777306 54.677067 0.16455029 -0.004582942 0.9863444 -0.0051956642
34925015.99424686 11.038448 -0.06816602 54.765205 0.1643488 -0.0049934033 0.98638266 -0.0037271609
34975008.99424686 11.06636 -0.06814787 54.85252 0.16418812 -0.0058010444 0.98640656 -0.0032800264
35025026.99424686 11.094834 -0.0677424 54.94276 0.1642713 -0.006390395 0.9863871 -0.0038463806
35075021.99424686 11.122188 -0.06754381 55.03077 0.16445583 -0.0067891963 0.9863495 -0.0047839293
35125011.99424686 11.150838 -0.067194276 55.119125 0.164331 -0.0067614564 0.9863673 -0.005401065
35175008.99424686 11.179425 -0.06689547 55.208385 0.16428153 -0.0067915404 0.98637104 -0.006134027
35225026.99424686 11.208738 -0.06638388 55.298504 0.1641637 -0.0071271677 0.9863848 -0.006671801
35275015.99424686 11.237321 -0.066076815 55.387295 0.1640273 -0.00711384 0.9864055 -0.006981904
35325032.99424686 11.266182 -0.06513144 55.47616 0.16394919 -0.0070934333 0.9864194 -0.006873348
35375029.99424686 11.293897 -0.06418908 55.563564 0.16385807 -0.0074439906 0.98643535 -0.006362203
35424959.99424686 11.324789 -0.06407741 55.65208 0.16347273 -0.0074266037 0.9865022 -0.0059124376
35474984.99424686 11.352177 -0.06425446 55.740307 0.16359077 -0.0070800385 0.98648685 -0.0056293663
35524993.99424686 11.3803005 -0.06434235 55.827766 0.16350952 -0.0073435404 0.9864986 -0.005596905
35574999.99424686 11.4084635 -0.064299926 55.917854 0.16348258 -0.007343624 0.9865015 -0.005863264
35624995.99424686 11.43659 -0.064621404 56.003815 0.16344513 -0.006792377 0.986508 -0.0064516095
35674985.99424686 11.46553 -0.06446403 56.09262 0.16330637 -0.0063112555 0.9865298 -0.0070894677
35724979.99424686 11.494278 -0.06481294 56.181442 0.16325937 -0.0054400954 0.986534 -0.008216609
35774999.99424686 11.523315 -0.06388685 56.27143 0.16327263 -0.0048545212 0.9865269 -0.009121446
35824993.99424686 11.553165 -0.062379602 56.361298 0.16308227 -0.004527033 0.98656005 -0.0091089485
35874982.99424686 11.58219 -0.06172881 56.450085 0.16304299 -0.004658921 0.98657036 -0.008622909
35925003.99424686 11.611428 -0.06081315 56.539173 0.16277008 -0.0048232013 0.9866244 -0.007410719
35975000.99424686 11.639601 -0.060720704 56.628395 0.16273595 -0.004988792 0.9866359 -0.0064550107
36024994.99424686 11.667787 -0.06006217 56.716988 0.16260219 -0.005180041 0.9866604 -0.005911494
36074991.99424686 11.696613 -0.059593774 56.805695 0.16245039 -0.005336394 0.9866834 -0.006105906
36125008.99424686 11.724294 -0.060058646 56.8933 0.1623402 -0.005153167 0.9866992 -0.006619168
36174997.99424686 11.753494 -0.059923634 56.98436 0.1623529 -0.0046761413 0.9866968 -0.007020476
36224991.99424686 11.782354 -0.05891753 57.074623 0.16236418 -0.0046404647 0.98669493 -0.0070382296
36274992.99424686 11.810698 -0.058217727 57.164215 0.16232818 -0.004629627 0.98670113 -0.006997751
36325005.99424686 11.8401165 -0.05646973 57.253933 0.16230063 -0.0039034935 0.98671144 -0.0066210064
36375002.99424686 11.868816 -0.056882665 57.34382 0.16217165 -0.0036643741 0.9867342 -0.006523649
36424948.99424686 11.897306 -0.057043318 57.432888 0.16202821 -0.0038986313 0.98675835 -0.0062925965
36474973.99424686 11.926356 -0.056700908 57.523582 0.16191234 -0.003892 0.98677987 -0.0059019593
36524978.99424686 11.955177 -0.05693927 57.613476 0.1617753 -0.0034415412 0.9868062 -0.00550901
36574991.99424686 11.982779 -0.05693336 57.702267 0.16165483 -0.0032779267 0.9868265 -0.005523507
36624985.99424686 12.012415 -0.056189995 57.7923 0.16151628 -0.0033380094 0.9868469 -0.005879596
36674978.99424686 12.040538 -0.05698184 57.882725 0.1616037 -0.003672508 0.9868283 -0.006379316
36724991.99424686 12.068793 -0.056626935 57.971413 0.16146141 -0.0038055212 0.98684937 -0.0066521564
36774984.99424686 12.096624 -0.056113638 58.062298 0.16157363 -0.0034795105 0.9868321 -0.006665121
36824983.99424686 12.125459 -0.056348007 58.152485 0.16140038 -0.00344012 0.9868599 -0.0067582983
36875003.99424686 12.153649 -0.05612879 58.241673 0.161249 -0.003958278 0.98688257 -0.0067841015
36924997.99424686 12.181006 -0.05620807 58.33058 0.16121383 -0.0037781917 0.9868894 -0.0067187017
36974993.99424686 12.210371 -0.055434447 58.421005 0.16120614 -0.0035145683 0.9868919 -0.0066738273
37025003.99424686 12.238836 -0.055046573 58.510475 0.16094668 -0.0035385685 0.9869349 -0.006571641
37075001.99424686 12.267312 -0.055382315 58.599735 0.16091876 -0.0035237265 0.98694074 -0.0063855327
37124998.99424686 12.294147 -0.05511017 58.687714 0.16104908 -0.0041624606 0.98692024 -0.005862339
37175015.99424686 12.32219 -0.05486343 58.775097 0.16088867 -0.0044348957 0.98694754 -0.005460623
37225013.99424686 12.349841 -0.055145048 58.86586 0.16077091 -0.0041085486 0.9869685 -0.0053890506
37275006.99424686 12.378397 -0.053629108 58.95327 0.16050494 -0.0046461523 0.9870072 -0.005778009
37325019.99424686 12.406702 -0.053329945 59.041813 0.1604927 -0.0044796155 0.9870035 -0.0067942645
37375020.99424686 12.434539 -0.053011466 59.130756 0.16050407 -0.0041923784 0.98699534 -0.0078207925
37424954.99424686 12.462956 -0.052203692 59.220596 0.16060545 -0.0041527417 0.98697525 -0.0082827415
37474983.99424686 12.490259 -0.052058563 59.308186 0.16051039 -0.0044235615 0.9869876 -0.008504402
37524988.99424686 12.518116 -0.051468864 59.39674 0.16042598 -0.004712178 0.9870008 -0.008412919
37574993.99424686 12.546278 -0.049745694 59.48627 0.16041076 -0.0046450053 0.98700505 -0.008243999
37624991.99424686 12.57366 -0.050292928 59.573864 0.16039176 -0.0045047123 0.9870043 -0.008769615
37674988.99424686 12.60085 -0.049596958 59.66047 0.16030668 -0.0047348756 0.98700774 -0.009754264
37725005.99424686 12.628225 -0.048806444 59.747734 0.1603934 -0.0037681507 0.9869909 -0.010430808
37774998.99424686 12.655839 -0.04802688 59.835197 0.16039972 -0.0033248253 0.98699147 -0.010427099
37824993.99424686 12.682204 -0.047390543 59.920483 0.16035679 -0.0038127431 0.98699594 -0.0105045615
37875007.99424686 12.709985 -0.04616261 60.00804 0.16044115 -0.00367012 0.98698854 -0.009943508
37925003.99424686 12.737583 -0.04537669 60.0933 0.16039875 -0.0027472216 0.9870052 -0.009247589
37974997.99424686 12.764855 -0.045257784 60.180386 0.16051115 -0.0021471614 0.9869896 -0.009122553
38024995.99424686 12.792404 -0.045008443 60.26649 0.16045852 -0.0025389947 0.9870021 -0.00858254
38075011.99424686 12.819589 -0.044449046 60.352715 0.16059336 -0.002360663 0.9869883 -0.0076431055
38125009.99424686 12.847011 -0.043932915 60.43897 0.16072083 -0.002062768 0.9869704 -0.007352916
38174996.99424686 12.873353 -0.044460326 60.525127 0.16083828 -0.0020158838 0.9869478 -0.007817197
38225009.99424686 12.899013 -0.044946715 60.608456 0.1610518 -0.0014937841 0.9869088 -0.008440452
38275002.99424686 12.92606 -0.044723637 60.693523 0.16115798 -0.0011083225 0.9868848 -0.009240279
38325015.99424686 12.9529705 -0.04364801 60.779293 0.16134273 -0.0011971516 0.98684907 -0.009795745
38375020.99424686 12.979397 -0.043225456 60.863937 0.1616546 -0.00071192626 0.9867946 -0.01018781
38424954.99424686 13.006657 -0.042394515 60.94776 0.16172296 0.00017103962 0.9867836 -0.010185854
38475003.99424686 13.035083 -0.041618768 61.033382 0.16188437 0.0009201968 0.9867597 -0.009899778
38524985.99424686 13.0612545 -0.04131551 61.11618 0.16195275 0.0009750866 0.98674846 -0.009898401
38574995.99424686 13.088389 -0.04039324 61.20128 0.16220364 0.001464386 0.9867078 -0.009780066
38624993.99424686 13.114223 -0.040391475 61.28226 0.16236427 0.0022411349 0.98668313 -0.009451505
38674987.99424686 13.141984 -0.039376467 61.36596 0.16240469 0.002929496 0.9866771 -0.00918761
38725003.99424686 13.168304 -0.03863941 61.44777 0.16251598 0.0035034863 0.98665744 -0.009130696
38774993.99424686 13.194126 -0.03877279 61.528465 0.16269255 0.0042886036 0.9866246 -0.009207378
38825011.99424686 13.2206545 -0.037876606 61.61051 0.16299932 0.004618382 0.98657215 -0.009234959
38875003.99424686 13.246525 -0.03764677 61.689865 0.16318929 0.0048834896 0.9865396 -0.009226065
38924997.99424686 13.271675 -0.0368385 61.7708 0.16352646 0.005194197 0.9864826 -0.009175875
38974993.99424686 13.297732 -0.036823586 61.848545 0.16371278 0.0056927074 0.9864502 -0.009042856
39025003.99424686 13.322613 -0.036121994 61.926712 0.16407537 0.0057942662 0.98639244 -0.008702741
39074997.99424686 13.347964 -0.03676203 62.004375 0.16448656 0.0060988655 0.9863235 -0.008546621
39125017.99424686 13.373892 -0.036378905 62.08292 0.16505772 0.006868023 0.9862248 -0.008333765
39175011.99424686 13.399556 -0.03593178 62.160255 0.16575615 0.007842104 0.98610246 -0.008086898
39225005.99424686 13.425622 -0.035862774 62.236637 0.16634482 0.0084989555 0.9859981 -0.008061993
39275005.99424686 13.451779 -0.03539765 62.314293 0.16722718 0.009012425 0.9858443 -0.008050832
39325011.99424686 13.477585 -0.035156578 62.391327 0.16821371 0.009329267 0.98567504 -0.007862019
39375011.99424686 13.502922 -0.034462646 62.466885 0.16919184 0.009247602 0.9855107 -0.007569638
39424953.99424686 13.528967 -0.034464955 62.542778 0.17000781 0.009455866 0.9853702 -0.007321995
39474979.99424686 13.555102 -0.03368993 62.617813 0.1710695 0.009743007 0.98518616 -0.0069699
39524987.99424686 13.580447 -0.03282535 62.6919 0.17215995 0.009743532 0.9849986 -0.006621673
39575001.99424686 13.606753 -0.032998443 62.766895 0.17311871 0.009833186 0.9848311 -0.0064073903
39624991.99424686 13.632588 -0.03326398 62.840195 0.17421612 0.010491352 0.98463213 -0.0061900215
39674987.99424686 13.658274 -0.032908365 62.913757 0.17534898 0.010364815 0.9844366 -0.0054748943
39725005.99424686 13.683969 -0.033195868 62.98667 0.17636038 0.010308556 0.9842597 -0.0048558735
39775001.99424686 13.710149 -0.033590466 63.058872 0.17762509 0.0105568925 0.98402995 -0.0047918106
39824995.99424686 13.736044 -0.033535212 63.13096 0.17876972 0.0106296325 0.9838202 -0.0051169246
39875017.99424686 13.762265 -0.033127457 63.20326 0.17989649 0.010463289 0.98361444 -0.005528382
39925005.99424686 13.789164 -0.032709956 63.27491 0.18105716 0.010299402 0.9833963 -0.006636956
39975003.99424686 13.815152 -0.032692373 63.34584 0.18241285 0.010288584 0.9831394 -0.007532341
40024997.99424686 13.841155 -0.031974375 63.41742 0.18370636 0.010049506 0.9829013 -0.007494139
40074993.99424686 13.866844 -0.031901896 63.48644 0.1849938 0.009960179 0.98266023 -0.0075515197
40125011.99424686 13.893345 -0.0321894 63.55685 0.18638769 0.009556097 0.98240155 -0.0074536637
40174999.99424686 13.9203615 -0.031511992 63.62698 0.18767759 0.009694909 0.98215485 -0.007418301
40225017.99424686 13.948027 -0.030763775 63.697567 0.18892822 0.009918848 0.98191077 -0.007688155
40275007.99424686 13.97452 -0.029675752 63.768322 0.19040617 0.0099777235 0.9816213 -0.00809991
40324999.99424686 14.002536 -0.029004961 63.83797 0.19172285 0.010702314 0.98135084 -0.008849515
40375005.99424686 14.029873 -0.028484821 63.907597 0.19313826 0.011615502 0.9810574 -0.009439416
40424955.99424686 14.057172 -0.027033865 63.97729 0.194506 0.011196376 0.9807911 -0.009535946
40474999.99424686 14.084077 -0.026007384 64.04589 0.19567744 0.010342803 0.9805696 -0.0093089305
40524985.99424686 14.111233 -0.025584906 64.11422 0.19680238 0.010589332 0.9803492 -0.008502924
40574997.99424686 14.139568 -0.02500546 64.182846 0.1977403 0.01188737 0.9801559 -0.007211628
40624991.99424686 14.16821 -0.023689657 64.251274 0.19854788 0.013857812 0.9799728 -0.0063342145
40674989.99424686 14.196202 -0.023084551 64.31979 0.19945921 0.014759234 0.9797777 -0.0058258604
40725005.99424686 14.224302 -0.022502035 64.38899 0.20068674 0.01508603 0.97952515 -0.0052744052
40774992.99424686 14.254029 -0.021490186 64.45886 0.20177984 0.0149385445 0.97930783 -0.0042462554
40824987.99424686 14.282491 -0.021372348 64.5289 0.20271282 0.014057343 0.9791335 -0.0027558135
40875001.99424686 14.311871 -0.020979017 64.59952 0.2034504 0.013385127 0.9789938 -0.00014167969
40924997.99424686 14.340801 -0.020597577 64.66759 0.2040459 0.012747161 0.97887653 0.001896473
40974991.99424686 14.370464 -0.020215541 64.7374 0.20456156 0.012564039 0.97876745 0.0033194034
41024983.99424686 14.399349 -0.020559907 64.80817 0.20529798 0.012431578 0.97861415 0.003551674
41074993.99424686 14.428869 -0.02080363 64.877205 0.20600577 0.012398592 0.97846746 0.0030597448
41124983.99424686 14.460073 -0.020575076 64.94971 0.2067856 0.012505033 0.97830385 0.0022320591
41174978.99424686 14.490017 -0.02083394 65.020805 0.20750906 0.0116963405 0.9781623 0.0013269424
41224995.99424686 14.519771 -0.02111128 65.091705 0.2082473 0.010897562 0.9780153 0.00061583106
41274983.99424686 14.549379 -0.021604627 65.162384 0.20906024 0.010403353 0.97784746 -0.00012905755
41324997.99424686 14.581061 -0.021083385 65.23569 0.20958313 0.0091411155 0.9777476 -0.001016904
41374977.99424686 14.611394 -0.021227181 65.308655 0.21014482 0.0072170533 0.9776424 -0.0015470814
41424931.99424686 14.642073 -0.021215156 65.38032 0.21068355 0.0059569557 0.9775348 -0.0016749108
41474957.99424686 14.673156 -0.021534145 65.45225 0.21118715 0.005823936 0.97742724 -0.0014562954
41524961.99424686 14.70498 -0.021147415 65.524315 0.21137868 0.0050881878 0.977391 -0.0004268071
41574975.99424686 14.735939 -0.0218717 65.59683 0.21183902 0.0042943982 0.97729516 0.00025153585
41624965.99424686 14.76759 -0.021196708 65.6695 0.21214339 0.004219471 0.9772295 -6.584412e-05
41674961.99424686 14.798766 -0.021408811 65.742645 0.21254426 0.0037340468 0.9771441 -0.0006727113
41724979.99424686 14.831776 -0.020420618 65.81718 0.21248393 0.002490548 0.97716045 -0.00138687
41774975.99424686 14.86299 -0.020551227 65.89132 0.2126952 0.001707924 0.9771148 -0.002153328
41824969.99424686 14.895264 -0.020142443 65.96522 0.21256973 0.0019776144 0.9771413 -0.0022821357
41874987.99424686 14.927942 -0.02005623 66.04096 0.2124858 0.0013921228 0.97716206 -0.001487113
41924977.99424686 14.960393 -0.020614626 66.11398 0.21219932 0.00024477066 0.9772264 -0.00040988997
41974970.99424686 14.99368 -0.020708524 66.190384 0.21207435 -0.00031468167 0.97725344 0.00036678923
42024988.99424686 15.026133 -0.02069386 66.26561 0.2118376 -0.0010426209 0.9773036 0.0011997949
42074985.99424686 15.05877 -0.02114863 66.34235 0.21146308 -0.0016192596 0.9773837 0.0014023428
42124978.99424686 15.089842 -0.022324815 66.41566 0.21081541 -0.0021959608 0.97752315 0.0008004407
42174975.99424686 15.122844 -0.023606144 66.49108 0.21038666 -0.002033309 0.97761613 -0.00027783055
42224989.99424686 15.154973 -0.024129193 66.56649 0.20985684 -0.0015699686 0.97773015 -0.0011649459
42274978.99424686 15.187378 -0.024042502 66.64351 0.2093837 -0.0005996417 0.9778313 -0.0020484033
42324992.99424686 15.220819 -0.024143254 66.72122 0.2088384 -0.0004492018 0.97794443 -0.0033380156
42374996.99424686 15.254024 -0.023840627 66.79929 0.20803203 -0.00050323136 0.9781114 -0.0045504
42424931.99424686 15.285212 -0.023451395 66.87494 0.20718455 -0.00062934664 0.9782874 -0.005291144
42474987.99424686 15.31804 -0.023614738 66.95189 0.20597568 -0.0001840113 0.9785418 -0.005485243
42524961.99424686 15.350382 -0.023153026 67.029144 0.20481238 3.2227425e-05 0.9787832 -0.0059539517
42574981.99424686 15.382121 -0.023281412 67.10604 0.2034352 -0.00038034705 0.9790692 -0.0061331093
42624980.99424686 15.413965 -0.022317424 67.183945 0.20231354 -0.00077806506 0.9793021 -0.006011365
42674976.99424686 15.445555 -0.022100357 67.262245 0.20143172 -0.00049562455 0.9794831 -0.0061568604
42724973.99424686 15.477101 -0.02177801 67.34076 0.20025791 -0.00038392036 0.9797245 -0.006048689
42774985.99424686 15.507382 -0.0216702 67.417725 0.19915101 -0.0009327222 0.97994953 -0.0060842927
42824980.99424686 15.539024 -0.020779766 67.49811 0.19819757 -0.0016231543 0.98014283 -0.005938487
42874978.99424686 15.570145 -0.020250125 67.57669 0.19681458 -0.001268846 0.9804221 -0.0059174118
42924997.99424686 15.601097 -0.01981131 67.65483 0.19536449 -0.00044484244 0.98071396 -0.00572326
42974993.99424686 15.632756 -0.020427026 67.734795 0.19399768 8.5033644e-05 0.9809843 -0.005904796
43024991.99424686 15.663074 -0.019993491 67.81354 0.19250362 0.00013514621 0.9812783 -0.005940884
43075005.99424686 15.693667 -0.01995949 67.893936 0.19127238 -5.8814323e-05 0.981521 -0.005601131
43124999.99424686 15.723354 -0.01980228 67.973015 0.18990827 0.0005137666 0.98178893 -0.0050167027
43174996.99424686 15.753137 -0.019503335 68.05379 0.18877229 -1.3251113e-05 0.98200846 -0.00494231
43224994.99424686 15.781504 -0.020382345 68.13097 0.18782075 -0.0009335651 0.9821891 -0.005204449
43274991.99424686 15.810746 -0.020619277 68.211044 0.18723647 -0.0020185197 0.9822976 -0.005471245
43325004.99424686 15.839587 -0.020002313 68.29059 0.18678585 -0.002448547 0.98238194 -0.0055499827
43375001.99424686 15.869182 -0.019796398 68.370316 0.18650684 -0.0034648401 0.9824315 -0.005629298
43424947.99424686 15.898329 -0.019616023 68.44988 0.18605791 -0.00424581 0.9825138 -0.005590859
43474972.99424686 15.927328 -0.020149931 68.52923 0.18578725 -0.004555485 0.9825634 -0.0056331228
43524981.99424686 15.956474 -0.01915405 68.60933 0.18565503 -0.0050307196 0.9825858 -0.0056584664
43574994.99424686 15.985837 -0.018951304 68.69058 0.18529558 -0.0052162437 0.9826515 -0.0058706314
43624992.99424686 16.01473 -0.018551014 68.770256 0.18511526 -0.0056026657 0.9826823 -0.0060441718
43674981.99424686 16.044994 -0.018519245 68.85056 0.18487146 -0.0056089237 0.9827271 -0.006204185
43724978.99424686 16.07453 -0.018404916 68.93059 0.18455827 -0.0058130473 0.98278266 -0.0065348684
43774999.99424686 16.103918 -0.018108606 69.01108 0.18423554 -0.006003393 0.9828405 -0.006776765
43824993.99424686 16.132866 -0.017987885 69.09045 0.18419982 -0.0060573136 0.9828448 -0.0070570554
43874989.99424686 16.162117 -0.017556928 69.17115 0.18391162 -0.006366747 0.9828949 -0.0073260823
43925005.99424686 16.190855 -0.017581701 69.25026 0.18359543 -0.0065926067 0.9829516 -0.0074559837
43974995.99424686 16.220728 -0.017807208 69.3326 0.18342309 -0.006339883 0.9829856 -0.007429313
44024989.99424686 16.250784 -0.017969362 69.41331 0.18295892 -0.0055932626 0.983077 -0.0073757973
44074985.99424686 16.279697 -0.017068818 69.494286 0.18256448 -0.005649596 0.98315114 -0.007233233
44125003.99424686 16.30887 -0.016150601 69.57431 0.18235824 -0.005360374 0.9831919 -0.007110811
44174995.99424686 16.33847 -0.01539959 69.65619 0.18200655 -0.004878259 0.98325974 -0.0070886402
44225009.99424686 16.367 -0.015220925 69.73535 0.18157852 -0.00466655 0.9833392 -0.0071828095
44274991.99424686 16.39701 -0.0151515305 69.817856 0.18117477 -0.0044232267 0.9834149 -0.0071716425
44325007.99424686 16.426271 -0.015031002 69.89932 0.18074799 -0.004300496 0.9834938 -0.007183204
44374997.99424686 16.455605 -0.014471464 69.98003 0.18029141 -0.004286236 0.9835796 -0.006922068
44424947.99424686 16.48506 -0.014006481 70.06184 0.17995559 -0.004370272 0.9836433 -0.0065355613
44474973.99424686 16.514343 -0.013603285 70.14445 0.17953914 -0.0043315054 0.9837219 -0.006171831
44524974.99424686 16.54281 -0.014241412 70.225464 0.17914963 -0.0045554033 0.9837928 -0.006034293
44574987.99424686 16.5723 -0.013698138 70.30684 0.17867395 -0.004776593 0.98388034 -0.0056917015
44624985.99424686 16.601389 -0.013682015 70.387924 0.1782462 -0.004484935 0.98396045 -0.005491145
44674979.99424686 16.63022 -0.013768449 70.47042 0.1777284 -0.00463652 0.98405427 -0.0053159697
44724997.99424686 16.658962 -0.013547868 70.55342 0.17751966 -0.0046542366 0.98409367 -0.0049784877
44774995.99424686 16.687716 -0.013422027 70.63504 0.17713514 -0.0040470567 0.9841676 -0.0045954324
44824986.99424686 16.716322 -0.013791472 70.716644 0.1768603 -0.003834283 0.98421764 -0.004628372
44875003.99424686 16.746489 -0.013293203 70.79915 0.17617711 -0.0034391559 0.9843407 -0.0048183533
44924996.99424686 16.775076 -0.013023924 70.8816 0.17575729 -0.0030722215 0.9844143 -0.0053394595
44974993.99424686 16.803177 -0.012602758 70.963684 0.1754396 -0.002685664 0.98446804 -0.006041869
45025011.99424686 16.832687 -0.012467628 71.04513 0.174838 -0.0019048848 0.98457557 -0.006244723
45075007.99424686 16.860626 -0.012593684 71.12603 0.1743263 -0.0016936165 0.98466545 -0.006446196
45124998.99424686 16.88909 -0.012834601 71.207855 0.1739181 -0.0016757635 0.9847379 -0.006409298
45175019.99424686 16.917349 -0.012699014 71.290016 0.1734959 -0.0014332962 0.9848148 -0.0060790065
45225013.99424686 16.945305 -0.013028742 71.370605 0.17293341 -0.0013771757 0.9849152 -0.0058460888
45275002.99424686 16.97321 -0.012793902 71.452324 0.17256434 -0.00086230855 0.9849822 -0.0055662715
45325015.99424686 17.000729 -0.0126786325 71.5337 0.1721957 -0.0004885758 0.9850482 -0.005341828
45375024.99424686 17.028332 -0.0127584785 71.61568 0.17179812 -0.0007363769 0.9851174 -0.005354374
45424958.99424686 17.056095 -0.012431826 71.69677 0.17128217 -0.00035837598 0.9852076 -0.005327469
45475007.99424686 17.08394 -0.011967123 71.77798 0.17076474 0.00013491522 0.9852975 -0.005314061
45524984.99424686 17.111622 -0.011901008 71.85944 0.17016324 0.00043757996 0.9854001 -0.0055797636
45575001.99424686 17.13824 -0.011959635 71.939545 0.16956326 0.0006845605 0.9854998 -0.0061652455
45624999.99424686 17.16558 -0.011790417 72.02029 0.1689769 0.0012164318 0.98559666 -0.0066788113
45674988.99424686 17.19247 -0.011245638 72.10309 0.16850731 0.0017835761 0.985674 -0.006994673
45725005.99424686 17.218786 -0.011034861 72.181694 0.16800873 0.0020158468 0.98575807 -0.0070764353
45775002.99424686 17.245142 -0.0107309 72.26105 0.16742088 0.0019620545 0.98586076 -0.006708444
45825000.99424686 17.271347 -0.009909447 72.34112 0.16689487 0.0018161928 0.9859538 -0.006163709
45874997.99424686 17.297148 -0.010105297 72.42219 0.166522 0.0014754728 0.98602116 -0.0055291564
45925014.99424686 17.32323 -0.009725954 72.50132 0.16594079 0.0015125688 0.9861222 -0.004949678
45975003.99424686 17.348978 -0.0092478655 72.581406 0.16562024 0.0012516484 0.9861764 -0.004961588
46025001.99424686 17.374847 -0.009666443 72.659744 0.1652483 0.0012344233 0.9862364 -0.0054108277
46074998.99424686 17.400229 -0.009980662 72.73796 0.16491948 0.00045973374 0.98628944 -0.0058754217
46125015.99424686 17.424994 -0.010354021 72.81639 0.16484594 -0.00015476494 0.9862995 -0.0062580253
46175016.99424686 17.45017 -0.010284809 72.89624 0.16482837 -0.00081632927 0.9863013 -0.006386687
46225010.99424686 17.474672 -0.010490072 72.97392 0.16473907 -0.0011333957 0.9863179 -0.0060693696
46275015.99424686 17.499794 -0.010385755 73.05077 0.16445166 -0.0008608117 0.98637 -0.0053918846
46325012.99424686 17.524252 -0.010352496 73.126915 0.16438332 -0.0014235213 0.9863817 -0.0052237324
46375021.99424686 17.548683 -0.010462724 73.2052 0.16434853 -0.0029136622 0.9863847 -0.005148117
46424955.99424686 17.572664 -0.010562062 73.28143 0.16429238 -0.004261642 0.98638874 -0.005218013
46474980.99424686 17.595856 -0.009702854 73.35775 0.16424379 -0.0052893884 0.98639035 -0.005485339
46524981.99424686 17.620071 -0.010360569 73.43305 0.16398038 -0.005960197 0.9864276 -0.005968707
46574994.99424686 17.64398 -0.010533959 73.50734 0.16364948 -0.00654075 0.986476 -0.006415228
46624992.99424686 17.667227 -0.010263041 73.5822 0.16355251 -0.007134707 0.9864829 -0.007150749
46674985.99424686 17.690706 -0.010653615 73.65437 0.16344832 -0.007501407 0.98649126 -0.007957341
46725003.99424686 17.713623 -0.0104587525 73.72993 0.16350594 -0.008239227 0.98647046 -0.008609162
46774998.99424686 17.73612 -0.010237455 73.803276 0.16339706 -0.00939784 0.9864723 -0.009244254
46825013.99424686 17.75847 -0.010265514 73.87537 0.16320214 -0.009679518 0.9864974 -0.009710241
46875009.99424686 17.782084 -0.009512767 73.95069 0.16299346 -0.009096487 0.9865429 -0.0091453185
46925002.99424686 17.805906 -0.008405894 74.02196 0.16246764 -0.008736906 0.98664594 -0.0075997584
46974999.99424686 17.82805 -0.008707523 74.091515 0.16208309 -0.008205167 0.98672414 -0.0061028386
47025018.99424686 17.85049 -0.009116054 74.16384 0.16187812 -0.007919747 0.9867681 -0.0046314625
47075010.99424686 17.872868 -0.00986819 74.23372 0.1616289 -0.008586906 0.9868078 -0.0035688127
47125023.99424686 17.893774 -0.010490015 74.304375 0.16134849 -0.010395165 0.98683524 -0.0038532363
47175016.99424686 17.914806 -0.011122316 74.37429 0.16108018 -0.011468176 0.9868626 -0.004886641
47225014.99424686 17.93715 -0.011046767 74.44431 0.16068208 -0.011484908 0.9869196 -0.00626063
47275019.99424686 17.958952 -0.011407644 74.51474 0.16023429 -0.011058637 0.9869882 -0.007558249
47325012.99424686 17.98169 -0.011713326 74.58493 0.15991352 -0.00994834 0.98704237 -0.008723897
47375021.99424686 18.003235 -0.011341915 74.65347 0.15966876 -0.0091090035 0.98708117 -0.009686971
47424964.99424686 18.024551 -0.01124455 74.722084 0.15998493 -0.008770522 0.98702556 -0.010412099
47474992.99424686 18.04597 -0.00970082 74.79116 0.16037838 -0.009455837 0.98695123 -0.010802923
47524999.99424686 18.068115 -0.009500325 74.860664 0.16093932 -0.0102396365 0.9868468 -0.011271418
47575015.99424686 18.089085 -0.0085852295 74.92895 0.16150782 -0.010633097 0.98675364 -0.010930506
47625016.99424686 18.11059 -0.008533031 74.99454 0.16205494 -0.010126997 0.9866779 -0.010116041
47675035.99424686 18.13195 -0.008337095 75.05976 0.16251376 -0.009685928 0.98661315 -0.00948706
47725026.99424686 18.153053 -0.008411467 75.125755 0.1631027 -0.009778296 0.98651516 -0.009479417
