28361871.689590443 -0.0 -0.0 -0.0 -0.0 -0.0 1.0 -0.0
28386138.689590443 -0.0006647247 -0.0010165978 -0.002301831 -3.5339772e-06 -0.00022811486 0.99999946 0.001033773
28410404.689590443 -0.0006647247 -0.0010165978 -0.002301831 -3.5339772e-06 -0.00022811486 0.99999946 0.001033773
28434673.689590443 -0.0006647247 -0.0010165978 -0.002301831 -3.5339772e-06 -0.00022811486 0.99999946 0.001033773
28458943.689590443 -0.0006647247 -0.0010165978 -0.002301831 -3.5339772e-06 -0.00022811486 0.99999946 0.001033773
28483215.689590443 -0.0006647247 -0.0010165978 -0.002301831 -3.5339772e-06 -0.00022811486 0.99999946 0.001033773
28507492.689590443 0.003313837 -0.0019304493 0.0028116729 0.0009852562 -0.0021158364 0.99994564 0.010166107
28531774.439590443 0.003313837 -0.0019304493 0.0028116729 0.0009852562 -0.0021158364 0.99994564 0.010166107
28556061.439590443 0.003313837 -0.0019304493 0.0028116729 0.0009852562 -0.0021158364 0.99994564 0.010166107
28580353.439590443 0.003313837 -0.0019304493 0.0028116729 0.0009852562 -0.0021158364 0.99994564 0.010166107
28604653.689590443 0.0057246084 -0.003152777 0.005985865 0.002302968 -0.0063685677 0.9997661 0.020541513
28628961.689590443 0.0057246084 -0.003152777 0.005985865 0.002302968 -0.0063685677 0.9997661 0.020541513
28653279.689590443 0.0057246084 -0.003152777 0.005985865 0.002302968 -0.0063685677 0.9997661 0.020541513
28677609.689590443 0.0057246084 -0.003152777 0.005985865 0.002302968 -0.0063685677 0.9997661 0.020541513
28701949.689590443 0.0057246084 -0.003152777 0.005985865 0.002302968 -0.0063685677 0.9997661 0.020541513
28726301.689590443 0.0057246084 -0.003152777 0.005985865 0.002302968 -0.0063685677 0.9997661 0.020541513
28750665.689590443 0.0057246084 -0.003152777 0.005985865 0.002302968 -0.0063685677 0.9997661 0.020541513
28775041.689590443 -0.004341527 -0.036226485 0.0072245845 0.0033474555 -0.00820996 0.9997676 0.019650368
28799427.439590443 -0.004341527 -0.036226485 0.0072245845 0.0033474555 -0.00820996 0.9997676 0.019650368
28823824.689590443 -0.014892333 -0.041566752 0.004623909 3.0192943e-05 -0.011133432 0.99983644 0.014256872
28848232.439590443 -0.014892333 -0.041566752 0.004623909 3.0192943e-05 -0.011133432 0.99983644 0.014256872
28872646.689590443 -0.014892333 -0.041566752 0.004623909 3.0192943e-05 -0.011133432 0.99983644 0.014256872
28897062.689590443 -0.02789009 -0.046719987 -0.0009661521 -0.009634939 -0.012136978 0.9998656 0.0053563677
28921477.689590443 -0.02789009 -0.046719987 -0.0009661521 -0.009634939 -0.012136978 0.9998656 0.0053563677
28945888.439590443 -0.02789009 -0.046719987 -0.0009661521 -0.009634939 -0.012136978 0.9998656 0.0053563677
28970290.689590443 -0.040856324 -0.045011 -0.0043914653 -0.01970918 -0.010149229 0.99975306 -0.001570551
28994681.689590443 -0.040881936 -0.047577944 -0.013736263 -0.02336037 -0.012039284 0.9996531 -0.0017578943
29019059.689590443 -0.038213048 -0.049208816 -0.016424114 -0.026117727 -0.012609539 0.9995751 -0.0029226688
29043426.439590443 -0.035744548 -0.049470097 -0.017779017 -0.029986242 -0.012989838 0.99946374 -0.002095229
29067779.689590443 -0.04123148 -0.07137612 -0.054561194 -0.03013192 -0.0105193835 0.99945116 -0.008879793
29092117.689590443 -0.042674344 -0.07530051 -0.05756797 -0.0320618 -0.011660983 0.9993869 -0.007872812
29116440.439590443 -0.045729972 -0.07996897 -0.061928343 -0.033809222 -0.013190782 0.99931526 -0.0072087534
29140751.689590443 -0.046220403 -0.083998986 -0.06370059 -0.035553113 -0.01295852 0.9992745 -0.004313449
29165049.689590443 -0.051513806 -0.08860979 -0.068326175 -0.03555217 -0.015042662 0.9992545 -0.00044553168
29189337.439590443 -0.050848138 -0.09129873 -0.07122058 -0.03664694 -0.0149909025 0.99920386 0.0048952936
29213617.689590443 -0.049598567 -0.10052056 -0.07950571 -0.03994147 -0.012392488 0.9990971 0.00748733
29237893.689590443 -0.051743247 -0.10031016 -0.086731784 -0.042792037 -0.00811376 0.99896526 0.013096342
29262166.439590443 -0.06060603 -0.107290566 -0.09442553 -0.042352933 -0.009072185 0.9989086 0.0174803
29286441.689590443 -0.064652294 -0.11910804 -0.10734902 -0.04015318 -0.010325027 0.99894243 0.01987953
29310720.689590443 -0.07058876 -0.12592404 -0.11263011 -0.040080644 -0.008910706 0.99889064 0.023060624
29335004.689590443 -0.076820664 -0.13170092 -0.11686014 -0.039130323 -0.007977271 0.9988778 0.025462616
29359290.689590443 -0.07133876 -0.21355549 -0.13412899 -0.036235042 7.2176386e-05 0.9993097 -0.008199386
29383589.439590443 -0.07795023 -0.22374885 -0.14061816 -0.03579615 -0.0019247474 0.9993472 -0.004493126
29407908.689590443 -0.076270916 -0.2310225 -0.1420823 -0.03658484 -0.00048526563 0.999329 -0.0017334942
29432243.689590443 -0.07845727 -0.23744592 -0.14738564 -0.036778886 -0.0017611296 0.99931973 0.0020896427
29456595.689590443 -0.07859215 -0.24971643 -0.15257268 -0.036495127 -0.0015484483 0.99933064 0.0019860414
29480965.689590443 -0.077877976 -0.24907972 -0.1543573 -0.036305044 -0.0027686213 0.9993057 0.007904596
29505354.689590443 -0.07103356 -0.25992295 -0.15811823 -0.039985377 0.0008164396 0.9991743 0.0071641435
29529752.439590443 -0.07360882 -0.26078248 -0.1627612 -0.039755296 -0.0030922093 0.99913114 0.012124485
29554170.689590443 -0.07208919 -0.28059924 -0.16578697 -0.04207033 0.0006586686 0.9990967 0.0059561413
29578618.439590443 -0.0729759 -0.3018133 -0.17107402 -0.043184217 0.00037817465 0.9990659 -0.0015287853
29603085.439590443 -0.0715668 -0.3096893 -0.1727921 -0.04558947 0.0025967814 0.99895525 -0.0018366877
29627568.689590443 -0.06737826 -0.31062162 -0.17825879 -0.0484191 -7.926086e-06 0.99882686 0.0007753623
29652065.439590443 -0.06805354 -0.3161014 -0.17465188 -0.049915556 0.0035743269 0.99874705 -0.00011542162
29676574.689590443 -0.058477636 -0.33930284 -0.18621597 -0.054542065 0.0021014535 0.9985026 -0.0036577273
29701093.689590443 -0.07203524 -0.35257736 -0.1848199 -0.051749058 -0.0022506623 0.9986368 -0.0064454875
29725621.689590443 -0.06535921 -0.3583868 -0.19071536 -0.055724874 -0.00033309276 0.99844575 -0.00084254163
29750157.689590443 -0.0926082 -0.47620627 -0.17965713 -0.04259057 0.004562331 0.9981513 -0.0431208
29774702.689590443 -0.09680549 -0.4905183 -0.18506192 -0.042974297 0.0015241996 0.99813634 -0.04330006
29799254.689590443 -0.098640725 -0.50651956 -0.18061931 -0.042766586 0.0032562842 0.99802905 -0.04580874
29823815.689590443 -0.0962761 -0.5250934 -0.18154846 -0.04429846 0.0026065565 0.99787927 -0.047622897
29848381.439590443 -0.10074689 -0.54553884 -0.17382106 -0.042485606 0.0053979433 0.99783444 -0.0499221
29872957.689590443 -0.089749075 -0.56613207 -0.18231958 -0.04435329 0.008152817 0.9977282 -0.050048478
29897543.689590443 -0.09811954 -0.5910858 -0.17597772 -0.042950086 0.0036558264 0.9978004 -0.050361406
29922139.689590443 -0.09625329 -0.60628617 -0.16621555 -0.042570926 0.0020363284 0.99804115 -0.045798562
29946748.439590443 -0.09329827 -0.6335108 -0.16636357 -0.04159397 0.0011391268 0.99804544 -0.046625532
29971374.439590443 -0.08768133 -0.65626 -0.15573588 -0.044251733 0.0027546978 0.99800336 -0.04498297
29996015.689590443 -0.087886445 -0.68971956 -0.14126769 -0.04419237 0.0010774416 0.99772185 -0.050961494
30020678.439590443 -0.09041718 -0.70333254 -0.12988792 -0.04448274 0.0013528755 0.9974426 -0.055925917
30045363.689590443 -0.089434005 -0.70146793 -0.12483982 -0.044077452 0.0058963695 0.99729776 -0.058477793
30070074.689590443 -0.090745896 -0.69689816 -0.10489299 -0.046161294 0.008075545 0.9969154 -0.062957816
30094814.689590443 -0.08877613 -0.7027751 -0.10388239 -0.045897853 0.009175784 0.9968071 -0.06469094
30119583.689590443 -0.08898357 -0.7401365 -0.10435845 -0.047830407 0.0067037907 0.9965783 -0.067075476
30144382.689590443 -0.08875625 -0.7773895 -0.077274576 -0.04939001 0.006436332 0.9962797 -0.07032752
30169209.689590443 -0.092571765 -0.83124965 -0.03656536 -0.050799545 0.004969389 0.99556446 -0.07903297
30194066.439590443 -0.08949596 -0.855753 -0.021008601 -0.05337149 0.0052615283 0.99511933 -0.08283322
30218951.689590443 -0.08650272 -0.87711304 -0.00562369 -0.056115143 0.0048172898 0.9946254 -0.08688094
30243851.689590443 -0.0887157 -0.90280175 0.016061116 -0.058344495 0.0043017766 0.9940554 -0.09182261
30268779.439590443 -0.08580845 -0.9222873 0.039454706 -0.06106142 0.00422148 0.9934454 -0.09653975
30293751.689590443 -0.0847489 -0.9464284 0.062489036 -0.064222254 0.0046862946 0.99273485 -0.101642676
30318750.689590443 -0.084313005 -0.975092 0.09035067 -0.066662565 0.003983587 0.99200016 -0.10712562
30343776.689590443 -0.081842214 -0.99841785 0.11895885 -0.06886884 0.0047577308 0.9913441 -0.11167514
30368827.689590443 -0.07869542 -1.0282763 0.15368246 -0.07150851 0.0047095045 0.9906078 -0.11644983
30393903.439590443 -0.07791835 -1.0410292 0.17455332 -0.07370597 0.0025524958 0.98999447 -0.12029907
30419004.689590443 -0.07438143 -1.0690204 0.20582533 -0.076784745 -0.0004893423 0.9894391 -0.12294002
30444133.439590443 -0.07114973 -1.0954037 0.2457116 -0.07940118 -0.005960441 0.98886275 -0.12573956
30469288.689590443 -0.068239465 -1.12333 0.2875828 -0.08240959 -0.010249671 0.988314 -0.12782429
30494473.689590443 -0.06908909 -1.1460304 0.3288034 -0.08526279 -0.015087437 0.9878544 -0.12902078
30519688.689590443 -0.069681995 -1.1695989 0.37382 -0.08802073 -0.018787475 0.9874405 -0.12984887
30544934.439590443 -0.06926799 -1.2001417 0.4187041 -0.08981777 -0.019211838 0.98692906 -0.1324191
30570213.689590443 -0.07116712 -1.2183418 0.4537896 -0.09280128 -0.020027336 0.98624706 -0.13529079
30595525.439590443 -0.072663 -1.2465838 0.5005288 -0.095599115 -0.020552317 0.98554754 -0.13832785
30620871.689590443 -0.07421853 -1.2762073 0.5513372 -0.09798054 -0.020399395 0.9848324 -0.14173542
30646254.689590443 -0.074296534 -1.3059329 0.60611665 -0.10049335 -0.020043936 0.98420614 -0.14435251
30671675.689590443 -0.07524023 -1.3322318 0.657334 -0.10343478 -0.020831019 0.9835755 -0.14644657
30697134.439590443 -0.08755747 -1.3451957 0.7081535 -0.10560161 -0.022102619 0.9832286 -0.14704227
30722630.439590443 -0.090075 -1.3749771 0.7680226 -0.10830633 -0.021442829 0.9827101 -0.14863028
30748168.689590443 -0.0905819 -1.4041127 0.8263635 -0.11136492 -0.019965883 0.98242104 -0.14848644
30773749.689590443 -0.100335576 -1.4262373 0.88923615 -0.113318354 -0.02065158 0.9822967 -0.1477353
30799376.439590443 -0.110308886 -1.4631828 0.9498087 -0.1156412 -0.02067825 0.98206687 -0.14745913
30825051.689590443 -0.11862208 -1.4737767 1.0227258 -0.11786246 -0.020381663 0.98204744 -0.14586261
30850779.439590443 -0.11283059 -1.5010686 1.0886406 -0.12102216 -0.018819787 0.98194337 -0.14417598
30876560.689590443 -0.12267101 -1.5313781 1.1733434 -0.12292796 -0.018160885 0.981564 -0.14522803
30902396.689590443 -0.1313259 -1.5566565 1.2438285 -0.12497625 -0.015419087 0.981431 -0.14469457
30928290.689590443 -0.15148425 -1.56735 1.3278816 -0.1269013 -0.0142152645 0.98131096 -0.1439541
30954244.689590443 -0.14689416 -1.5952507 1.4051358 -0.12993023 -0.0105303135 0.9809749 -0.14385946
30980263.689590443 -0.15960176 -1.6158385 1.4908471 -0.13222007 -0.008488603 0.9807703 -0.14330213
31006348.689590443 -0.17101735 -1.6271385 1.5782105 -0.13457707 -0.006960651 0.980624 -0.14218718
31032506.689590443 -0.18997195 -1.6458497 1.6590194 -0.13702849 -0.0060374946 0.98047477 -0.1409116
31058740.689590443 -0.20106107 -1.6560833 1.7533336 -0.13932858 -0.006318084 0.9803128 -0.13976571
31085053.689590443 -0.2228796 -1.6849462 1.8431929 -0.14087468 -0.006787025 0.9801431 -0.13938375
31111448.439590443 -0.24335429 -1.70267 1.9346529 -0.14311709 -0.0081360545 0.97997737 -0.13818713
31137924.689590443 -0.2547583 -1.7117928 2.0280414 -0.14689867 -0.007433762 0.9796178 -0.13680136
31164443.439590443 -0.25749385 -1.7453035 2.1134732 -0.15102465 -0.00638125 0.9789443 -0.13718213
31191047.689590443 -0.2638271 -1.7617949 2.2171354 -0.1549765 -0.007376202 0.97848916 -0.13596651
31217785.689590443 -0.28098273 -1.7724113 2.3197167 -0.15943092 -0.008394993 0.97799623 -0.1342936
31244613.689590443 -0.30019715 -1.7831635 2.4322696 -0.16404168 -0.01140762 0.9773859 -0.1329556
31271526.689590443 -0.31259012 -1.8018178 2.527701 -0.16967018 -0.014277048 0.9766173 -0.13125117
31298520.689590443 -0.32764143 -1.8220754 2.641051 -0.17517307 -0.0185347 0.9757131 -0.13021104
31325592.439590443 -0.36482006 -1.8226396 2.7461283 -0.17978951 -0.023085924 0.9750831 -0.12788971
31352739.689590443 -0.38188264 -1.8454603 2.8526254 -0.18605989 -0.028271832 0.97398823 -0.12621136
31379959.689590443 -0.38558617 -1.8599014 2.9744244 -0.19227026 -0.032679476 0.97285897 -0.1245379
31407246.689590443 -0.41421366 -1.8600632 3.1005034 -0.19799402 -0.03775336 0.97174734 -0.12280144
31434596.689590443 -0.4450031 -1.880676 3.218561 -0.20407017 -0.042430323 0.9704957 -0.12121523
31462004.689590443 -0.46466905 -1.8688323 3.3599985 -0.21080343 -0.046385583 0.9691435 -0.11904314
31489465.689590443 -0.48685843 -1.9190887 3.4526267 -0.21755695 -0.05214907 0.96743774 -0.118379615
31516974.689590443 -0.5132977 -1.9159842 3.5759673 -0.2248138 -0.056713987 0.96579146 -0.116142824
31544525.689590443 -0.5224453 -1.9259517 3.7098484 -0.2318335 -0.062336493 0.9639873 -0.11443736
31572114.689590443 -0.54421514 -1.936086 3.845792 -0.23971441 -0.06866676 0.96184057 -0.11262639
31599736.689590443 -0.59217095 -1.9203658 3.996284 -0.24709421 -0.074376844 0.9598247 -0.110223435
31627385.689590443 -0.64709175 -1.9190594 4.119291 -0.254477 -0.079268545 0.9577639 -0.10791757
31655054.689590443 -0.6900231 -1.9315975 4.239773 -0.26280266 -0.08459284 0.9552212 -0.10644891
31682741.689590443 -0.7407746 -1.9354934 4.37666 -0.2714504 -0.09016826 0.95254135 -0.10416016
31710443.439590443 -0.7809136 -1.9368235 4.5136194 -0.28089032 -0.095732264 0.9494908 -0.101996355
31738151.689590443 -0.7918687 -1.9646153 4.6369896 -0.29171777 -0.101192705 0.94575053 -0.10107777
31765863.689590443 -0.8549112 -1.961664 4.782217 -0.30125052 -0.10691486 0.9423414 -0.09904606
31793573.689590443 -0.92656434 -1.9445298 4.911409 -0.3114803 -0.111406386 0.9387715 -0.0963157
31821274.439590443 -0.9397374 -2.003658 5.0479255 -0.32318854 -0.11676976 0.934136 -0.09645744
31848963.439590443 -0.9870035 -2.0066135 5.197908 -0.3350484 -0.1213045 0.9295494 -0.09468823
31876638.689590443 -1.0434127 -2.0054533 5.3417244 -0.34605938 -0.12548237 0.9251245 -0.09296148
31904296.689590443 -1.0953467 -2.0075386 5.4985056 -0.35698837 -0.12941425 0.9205492 -0.09165401
31931933.689590443 -1.1483773 -2.0025382 5.6519766 -0.3684867 -0.13231392 0.9157394 -0.090177596
31959548.689590443 -1.2045184 -1.9910932 5.789637 -0.37944788 -0.13496593 0.9110392 -0.08838107
31987137.689590443 -1.268096 -2.0130825 5.922146 -0.39045092 -0.13687147 0.90606767 -0.088632025
32014699.689590443 -1.3391562 -2.0100698 6.066337 -0.4012982 -0.13877723 0.90109986 -0.08786174
32042230.689590443 -1.4193876 -2.0188577 6.204745 -0.41191104 -0.1404781 0.89604795 -0.087711304
32069727.689590443 -1.4790611 -2.0341887 6.32147 -0.4226743 -0.14038476 0.8909313 -0.08876962
32097190.689590443 -1.5399821 -2.0475688 6.463656 -0.43379968 -0.13981573 0.8855546 -0.08979151
32124636.689590443 -1.6333385 -2.048138 6.590851 -0.4440986 -0.13804328 0.88058156 -0.091086015
32152044.439590443 -1.7352831 -2.0449924 6.716505 -0.45406464 -0.13663583 0.8756075 -0.09201932
32179391.689590443 -1.8223375 -2.035538 6.863641 -0.46507928 -0.13487917 0.8700907 -0.091929495
32206691.439590443 -1.901836 -2.0416296 6.9950514 -0.47604465 -0.13609202 0.863928 -0.09213477
32233947.439590443 -1.9783545 -2.058135 7.1260767 -0.48640507 -0.14097159 0.85752547 -0.09048316
32261159.689590443 -2.0820618 -2.0544147 7.2568045 -0.4974876 -0.14673302 0.850538 -0.08695242
32288327.689590443 -2.1739554 -2.0461473 7.4014893 -0.5098695 -0.15354377 0.8424208 -0.08236894
32315448.439590443 -2.278142 -2.0506544 7.5255156 -0.5213971 -0.16243616 0.83413434 -0.07732687
32342526.689590443 -2.3741112 -2.0610867 7.6531577 -0.53467005 -0.17089643 0.824401 -0.07270017
32369562.689590443 -2.4817076 -2.064965 7.7959857 -0.5487752 -0.18006171 0.8135989 -0.06693663
32396557.689590443 -2.5951734 -2.0515652 7.9155283 -0.5619691 -0.18864845 0.803071 -0.060659427
32423512.689590443 -2.7061484 -2.0500376 8.044416 -0.57523984 -0.19738169 0.79192483 -0.054723736
32450428.439590443 -2.824713 -2.0624475 8.159035 -0.5880028 -0.20655745 0.78054124 -0.048396137
32477307.689590443 -2.9413276 -2.0603518 8.272186 -0.60040367 -0.21526591 0.76899964 -0.042611178
32504155.689590443 -3.05884 -2.0634384 8.388998 -0.6123527 -0.22320569 0.7575062 -0.037251513
32530974.689590443 -3.1933637 -2.062495 8.488652 -0.6242248 -0.22981475 0.7459544 -0.032874662
32557765.689590443 -3.3063865 -2.0590992 8.605497 -0.63630426 -0.23571905 0.7340137 -0.027883496
32584531.689590443 -3.4408784 -2.056673 8.710745 -0.6478392 -0.24072292 0.72237355 -0.02309738
32611273.439590443 -3.5829616 -2.0533714 8.804181 -0.65902805 -0.24473639 0.7109698 -0.017555466
32637997.689590443 -3.7177472 -2.0510936 8.902962 -0.6705757 -0.24829865 0.6989526 -0.01188909
32664704.689590443 -3.8650336 -2.0436795 8.997319 -0.68171215 -0.2510751 0.6871702 -0.0052005555
32691396.689590443 -4.0099363 -2.0482707 9.093553 -0.69276685 -0.25454327 0.6747445 0.0013498433
32718076.689590443 -4.1535435 -2.0288486 9.176577 -0.7032259 -0.25659892 0.66297334 0.00983402
32744744.689590443 -4.2981205 -2.0393558 9.258508 -0.7142111 -0.2585515 0.6502136 0.016609889
32771399.439590443 -4.454723 -2.0324023 9.335098 -0.72443354 -0.26103568 0.6374872 0.025819195
32798039.689590443 -4.6020994 -2.0254028 9.413267 -0.7354973 -0.263082 0.62339985 0.034704447
32824665.689590443 -4.7602673 -2.019486 9.489796 -0.74581975 -0.26524222 0.6094859 0.04389115
32851271.689590443 -4.9192286 -2.0212374 9.551135 -0.75589246 -0.26771107 0.595113 0.052895576
32877856.439590443 -5.0788937 -2.0192833 9.613618 -0.76634645 -0.26933104 0.5798442 0.06288632
32904420.689590443 -5.2435455 -2.0127914 9.674485 -0.7772593 -0.26965594 0.563814 0.072577804
32930961.689590443 -5.406107 -2.0119934 9.726985 -0.78823954 -0.2694665 0.5471073 0.08209736
32957476.689590443 -5.572732 -2.005571 9.758258 -0.798432 -0.26892594 0.5307659 0.092048064
32983971.689590443 -5.7338 -2.005002 9.791145 -0.80959135 -0.2672277 0.5127241 0.10131677
33010444.689590443 -5.913124 -1.9875733 9.8162985 -0.82077944 -0.26427278 0.49405533 0.11131237
33036899.689590443 -6.0766077 -1.9675865 9.848003 -0.832585 -0.25960794 0.4740595 0.12113501
33063342.689590443 -6.2361975 -1.9844568 9.855357 -0.8435604 -0.25570685 0.45397192 0.13011305
33089778.689590443 -6.398712 -1.9765238 9.875861 -0.85476196 -0.25022727 0.43315542 0.13836496
33116213.689590443 -6.561845 -1.9683807 9.871796 -0.86450243 -0.2460262 0.4125871 0.14791445
33142650.689590443 -6.7150536 -1.9684668 9.871962 -0.8742591 -0.24174419 0.3908917 0.15631503
33169094.689590443 -6.876457 -1.9523389 9.868708 -0.8828547 -0.23784184 0.36954987 0.1656257
33195542.689590443 -7.0341425 -1.9498699 9.858068 -0.89117736 -0.23353675 0.34768966 0.17428583
33222004.689590443 -7.1779814 -1.9467614 9.836714 -0.8984801 -0.22886457 0.32741815 0.1820767
33248492.689590443 -7.3215494 -1.9260571 9.819945 -0.90460986 -0.22493294 0.30624157 0.19313787
33275001.439590443 -7.46467 -1.9236803 9.796574 -0.9100423 -0.22116646 0.2861705 0.20252125
33301537.439590443 -7.6069384 -1.9129481 9.768378 -0.9147098 -0.2181679 0.26605085 0.2119568
33328101.689590443 -7.7475147 -1.9049282 9.737734 -0.91880274 -0.2154264 0.24688335 0.22009479
33354700.689590443 -7.8852415 -1.8846087 9.690011 -0.9221646 -0.21395063 0.22844248 0.22727
33381334.689590443 -8.01326 -1.8687472 9.650367 -0.9253142 -0.21353886 0.21150944 0.23121105
33408003.689590443 -8.141477 -1.8536453 9.60858 -0.9289867 -0.21278986 0.19496313 0.23171872
33434708.689590443 -8.265521 -1.8319507 9.551314 -0.9327064 -0.21271303 0.18002775 0.22891498
33461450.689590443 -8.37859 -1.8047762 9.492641 -0.9363922 -0.21254931 0.16560127 0.22487493
33488228.689590443 -8.498446 -1.7974153 9.430333 -0.94044244 -0.21061228 0.15127127 0.21983518
33515038.439590443 -8.602602 -1.7770519 9.370329 -0.94386613 -0.20696199 0.13789271 0.21741489
33541882.439590443 -8.704709 -1.7490168 9.2947445 -0.9477511 -0.20107406 0.12399236 0.2143898
33568758.43959044 -8.810336 -1.7292967 9.220196 -0.95119166 -0.19484045 0.11123903 0.21189056
33595667.68959044 -8.90632 -1.7249274 9.148577 -0.95436984 -0.18941581 0.09844677 0.20882589
33622610.68959044 -8.994351 -1.699532 9.065891 -0.95764875 -0.18407342 0.087616645 0.20334518
33649587.68959044 -9.084424 -1.6621785 8.970403 -0.9604976 -0.18011923 0.07778785 0.19735862
33676598.68959044 -9.169962 -1.6471677 8.890377 -0.9637569 -0.17630999 0.06796943 0.1883284
33703646.68959044 -9.248589 -1.628108 8.8056135 -0.9669868 -0.17215396 0.058709055 0.17847379
33730729.68959044 -9.329866 -1.601449 8.715199 -0.9698686 -0.16725586 0.04946102 0.1701003
33757845.68959044 -9.405582 -1.5837669 8.617563 -0.97231287 -0.16273837 0.040187374 0.16281554
33784992.68959044 -9.472583 -1.5587502 8.517401 -0.97411877 -0.15810463 0.030315187 0.1586711
33812169.68959044 -9.532693 -1.5433908 8.421417 -0.9752268 -0.15384659 0.020950524 0.15755944
33839376.68959044 -9.589215 -1.5346432 8.322358 -0.9758221 -0.15109363 0.011194773 0.15753353
33866612.68959044 -9.660428 -1.5165105 8.216628 -0.97586936 -0.15049553 0.0014832295 0.15820213
33893879.68959044 -9.7130165 -1.4978619 8.102901 -0.9757014 -0.15185227 -0.0067313644 0.15780522
33921169.43959044 -9.7610855 -1.4750695 7.9929466 -0.9755242 -0.15353368 -0.014572949 0.1567407
33948480.68959044 -9.808957 -1.4480114 7.8761435 -0.9752498 -0.15563737 -0.021558806 0.15556368
33975811.68959044 -9.857615 -1.4411106 7.7644196 -0.97498435 -0.1571959 -0.028416336 0.15455624
34003158.68959044 -9.904642 -1.4338808 7.6476164 -0.9748879 -0.15749079 -0.035100006 0.153487
34030516.68959044 -9.940545 -1.4181232 7.5283747 -0.97473437 -0.15760651 -0.04214086 0.15256903
34057879.68959044 -9.985877 -1.402529 7.4054327 -0.97495836 -0.1574095 -0.049070995 0.14923345
34085244.68959044 -10.011509 -1.3830519 7.2752686 -0.9749447 -0.157386 -0.055452116 0.14709735
34112602.68959044 -10.037803 -1.3650234 7.151643 -0.97540414 -0.15587737 -0.06175897 0.14309034
34139951.68959044 -10.060895 -1.3547056 7.024084 -0.9755097 -0.15564218 -0.06743733 0.14003053
34167286.68959044 -10.080475 -1.3578289 6.905245 -0.97576064 -0.15514521 -0.07371159 0.1356015
34194608.68959044 -10.099321 -1.3287625 6.7525473 -0.9763085 -0.15489307 -0.07788345 0.12947609
34221916.68959044 -10.117268 -1.3307791 6.620903 -0.9769242 -0.15571289 -0.08125414 0.12153361
34249214.68959044 -10.129408 -1.3319621 6.4908648 -0.9776781 -0.15611698 -0.08320993 0.113353886
34276505.68959044 -10.141649 -1.3262959 6.3465033 -0.9784659 -0.15527138 -0.08641532 0.10501303
34303787.68959044 -10.150361 -1.3407693 6.2132883 -0.9791117 -0.15528086 -0.08778455 0.09758159
34331064.68959044 -10.160028 -1.3167183 6.059411 -0.97995985 -0.15375406 -0.08912816 0.08997014
34358337.68959044 -10.15913 -1.3220983 5.931096 -0.98026925 -0.15444961 -0.090357594 0.08398266
34385608.68959044 -10.158762 -1.3301136 5.7922974 -0.98062295 -0.15507764 -0.090853654 0.07794384
34412880.68959044 -10.164881 -1.3238595 5.6478662 -0.9809687 -0.15520005 -0.09035481 0.07381975
34440159.68959044 -10.16151 -1.3237803 5.497488 -0.9811212 -0.15578634 -0.09081564 0.06988844
34467448.68959044 -10.160364 -1.3239036 5.368553 -0.981477 -0.1555146 -0.089175746 0.06757034
34494744.68959044 -10.156672 -1.334238 5.237854 -0.9817299 -0.15464652 -0.08840009 0.0669054
34522053.68959044 -10.1634865 -1.3136472 5.0642433 -0.9820836 -0.15280342 -0.089211024 0.06484099
34549382.68959044 -10.150074 -1.3341587 4.918708 -0.9823828 -0.15196416 -0.08805452 0.06385417
34576733.68959044 -10.144014 -1.3522052 4.7879763 -0.9829009 -0.15039432 -0.087222904 0.060659688
34604107.68959044 -10.144255 -1.3871487 4.643065 -0.9836412 -0.14822409 -0.08583278 0.055789102
34631510.43959044 -10.143651 -1.367569 4.4451637 -0.9846622 -0.14372507 -0.08571241 0.049365036
34658943.68959044 -10.12179 -1.3764082 4.2853775 -0.9854646 -0.14106072 -0.08386155 0.043917913
34686407.68959044 -10.133278 -1.3884523 4.140166 -0.985838 -0.14003417 -0.08329568 0.039696254
34713902.68959044 -10.120782 -1.3992312 3.97815 -0.98619974 -0.13918325 -0.08242371 0.035278548
34741430.43959044 -10.137243 -1.393679 3.8146133 -0.98633724 -0.13883734 -0.082739264 0.03189534
34768989.68959044 -10.100544 -1.4266956 3.66921 -0.98653793 -0.13943678 -0.08047849 0.028697988
34796586.43959044 -10.100816 -1.4252441 3.4876146 -0.9866456 -0.13908523 -0.08096839 0.025098234
34824202.43959044 -10.098654 -1.4316902 3.329165 -0.9868488 -0.13851677 -0.08029585 0.022255544
34851861.68959044 -10.070788 -1.4920343 3.2030082 -0.98686624 -0.14002015 -0.07822594 0.019239176
34879587.68959044 -10.062198 -1.4887753 3.0233612 -0.9870315 -0.1395539 -0.07770266 0.01599492
34907368.68959044 -10.063917 -1.5037735 2.8534403 -0.9872275 -0.13821642 -0.07801143 0.013870522
34935205.68959044 -10.035955 -1.4969723 2.6756215 -0.98781896 -0.13500372 -0.076456696 0.011920369
34963104.43959044 -10.03164 -1.5279812 2.5286899 -0.988093 -0.13355291 -0.075677834 0.010424764
34991069.68959044 -10.025939 -1.5293574 2.3542476 -0.9884583 -0.13073823 -0.075937144 0.0095603205
35019105.68959044 -10.014305 -1.5236987 2.1655064 -0.98868024 -0.12966411 -0.07494391 0.009061347
35047214.43959044 -10.013107 -1.5244805 1.9717174 -0.98879635 -0.12907553 -0.07438977 0.009354149
35075397.43959044 -10.0047865 -1.5456374 1.8045707 -0.98898876 -0.12906796 -0.07162526 0.010609597
35103656.43959044 -9.981256 -1.5439866 1.6153951 -0.9892605 -0.12876764 -0.068295635 0.0108745005
35131992.68959044 -9.985577 -1.5456873 1.4271297 -0.98949087 -0.12830453 -0.065706186 0.011337388
35160408.43959044 -9.972766 -1.5736412 1.2652535 -0.9896668 -0.12886032 -0.061774753 0.01177235
35188909.43959044 -9.9642515 -1.5736835 1.0695705 -0.9899938 -0.12845804 -0.057096865 0.012279736
35217495.68959044 -9.963025 -1.5726566 0.8659146 -0.99030155 -0.12777086 -0.05310444 0.012548987
35246171.68959044 -9.962646 -1.569947 0.6922834 -0.9906779 -0.12713692 -0.04678934 0.0142931845
35274942.68959044 -9.962114 -1.5703058 0.49990773 -0.99108595 -0.12586953 -0.040585477 0.016073538
35303813.68959044 -9.956631 -1.581933 0.32572484 -0.9913217 -0.12570815 -0.033614025 0.018681215
35332786.68959044 -9.958895 -1.5878211 0.1283431 -0.991562 -0.12469661 -0.027535098 0.022302773
35361866.68959044 -9.970517 -1.6001003 -0.05186236 -0.9915916 -0.12500644 -0.021549636 0.025597908
35391057.43959044 -9.966404 -1.5745159 -0.2583773 -0.9918966 -0.12278883 -0.013941804 0.029489031
35420360.68959044 -9.96577 -1.5788251 -0.44144112 -0.9918805 -0.122880295 -0.0070660505 0.031994548
35449775.68959044 -9.964774 -1.5911032 -0.6323849 -0.99193585 -0.122500375 -0.00064098445 0.032506023
35479301.68959044 -9.960452 -1.5733076 -0.84620243 -0.9920715 -0.121593624 0.005600478 0.031268384
35508936.68959044 -9.954117 -1.5807554 -1.0442834 -0.9920579 -0.12117197 0.011966604 0.031548753
35538680.68959044 -9.95128 -1.57422 -1.246375 -0.99205405 -0.12096994 0.017508168 0.029808981
35568527.68959044 -9.94606 -1.5660414 -1.4557664 -0.992092 -0.120233476 0.02336383 0.027413648
35598472.68959044 -9.933193 -1.5571611 -1.66099 -0.99230325 -0.11763077 0.02871689 0.025935048
35628508.68959044 -9.936746 -1.537157 -1.8717997 -0.99278724 -0.11244265 0.034313586 0.023512835
35658628.68959044 -9.931884 -1.5363208 -2.0841496 -0.9932536 -0.10697694 0.03910912 0.021764372
35688825.68959044 -9.9172945 -1.5049198 -2.3089879 -0.9937735 -0.10031092 0.044207428 0.019945215
35719092.68959044 -9.911177 -1.4838207 -2.5253477 -0.9941206 -0.09448284 0.049593046 0.018378241
35749419.68959044 -9.907127 -1.4860054 -2.7316236 -0.9941633 -0.09040742 0.05631113 0.017173555
35779802.68959044 -9.90789 -1.4847164 -2.9306507 -0.9941297 -0.08668346 0.06281989 0.015677568
35810239.68959044 -9.914764 -1.4768369 -3.1412868 -0.99400747 -0.082713455 0.06982204 0.01525121
35840732.68959044 -9.908605 -1.4564478 -3.3723135 -0.99379784 -0.07779919 0.07813909 0.014409069
35871281.68959044 -9.902949 -1.4576306 -3.5808024 -0.9932026 -0.07517144 0.08788017 0.013224323
35901886.68959044 -9.894402 -1.4518478 -3.7760491 -0.9923085 -0.07326244 0.09918707 0.010878922
35932539.68959044 -9.891397 -1.4170094 -3.9965158 -0.99122393 -0.07034499 0.11167486 0.007447768
35963233.68959044 -9.894206 -1.4166025 -4.2063932 -0.9896746 -0.0694019 0.12538186 0.002624801
35993961.68959044 -9.90612 -1.387598 -4.4137306 -0.98765934 -0.06820904 0.14096722 -0.002221958
36024720.68959044 -9.905963 -1.3769355 -4.624961 -0.98498017 -0.06807637 0.15843849 -0.008773879
36055499.68959044 -9.913925 -1.3800914 -4.8269176 -0.98170996 -0.06860825 0.1768106 -0.016629636
36086289.68959044 -9.92638 -1.363673 -5.041649 -0.97799194 -0.068650715 0.19536573 -0.025518784
36117083.68959044 -9.927276 -1.3351258 -5.2586603 -0.97375286 -0.06841388 0.21440929 -0.033965405
36147874.68959044 -9.93738 -1.313827 -5.468747 -0.9691377 -0.06839579 0.23309839 -0.041944295
36178654.68959044 -9.943177 -1.2820922 -5.7071056 -0.96390766 -0.06803229 0.2526524 -0.04919798
36209420.68959044 -9.948882 -1.2724807 -5.915166 -0.9582608 -0.067885496 0.2718351 -0.056865223
36240169.43959044 -9.970473 -1.2439603 -6.130887 -0.9527021 -0.066085845 0.2897372 -0.06359088
36270907.68959044 -9.985114 -1.2477194 -6.3156223 -0.94683516 -0.066724405 0.3068343 -0.07002716
36301637.68959044 -10.026407 -1.2371244 -6.4944735 -0.9414541 -0.06674394 0.32191852 -0.07468495
36332352.68959044 -10.057277 -1.2216921 -6.7139444 -0.93558806 -0.06720351 0.33776817 -0.07791933
36363051.68959044 -10.074333 -1.2150949 -6.9118996 -0.929479 -0.06870922 0.35372558 -0.07890584
36393734.68959044 -10.10008 -1.2131073 -7.112529 -0.9239922 -0.069344796 0.36780494 -0.078417465
36424400.68959044 -10.142512 -1.1942679 -7.315856 -0.918798 -0.069849275 0.38077947 -0.07706091
36455047.68959044 -10.154552 -1.1973368 -7.5218916 -0.9127559 -0.07051306 0.39494446 -0.07696414
36485668.68959044 -10.190977 -1.1847416 -7.7197313 -0.9072076 -0.07206536 0.40723345 -0.07708397
36516263.68959044 -10.218927 -1.1742938 -7.9111757 -0.901249 -0.073488355 0.4198971 -0.07769259
36546840.68959044 -10.2755375 -1.1773157 -8.082063 -0.89535683 -0.0752107 0.43176535 -0.07910958
36577397.68959044 -10.310727 -1.1763415 -8.272402 -0.8891459 -0.075904004 0.44413865 -0.07999433
36607934.68959044 -10.354631 -1.1634301 -8.466217 -0.8823491 -0.075490125 0.45710838 -0.082543224
36638453.68959044 -10.405824 -1.1559544 -8.660037 -0.87515193 -0.07510298 0.4702984 -0.08536984
36668953.68959044 -10.461228 -1.1511327 -8.827703 -0.86787134 -0.07496062 0.4829834 -0.08892287
36699433.68959044 -10.529873 -1.149071 -9.005036 -0.85992426 -0.07500606 0.49652693 -0.09146264
36729893.68959044 -10.58967 -1.1502162 -9.171061 -0.85152125 -0.07515923 0.510232 -0.09447753
36760325.68959044 -10.652712 -1.1314251 -9.339807 -0.84248793 -0.074614264 0.52473265 -0.09644964
36790729.43959044 -10.725479 -1.1225411 -9.521606 -0.8330282 -0.07495148 0.5391718 -0.098692454
36821098.68959044 -10.787893 -1.1286159 -9.682425 -0.82307583 -0.07450805 0.5536257 -0.10243737
36851425.68959044 -10.864435 -1.1387949 -9.839695 -0.8130407 -0.0742411 0.56755775 -0.106449194
36881705.43959044 -10.939136 -1.130418 -9.9953 -0.8031272 -0.07338156 0.58097667 -0.10985364
36911933.68959044 -11.016103 -1.1344497 -10.145302 -0.79321873 -0.07325785 0.5939329 -0.11261023
36942103.68959044 -11.101532 -1.1344954 -10.300497 -0.7831602 -0.071938254 0.60658187 -0.11637669
36972209.68959044 -11.174887 -1.1367671 -10.447622 -0.77297735 -0.0713035 0.61905175 -0.11915004
37002247.68959044 -11.264215 -1.1384493 -10.594597 -0.76272976 -0.07046427 0.63110757 -0.12239869
37032212.43959044 -11.3492985 -1.1481973 -10.745064 -0.7525017 -0.06983505 0.64276344 -0.12537698
37062100.68959044 -11.436753 -1.1432551 -10.884171 -0.7421691 -0.06768876 0.65416884 -0.12909846
37091907.43959044 -11.529037 -1.1575522 -11.013092 -0.7323034 -0.06575892 0.66453385 -0.13342531
37121630.68959044 -11.629886 -1.16657 -11.16004 -0.72198623 -0.06383069 0.6751154 -0.1374074
37151266.68959044 -11.723285 -1.167353 -11.286203 -0.71167916 -0.06181453 0.6853654 -0.1413014
37180816.68959044 -11.826562 -1.1684885 -11.407858 -0.70169455 -0.05861532 0.69510275 -0.14498676
37210276.68959044 -11.923086 -1.1818017 -11.529067 -0.6915595 -0.057869613 0.7045206 -0.1484834
37239649.43959044 -12.034983 -1.1845059 -11.634631 -0.6820038 -0.055781174 0.7132383 -0.15182377
37268979.68959044 -12.134657 -1.2165973 -11.778967 -0.67068255 -0.05460538 0.72314215 -0.1557839
37298226.68959044 -12.242465 -1.224392 -11.885861 -0.6610141 -0.052779235 0.7314981 -0.15869872
37327344.68959044 -12.3477 -1.2359874 -11.995595 -0.65061325 -0.051238425 0.7403077 -0.16131212
37356378.68959044 -12.463562 -1.2539496 -12.107948 -0.6404652 -0.049203772 0.7487001 -0.16380347
37385334.43959044 -12.578863 -1.2652538 -12.205274 -0.63003606 -0.048844744 0.75718635 -0.16534087
37414212.68959044 -12.698977 -1.280145 -12.277933 -0.6203138 -0.048539646 0.76511157 -0.16570777
37443010.68959044 -12.817904 -1.3211359 -12.3798685 -0.609489 -0.04858411 0.77354705 -0.16669668
37471727.68959044 -12.946901 -1.3200794 -12.463558 -0.59924406 -0.047192406 0.7815298 -0.1670051
37500357.68959044 -13.072137 -1.3409789 -12.546899 -0.58913803 -0.046877157 0.78909534 -0.16747391
37528896.68959044 -13.192639 -1.3649253 -12.622124 -0.5784048 -0.0467288 0.7967148 -0.16884892
37557341.68959044 -13.321547 -1.3763777 -12.697018 -0.5676133 -0.044936694 0.80406964 -0.17107858
37585688.68959044 -13.446237 -1.3978734 -12.770515 -0.55667865 -0.043315247 0.81118774 -0.1738021
37613934.43959044 -13.578233 -1.412215 -12.831671 -0.54561245 -0.040445216 0.8182224 -0.17658833
37642075.68959044 -13.705065 -1.4387927 -12.892065 -0.53447825 -0.03774472 0.82522684 -0.17863116
37670114.43959044 -13.842691 -1.4685103 -12.949347 -0.5231277 -0.034423824 0.8322355 -0.18037917
37698050.43959044 -13.960633 -1.4956704 -13.00057 -0.5114563 -0.031576402 0.8393795 -0.18126614
37725882.43959044 -14.094787 -1.5142714 -13.046122 -0.4999924 -0.027916772 0.8461557 -0.18234262
37753610.68959044 -14.224349 -1.5460464 -13.092444 -0.48840922 -0.024755213 0.85256004 -0.1843502
37781231.68959044 -14.367434 -1.5567461 -13.12161 -0.47647944 -0.020786699 0.85890543 -0.18659249
37808742.43959044 -14.499834 -1.5635431 -13.1654005 -0.46334743 -0.016596356 0.8653427 -0.19030468
37836148.43959044 -14.631048 -1.598126 -13.194339 -0.45123124 -0.011977254 0.87070477 -0.19524384
37863455.43959044 -14.772144 -1.6089628 -13.22273 -0.43868816 -0.008088209 0.8763811 -0.19860366
37890665.43959044 -14.916313 -1.6181171 -13.246859 -0.4259656 -0.0036146212 0.88188326 -0.20204504
37917786.68959044 -15.035915 -1.6337543 -13.269199 -0.4137609 0.0006283157 0.88686746 -0.20559123
37944822.68959044 -15.167187 -1.6651235 -13.284166 -0.40103212 0.004383603 0.89180994 -0.20935388
37971780.68959044 -15.3126335 -1.6832858 -13.298891 -0.3880843 0.007957703 0.8969446 -0.21170208
37998666.43959044 -15.453407 -1.7047628 -13.313491 -0.37526593 0.011508533 0.9018534 -0.21378416
38025485.43959044 -15.591711 -1.7114272 -13.308156 -0.3629696 0.015152196 0.90651673 -0.21506013
38052240.68959044 -15.725952 -1.7314583 -13.306613 -0.35028735 0.01728524 0.9113061 -0.215688
38078934.68959044 -15.860577 -1.7558103 -13.304296 -0.33735868 0.020524953 0.9159458 -0.21635863
38105572.68959044 -15.996303 -1.7692589 -13.290667 -0.3243276 0.023111045 0.92073035 -0.21571547
38132156.68959044 -16.146267 -1.7787557 -13.271011 -0.3103617 0.02698825 0.9256997 -0.21453965
38158686.68959044 -16.281294 -1.777753 -13.248443 -0.2972942 0.03039244 0.9302082 -0.21308492
38185161.68959044 -16.402971 -1.8221216 -13.220833 -0.2841012 0.03290995 0.93407345 -0.21379964
38211581.68959044 -16.538935 -1.8438396 -13.194001 -0.270803 0.036635403 0.9378508 -0.21391468
38237949.68959044 -16.672832 -1.859354 -13.166768 -0.25710374 0.039017204 0.9415453 -0.21416768
38264263.68959044 -16.806162 -1.8643334 -13.117743 -0.2439982 0.042341087 0.9447466 -0.21476959
38290521.68959044 -16.932074 -1.8712448 -13.071604 -0.23047145 0.045976333 0.94784284 -0.21532094
38316726.68959044 -17.056997 -1.8738577 -13.020153 -0.21706384 0.049802203 0.95082796 -0.21524243
38342879.43959044 -17.184362 -1.903256 -12.976592 -0.20258082 0.052886765 0.9538594 -0.21521248
38368984.68959044 -17.306992 -1.9031742 -12.91545 -0.18825532 0.05703092 0.9568651 -0.21381456
38395044.68959044 -17.42684 -1.9273908 -12.86269 -0.17310579 0.05964015 0.95988566 -0.2123606
38421059.68959044 -17.539623 -1.9517633 -12.805022 -0.15795515 0.06354372 0.96262383 -0.2106368
38447030.68959044 -17.661509 -1.949611 -12.7398205 -0.14288676 0.06881231 0.9649688 -0.20900597
38472959.43959044 -17.767763 -1.981525 -12.673597 -0.12740777 0.072252035 0.96699774 -0.2084762
38498852.43959044 -17.8793 -1.9978426 -12.608275 -0.11196177 0.07693619 0.9685985 -0.20823646
38524711.68959044 -17.991215 -2.0081818 -12.529493 -0.096088395 0.082577765 0.96994346 -0.20774429
38550542.68959044 -18.097792 -2.0312748 -12.460451 -0.08021664 0.087446816 0.97121906 -0.20652367
38576346.68959044 -18.191114 -2.0364227 -12.379648 -0.06496733 0.093154944 0.9723353 -0.2041216
38602129.68959044 -18.297907 -2.0448506 -12.289352 -0.048579536 0.09839997 0.97334194 -0.20140249
38627890.68959044 -18.386904 -2.0580606 -12.203955 -0.032800317 0.10348682 0.97413296 -0.19819102
38653634.68959044 -18.488758 -2.071744 -12.118697 -0.016128732 0.10769101 0.97469586 -0.19521932
38679361.68959044 -18.58432 -2.0884356 -12.034091 0.000509354 0.113292284 0.9747307 -0.19252229
38705073.68959044 -18.67823 -2.105659 -11.9311285 0.016561437 0.11851708 0.9744676 -0.18997993
38730772.43959044 -18.768969 -2.1266513 -11.831425 0.03212424 0.122539185 0.9739537 -0.18805936
38756459.68959044 -18.853573 -2.1268337 -11.734062 0.04866222 0.12778655 0.9731289 -0.18526407
38782133.68959044 -18.936495 -2.1354322 -11.644604 0.06427038 0.13235217 0.9719809 -0.18331754
38807798.68959044 -19.017326 -2.1529598 -11.536378 0.079731196 0.13769181 0.97045624 -0.18137972
38833454.68959044 -19.087238 -2.1791587 -11.4271755 0.095200494 0.14182328 0.96864694 -0.18040548
38859099.68959044 -19.160004 -2.1865087 -11.309887 0.11064156 0.1471318 0.966527 -0.17870726
38884734.68959044 -19.226744 -2.1941416 -11.186013 0.12580177 0.15144691 0.9643253 -0.17695904
38910361.43959044 -19.295216 -2.2057185 -11.084701 0.14144124 0.15635179 0.96167094 -0.17532142
38935984.68959044 -19.357407 -2.2131681 -10.974632 0.1567746 0.16191533 0.9587716 -0.17309582
38961603.68959044 -19.408262 -2.2347436 -10.863291 0.17214763 0.16653644 0.95565003 -0.17135899
38987222.68959044 -19.47131 -2.2408671 -10.72546 0.18795872 0.17241594 0.9520684 -0.16884923
39012841.68959044 -19.507723 -2.2488458 -10.621546 0.20265767 0.17830373 0.94834054 -0.16669746
39038459.68959044 -19.562996 -2.2605395 -10.497761 0.2182291 0.18414952 0.9441046 -0.16471669
39064077.68959044 -19.591581 -2.2662969 -10.378265 0.23245634 0.1917184 0.9395425 -0.16269004
39089701.68959044 -19.630102 -2.2838924 -10.25252 0.24786225 0.19740124 0.9347473 -0.16076238
39115333.68959044 -19.654285 -2.3047483 -10.145021 0.2629406 0.20526549 0.9292503 -0.15881489
39140973.68959044 -19.67947 -2.3021727 -10.019619 0.27784654 0.21232942 0.9236963 -0.15653357
39166627.68959044 -19.706642 -2.3021698 -9.893444 0.2922641 0.21988589 0.9178666 -0.15411949
39192311.43959044 -19.708664 -2.3137412 -9.774282 0.30637527 0.22739124 0.91168445 -0.1525089
39218018.43959044 -19.723593 -2.3302157 -9.656353 0.3217456 0.23420231 0.90507543 -0.1498922
39243751.43959044 -19.724585 -2.3287125 -9.531879 0.3358353 0.24121372 0.8985256 -0.14724942
39269514.68959044 -19.731182 -2.349587 -9.39876 0.35033938 0.24757752 0.8915639 -0.14519511
39295312.68959044 -19.721054 -2.34005 -9.280415 0.36378175 0.25354043 0.88493836 -0.14235236
39321149.68959044 -19.69237 -2.3494127 -9.165514 0.37754536 0.25933993 0.87775356 -0.14053841
39347025.68959044 -19.683104 -2.3513384 -9.03624 0.3915726 0.264661 0.87042016 -0.13781957
39372943.68959044 -19.67239 -2.3514445 -8.90125 0.4055408 0.26987165 0.86282575 -0.13504735
39398899.68959044 -19.652044 -2.3508773 -8.793156 0.4193562 0.27428666 0.8552508 -0.1321112
39424893.68959044 -19.613169 -2.3392375 -8.681247 0.43191776 0.2789596 0.84795 -0.1288777
39450925.68959044 -19.586655 -2.342158 -8.564907 0.44507724 0.2829133 0.8402016 -0.12620488
39476993.68959044 -19.53699 -2.3406572 -8.445532 0.45830268 0.28639275 0.83231056 -0.1232767
39503095.68959044 -19.48916 -2.336061 -8.329724 0.47126064 0.28824642 0.824782 -0.1206737
39529233.68959044 -19.441826 -2.322503 -8.209229 0.48405468 0.29026523 0.8171728 -0.11690133
39555408.68959044 -19.381475 -2.3106122 -8.099659 0.49633995 0.29140046 0.8098185 -0.11369478
39581621.68959044 -19.324934 -2.3158755 -7.993412 0.5079402 0.29107466 0.8030599 -0.11120825
39607877.43959044 -19.259277 -2.3019156 -7.8916273 0.51944786 0.29034016 0.7963804 -0.10795782
39634172.68959044 -19.192217 -2.3158083 -7.7949095 0.5307386 0.28872284 0.7898977 -0.10496279
39660509.68959044 -19.09929 -2.2821841 -7.685052 0.541024 0.28700593 0.7839957 -0.101347834
39686885.68959044 -19.027578 -2.2683086 -7.584071 0.5507214 0.28308386 0.7789589 -0.098957494
39713303.68959044 -18.951822 -2.2632775 -7.490122 0.5600868 0.27778292 0.7744897 -0.09646378
39739760.68959044 -18.870878 -2.2527122 -7.3837957 0.56916314 0.2723233 0.77007157 -0.09425103
39766254.68959044 -18.783638 -2.2534585 -7.287895 0.5765078 0.26704332 0.7666714 -0.09242096
39792782.68959044 -18.684713 -2.2395945 -7.1938267 0.5824207 0.26304963 0.76397425 -0.08907576
39819346.68959044 -18.567152 -2.2099557 -7.100462 0.58770424 0.25848278 0.76174104 -0.0868394
39845942.43959044 -18.46602 -2.2006598 -7.016094 0.59164613 0.2545194 0.7602397 -0.084914036
39872572.68959044 -18.357098 -2.1896386 -6.9373884 0.59414166 0.25144923 0.75945 -0.083694376
39899233.68959044 -18.247618 -2.1742005 -6.8352547 0.59611565 0.24800679 0.7592433 -0.08178315
39925928.68959044 -18.121876 -2.1552262 -6.7544937 0.59800416 0.24348645 0.75930876 -0.08096717
39952655.68959044 -18.013062 -2.151793 -6.671694 0.5981214 0.23887165 0.76072663 -0.08053678
39979416.68959044 -17.884037 -2.1365445 -6.5959606 0.5986732 0.23310976 0.7621267 -0.080081716
40006209.68959044 -17.746857 -2.1279237 -6.5274487 0.59866226 0.22714934 0.76389396 -0.08045369
40033037.68959044 -17.623878 -2.1213923 -6.4471474 0.5991429 0.22151947 0.76502115 -0.08185091
40059902.68959044 -17.490736 -2.1073298 -6.3806896 0.5982165 0.21627988 0.7671989 -0.082255594
40086806.43959044 -17.34802 -2.0997555 -6.2984676 0.59681773 0.21227762 0.76925266 -0.08364988
40113752.68959044 -17.207855 -2.0977197 -6.2309875 0.5936759 0.20924531 0.77252275 -0.08351014
40140746.68959044 -17.047495 -2.0856867 -6.1764927 0.5897808 0.20632613 0.7763049 -0.08330026
40167793.43959044 -16.916405 -2.0872045 -6.11325 0.5857239 0.20224571 0.78032255 -0.08438553
40194901.68959044 -16.754196 -2.0704448 -6.042055 0.5819695 0.19738601 0.784398 -0.084084205
40222077.68959044 -16.600561 -2.0728261 -5.989277 0.57707363 0.19303702 0.7889361 -0.08545533
40249329.68959044 -16.436441 -2.0645711 -5.9181013 0.5725516 0.18788324 0.7933752 -0.08625789
40276660.68959044 -16.281376 -2.0705178 -5.859359 0.56811476 0.18323228 0.7975949 -0.08668299
40304075.68959044 -16.099674 -2.064991 -5.8058186 0.56301546 0.17715338 0.8023874 -0.08834425
40331582.68959044 -15.9356165 -2.0773096 -5.7535105 0.55789185 0.17080332 0.80710244 -0.090380006
40359187.68959044 -15.763206 -2.0727322 -5.689932 0.5532309 0.16373226 0.8116108 -0.091734886
40386893.43959044 -15.592041 -2.0876985 -5.644786 0.54744434 0.15669906 0.81658584 -0.09453907
40414709.68959044 -15.417397 -2.092874 -5.585943 0.54217464 0.14913496 0.82122606 -0.09691868
40442638.68959044 -15.2281885 -2.0865314 -5.537135 0.53680223 0.14036848 0.8258411 -0.10063082
40470681.68959044 -15.055932 -2.0902612 -5.4718924 0.5314237 0.13232435 0.83021337 -0.104043484
40498837.68959044 -14.863283 -2.096678 -5.4282484 0.52620953 0.12454984 0.8342065 -0.108122446
40527105.68959044 -14.66853 -2.0847497 -5.3601027 0.52175075 0.11673571 0.83767366 -0.11158796
40555481.68959044 -14.4843445 -2.1179252 -5.316909 0.5166072 0.110559866 0.84114534 -0.115620345
40583960.43959044 -14.301291 -2.1373024 -5.2625113 0.511824 0.10331339 0.8442806 -0.12063527
40612540.68959044 -14.094187 -2.1406224 -5.196666 0.5079687 0.09511544 0.8470326 -0.12432476
40641217.68959044 -13.898396 -2.149453 -5.13935 0.5035519 0.08769939 0.84996986 -0.12765446
40669989.68959044 -13.711211 -2.1645577 -5.0872803 0.49901414 0.08057761 0.85272086 -0.13175492
40698853.43959044 -13.520404 -2.156889 -4.9991746 0.4957266 0.07256238 0.85482997 -0.13511325
40727798.68959044 -13.322639 -2.176324 -4.948345 0.49110883 0.066192664 0.85745203 -0.13858822
40756818.43959044 -13.10489 -2.1853917 -4.8920345 0.48610598 0.05942263 0.8604095 -0.14094499
40785907.43959044 -12.89891 -2.209116 -4.8477173 0.48102072 0.055685647 0.8632302 -0.14265937
40815051.68959044 -12.697492 -2.220613 -4.776791 0.47637373 0.051895205 0.8658967 -0.14351964
40844241.68959044 -12.493623 -2.2370458 -4.7141786 0.4702438 0.048813857 0.8691588 -0.14508957
40873463.68959044 -12.292936 -2.2753623 -4.6188345 0.46495405 0.044917718 0.8717811 -0.14764123
40902708.43959044 -12.0793085 -2.2763486 -4.548678 0.45763856 0.039906643 0.875698 -0.14875346
40931973.68959044 -11.86469 -2.2989912 -4.4803367 0.4502869 0.035528578 0.87938 -0.1505667
40961248.68959044 -11.649517 -2.2836452 -4.3999405 0.44275236 0.029923197 0.8832717 -0.1513478
40990529.43959044 -11.457015 -2.3021264 -4.33613 0.43429288 0.024489945 0.88732857 -0.15309472
41019811.68959044 -11.254606 -2.3279858 -4.246465 0.42694017 0.019360276 0.89067674 -0.15505593
41049092.43959044 -11.03135 -2.335402 -4.1700892 0.418132 0.015213124 0.8949086 -0.15515417
41078364.68959044 -10.816509 -2.364649 -4.1120505 0.4093172 0.014453413 0.89888465 -0.15574643
41107620.68959044 -10.635851 -2.3769143 -4.0071683 0.4025318 0.01345235 0.9020291 -0.15534085
41136851.68959044 -10.416994 -2.4004211 -3.9265194 0.39386895 0.015693754 0.90591407 -0.15472755
41166048.43959044 -10.213464 -2.4150553 -3.8251946 0.3865185 0.017857764 0.9091939 -0.15378894
41195203.68959044 -10.011794 -2.4099696 -3.7144458 0.37928367 0.01821671 0.9124232 -0.15263078
41224304.68959044 -9.809616 -2.4451013 -3.631138 0.37036344 0.019151129 0.916014 -0.15291375
41253346.68959044 -9.5887375 -2.449235 -3.532298 0.36129 0.01870286 0.9195519 -0.15344091
41282328.68959044 -9.401994 -2.489035 -3.4351768 0.35323253 0.018606918 0.92257714 -0.15405206
41311244.43959044 -9.194705 -2.5158753 -3.337586 0.34333387 0.017727805 0.926229 -0.15462025
41340096.68959044 -8.975323 -2.5191326 -3.2281685 0.3336106 0.014388178 0.92993265 -0.15402023
41368881.68959044 -8.785936 -2.5488892 -3.1346636 0.32301202 0.009216435 0.9336044 -0.15479389
41397597.68959044 -8.568477 -2.5566123 -3.0225282 0.311552 0.0041729286 0.9376638 -0.15396318
41426240.68959044 -8.364313 -2.5800047 -2.9025164 0.30018535 -0.0010340152 0.9413987 -0.15380593
41454805.68959044 -8.178531 -2.5933912 -2.807653 0.28858444 -0.0070435726 0.9449544 -0.15404768
41483291.68959044 -7.9751368 -2.5976677 -2.6964607 0.27643904 -0.012468172 0.9485687 -0.15376459
41511693.68959044 -7.7629147 -2.5964417 -2.5804706 0.26386464 -0.017974759 0.9519664 -0.15431277
41540010.68959044 -7.5795054 -2.6023526 -2.4590557 0.25153682 -0.023045968 0.9549686 -0.15567052
41568248.43959044 -7.383486 -2.5925155 -2.3349974 0.2382983 -0.028847173 0.95811933 -0.15617053
41596404.68959044 -7.1926985 -2.611941 -2.2327101 0.22366464 -0.03310284 0.9611793 -0.15815409
41624484.68959044 -6.9875526 -2.5851848 -2.0835743 0.21020773 -0.038405515 0.96399385 -0.15828352
41652493.68959044 -6.820098 -2.6095843 -1.9568635 0.19627444 -0.043276332 0.96633255 -0.160639
41680438.43959044 -6.6127987 -2.6006932 -1.8362689 0.1817843 -0.047819383 0.96884567 -0.16126359
41708319.68959044 -6.419993 -2.5747466 -1.707142 0.16826014 -0.053338777 0.97093475 -0.16164549
41736145.43959044 -6.2377315 -2.5619726 -1.5726107 0.15445897 -0.059327867 0.9727398 -0.16248065
41763925.68959044 -6.0696015 -2.5731626 -1.4366183 0.14052929 -0.06559291 0.9741501 -0.16425799
41791669.68959044 -5.898154 -2.5639367 -1.3138453 0.12696774 -0.07270887 0.97536296 -0.16510548
41819389.68959044 -5.73645 -2.5709743 -1.1787875 0.11296004 -0.07992089 0.97628725 -0.16648102
41847099.68959044 -5.5477824 -2.5534415 -1.0377606 0.09842641 -0.08763452 0.97723925 -0.166241
41874809.43959044 -5.4044876 -2.5350263 -0.9070866 0.08542754 -0.09487684 0.97773325 -0.1665482
41902527.68959044 -5.237459 -2.5145679 -0.764495 0.071939334 -0.102628596 0.9781867 -0.16565906
41930262.68959044 -5.0839925 -2.5223842 -0.6260197 0.058910567 -0.10868467 0.97825414 -0.16654156
41958026.68959044 -4.9185853 -2.511567 -0.46429437 0.04628461 -0.11672384 0.9780383 -0.16635604
41985818.68959044 -4.777038 -2.5098863 -0.3221528 0.033921782 -0.12360238 0.97772425 -0.16621433
42013640.68959044 -4.6388636 -2.5049639 -0.17783408 0.021911312 -0.13131405 0.97706753 -0.16617936
42041494.68959044 -4.472429 -2.5027611 -0.028535098 0.009972668 -0.13831711 0.9764659 -0.16517682
42069381.68959044 -4.3135376 -2.530366 0.11293535 -0.003093076 -0.14432502 0.97554874 -0.16572729
42097301.68959044 -4.191176 -2.5074303 0.2712285 -0.01523618 -0.14762357 0.97508705 -0.16486523
42125258.68959044 -4.056716 -2.486091 0.42634392 -0.026661165 -0.15071985 0.97461075 -0.16342181
42153259.43959044 -3.911744 -2.4601243 0.5879762 -0.03958585 -0.15424633 0.9740263 -0.16097769
42181307.68959044 -3.786849 -2.4404182 0.7377262 -0.052305654 -0.15776466 0.9734263 -0.15753052
42209406.68959044 -3.638101 -2.4548597 0.91944987 -0.06614962 -0.15876958 0.97280747 -0.15511948
42237559.68959044 -3.5198994 -2.4441826 1.0896424 -0.078997865 -0.16095935 0.9719817 -0.15199669
42265767.68959044 -3.4083447 -2.4186454 1.2487048 -0.09210339 -0.16476218 0.9706743 -0.14886856
42294029.68959044 -3.288714 -2.3926682 1.432499 -0.10520045 -0.16903341 0.9691083 -0.14556709
42322345.43959044 -3.184481 -2.3648248 1.6035619 -0.118747875 -0.17353876 0.9672133 -0.1424142
42350709.68959044 -3.0840652 -2.3657568 1.7705232 -0.13218318 -0.17826359 0.9648995 -0.14042328
42379114.68959044 -2.9756308 -2.3416162 1.9472258 -0.14542055 -0.18245392 0.96261185 -0.13762987
42407557.43959044 -2.885543 -2.3188682 2.107891 -0.15905109 -0.18740945 0.959924 -0.13463429
42436032.43959044 -2.794968 -2.2797983 2.294293 -0.1722815 -0.1922664 0.9571314 -0.13134801
42464532.68959044 -2.694828 -2.2669597 2.467781 -0.18621866 -0.19580026 0.95405775 -0.12945507
42493052.68959044 -2.609252 -2.2316175 2.6359444 -0.19986355 -0.20076229 0.95062923 -0.12670104
42521587.68959044 -2.543899 -2.22135 2.8188381 -0.21308 -0.20418908 0.94725734 -0.12492939
42550129.68959044 -2.4663901 -2.202879 2.9846914 -0.22722146 -0.20859335 0.9432714 -0.122875005
42578675.43959044 -2.3857007 -2.1815877 3.1764371 -0.24279076 -0.21231127 0.9388946 -0.1202229
42607223.43959044 -2.3476007 -2.1598687 3.3307633 -0.25659734 -0.21602671 0.9347049 -0.11754593
42635764.68959044 -2.3070695 -2.1262424 3.5085628 -0.27130765 -0.21896219 0.9302548 -0.11434065
42664300.68959044 -2.2444694 -2.0964594 3.7063498 -0.2870638 -0.22220147 0.9252533 -0.110123694
42692822.68959044 -2.21319 -2.069889 3.8653777 -0.30214602 -0.22755426 0.9196543 -0.10565412
42721328.43959044 -2.1915941 -2.036819 4.0346575 -0.3164434 -0.2314591 0.9143452 -0.101306915
42749814.43959044 -2.163243 -2.0215926 4.2102084 -0.33176884 -0.23428161 0.90854996 -0.0978703
42778277.68959044 -2.1234016 -1.9887072 4.3920894 -0.34646097 -0.2362431 0.90295666 -0.0939327
42806713.68959044 -2.095686 -1.9818972 4.5292096 -0.3608051 -0.23616438 0.89752907 -0.092128634
42835119.43959044 -2.0578468 -1.95035 4.7406526 -0.37627694 -0.23288716 0.8921662 -0.090657346
42863490.68959044 -2.0635571 -1.9579 4.871076 -0.389344 -0.22863242 0.88760763 -0.09105534
42891821.68959044 -2.0562456 -1.9338508 5.0259542 -0.40417388 -0.22467029 0.8821858 -0.0889661
42920111.68959044 -2.062037 -1.903115 5.221122 -0.4193552 -0.22018163 0.87651414 -0.08593222
42948355.68959044 -2.0843885 -1.8756001 5.3667 -0.43278778 -0.21543255 0.8714927 -0.08236607
42976551.43959044 -2.0885715 -1.873935 5.521784 -0.4471763 -0.21127942 0.86548114 -0.079604216
43004698.43959044 -2.1063194 -1.8449801 5.688858 -0.46175534 -0.20662656 0.8591877 -0.07670719
43032790.68959044 -2.1291032 -1.8225945 5.8256164 -0.4741463 -0.20417225 0.85314476 -0.07511986
43060825.68959044 -2.1502192 -1.8096707 5.974786 -0.48734888 -0.20202847 0.84630924 -0.073731124
43088802.68959044 -2.1881764 -1.764999 6.137048 -0.49998283 -0.19979554 0.839654 -0.07127432
43116723.43959044 -2.2132099 -1.7551569 6.2790003 -0.51251936 -0.19856614 0.8324644 -0.06998903
43144589.68959044 -2.2472823 -1.7209581 6.43572 -0.5257694 -0.19799417 0.82458866 -0.066471905
43172400.68959044 -2.290194 -1.6988367 6.571377 -0.53770405 -0.19945426 0.8167612 -0.063195236
43200156.68959044 -2.3328934 -1.6877663 6.714695 -0.55013466 -0.19988354 0.8086394 -0.059166834
43227858.68959044 -2.376039 -1.6768177 6.8644257 -0.5629713 -0.2012846 0.7997545 -0.054227825
43255510.68959044 -2.4182343 -1.6521379 6.9967966 -0.57484126 -0.2030341 0.79117763 -0.048711207
43283113.68959044 -2.4758515 -1.667202 7.152791 -0.58702344 -0.20445205 0.78198713 -0.045813717
43310668.68959044 -2.5368814 -1.6571764 7.28323 -0.5981894 -0.20539781 0.77337575 -0.0432558
43338200.68959044 -2.6011512 -1.6617996 7.4365387 -0.60989904 -0.20436339 0.76440936 -0.04401266
43365692.68959044 -2.6607468 -1.6501076 7.5569615 -0.61950004 -0.20332922 0.7568731 -0.044944994
43393123.68959044 -2.725739 -1.6297319 7.685932 -0.62937945 -0.20157455 0.7490085 -0.047282603
43420519.68959044 -2.7909894 -1.613248 7.8061037 -0.6390488 -0.19969559 0.7411169 -0.049840678
43447883.68959044 -2.873098 -1.590588 7.915968 -0.6483406 -0.19843319 0.733261 -0.051059432
43475220.68959044 -2.940189 -1.5891734 8.038955 -0.6578484 -0.1964292 0.725171 -0.052707326
43502539.68959044 -3.0129142 -1.5816202 8.137841 -0.6665066 -0.19469821 0.7176155 -0.053755667
43529846.68959044 -3.075832 -1.5611036 8.223236 -0.6750175 -0.19310506 0.710001 -0.05441073
43557146.68959044 -3.164403 -1.5320224 8.318561 -0.6833757 -0.19085185 0.70258015 -0.054354303
43584440.68959044 -3.2612128 -1.526697 8.430686 -0.691727 -0.18923487 0.6947489 -0.05502826
43611734.68959044 -3.335184 -1.5243615 8.542864 -0.7004576 -0.18813734 0.6862066 -0.05553409
43639025.68959044 -3.4148917 -1.5221199 8.634552 -0.70860237 -0.18706144 0.6780285 -0.05628579
43666315.68959044 -3.4860783 -1.5226601 8.708582 -0.71672404 -0.1861579 0.66971403 -0.055991873
43693605.68959044 -3.5961008 -1.5019054 8.796095 -0.72499216 -0.18490992 0.6612797 -0.053888217
43720898.68959044 -3.6803865 -1.5079232 8.887807 -0.73404205 -0.18499741 0.65135634 -0.05189633
43748195.68959044 -3.7678723 -1.5075023 8.955896 -0.7425445 -0.1846739 0.6420068 -0.04848227
43775502.68959044 -3.8739157 -1.5119911 9.072626 -0.7521171 -0.18387038 0.6311764 -0.046129283
43802817.68959044 -3.970911 -1.509493 9.161246 -0.7613837 -0.18342504 0.6204379 -0.04131615
43830140.68959044 -4.066972 -1.5324554 9.241207 -0.77040327 -0.18316768 0.609563 -0.036897436
43857471.68959044 -4.1742687 -1.542281 9.336089 -0.77895874 -0.18367195 0.59879625 -0.030510541
43884809.43959044 -4.290744 -1.5391603 9.405772 -0.78737354 -0.18365663 0.58802 -0.023359116
43912154.68959044 -4.400296 -1.5497129 9.489694 -0.79566646 -0.18439274 0.57674605 -0.016678397
43939502.68959044 -4.5277596 -1.5570773 9.563779 -0.8037752 -0.18466868 0.5654468 -0.010622472
43966849.68959044 -4.6421833 -1.5680016 9.645534 -0.8116306 -0.18567246 0.55386114 -0.004401549
43994193.68959044 -4.7545385 -1.5695101 9.697413 -0.8181866 -0.18803672 0.54332745 0.0028539845
44021531.68959044 -4.8831453 -1.5788934 9.784506 -0.8253082 -0.19066083 0.5314293 0.009886136
44048861.43959044 -5.003029 -1.5796204 9.835201 -0.8314461 -0.19317374 0.52068317 0.016442785
44076183.68959044 -5.129442 -1.5952402 9.904099 -0.83787525 -0.19526932 0.50929666 0.021257617
44103498.68959044 -5.256008 -1.6109018 9.965678 -0.8441546 -0.19751713 0.49768686 0.026416464
44130802.68959044 -5.3813496 -1.6173558 10.010172 -0.84974647 -0.19984625 0.48673302 0.032914467
44158097.43959044 -5.4999743 -1.6438816 10.063623 -0.85556895 -0.20238265 0.47495133 0.038265858
44185383.68959044 -5.6138105 -1.6537237 10.110896 -0.8608369 -0.20441283 0.4638298 0.04513463
44212658.68959044 -5.7395735 -1.6676486 10.154339 -0.86566883 -0.20652567 0.45326906 0.050118633
44239922.43959044 -5.8525515 -1.6825514 10.191257 -0.8708563 -0.20731528 0.44260105 0.05228911
44267175.68959044 -5.9751015 -1.684912 10.214941 -0.8752124 -0.20875897 0.43324274 0.05218997
44294415.68959044 -6.097389 -1.7120602 10.252158 -0.8800951 -0.20950048 0.42309502 0.05032592
44321647.68959044 -6.215268 -1.7278214 10.282294 -0.8846025 -0.2098503 0.41367343 0.048121974
44348864.68959044 -6.335328 -1.7434425 10.29834 -0.8890999 -0.209981 0.40414134 0.045599192
44376067.68959044 -6.4495487 -1.7668971 10.321703 -0.89351255 -0.20978193 0.3946855 0.04301471
44403260.68959044 -6.570486 -1.7813504 10.329307 -0.89737004 -0.20965396 0.38609487 0.04126794
44430447.68959044 -6.693656 -1.7934597 10.336433 -0.901442 -0.20938799 0.3767744 0.040000625
44457626.68959044 -6.818426 -1.8212837 10.345291 -0.9056464 -0.20906723 0.36697653 0.03773469
44484801.43959044 -6.949484 -1.8253572 10.344809 -0.9094476 -0.20845495 0.35792512 0.036622632
44511973.68959044 -7.0787096 -1.8440894 10.345865 -0.91324836 -0.20815863 0.34849733 0.034599084
44539142.68959044 -7.202733 -1.8655767 10.348304 -0.9166343 -0.20871687 0.33922946 0.03379552
44566310.68959044 -7.3256683 -1.8776044 10.346134 -0.91961104 -0.20933525 0.3305616 0.034975845
44593476.43959044 -7.4516153 -1.9035089 10.334349 -0.9228758 -0.2098599 0.3209569 0.035294704
44620642.68959044 -7.582123 -1.9196632 10.318446 -0.92601293 -0.21023685 0.31133154 0.037056636
44647804.43959044 -7.706233 -1.9459577 10.307514 -0.9289024 -0.21105455 0.30187148 0.03833922
44674964.68959044 -7.8371906 -1.9619081 10.288907 -0.93186 -0.21151517 0.2920546 0.040028945
44702117.68959044 -7.9572077 -1.9835193 10.263985 -0.93443424 -0.21246284 0.28262532 0.042605434
44729262.68959044 -8.0812025 -1.9902701 10.229212 -0.9369201 -0.21350445 0.27302346 0.045330357
44756401.68959044 -8.223566 -2.0079315 10.190771 -0.93940896 -0.21410099 0.26301327 0.04995661
44783530.68959044 -8.343445 -2.025198 10.156715 -0.94199413 -0.21403803 0.25266576 0.0547264
44810649.68959044 -8.469925 -2.0515125 10.1184845 -0.94448626 -0.2143414 0.24143864 0.060917832
44837758.68959044 -8.595326 -2.0735497 10.074445 -0.9466129 -0.21459514 0.23076227 0.06798383
44864859.68959044 -8.719224 -2.0914078 10.03889 -0.9489141 -0.2139927 0.21931244 0.07530829
44891950.68959044 -8.836913 -2.115838 9.986477 -0.9508305 -0.21392582 0.20832618 0.08220322
44919032.68959044 -8.962077 -2.1385748 9.9294615 -0.9524696 -0.21345057 0.19807178 0.089488365
44946106.68959044 -9.080313 -2.164219 9.879686 -0.9541563 -0.21316925 0.18656506 0.09663416
44973170.43959044 -9.196973 -2.189055 9.818015 -0.95537794 -0.21329193 0.17628305 0.10336256
45000224.68959044 -9.317029 -2.2039535 9.759219 -0.9565175 -0.2128802 0.16628358 0.11002817
45027269.68959044 -9.429672 -2.2244585 9.697619 -0.9574424 -0.21283293 0.15569356 0.11732741
45054300.68959044 -9.540743 -2.239265 9.621474 -0.9581869 -0.21259965 0.14542522 0.124622956
45081320.43959044 -9.649405 -2.2570639 9.548414 -0.95866597 -0.2123843 0.13551602 0.13224195
45108327.68959044 -9.758143 -2.2814145 9.475953 -0.9591675 -0.211928 0.12483461 0.13964455
45135324.68959044 -9.86875 -2.2954926 9.395311 -0.959276 -0.21170622 0.11440332 0.14792557
45162309.68959044 -9.968114 -2.3058019 9.31262 -0.959374 -0.21087204 0.10445612 0.15563913
45189283.68959044 -10.071859 -2.3199053 9.227758 -0.95912427 -0.21056637 0.0949454 0.16348647
45216249.68959044 -10.168614 -2.3380775 9.141506 -0.9590096 -0.21041356 0.085239656 0.1695909
45243214.68959044 -10.264986 -2.3508873 9.048435 -0.9586501 -0.21004504 0.075922035 0.17637174
45270177.68959044 -10.362069 -2.3610296 8.954066 -0.95846295 -0.2092387 0.06604777 0.18222412
45297141.68959044 -10.443733 -2.3656864 8.862894 -0.95780677 -0.20927852 0.057233177 0.18850224
45324109.68959044 -10.540771 -2.3773794 8.75836 -0.9573782 -0.20919353 0.048485883 0.19316901
45351085.68959044 -10.614949 -2.3781404 8.65322 -0.95676464 -0.20998044 0.04066897 0.19711837
45378070.68959044 -10.697148 -2.387217 8.551938 -0.95614237 -0.21055047 0.032426298 0.20101935
45405066.43959044 -10.762363 -2.3791866 8.43434 -0.9555696 -0.21113475 0.025405506 0.20411643
45432074.68959044 -10.837287 -2.3941298 8.332249 -0.9553636 -0.21218918 0.018665899 0.20471396
45459098.68959044 -10.903184 -2.3898606 8.21641 -0.95502776 -0.21343082 0.012808229 0.20543934
45486138.68959044 -10.972092 -2.3893976 8.094742 -0.9549708 -0.21348785 0.0075371205 0.20590523
45513197.68959044 -11.025305 -2.385538 7.971141 -0.9548288 -0.21394072 0.0026011623 0.20621504
45540278.68959044 -11.095038 -2.3810158 7.852183 -0.9553755 -0.21309263 -0.002218351 0.20455894
45567382.68959044 -11.143501 -2.3754406 7.723558 -0.95579106 -0.21275282 -0.0060603893 0.20288682
45594515.68959044 -11.19837 -2.3715959 7.5931463 -0.9565107 -0.2111968 -0.009816932 0.20096467
45621680.43959044 -11.250614 -2.3711205 7.443981 -0.95684826 -0.21060044 -0.013035523 0.19979735
45648882.68959044 -11.288278 -2.3537312 7.3127933 -0.957626 -0.20741148 -0.015381111 0.19923969
45676125.43959044 -11.326564 -2.3399558 7.177024 -0.95826644 -0.20471591 -0.01818443 0.1987112
45703412.43959044 -11.364899 -2.3494244 7.0383706 -0.9591154 -0.20218776 -0.020798313 0.19693965
45730744.68959044 -11.400322 -2.3224716 6.9003124 -0.96036303 -0.19806778 -0.023091126 0.19477887
45758121.43959044 -11.442527 -2.3256755 6.7568984 -0.96134204 -0.19532256 -0.025345873 0.19242711
45785541.43959044 -11.472225 -2.3162684 6.60653 -0.9620681 -0.19312242 -0.02779151 0.19067374
45813004.43959044 -11.4964695 -2.2981071 6.462648 -0.96289504 -0.19028564 -0.029840613 0.18903446
45840505.68959044 -11.517866 -2.3081431 6.3232417 -0.9636832 -0.18828645 -0.031833846 0.18668054
45868040.68959044 -11.528646 -2.2959833 6.1738796 -0.9644902 -0.18608911 -0.033139616 0.18447578
45895607.68959044 -11.54517 -2.272686 6.015077 -0.96581924 -0.18244074 -0.033518292 0.18106668
45923202.43959044 -11.544449 -2.27667 5.8627462 -0.9670305 -0.18150333 -0.032765508 0.17559907
45950822.68959044 -11.551767 -2.2632449 5.7086444 -0.9686544 -0.17986462 -0.032174855 0.16829216
45978462.68959044 -11.581484 -2.2650943 5.551963 -0.9701786 -0.1792104 -0.031717516 0.16009754
46006116.68959044 -11.575136 -2.252111 5.384387 -0.9719048 -0.17777728 -0.029741233 0.15136622
46033785.68959044 -11.5862255 -2.2474718 5.222372 -0.9736112 -0.17626384 -0.02831674 0.14216387
46061462.68959044 -11.583589 -2.2246566 5.0540695 -0.97535104 -0.17376192 -0.026263136 0.13344449
46089144.68959044 -11.577969 -2.2232225 4.900699 -0.976922 -0.17171328 -0.024214104 0.12470649
46116830.68959044 -11.571459 -2.2246354 4.750788 -0.9784369 -0.16962563 -0.02172524 0.11582945
46144514.68959044 -11.556854 -2.1821039 4.5714755 -0.9801254 -0.16565248 -0.020028451 0.10729537
46172198.43959044 -11.557522 -2.187469 4.3929663 -0.98143256 -0.16358227 -0.018701551 0.09839365
46199879.68959044 -11.545172 -2.1805806 4.2247415 -0.9826787 -0.161098 -0.017880073 0.089835554
46227559.68959044 -11.540992 -2.1664557 4.058542 -0.9838061 -0.15837623 -0.017773846 0.08201669
46255238.43959044 -11.533338 -2.1635602 3.8936248 -0.98473924 -0.15672055 -0.0171185 0.07371804
46282921.68959044 -11.512322 -2.1478329 3.7196374 -0.98557967 -0.15449984 -0.016561197 0.066994876
46310610.43959044 -11.502173 -2.1413097 3.562889 -0.98608106 -0.15353781 -0.016470488 0.06163663
46338309.43959044 -11.491403 -2.1281414 3.3636065 -0.98657274 -0.1520718 -0.016362559 0.05727837
46366018.43959044 -11.469493 -2.1207547 3.192048 -0.9869995 -0.15116984 -0.015566036 0.052320078
46393742.68959044 -11.462767 -2.1031404 2.998927 -0.9874843 -0.14949739 -0.016390221 0.047506094
46421485.68959044 -11.427557 -2.092144 2.8275435 -0.98788965 -0.14857322 -0.015401438 0.04198808
46449250.68959044 -11.416188 -2.0943124 2.655708 -0.9881656 -0.14839055 -0.014726578 0.035946213
46477039.68959044 -11.398494 -2.0829332 2.4762115 -0.9884226 -0.1479963 -0.014369243 0.0301918
46504862.68959044 -11.387585 -2.0777757 2.2899647 -0.9885416 -0.14802621 -0.014638697 0.025682168
46532722.68959044 -11.359519 -2.0707083 2.1182537 -0.9886444 -0.148109 -0.013939139 0.021254057
46560626.43959044 -11.342489 -2.07154 1.9331939 -0.9885399 -0.14893402 -0.014057716 0.020251205
46588579.68959044 -11.330301 -2.044548 1.7414632 -0.98882735 -0.14716442 -0.0132886395 0.01966197
46616586.68959044 -11.310742 -2.047667 1.5619695 -0.98867786 -0.14821692 -0.012484442 0.019799296
46644651.68959044 -11.283691 -2.015561 1.3771946 -0.9888566 -0.14694786 -0.010562906 0.021386946
46672778.68959044 -11.275696 -2.0001805 1.2057469 -0.9889863 -0.14610639 -0.006936779 0.022602657
46700973.43959044 -11.254104 -1.9905087 1.0229719 -0.9889046 -0.14653404 -0.002864431 0.02423403
46729237.68959044 -11.241635 -1.9653261 0.8099284 -0.98910224 -0.14546424 0.0016740387 0.022677844
46757576.68959044 -11.2327 -1.9404548 0.60820174 -0.9891994 -0.14520082 0.0064308587 0.018972095
46785995.68959044 -11.216092 -1.9337851 0.41200185 -0.98928016 -0.14462225 0.013275301 0.015264184
46814493.68959044 -11.220626 -1.8806002 0.2106762 -0.9894062 -0.14344802 0.020439409 0.008961531
46843077.68959044 -11.203627 -1.8562324 0.010564566 -0.9893117 -0.14308734 0.0278782 0.0033526737
46871748.68959044 -11.18174 -1.8671007 -0.16312444 -0.9888675 -0.14444074 0.03570773 -0.0017169464
46900511.43959044 -11.171659 -1.8413626 -0.36476243 -0.9886872 -0.14386304 0.04210974 -0.0052861837
46929370.68959044 -11.163623 -1.8274306 -0.55567384 -0.98838127 -0.14377823 0.048528116 -0.008676219
46958330.68959044 -11.145035 -1.8209367 -0.7495494 -0.9879944 -0.14405027 0.054453947 -0.012307143
46987393.68959044 -11.135512 -1.8128169 -0.9503679 -0.9876451 -0.14396244 0.059938543 -0.015474499
47016560.68959044 -11.12843 -1.7804812 -1.1639321 -0.98747975 -0.14299688 0.06420016 -0.017722802
47045831.68959044 -11.114836 -1.7693707 -1.3767543 -0.98708093 -0.14329799 0.06907536 -0.019120608
47075204.68959044 -11.104436 -1.7580162 -1.5764647 -0.98671687 -0.14384492 0.07311811 -0.018770486
47104678.68959044 -11.097958 -1.7295545 -1.8035254 -0.9864711 -0.14363429 0.076776214 -0.018692171
47134243.43959044 -11.083417 -1.7023702 -2.012784 -0.9860828 -0.14393018 0.08128143 -0.01783957
47163894.68959044 -11.074591 -1.6879185 -2.219863 -0.9855756 -0.14487664 0.08565968 -0.017717555
47193625.68959044 -11.068998 -1.6689897 -2.4381847 -0.9850554 -0.1456687 0.09017153 -0.017766023
47223429.68959044 -11.060499 -1.6372632 -2.6629148 -0.9846142 -0.1452235 0.09558294 -0.017578878
47253303.43959044 -11.059084 -1.6015182 -2.8877501 -0.9841258 -0.14483787 0.10076097 -0.019123415
47283240.68959044 -11.060169 -1.580021 -3.1047578 -0.9833458 -0.14498222 0.10744025 -0.02163012
47313238.68959044 -11.061621 -1.5541751 -3.325914 -0.9825163 -0.14507425 0.11398476 -0.024954822
47343297.68959044 -11.059234 -1.5150874 -3.5483546 -0.9815752 -0.14453775 0.12204447 -0.026912177
47373418.68959044 -11.066199 -1.4813807 -3.759428 -0.9804396 -0.14460179 0.13011834 -0.029963806
47403602.68959044 -11.073162 -1.4442625 -3.9922676 -0.9790163 -0.14471199 0.13954934 -0.03333894
47433848.68959044 -11.071623 -1.4016526 -4.215767 -0.97735834 -0.14438942 0.14978501 -0.038561463
47464151.68959044 -11.09103 -1.3621569 -4.442424 -0.97565347 -0.14397785 0.15928842 -0.04469756
47494504.68959044 -11.097189 -1.3239646 -4.6660023 -0.97369784 -0.14313935 0.16998942 -0.050272025
47524897.68959044 -11.109194 -1.2818842 -4.8843403 -0.9717112 -0.14134224 0.18044578 -0.056913164
47555324.68959044 -11.124 -1.2467403 -5.109152 -0.9694652 -0.14006177 0.19108449 -0.063298486
47585779.68959044 -11.139554 -1.2164869 -5.3289547 -0.9669812 -0.13812858 0.20218647 -0.070630044
47616260.43959044 -11.157958 -1.1872356 -5.5542784 -0.96399444 -0.13674992 0.21363479 -0.07983974
47646767.68959044 -11.179339 -1.1497612 -5.784192 -0.96091264 -0.1342797 0.22508107 -0.08918729
47677307.68959044 -11.204498 -1.1124706 -6.016592 -0.9575507 -0.13086884 0.23668109 -0.09976041
47707883.68959044 -11.233657 -1.0733294 -6.247136 -0.9541272 -0.12727728 0.24816525 -0.10888433
47738498.68959044 -11.276559 -1.0328698 -6.472393 -0.9503905 -0.12338469 0.25963712 -0.11883907
47769155.43959044 -11.310113 -1.0009422 -6.6954403 -0.9463951 -0.11883992 0.27144626 -0.12857024
47799860.68959044 -11.357717 -0.9668627 -6.91776 -0.9423929 -0.11439298 0.28291506 -0.13699996
47830615.43959044 -11.403039 -0.9278877 -7.143615 -0.93779314 -0.109576136 0.29537737 -0.14590874
47861425.68959044 -11.445728 -0.8957219 -7.3667727 -0.93334633 -0.10287389 0.30779245 -0.15344535
47892297.43959044 -11.502038 -0.8681011 -7.589135 -0.928747 -0.096227214 0.3197246 -0.16107644
47923230.68959044 -11.567902 -0.84005165 -7.810627 -0.9238609 -0.08832449 0.33226642 -0.16816337
47954234.68959044 -11.635632 -0.80920005 -8.02614 -0.91891485 -0.0793928 0.344683 -0.17460229
47985317.68959044 -11.7161045 -0.779711 -8.2342205 -0.9137604 -0.07059337 0.3568494 -0.18087836
48016480.68959044 -11.787015 -0.7600553 -8.4430485 -0.90809697 -0.06288094 0.36948478 -0.18678041
48047724.43959044 -11.863136 -0.74056387 -8.649248 -0.90155953 -0.055282805 0.3834988 -0.19251762
48079046.43959044 -11.951387 -0.7231593 -8.848552 -0.8945464 -0.04741265 0.3985695 -0.19667552
48110435.43959044 -12.048003 -0.7077837 -9.049006 -0.88670635 -0.03882523 0.41480967 -0.20044339
48141879.68959044 -12.147851 -0.6856759 -9.240726 -0.8782164 -0.029599745 0.43126932 -0.20461343
48173365.68959044 -12.248959 -0.6759256 -9.428335 -0.86858535 -0.021117922 0.44876796 -0.20909576
48204877.68959044 -12.34888 -0.66314954 -9.618594 -0.85808396 -0.012447729 0.4672137 -0.2127167
48236393.68959044 -12.453401 -0.65902877 -9.798787 -0.8465056 -0.0028374817 0.48610026 -0.21708737
48267885.68959044 -12.570702 -0.64962244 -9.972746 -0.8341503 0.007511219 0.50520647 -0.22114076
48299328.68959044 -12.689996 -0.6353606 -10.1577835 -0.82047355 0.018726913 0.52577597 -0.22367875
48330703.43959044 -12.826183 -0.62732685 -10.320364 -0.80545586 0.029162565 0.5472257 -0.22568667
48361982.68959044 -12.945007 -0.62353563 -10.45754 -0.7898051 0.039426275 0.56874233 -0.22624266
48393140.68959044 -13.075304 -0.61101127 -10.595532 -0.77235216 0.049820345 0.59132814 -0.22654156
48424155.68959044 -13.2118845 -0.6218004 -10.761917 -0.7534614 0.05975938 0.61425006 -0.22676314
48455008.43959044 -13.3565855 -0.6140063 -10.891698 -0.7344657 0.06815274 0.6367901 -0.2245302
48485681.43959044 -13.484197 -0.62389517 -11.012705 -0.71346503 0.07599252 0.6596908 -0.22360876
48516159.43959044 -13.607829 -0.63649225 -11.129022 -0.69139487 0.08407491 0.68184805 -0.22357959
48546428.68959044 -13.733114 -0.6467843 -11.23276 -0.66951704 0.09020072 0.7031006 -0.22194672
48576474.68959044 -13.860166 -0.6550894 -11.332068 -0.647298 0.096787274 0.723225 -0.22041604
48606292.43959044 -14.003879 -0.6638527 -11.424849 -0.62466705 0.102016024 0.742704 -0.21857402
48635879.43959044 -14.133946 -0.6699815 -11.516311 -0.6015148 0.10707823 0.7613546 -0.21691802
48665232.68959044 -14.2598505 -0.67559624 -11.590904 -0.57843775 0.109897844 0.77907467 -0.21534872
48694357.68959044 -14.396335 -0.68482256 -11.659636 -0.5558542 0.11078446 0.79544204 -0.21453449
48723254.68959044 -14.520674 -0.68145275 -11.7296505 -0.53353626 0.11033513 0.8112196 -0.21233949
48751929.43959044 -14.65041 -0.68976593 -11.7887745 -0.51167446 0.10858258 0.825768 -0.21096534
48780390.43959044 -14.774129 -0.6949501 -11.835174 -0.48954463 0.10620652 0.839818 -0.20921749
48808650.43959044 -14.899082 -0.7088516 -11.881359 -0.46933746 0.10346631 0.851842 -0.20828412
48836717.68959044 -15.018019 -0.7252028 -11.92554 -0.45117828 0.09986587 0.8618589 -0.20896001
48864603.43959044 -15.125656 -0.74225974 -11.95717 -0.43497768 0.09524929 0.8701479 -0.21110372
48892321.68959044 -15.259006 -0.7344408 -11.988505 -0.41938862 0.091488294 0.87787414 -0.21232077
48919888.43959044 -15.374233 -0.7360196 -12.005039 -0.40480167 0.08720422 0.8845266 -0.21481088
48947322.68959044 -15.482073 -0.75144506 -12.026187 -0.39093453 0.08280717 0.8904625 -0.21769197
48974640.68959044 -15.594929 -0.76534986 -12.035652 -0.37685552 0.07832837 0.89645797 -0.21956249
49001858.68959044 -15.708617 -0.77861166 -12.046172 -0.36286747 0.07382534 0.90240604 -0.22031884
49028990.43959044 -15.808338 -0.79450345 -12.043873 -0.34941423 0.07164246 0.9076194 -0.2213688
49056044.68959044 -15.9113655 -0.810133 -12.036312 -0.33591434 0.06940266 0.9131805 -0.22010532
49083029.43959044 -16.019957 -0.828943 -12.027783 -0.32188916 0.0685402 0.9185944 -0.21880113
49109951.43959044 -16.12165 -0.8506558 -12.014811 -0.3079336 0.06796344 0.92367995 -0.21765402
49136812.68959044 -16.214014 -0.8831701 -11.996917 -0.2950747 0.06773644 0.9276726 -0.21855496
49163643.68959044 -16.318338 -0.8949022 -11.970202 -0.28224206 0.0681592 0.9315187 -0.21901323
49190415.68959044 -16.412254 -0.92115843 -11.94037 -0.2693095 0.06730468 0.93514574 -0.22010233
49217098.68959044 -16.506964 -0.9411051 -11.90368 -0.25677484 0.06677851 0.9386663 -0.22025666
49243723.68959044 -16.598759 -0.97275615 -11.86998 -0.24344485 0.06601274 0.94212407 -0.22086017
49270291.68959044 -16.689327 -0.9975977 -11.827241 -0.23038138 0.06610219 0.9455576 -0.22017229
49296802.43959044 -16.779713 -1.0252799 -11.779394 -0.21687861 0.0669539 0.9490632 -0.21854053
49323254.68959044 -16.870407 -1.0533075 -11.726475 -0.20280223 0.06845963 0.95228964 -0.21755236
49349645.68959044 -16.955984 -1.0822458 -11.673481 -0.18850753 0.070158675 0.9555258 -0.21566927
49375975.68959044 -17.043324 -1.1135795 -11.608633 -0.17424259 0.07190598 0.9583343 -0.21462601
49402247.68959044 -17.122974 -1.1436095 -11.549271 -0.16040793 0.07392852 0.9608426 -0.2135075
49428465.68959044 -17.202768 -1.1709088 -11.482737 -0.14553209 0.07531419 0.9632418 -0.2128698
49454632.43959044 -17.275503 -1.2030525 -11.409981 -0.13193595 0.07737938 0.9650211 -0.21293144
49480751.43959044 -17.357233 -1.2355103 -11.340195 -0.11706498 0.077849254 0.9666666 -0.21398883
49506827.68959044 -17.423845 -1.2700453 -11.261288 -0.10384973 0.07888403 0.9678199 -0.21521425
49532869.68959044 -17.508991 -1.3033708 -11.17883 -0.089149415 0.078586265 0.9689649 -0.21675718
49558881.43959044 -17.583353 -1.343145 -11.101674 -0.07433813 0.07804592 0.9698292 -0.2186644
49584868.68959044 -17.650719 -1.3723655 -11.01457 -0.05960839 0.07872963 0.97045964 -0.22012866
49610838.68959044 -17.712667 -1.4109622 -10.932376 -0.044862535 0.07988611 0.97063684 -0.22241798
49636792.68959044 -17.772964 -1.448732 -10.84056 -0.029767657 0.08188431 0.9705145 -0.22474553
49662740.68959044 -17.834873 -1.4888589 -10.743063 -0.01477038 0.08308595 0.97024333 -0.22695036
49688683.43959044 -17.892021 -1.5180757 -10.649075 0.00016889375 0.08551952 0.96971875 -0.22876184
49714620.68959044 -17.95442 -1.5636113 -10.559023 0.01608332 0.08825062 0.9688256 -0.23093335
49740553.68959044 -18.013401 -1.5895271 -10.448623 0.031034678 0.092190325 0.9678395 -0.23200132
49766480.68959044 -18.06773 -1.6351876 -10.354043 0.047313225 0.09633208 0.9662155 -0.23432744
49792395.68959044 -18.118156 -1.6688596 -10.240573 0.063585535 0.100469284 0.9644688 -0.23592964
49818293.68959044 -18.168652 -1.6947582 -10.133855 0.08057557 0.10509225 0.96252435 -0.2366647
49844172.68959044 -18.215258 -1.7269895 -10.015883 0.0978574 0.11035287 0.96011984 -0.23752081
49870029.68959044 -18.256887 -1.7613313 -9.905484 0.11460544 0.11617336 0.9575608 -0.23758522
49895864.43959044 -18.29711 -1.7980684 -9.782122 0.13196701 0.12306898 0.9544368 -0.2376746
49921676.68959044 -18.329388 -1.8353926 -9.6671095 0.14892511 0.13076742 0.95112455 -0.23681921
49947466.68959044 -18.363388 -1.8600719 -9.549087 0.16638553 0.13906686 0.9476975 -0.23419166
49973236.68959044 -18.38796 -1.8993386 -9.4382 0.18263091 0.1485476 0.9439055 -0.2315644
49998987.68959044 -18.426064 -1.9298756 -9.299922 0.20001589 0.15685236 0.9399057 -0.22796561
50024721.68959044 -18.448761 -1.9637978 -9.174774 0.21591116 0.16576146 0.9356529 -0.22463135
50050443.68959044 -18.483234 -2.0037656 -9.046865 0.23287684 0.17448013 0.93072426 -0.22153404
50076156.68959044 -18.494024 -2.0314183 -8.915714 0.24869497 0.18349504 0.92586666 -0.21737373
50101861.68959044 -18.510698 -2.0524826 -8.779602 0.26480183 0.19339839 0.9203209 -0.21327569
50127560.68959044 -18.518072 -2.0851324 -8.651104 0.28018615 0.20435435 0.9143406 -0.20908466
50153257.68959044 -18.518877 -2.1141493 -8.52033 0.29475567 0.21485367 0.9081319 -0.20555687
50178959.68959044 -18.53743 -2.137226 -8.382277 0.31046134 0.2263227 0.90106034 -0.20120133
50204674.68959044 -18.522018 -2.1708736 -8.2573395 0.32419696 0.23784548 0.8940514 -0.19747946
50230409.68959044 -18.540627 -2.1965284 -8.116934 0.33862448 0.24895173 0.886632 -0.19297723
50256170.43959044 -18.511108 -2.2238436 -7.9881454 0.3515788 0.2603567 0.8792894 -0.18830042
50281965.43959044 -18.50346 -2.2461767 -7.8507986 0.36455894 0.27186856 0.87170327 -0.18253163
50307795.43959044 -18.48857 -2.27587 -7.7104645 0.37742984 0.28462866 0.8634324 -0.17611873
50333667.43959044 -18.469957 -2.2990835 -7.5666904 0.39004418 0.2963182 0.85533553 -0.16870731
50359582.68959044 -18.432468 -2.3132162 -7.433506 0.40144196 0.30950686 0.8468933 -0.16069128
50385545.43959044 -18.399485 -2.3371148 -7.301587 0.41320854 0.3212738 0.83827806 -0.15274718
50411531.68959044 -18.364202 -2.353313 -7.159067 0.42498285 0.33363998 0.82902 -0.14422135
50437570.68959044 -18.316078 -2.3612666 -7.0414906 0.4356827 0.34548634 0.8200443 -0.13545178
50463690.43959044 -18.262972 -2.3852215 -6.9048643 0.447054 0.3560789 0.81064826 -0.12727948
50489868.68959044 -18.213896 -2.4065065 -6.7761555 0.45834455 0.36397645 0.80196846 -0.11953266
50516102.68959044 -18.152676 -2.4193368 -6.6379175 0.46975914 0.37032837 0.7934474 -0.11235901
50542388.68959044 -18.097416 -2.4236002 -6.5033216 0.4806219 0.3763645 0.78511846 -0.10460158
50568728.68959044 -18.019283 -2.4466047 -6.391548 0.49047506 0.37993404 0.77797014 -0.099231526
50595116.68959044 -17.947573 -2.452035 -6.2611303 0.49979368 0.3808676 0.7720072 -0.09566148
50621554.68959044 -17.86948 -2.4696364 -6.1316776 0.5097362 0.37779868 0.7671521 -0.09441913
50648039.68959044 -17.774984 -2.4755888 -6.0396557 0.5172308 0.37423956 0.7639915 -0.09345641
50674572.68959044 -17.67833 -2.4825554 -5.924777 0.5252528 0.36903822 0.7610839 -0.09312173
50701149.68959044 -17.583248 -2.4912372 -5.811387 0.5318477 0.3654446 0.7583932 -0.09180459
50727774.68959044 -17.47858 -2.5099936 -5.715332 0.5380996 0.36148816 0.75574595 -0.09286126
50754451.43959044 -17.374273 -2.5202546 -5.619259 0.5433036 0.35909066 0.7531098 -0.09327799
50781184.68959044 -17.253456 -2.5023131 -5.491208 0.5480402 0.35613683 0.75102687 -0.09368666
50807979.68959044 -17.136293 -2.4835863 -5.375967 0.55312175 0.35175464 0.74917036 -0.09523023
50834841.43959044 -17.018917 -2.4719224 -5.270344 0.55758816 0.3477284 0.74752945 -0.09685124
50861776.68959044 -16.880049 -2.4751382 -5.1708 0.5607425 0.34559402 0.74586654 -0.099074416
50888792.43959044 -16.750908 -2.4525871 -5.0778303 0.5642014 0.34021676 0.74544543 -0.10119575
50915893.68959044 -16.61975 -2.4519277 -4.983819 0.56734765 0.3350999 0.7449169 -0.104515895
50943087.68959044 -16.478376 -2.4361577 -4.8968477 0.56851804 0.32941544 0.74619323 -0.10709046
50970379.68959044 -16.331293 -2.4276028 -4.809329 0.57047844 0.32262623 0.7472587 -0.10986858
50997777.68959044 -16.19985 -2.4089499 -4.736637 0.5708058 0.31499252 0.749983 -0.11174052
51025282.68959044 -16.062313 -2.3865452 -4.643647 0.5724062 0.30585164 0.75228494 -0.11346096
51052899.68959044 -15.91668 -2.3752928 -4.572978 0.57268363 0.2956189 0.75564784 -0.11678783
51080636.43959044 -15.764401 -2.3603764 -4.4895144 0.57300234 0.2837482 0.7593634 -0.120509
51108495.68959044 -15.594421 -2.3366423 -4.412059 0.5726425 0.2710343 0.7635586 -0.12489686
51136481.43959044 -15.439621 -2.3240001 -4.334955 0.57162505 0.25816366 0.7679884 -0.12957743
51164593.68959044 -15.2701 -2.3071246 -4.2539177 0.5705087 0.24643165 0.77189124 -0.1340717
51192838.68959044 -15.093816 -2.2710617 -4.179329 0.5686205 0.23363176 0.7766155 -0.13767873
51221218.68959044 -14.924148 -2.2542717 -4.105279 0.5661383 0.22262523 0.78097534 -0.14143167
51249734.68959044 -14.749779 -2.230678 -4.0427637 0.56301904 0.21223292 0.78557736 -0.14434376
51278386.68959044 -14.571273 -2.2059388 -3.964693 0.56032014 0.20033942 0.7899827 -0.14775947
51307172.43959044 -14.378351 -2.1864 -3.8892117 0.5562801 0.1897195 0.7948719 -0.15079015
51336084.68959044 -14.193474 -2.1619916 -3.8111076 0.552049 0.1795367 0.7997924 -0.1527764
51365111.68959044 -14.0086975 -2.1452777 -3.7396479 0.54721034 0.16842805 0.8049393 -0.15577422
51394241.68959044 -13.807172 -2.1253047 -3.6689053 0.54153734 0.15805086 0.81047916 -0.15773672
51423457.68959044 -13.611921 -2.102548 -3.5994844 0.53538084 0.14723179 0.81606865 -0.16038142
51452747.68959044 -13.402993 -2.0807097 -3.5235577 0.5292807 0.13703635 0.82142556 -0.16230565
51482096.68959044 -13.201587 -2.0615623 -3.4407606 0.5231561 0.12664567 0.8266161 -0.16423917
51511486.43959044 -12.986171 -2.0478754 -3.3656301 0.51619273 0.11800648 0.8320446 -0.16529197
51540901.68959044 -12.778091 -2.0323675 -3.2874904 0.50823236 0.110521585 0.8379004 -0.16555274
51570328.68959044 -12.575618 -2.0131714 -3.2067938 0.49995837 0.10278302 0.8435785 -0.16689089
51599752.68959044 -12.357158 -1.9921057 -3.1277418 0.49094754 0.094491124 0.8496043 -0.16797158
51629163.43959044 -12.1559925 -1.9763732 -3.0465097 0.48149452 0.086444415 0.8557766 -0.16833566
51658553.68959044 -11.9519205 -1.9744505 -2.9740715 0.47075167 0.07774345 0.86237603 -0.16928218
51687916.43959044 -11.742509 -1.9625373 -2.8700194 0.460752 0.06875696 0.8686322 -0.16869535
51717238.68959044 -11.521655 -1.941543 -2.7817912 0.44938725 0.059027508 0.87544847 -0.16780004
51746502.68959044 -11.318781 -1.9265047 -2.6858196 0.43824002 0.04947653 0.88178146 -0.16721019
51775691.43959044 -11.108159 -1.9238521 -2.599022 0.42466855 0.0403112 0.88890713 -0.1669603
51804792.68959044 -10.890987 -1.9151564 -2.5094428 0.40991515 0.03121375 0.8962682 -0.16642904
51833797.68959044 -10.689888 -1.899535 -2.4138622 0.3941662 0.021478634 0.90368927 -0.16588387
51862704.43959044 -10.469894 -1.8800862 -2.3183403 0.3774653 0.011190393 0.9110471 -0.165493
51891515.43959044 -10.256708 -1.8847618 -2.237792 0.35978016 0.0010252249 0.9181852 -0.1658107
51920226.68959044 -10.059379 -1.8761616 -2.130788 0.34189823 -0.00944795 0.92488796 -0.16612798
51948840.68959044 -9.856449 -1.8683426 -2.019753 0.32359982 -0.020783471 0.93112475 -0.16690707
51977354.43959044 -9.654677 -1.8909652 -1.9223567 0.3032011 -0.033655155 0.9372893 -0.16859782
52005770.68959044 -9.452552 -1.879394 -1.8087692 0.28258115 -0.04814673 0.9429855 -0.16913968
52034094.68959044 -9.244216 -1.8786027 -1.7072228 0.26101357 -0.06356813 0.9480215 -0.17054726
52062342.68959044 -9.052696 -1.8817439 -1.5944563 0.23962179 -0.07860325 0.9522962 -0.17185742
52090528.43959044 -8.856129 -1.8842621 -1.4828107 0.21824671 -0.09358769 0.95581603 -0.17327823
52118664.43959044 -8.662549 -1.8913918 -1.3625404 0.19707723 -0.10773313 0.95859313 -0.17508115
52146765.68959044 -8.472965 -1.899694 -1.2388072 0.17561524 -0.1212358 0.9609833 -0.17598973
52174850.68959044 -8.2895355 -1.9143996 -1.1150861 0.1543479 -0.13396809 0.9627442 -0.17706762
52202935.68959044 -8.109746 -1.9100642 -0.9918634 0.13388416 -0.14705676 0.96385235 -0.17730765
52231030.68959044 -7.9463882 -1.9217341 -0.855656 0.113472976 -0.15861826 0.96450377 -0.17803575
52259151.68959044 -7.7571306 -1.9206367 -0.7381533 0.09195348 -0.16961998 0.9648831 -0.17825349
52287305.68959044 -7.5964594 -1.9226046 -0.59261435 0.07103815 -0.18069267 0.96464705 -0.17821306
52315498.68959044 -7.4360223 -1.9532917 -0.4608621 0.049389917 -0.19170503 0.9637319 -0.17897153
52343731.68959044 -7.2777247 -1.9469867 -0.31495833 0.028248873 -0.20195262 0.96261644 -0.17828839
52372003.68959044 -7.1245427 -1.9675274 -0.18159625 0.006486469 -0.21086055 0.96114093 -0.17805614
52400320.43959044 -6.9678454 -1.9702401 -0.029900968 -0.015159275 -0.21857622 0.9595772 -0.17665294
52428689.68959044 -6.8210464 -1.9786842 0.10785243 -0.037667774 -0.22725184 0.9571756 -0.17536448
52457118.43959044 -6.6900964 -1.9911633 0.2669742 -0.05886786 -0.2351803 0.95449436 -0.17368165
52485612.68959044 -6.5645103 -2.0096726 0.40431303 -0.08072763 -0.24339727 0.9511691 -0.1718089
52514168.43959044 -6.436202 -2.0224893 0.56567305 -0.10157774 -0.25200295 0.94743055 -0.1689732
52542786.68959044 -6.3256154 -2.0220487 0.7153633 -0.12260524 -0.2601936 0.94322604 -0.1661084
52571458.68959044 -6.2092066 -2.0494149 0.86824703 -0.14338428 -0.2686168 0.938362 -0.16359355
52600178.68959044 -6.1003466 -2.060207 1.0173819 -0.16349915 -0.2764547 0.9332366 -0.16096711
52628937.68959044 -5.99468 -2.0679498 1.1851525 -0.18390897 -0.28315338 0.9279946 -0.1575683
52657727.68959044 -5.90608 -2.0944395 1.333238 -0.20394422 -0.2904857 0.92200637 -0.15469053
52686543.68959044 -5.820741 -2.0962296 1.4895885 -0.22327915 -0.2963597 0.91629356 -0.1507434
52715379.68959044 -5.7431984 -2.112297 1.6434698 -0.24293976 -0.3008795 0.91033703 -0.14743918
52744229.68959044 -5.6710744 -2.1213946 1.7961718 -0.26169637 -0.30597624 0.9041777 -0.14267541
52773090.68959044 -5.594911 -2.1333804 1.958799 -0.28162768 -0.3092265 0.8977765 -0.13806623
52801956.68959044 -5.547379 -2.1265259 2.1053505 -0.29981893 -0.3143196 0.89086866 -0.13290927
52830822.68959044 -5.498627 -2.1208167 2.2659512 -0.31821966 -0.3173144 0.8841603 -0.12770447
52859684.68959044 -5.448645 -2.1228347 2.414034 -0.33677083 -0.32096577 0.8765705 -0.12325023
52888533.68959044 -5.398855 -2.148119 2.5708437 -0.3549247 -0.32352397 0.86904025 -0.11886833
52917366.43959044 -5.366975 -2.1516912 2.723904 -0.3718238 -0.3255288 0.8617996 -0.114366055
52946178.68959044 -5.3249326 -2.1456864 2.8861542 -0.38938713 -0.32462803 0.85486716 -0.11043808
52974967.68959044 -5.302611 -2.1764448 3.0155425 -0.40504894 -0.32334298 0.84820515 -0.10923694
53003729.68959044 -5.282486 -2.1840527 3.1618962 -0.42087513 -0.3229078 0.8410041 -0.106333755
53032457.68959044 -5.27023 -2.1716833 3.312585 -0.43635976 -0.32150015 0.8341545 -0.10204995
53061144.68959044 -5.25581 -2.1872249 3.4621317 -0.45131126 -0.31984895 0.8272808 -0.09808855
53089792.43959044 -5.258296 -2.1786647 3.5956614 -0.46515155 -0.31754696 0.8210048 -0.093536675
53118402.68959044 -5.25905 -2.1813574 3.7247584 -0.4788015 -0.3152802 0.8143713 -0.09026087
53146971.68959044 -5.265359 -2.1828754 3.8717878 -0.49224988 -0.31278095 0.8075861 -0.08753828
53175497.43959044 -5.2838097 -2.1790578 3.9978988 -0.5046124 -0.31118217 0.800809 -0.08507062
53203977.68959044 -5.3181148 -2.190292 4.126245 -0.5158718 -0.30877957 0.79470533 -0.08351533
53232409.68959044 -5.3301764 -2.1802056 4.243709 -0.5269886 -0.30504477 0.7889038 -0.082834385
53260793.68959044 -5.3740273 -2.1733387 4.370165 -0.53706294 -0.30226168 0.78317493 -0.08269493
53289132.68959044 -5.403002 -2.1896896 4.483057 -0.5482875 -0.29825062 0.77684075 -0.08334198
53317430.43959044 -5.4520426 -2.169965 4.6009264 -0.55844814 -0.29515377 0.77096844 -0.08140956
53345685.68959044 -5.494851 -2.1719966 4.710481 -0.569247 -0.29310825 0.76402277 -0.07946484
53373899.68959044 -5.5518146 -2.1691332 4.815059 -0.5799934 -0.29265603 0.7564221 -0.076063424
53402073.68959044 -5.604418 -2.1842341 4.9338055 -0.5912172 -0.29139146 0.74864614 -0.071289696
53430207.43959044 -5.66805 -2.1809385 5.034782 -0.60180646 -0.29118794 0.74071294 -0.06620364
53458300.68959044 -5.7273526 -2.1864524 5.1473136 -0.6136844 -0.29029614 0.731767 -0.060305126
53486351.43959044 -5.803455 -2.1574812 5.2290506 -0.6226714 -0.28944698 0.7250085 -0.05351125
53514358.43959044 -5.874952 -2.1718829 5.3247848 -0.6328967 -0.289174 0.71650386 -0.049420565
53542324.68959044 -5.9455147 -2.1727867 5.4165735 -0.6425791 -0.2890656 0.7082116 -0.044380356
53570249.68959044 -6.0256166 -2.1644843 5.5075517 -0.65148985 -0.28821176 0.7006991 -0.03893308
53598136.68959044 -6.1023374 -2.1720355 5.591894 -0.6607785 -0.2884697 0.6920677 -0.034631677
53625984.68959044 -6.1888757 -2.162684 5.6665654 -0.6691573 -0.28829455 0.68426967 -0.029830333
53653795.68959044 -6.2773447 -2.1590946 5.750227 -0.6780517 -0.28791672 0.6758418 -0.024244355
53681570.43959044 -6.3617964 -2.181146 5.8342295 -0.68661565 -0.28902674 0.6667873 -0.020427248
53709307.68959044 -6.4507017 -2.1742675 5.8941216 -0.69439876 -0.28898266 0.65883505 -0.015356236
53737008.68959044 -6.5472536 -2.1666026 5.957131 -0.70207363 -0.2898637 0.6503607 -0.010127701
53764676.68959044 -6.643344 -2.1674025 6.0079036 -0.7095715 -0.2905333 0.64191246 -0.0068623624
53792312.68959044 -6.7446814 -2.164407 6.06922 -0.71775186 -0.29026282 0.6328998 -0.004194002
53819916.43959044 -6.8520174 -2.1678689 6.1345463 -0.726011 -0.29060724 0.62325794 -0.0022605874
53847487.68959044 -6.9520097 -2.1711223 6.1850123 -0.7342198 -0.2903533 0.6136906 -0.00039032855
53875027.68959044 -7.0481634 -2.1812685 6.233586 -0.7429166 -0.2900489 0.60327953 0.0006963205
53902539.43959044 -7.1602783 -2.1880074 6.2775803 -0.7511133 -0.2906586 0.5927356 0.0033151356
53930023.68959044 -7.269333 -2.1875007 6.319167 -0.75955325 -0.29080993 0.58179104 0.0052556545
53957481.68959044 -7.391642 -2.1850336 6.35278 -0.76757866 -0.29130554 0.57088345 0.007499772
53984910.43959044 -7.507287 -2.1961973 6.3914385 -0.7759455 -0.2920848 0.5590176 0.009718881
54012314.68959044 -7.617793 -2.2054725 6.4188023 -0.7840405 -0.29356557 0.54676855 0.011998208
54039688.68959044 -7.735397 -2.2141852 6.440564 -0.7918317 -0.29525834 0.5344125 0.015112899
54067036.68959044 -7.862709 -2.2155595 6.462375 -0.79956204 -0.29647967 0.5219293 0.01975566
54094359.68959044 -7.9925604 -2.208057 6.48286 -0.8071061 -0.2978826 0.5091673 0.024380978
54121656.68959044 -8.112417 -2.2265596 6.495752 -0.8149235 -0.2992363 0.49557188 0.027675785
54148928.68959044 -8.235264 -2.2336893 6.503123 -0.82222813 -0.30008015 0.48253453 0.032453038
54176176.68959044 -8.355032 -2.2469995 6.5034566 -0.8293494 -0.30113646 0.46926048 0.03593199
54203401.68959044 -8.489933 -2.2502096 6.5057845 -0.8368209 -0.30172616 0.45506215 0.04013097
54230606.68959044 -8.613756 -2.2613544 6.500954 -0.8443379 -0.30267233 0.43984812 0.044907033
54257791.43959044 -8.735332 -2.2654412 6.480486 -0.8509282 -0.3034356 0.42571336 0.051148687
54284957.68959044 -8.866188 -2.2718308 6.46653 -0.85836536 -0.30357674 0.40960082 0.057247877
54312106.68959044 -8.992677 -2.284058 6.445167 -0.8658284 -0.3031332 0.3929435 0.063614845
54339236.43959044 -9.119524 -2.294156 6.418859 -0.8729078 -0.30290544 0.37566754 0.071792945
54366348.43959044 -9.243971 -2.311181 6.399151 -0.8799111 -0.30213082 0.357929 0.07975189
54393443.68959044 -9.363163 -2.3138657 6.3677607 -0.8865238 -0.30095753 0.34002447 0.088789254
54420522.68959044 -9.49401 -2.3290558 6.328822 -0.89264405 -0.29973906 0.3224014 0.09695584
54447589.68959044 -9.612743 -2.3441708 6.2880054 -0.8985935 -0.298181 0.30400854 0.10581393
54474645.68959044 -9.744886 -2.3551164 6.2399335 -0.90423983 -0.2961647 0.28542498 0.114758365
54501693.43959044 -9.862816 -2.365305 6.189382 -0.90939337 -0.2940645 0.2666966 0.124107435
54528736.68959044 -9.9865465 -2.3764374 6.1369896 -0.9140728 -0.29182357 0.24782827 0.13375798
54555778.43959044 -10.102671 -2.385046 6.0768633 -0.91804886 -0.2898057 0.22923057 0.14370906
54582820.68959044 -10.223563 -2.3967583 6.0210714 -0.92144483 -0.28789464 0.21058063 0.15398711
54609868.43959044 -10.334838 -2.4114752 5.9561768 -0.9246001 -0.28565234 0.19251454 0.16265194
54636923.68959044 -10.449629 -2.4251091 5.891104 -0.92707074 -0.2838173 0.17443542 0.17192976
54663984.43959044 -10.556789 -2.4304256 5.816623 -0.9291017 -0.28187272 0.15660687 0.18108617
54691059.68959044 -10.665792 -2.44312 5.742493 -0.9310586 -0.2797072 0.13918777 0.18846908
54718163.43959044 -10.767684 -2.4490824 5.6625953 -0.93234193 -0.27769294 0.12208881 0.1967729
54745296.68959044 -10.8609085 -2.4601922 5.5772204 -0.9331433 -0.2759252 0.10519007 0.20504633
54772460.68959044 -10.966372 -2.4686174 5.4934425 -0.9336305 -0.27353263 0.08837753 0.21378379
54799655.68959044 -11.056787 -2.4747286 5.403906 -0.9340335 -0.27084243 0.07252304 0.2212834
54826881.68959044 -11.148487 -2.483171 5.3125467 -0.93444735 -0.26814976 0.05605775 0.22751127
54854140.43959044 -11.236215 -2.49515 5.212531 -0.9336926 -0.2665071 0.040879067 0.23562923
54881437.68959044 -11.320021 -2.4900694 5.1112785 -0.93301284 -0.2641221 0.02616496 0.24298541
54908774.68959044 -11.397298 -2.4986167 5.005145 -0.93209344 -0.26257288 0.012270563 0.24921246
54936157.68959044 -11.476486 -2.5104866 4.8987255 -0.93134224 -0.26148596 -0.00051526114 0.2534294
54963585.68959044 -11.550119 -2.5111685 4.7889996 -0.9309987 -0.26116502 -0.010968392 0.2547826
54991060.43959044 -11.614776 -2.518826 4.681299 -0.93085164 -0.26194775 -0.019879958 0.2539754
55018582.68959044 -11.683936 -2.5106916 4.5558124 -0.93093413 -0.26256126 -0.028675105 0.25219214
55046150.68959044 -11.753596 -2.5201268 4.438574 -0.93067443 -0.2633485 -0.037567127 0.25116003
55073762.68959044 -11.800732 -2.5046973 4.3119907 -0.93022275 -0.2639362 -0.04508391 0.25097984
55101414.68959044 -11.858451 -2.4889312 4.171891 -0.93023616 -0.2641031 -0.051493425 0.24951695
55129109.68959044 -11.915774 -2.496521 4.0422015 -0.930321 -0.26471707 -0.058394138 0.24701802
55156839.68959044 -11.95894 -2.5046182 3.912519 -0.93023187 -0.26532024 -0.06400486 0.24531072
55184604.68959044 -11.997831 -2.497242 3.7744713 -0.9306338 -0.26505494 -0.06875331 0.24277493
55212400.68959044 -12.0305805 -2.4909024 3.6323957 -0.93068624 -0.26460907 -0.073230386 0.24174915
55240225.68959044 -12.059692 -2.496635 3.4797454 -0.9310374 -0.26364645 -0.0765582 0.24041384
55268077.68959044 -12.073909 -2.4839692 3.3256173 -0.9321365 -0.26134542 -0.07910428 0.23782918
55295951.68959044 -12.100044 -2.4830194 3.1705685 -0.9329687 -0.2597608 -0.08242077 0.23516107
55323840.68959044 -12.115443 -2.4848118 3.0166612 -0.9335864 -0.25990745 -0.08295789 0.23234156
55351742.43959044 -12.139703 -2.4840431 2.8638406 -0.9345433 -0.25937995 -0.085107654 0.22827093
55379656.68959044 -12.150394 -2.4737148 2.7265854 -0.93538857 -0.25982344 -0.08604394 0.22391176
55407580.68959044 -12.1620865 -2.4699636 2.5661106 -0.93635905 -0.26001158 -0.08700165 0.21921791
55435513.43959044 -12.159011 -2.4781237 2.4075956 -0.9376266 -0.2602742 -0.08834293 0.21285951
55463453.43959044 -12.1731825 -2.456181 2.2496667 -0.939268 -0.2593188 -0.08859516 0.20659196
55491404.43959044 -12.165238 -2.4528794 2.0864606 -0.94071037 -0.25889897 -0.08784678 0.2007942
55519365.68959044 -12.145907 -2.4489446 1.9140325 -0.9418985 -0.258538 -0.08775993 0.19566175
55547339.68959044 -12.130842 -2.4488397 1.7629809 -0.9433369 -0.25847164 -0.086124554 0.18944788
55575330.43959044 -12.136413 -2.4401681 1.5836792 -0.9446835 -0.25816137 -0.08558471 0.1833062
55603342.43959044 -12.1089945 -2.426274 1.4417739 -0.9462619 -0.25812533 -0.083317004 0.17611927
55631384.68959044 -12.095474 -2.4253583 1.2658458 -0.9474376 -0.2593828 -0.081622906 0.1685835
55659459.68959044 -12.061625 -2.4196322 1.0943308 -0.94871736 -0.26048037 -0.07943608 0.16054693
55687574.68959044 -12.048266 -2.4150567 0.94267416 -0.9500597 -0.26179516 -0.07663668 0.1515809
55715733.43959044 -12.028117 -2.4033482 0.761889 -0.95115405 -0.2632645 -0.074610844 0.1429369
55743944.68959044 -11.996554 -2.3863711 0.57932997 -0.95240736 -0.26360407 -0.07237369 0.13488975
55772216.68959044 -11.967064 -2.3704977 0.3917985 -0.953419 -0.2643175 -0.070840225 0.12692554
55800556.68959044 -11.944599 -2.3641214 0.20530534 -0.9544181 -0.26450843 -0.06925834 0.11968598
55828971.68959044 -11.904821 -2.3555417 0.01996708 -0.9553038 -0.2647796 -0.06791697 0.11257805
55857465.43959044 -11.865837 -2.3435125 -0.16708803 -0.95608926 -0.2648779 -0.06578055 0.10679927
55886049.43959044 -11.839973 -2.3271842 -0.36672378 -0.9568889 -0.26516 -0.065254636 0.09897341
55914729.68959044 -11.799526 -2.3142278 -0.55509114 -0.95758903 -0.26581252 -0.06253766 0.09195635
55943512.68959044 -11.768577 -2.3004642 -0.75677514 -0.958592 -0.26564127 -0.06046622 0.08294534
55972408.43959044 -11.72287 -2.2929342 -0.9608934 -0.9594961 -0.26628667 -0.056914553 0.07224599
56001427.68959044 -11.686497 -2.2606523 -1.1746682 -0.9610113 -0.2642275 -0.05365048 0.06134194
56030578.68959044 -11.643211 -2.250875 -1.3817619 -0.9623984 -0.26237822 -0.048993155 0.05046452
