29474375.48841515 -0.0 -0.0 -0.0 -0.0 -0.0 1.0 -0.0
29503999.48841515 -0.0 -0.0 -0.0 -0.0 -0.0 1.0 -0.0
29533623.73841515 0.0013125372 7.9611e-05 0.0020283055 -0.0015657645 -0.0011822763 0.99999386 -0.0029092343
29563248.73841515 0.0013125372 7.9611e-05 0.0020283055 -0.0015657645 -0.0011822763 0.99999386 -0.0029092343
29592871.73841515 0.0013125372 7.9611e-05 0.0020283055 -0.0015657645 -0.0011822763 0.99999386 -0.0029092343
29622489.73841515 -0.0010059031 -0.0010209336 0.004727143 -0.0027379533 -0.0016090643 0.9998738 -0.015570192
29652104.73841515 -0.0010059031 -0.0010209337 0.004727143 -0.0027379533 -0.0016090642 0.99987376 -0.015570191
29681712.73841515 -0.0016513463 0.0026828684 0.012550508 -0.0038722504 -0.0031873942 0.9994253 -0.03352501
29711314.73841515 -0.0016513463 0.0026828684 0.012550508 -0.0038722504 -0.0031873942 0.9994253 -0.03352501
29740909.48841515 -0.0020148824 0.005564718 0.024246098 -0.0016319485 -0.0019210255 0.998206 -0.059819616
29770497.48841515 -0.0020148824 0.005564718 0.024246098 -0.0016319485 -0.0019210255 0.998206 -0.059819616
29800079.48841515 0.0013174132 0.0034083184 0.04462389 0.0036837389 0.0043250006 0.9965926 -0.08228613
29829658.48841515 0.0013174132 0.0034083184 0.04462389 0.0036837389 0.0043250006 0.9965926 -0.08228613
29859239.48841515 0.006177624 -0.011115556 0.074664995 0.009622875 0.018494593 0.99591017 -0.08791047
29888829.48841515 0.006177624 -0.011115554 0.074664995 0.009622876 0.018494595 0.9959102 -0.08791048
29918434.73841515 0.011763086 -0.044283763 0.13986307 0.008053597 0.03060833 0.9957097 -0.08695068
29948059.48841515 0.016233861 -0.06078435 0.1712721 0.0064016976 0.037811473 0.99554014 -0.086192355
29977707.73841515 0.02486474 -0.0860846 0.21057943 0.0040800734 0.043479856 0.9954333 -0.08488489
30007384.48841515 0.035280358 -0.1177753 0.2580274 0.0009371935 0.046368007 0.9957853 -0.079124905
30037089.48841515 0.048828635 -0.16039108 0.3078787 -0.0039132447 0.047793146 0.9964173 -0.069664516
30066818.48841515 0.06380751 -0.20883429 0.3594618 -0.009831362 0.046962533 0.9971019 -0.059040762
30096570.48841515 0.08226536 -0.26318035 0.41443068 -0.01685316 0.04616441 0.99743164 -0.052106474
30126345.73841515 0.10311881 -0.31941172 0.47812185 -0.02420615 0.04488672 0.997531 -0.048283923
30156147.48841515 0.12535693 -0.38198775 0.54945415 -0.031046469 0.043414086 0.9975021 -0.046270467
30185974.48841515 0.15353288 -0.44816443 0.58851755 -0.037090812 0.04013298 0.9974874 -0.045083933
30215823.73841515 0.17866682 -0.51845473 0.6544776 -0.042316124 0.035579246 0.9975694 -0.04241232
30245689.73841515 0.21370204 -0.6003467 0.7119916 -0.047175303 0.02843449 0.99770933 -0.03926892
30275571.48841515 0.250464 -0.6890022 0.7722554 -0.052406453 0.02061162 0.99775255 -0.036311604
30305461.73841515 0.28444123 -0.7762464 0.8507884 -0.05707662 0.0115561765 0.99772 -0.034110952
30335348.48841515 0.32277027 -0.8736552 0.9261718 -0.061824884 0.0007416409 0.99751014 -0.033923663
30365227.73841515 0.35976472 -0.9762238 0.9939931 -0.06579299 -0.009164792 0.9972085 -0.03409647
30395094.73841515 0.39646646 -1.0825863 1.0702083 -0.06970567 -0.01856136 0.9967988 -0.03447992
30424945.48841515 0.43486008 -1.1919934 1.1405593 -0.07467344 -0.024507185 0.9962537 -0.036081955
30454774.73841515 0.46594074 -1.2945753 1.2095813 -0.0794423 -0.030878156 0.9955094 -0.041189935
30484581.48841515 0.49757716 -1.3973103 1.2771188 -0.085194 -0.035003964 0.9944285 -0.051269684
30514361.73841515 0.52787614 -1.4897845 1.3535997 -0.09137268 -0.038114246 0.9928952 -0.066011794
30544107.73841515 0.5582016 -1.5799855 1.4289318 -0.09654497 -0.043413274 0.99082595 -0.08401423
30573811.48841515 0.58359784 -1.6641314 1.5059477 -0.101240434 -0.048812855 0.9882793 -0.10330483
30603470.48841515 0.6100367 -1.7415415 1.5882456 -0.10561742 -0.050015453 0.9851591 -0.12571834
30633081.73841515 0.63419497 -1.8093803 1.6674107 -0.109580986 -0.0521102 0.9812383 -0.14982623
30662649.73841515 0.65808034 -1.8731697 1.7485301 -0.1132273 -0.052050177 0.9764919 -0.17588034
30692190.73841515 0.67583734 -1.9282548 1.8381215 -0.11649256 -0.052525565 0.9706924 -0.20353575
30721721.73841515 0.69569194 -1.9799341 1.9246235 -0.119619705 -0.052174225 0.9640154 -0.23161004
30751261.48841515 0.710987 -2.0196614 2.0160773 -0.1217785 -0.04900372 0.95667595 -0.2598842
30780828.48841515 0.7304611 -2.059639 2.110892 -0.12480812 -0.04590233 0.94883615 -0.28640172
30810435.48841515 0.74078715 -2.0865726 2.21711 -0.12726831 -0.04208638 0.9422476 -0.30692184
30840089.48841515 0.7448175 -2.111752 2.3365219 -0.13146345 -0.039566588 0.9377588 -0.31899893
30869805.48841515 0.7552136 -2.1377523 2.4674232 -0.13849765 -0.03833579 0.9355551 -0.3226228
30899591.73841515 0.75130403 -2.146082 2.6117513 -0.14571361 -0.035967853 0.93435353 -0.3231987
30929454.48841515 0.7608008 -2.1742241 2.7609906 -0.15423182 -0.035109814 0.93345433 -0.32193637
30959393.48841515 0.7576475 -2.1833217 2.9224608 -0.16278233 -0.033617053 0.93255246 -0.32049614
30989399.73841515 0.74545 -2.1776783 3.097898 -0.17281024 -0.031422548 0.9312438 -0.31927162
31019466.73841515 0.7347491 -2.1631637 3.2665021 -0.18229344 -0.028955776 0.93008566 -0.3176026
31049585.48841515 0.7164271 -2.1626203 3.45105 -0.1914305 -0.029832158 0.9288661 -0.31570908
31079749.48841515 0.70126075 -2.1450803 3.6560917 -0.20179999 -0.03463259 0.92810154 -0.31097418
31109957.73841515 0.6748627 -2.1435654 3.8682518 -0.2120376 -0.044867847 0.9274002 -0.30488667
31140206.48841515 0.66745585 -2.134276 4.0936418 -0.22403622 -0.055330414 0.92655706 -0.2970495
31170493.48841515 0.63679796 -2.1071644 4.333438 -0.23486084 -0.06737649 0.92568725 -0.28879738
31200809.48841515 0.6014826 -2.0780473 4.5780234 -0.24752031 -0.07850944 0.9241115 -0.28033528
31231146.48841515 0.5648013 -2.0552845 4.8115444 -0.2619574 -0.08826142 0.9217713 -0.27189338
31261495.48841515 0.5246582 -2.0403001 5.107387 -0.27788997 -0.09870457 0.91851944 -0.26335657
31291845.48841515 0.4771397 -2.0121717 5.3928237 -0.29488078 -0.10841792 0.91515 -0.25256938
31322185.48841515 0.3989588 -1.9876264 5.687146 -0.3130652 -0.117353134 0.9113554 -0.24010356
31352501.73841515 0.31406295 -1.9400538 5.950376 -0.33022502 -0.12827574 0.9077808 -0.22456804
31382777.73841515 0.23159516 -1.9058185 6.2741976 -0.34953466 -0.13807613 0.9027008 -0.20950396
31413001.48841515 0.17534947 -1.8924655 6.5445104 -0.36825955 -0.15008585 0.8965464 -0.19509923
31443164.48841515 0.05099225 -1.8693826 6.819216 -0.3861357 -0.16070512 0.8901001 -0.1810939
31473263.48841515 -0.0697763 -1.8206854 7.1471224 -0.40528333 -0.16825096 0.88281804 -0.16753937
31503296.73841515 -0.21595383 -1.7969579 7.436106 -0.42253608 -0.17509522 0.8753518 -0.15672989
31533256.48841515 -0.3560443 -1.7591888 7.7483206 -0.44133875 -0.17830887 0.8669395 -0.14779046
31563134.73841515 -0.48309922 -1.7478551 8.039715 -0.46028462 -0.1815085 0.8578213 -0.13905215
31592921.48841515 -0.6249511 -1.75755 8.328575 -0.48021907 -0.18507978 0.84755 -0.12959245
31622607.48841515 -0.77242017 -1.7446407 8.622162 -0.49955356 -0.19067176 0.836846 -0.11738553
31652185.73841515 -0.9359989 -1.7657734 8.890809 -0.51906705 -0.19733603 0.8250766 -0.10429118
31681648.48841515 -1.1248035 -1.773841 9.181015 -0.5386725 -0.20428997 0.8124364 -0.08969211
31710990.73841515 -1.3020778 -1.7820313 9.464194 -0.5590441 -0.20972347 0.7985932 -0.07572702
31740206.48841515 -1.4900298 -1.8062482 9.735153 -0.5795266 -0.21490785 0.7836025 -0.062695734
31769296.73841515 -1.6819663 -1.8253317 9.991267 -0.59992224 -0.22034284 0.7674767 -0.05021836
31798263.48841515 -1.9055786 -1.8525251 10.233984 -0.61848336 -0.22599384 0.75161505 -0.038469844
31827111.48841515 -2.0922823 -1.8897624 10.476117 -0.6365693 -0.23368712 0.7345183 -0.025548533
31855849.48841515 -2.2907639 -1.9426019 10.697558 -0.6533918 -0.24208497 0.7171404 -0.013560398
31884489.48841515 -2.5325365 -1.974242 10.950676 -0.6703184 -0.25086156 0.6983846 0.0008459619
31913036.48841515 -2.7336044 -2.033907 11.161988 -0.68629855 -0.26136175 0.6785598 0.015527561
31941499.48841515 -2.9649649 -2.0605118 11.370259 -0.7011727 -0.27000466 0.65920734 0.030001674
31969885.48841515 -3.1806097 -2.1219487 11.559026 -0.7149684 -0.2796 0.639361 0.043146957
31998194.73841515 -3.4218225 -2.1470191 11.746964 -0.7266495 -0.28817037 0.6213578 0.053411473
32026432.48841515 -3.6706781 -2.1690948 11.948266 -0.7381368 -0.2917562 0.6055148 0.05817336
32054603.48841515 -3.8936262 -2.2291832 12.106219 -0.74726254 -0.29667136 0.59162176 0.05973729
32082718.48841515 -4.1313953 -2.2775426 12.279373 -0.75823635 -0.29732937 0.57751316 0.056137305
32110789.48841515 -4.3785973 -2.318456 12.431787 -0.7680041 -0.29779756 0.5646763 0.051253956
32138826.48841515 -4.6326656 -2.3471122 12.561213 -0.7773763 -0.29807663 0.5521018 0.04494555
32166838.73841515 -4.881756 -2.3916347 12.6884775 -0.78729904 -0.2984152 0.53791785 0.04187019
32194835.73841515 -5.142749 -2.4200969 12.798299 -0.7965693 -0.30063295 0.5227982 0.042181976
32222823.73841515 -5.3983727 -2.451172 12.897094 -0.80526555 -0.303388 0.5074202 0.045034174
32250811.48841515 -5.6681185 -2.4902127 12.97267 -0.81327677 -0.30783564 0.49119318 0.05047266
32278805.48841515 -5.933383 -2.5346088 13.05522 -0.8217604 -0.31131232 0.47396243 0.056161795
32306808.48841515 -6.1949005 -2.5702605 13.130635 -0.830549 -0.31378734 0.456137 0.060539175
32334822.73841515 -6.466961 -2.6059155 13.187801 -0.8395836 -0.31608036 0.43653017 0.0680739
32362846.73841515 -6.746132 -2.6476698 13.23049 -0.8484111 -0.3181909 0.4155596 0.07914161
32390869.73841515 -7.017626 -2.6869514 13.259922 -0.8562138 -0.32063848 0.39399758 0.094099775
32418883.48841515 -7.288872 -2.7243621 13.270624 -0.8624081 -0.3232064 0.3732698 0.11162241
32446879.73841515 -7.5549183 -2.7631304 13.275371 -0.8671942 -0.32548705 0.35389417 0.12958169
32474845.73841515 -7.8226433 -2.800284 13.265432 -0.8693756 -0.3294235 0.3367955 0.14911434
32502774.48841515 -8.0893 -2.8286867 13.252401 -0.87060577 -0.33266565 0.32134253 0.16768482
32530662.48841515 -8.355587 -2.8553586 13.222088 -0.8699953 -0.33699572 0.30841938 0.18552548
32558503.73841515 -8.61146 -2.8772655 13.19804 -0.8689675 -0.34004366 0.2971835 0.20235585
32586296.48841515 -8.871111 -2.8986483 13.160099 -0.86697096 -0.34334508 0.28737676 0.21883847
32614042.48841515 -9.11561 -2.9135861 13.102109 -0.86413264 -0.34667048 0.27955303 0.23440252
32641748.73841515 -9.366034 -2.9142227 13.034588 -0.86094123 -0.34992003 0.27348033 0.24808213
32669418.48841515 -9.604373 -2.916275 12.977261 -0.8590526 -0.35192907 0.2704251 0.2550389
32697054.73841515 -9.841641 -2.9287806 12.873289 -0.8581362 -0.3541037 0.2702104 0.25534132
32724659.73841515 -10.058179 -2.902577 12.782404 -0.8586572 -0.35290027 0.2738836 0.2513107
32752236.48841515 -10.295534 -2.8708348 12.691722 -0.8621422 -0.35016298 0.27542695 0.24132289
32779791.48841515 -10.507952 -2.8379898 12.577034 -0.8650255 -0.34836495 0.2777196 0.23074782
32807329.73841515 -10.713009 -2.7973943 12.438143 -0.8684294 -0.3456017 0.27990153 0.21919133
32834856.48841515 -10.917004 -2.755319 12.3081455 -0.87203 -0.34238222 0.28077003 0.20858166
32862377.73841515 -11.130213 -2.706194 12.143763 -0.875254 -0.33991814 0.2818722 0.19731782
32889898.48841515 -11.331409 -2.6601882 11.9900675 -0.87903214 -0.33679798 0.2827767 0.18413875
32917426.48841515 -11.526918 -2.5999417 11.806101 -0.8831944 -0.33357865 0.28358448 0.16814524
32944967.48841515 -11.719223 -2.5438466 11.622011 -0.88785374 -0.32995087 0.28293404 0.15098506
32972520.48841515 -11.913206 -2.4878957 11.408594 -0.89223945 -0.3267719 0.28061208 0.13559395
33000093.73841515 -12.107958 -2.4249997 11.194754 -0.8964074 -0.3239049 0.2761901 0.12352512
33027683.48841515 -12.3016205 -2.3703897 10.959692 -0.9004345 -0.32212874 0.26957193 0.11305693
33055289.48841515 -12.496172 -2.313323 10.7209635 -0.90474904 -0.32081705 0.26064876 0.10280036
33082903.73841515 -12.684834 -2.2522266 10.47038 -0.9088777 -0.31946495 0.25193197 0.09172709
33110520.48841515 -12.8659 -2.1950731 10.199635 -0.9126806 -0.31816268 0.24379307 0.079696886
33138136.73841515 -13.054146 -2.1401753 9.917461 -0.917224 -0.31541747 0.23502801 0.06303885
33165752.73841515 -13.246607 -2.0896547 9.631075 -0.9224679 -0.30993393 0.22621614 0.04266469
33193371.48841515 -13.433571 -2.0619063 9.325567 -0.9268621 -0.30494696 0.2177893 0.022401443
33221003.48841515 -13.62361 -2.0292077 9.012866 -0.93055236 -0.3007756 0.20862505 0.009056023
33248667.48841515 -13.821636 -2.0075564 8.679232 -0.9335791 -0.29772532 0.1994738 0.00023000466
33276382.73841515 -14.027155 -1.9853343 8.3319645 -0.9362149 -0.29434043 0.19190888 -0.006034524
33304161.48841515 -14.221369 -1.9727044 7.983097 -0.9381722 -0.2916115 0.18615794 -0.011869088
33332009.48841515 -14.426079 -1.9620539 7.6057577 -0.939072 -0.2898611 0.18401136 -0.0162523
33359926.48841515 -14.631559 -1.9656926 7.240247 -0.9395382 -0.28895435 0.18258226 -0.020908251
33387913.48841515 -14.853378 -1.9820019 6.865106 -0.9397111 -0.28832406 0.1819679 -0.026457358
33415969.48841515 -15.08758 -1.979544 6.4838724 -0.9396748 -0.28786233 0.1820107 -0.03191819
33444098.48841515 -15.308247 -2.004673 6.091061 -0.93971777 -0.2873944 0.1818397 -0.035627052
33472305.48841515 -15.541241 -2.026249 5.67427 -0.93952274 -0.2877005 0.18223035 -0.03629962
33500593.73841515 -15.767359 -2.0607939 5.278805 -0.9394261 -0.28876817 0.18145637 -0.03413515
33528952.48841515 -16.012299 -2.087882 4.8443475 -0.93941534 -0.28950396 0.18067363 -0.032301564
33557364.48841515 -16.262804 -2.1062524 4.3874784 -0.93921983 -0.29045805 0.1810933 -0.026560426
33585791.48841515 -16.503246 -2.1366844 3.936363 -0.9388348 -0.2930845 0.18004516 -0.016568344
33614193.73841515 -16.75041 -2.1584976 3.49017 -0.93855625 -0.2963982 0.17679967 -0.001475885
33642534.48841515 -17.011154 -2.1827497 3.0325413 -0.9381767 -0.299326 0.17324066 0.014704998
33670794.48841515 -17.268446 -2.2012682 2.570438 -0.9376063 -0.30213225 0.16910918 0.03182432
33698966.48841515 -17.51748 -2.2169514 2.1077485 -0.9366586 -0.30453053 0.1668672 0.04568533
33727044.48841515 -17.771593 -2.218687 1.6314292 -0.93601054 -0.3052792 0.1670092 0.052885912
33755027.48841515 -18.020948 -2.2250233 1.1424541 -0.935755 -0.3053079 0.16838504 0.052878864
33782916.48841515 -18.284164 -2.2420998 0.6856556 -0.9358754 -0.30513543 0.16966176 0.04737631
33810712.48841515 -18.535736 -2.2451527 0.19109154 -0.93568873 -0.3046579 0.17302942 0.04160521
33838423.48841515 -18.794365 -2.2349827 -0.30428982 -0.9358407 -0.30351803 0.17583711 0.034062903
33866065.48841515 -19.039526 -2.2135146 -0.81379604 -0.9357916 -0.30214372 0.17977804 0.026137957
33893651.48841515 -19.295082 -2.1816812 -1.3043165 -0.9358048 -0.30057207 0.18333039 0.017773695
33921204.48841515 -19.554005 -2.136403 -1.8304577 -0.9358389 -0.29827094 0.1875222 0.008693982
33948746.73841515 -19.822157 -2.096621 -2.3387222 -0.93600327 -0.29544267 0.19133581 -0.0015114467
33976283.48841515 -20.084198 -2.0376358 -2.8678665 -0.9361944 -0.2920525 0.19529583 -0.0102444375
34003819.48841515 -20.336645 -1.9786801 -3.3767948 -0.93656796 -0.28790805 0.19911821 -0.017361209
34031359.73841515 -20.573477 -1.9202495 -3.9083748 -0.9370346 -0.28364566 0.20238501 -0.02348581
34058911.48841515 -20.837482 -1.8528032 -4.458769 -0.9379163 -0.27836758 0.20483562 -0.029443162
34086473.48841515 -21.084074 -1.7857685 -4.9947987 -0.93920106 -0.27307397 0.20577057 -0.03147319
34114041.48841515 -21.334846 -1.7210798 -5.552498 -0.94023156 -0.26911345 0.20668164 -0.028729523
34141615.73841515 -21.585722 -1.65306 -6.110239 -0.9417817 -0.26476797 0.20578948 -0.024413338
34169198.48841515 -21.859394 -1.5921946 -6.6842194 -0.9438355 -0.26052302 0.20238926 -0.018465417
34196792.48841515 -22.127724 -1.5290995 -7.255512 -0.9464081 -0.2544234 0.19858937 -0.0119506
34224406.48841515 -22.381218 -1.4716415 -7.849369 -0.94885665 -0.24905086 0.19391817 -0.0063716937
34252045.73841515 -22.654697 -1.4309983 -8.424601 -0.9523533 -0.2428142 0.18453921 -0.003127323
34279719.48841515 -22.935938 -1.3791995 -9.024824 -0.9560342 -0.23646389 0.17344204 -0.0011396566
34307446.48841515 -23.197084 -1.3470302 -9.625345 -0.96004945 -0.22864848 0.16132234 0.00041863899
34335239.73841515 -23.48001 -1.3234997 -10.235178 -0.96408236 -0.22032635 0.14832163 0.0015145998
34363105.48841515 -23.745995 -1.275156 -10.8612995 -0.96833014 -0.21047993 0.13405293 0.008051375
34391039.48841515 -23.962776 -1.278029 -11.454943 -0.9717597 -0.20326012 0.11879482 0.016009277
34419013.48841515 -24.199799 -1.264657 -12.017735 -0.97481674 -0.19589409 0.10381869 0.024074676
34446981.73841515 -24.468832 -1.2623954 -12.656223 -0.97743136 -0.18875062 0.088585086 0.03396924
34474898.48841515 -24.70288 -1.292625 -13.251322 -0.97952163 -0.18260612 0.073199034 0.042828772
34502737.48841515 -24.963505 -1.3135991 -13.889704 -0.98120445 -0.17645222 0.05626094 0.05419539
34530480.73841515 -25.17508 -1.3436601 -14.494175 -0.98223424 -0.17216738 0.04058886 0.06266481
34558116.73841515 -25.404371 -1.3655756 -15.138908 -0.98293126 -0.16862242 0.025196293 0.06912171
34585648.48841515 -25.616879 -1.4502094 -15.74391 -0.9829401 -0.16803044 0.009565557 0.074183196
34613084.48841515 -25.839241 -1.521418 -16.343365 -0.98219866 -0.16927373 -0.0065973694 0.081171565
34640430.73841515 -26.071167 -1.5992371 -16.964138 -0.9807827 -0.17045966 -0.023685407 0.09191278
34667675.48841515 -26.251162 -1.6803414 -17.566713 -0.9786063 -0.170957 -0.04100301 0.10687488
34694806.48841515 -26.43445 -1.7523788 -18.171972 -0.9757632 -0.16943642 -0.058921453 0.12532295
34721833.48841515 -26.602722 -1.8172581 -18.769356 -0.9722242 -0.1648584 -0.07743092 0.1469908
34748790.48841515 -26.819149 -1.9077148 -19.363853 -0.9682448 -0.15851437 -0.09729621 0.16705884
34775711.48841515 -26.992622 -1.997355 -19.960049 -0.9637394 -0.1504963 -0.11635842 0.18713103
34802630.73841515 -27.187004 -2.087172 -20.57263 -0.9591734 -0.14217794 -0.13535708 0.20359373
34829579.48841515 -27.332039 -2.1886444 -21.179281 -0.953986 -0.13343343 -0.15387304 0.2200669
34856581.73841515 -27.478569 -2.2777433 -21.79246 -0.9480249 -0.12436426 -0.17182459 0.23718913
34883659.48841515 -27.616867 -2.3870487 -22.402225 -0.9404264 -0.11434426 -0.19041505 0.25742123
34910833.48841515 -27.740826 -2.4689245 -23.00153 -0.9298992 -0.10263214 -0.2100059 0.28399244
34938062.73841515 -27.850224 -2.5918884 -23.576855 -0.9153923 -0.089453466 -0.23094605 0.3173624
34965416.73841515 -27.94601 -2.6890602 -24.161232 -0.8969895 -0.07362526 -0.25373584 0.35441115
34992973.48841515 -28.02687 -2.8224583 -24.730568 -0.8764441 -0.057544306 -0.27785596 0.3890123
35020683.48841515 -28.092482 -2.9236908 -25.315758 -0.8537965 -0.03914031 -0.3015369 0.4225815
35048540.48841515 -28.137928 -3.0181084 -25.878855 -0.8306996 -0.02098314 -0.32446447 0.4519079
35076540.48841515 -28.16665 -3.138195 -26.419249 -0.8063984 -0.0057604644 -0.34834534 0.4778536
35104685.48841515 -28.155785 -3.2167664 -26.968752 -0.78027755 0.008949539 -0.37366596 0.50145847
35132978.73841515 -28.118296 -3.3017464 -27.486 -0.7529517 0.021981528 -0.39962086 0.52238274
35161426.48841515 -28.072542 -3.4053917 -27.981443 -0.72570276 0.032044172 -0.4281054 0.53763795
35190036.48841515 -28.016825 -3.4916077 -28.455421 -0.6974354 0.03866589 -0.45827952 0.5496079
35218814.48841515 -27.93583 -3.5640163 -28.92035 -0.6687778 0.043970846 -0.49258518 0.55512404
35247764.48841515 -27.819149 -3.629675 -29.35553 -0.6428789 0.04761677 -0.5246138 0.55607533
35276888.48841515 -27.693382 -3.6880455 -29.774214 -0.61866355 0.044363357 -0.5544661 0.55484647
35306180.48841515 -27.561384 -3.7445183 -30.17678 -0.60031396 0.03022103 -0.58157474 0.5481612
35335632.48841515 -27.402927 -3.7711163 -30.553032 -0.5800248 0.015467569 -0.6069545 0.5430822
35365239.73841515 -27.23061 -3.807829 -30.878643 -0.56022096 0.0052467077 -0.63680893 0.5297164
35394996.73841515 -27.045033 -3.8590164 -31.204826 -0.54015833 -0.0025527664 -0.67042696 0.5086749
35424901.48841515 -26.832884 -3.8793716 -31.491678 -0.522743 -0.008183762 -0.6999017 0.48663178
35454957.48841515 -26.60931 -3.9173908 -31.759045 -0.5094877 -0.015294549 -0.72863084 0.4574773
35485161.48841515 -26.363323 -3.9624271 -31.999908 -0.49952123 -0.022487178 -0.7577196 0.41932556
35515504.48841515 -26.100807 -4.012064 -32.211555 -0.48724782 -0.023846392 -0.7840145 0.3838518
35545976.73841515 -25.833431 -4.083363 -32.392464 -0.475971 -0.021923773 -0.80389744 0.35597742
35576559.48841515 -25.553112 -4.1539903 -32.563637 -0.46352634 -0.020591728 -0.82056075 0.33376554
35607245.73841515 -25.266365 -4.239709 -32.70505 -0.45105976 -0.019413644 -0.8320549 0.32226217
35638031.48841515 -24.961697 -4.3117504 -32.834167 -0.43926442 -0.019091725 -0.84095657 0.31539562
35668922.73841515 -24.646982 -4.4287424 -32.964424 -0.4271832 -0.017407415 -0.8486372 0.3114905
35699932.48841515 -24.33292 -4.518235 -33.05376 -0.41531104 -0.009938373 -0.8541805 0.31271985
35731073.73841515 -24.006138 -4.6290603 -33.148346 -0.40149328 0.0007447178 -0.85811305 0.32006967
35762353.73841515 -23.679434 -4.700065 -33.223785 -0.38860244 0.014870904 -0.86068493 0.32861605
35793783.73841515 -23.349785 -4.780863 -33.286156 -0.37583786 0.032149527 -0.861757 0.33924517
35825369.48841515 -23.010788 -4.863633 -33.341164 -0.36340132 0.051585644 -0.86207986 0.3494235
35857119.48841515 -22.663168 -4.975408 -33.41366 -0.35125408 0.07110138 -0.8622581 0.35787752
35889041.73841515 -22.330902 -5.02424 -33.4488 -0.34278464 0.090910345 -0.8612874 0.3638929
35921143.48841515 -22.005772 -5.0363145 -33.454704 -0.3366966 0.10921568 -0.8595594 0.3685986
35953421.48841515 -21.655018 -5.093061 -33.500008 -0.33029777 0.12226059 -0.8587442 0.37217507
35985869.73841515 -21.343212 -5.112071 -33.490196 -0.32698882 0.13231811 -0.858027 0.37330955
36018475.48841515 -20.992403 -5.1188498 -33.47764 -0.32478914 0.13906996 -0.8592324 0.36998823
36051234.48841515 -20.66124 -5.1299615 -33.46277 -0.32086152 0.14621484 -0.8605904 0.36749613
36084137.73841515 -20.326824 -5.1235704 -33.42077 -0.31719738 0.15385783 -0.8617361 0.36486235
36117176.48841515 -19.97105 -5.0972185 -33.373886 -0.31283447 0.16178362 -0.86283886 0.3625876
36150344.48841515 -19.653969 -5.107001 -33.28941 -0.30971885 0.1659969 -0.86258847 0.36395118
36183632.73841515 -19.300728 -5.0648665 -33.226566 -0.305698 0.16592713 -0.8636831 0.3647855
36217038.73841515 -18.937412 -5.0257225 -33.123783 -0.30254474 0.15949905 -0.8659413 0.36492804
36250557.73841515 -18.621555 -4.960905 -33.03365 -0.29767188 0.15372817 -0.8688563 0.3644831
36284189.48841515 -18.330515 -4.8357606 -32.919605 -0.29255453 0.14779167 -0.8720457 0.3634638
36317932.48841515 -17.977875 -4.6839247 -32.75668 -0.28331533 0.14043802 -0.87621987 0.36365968
36351787.48841515 -17.663845 -4.561328 -32.615383 -0.26923522 0.12602784 -0.8829647 0.36332193
36385753.73841515 -17.346907 -4.3770514 -32.427597 -0.25648636 0.10697847 -0.8899453 0.36161822
36419827.48841515 -17.050728 -4.2276864 -32.22451 -0.24575362 0.0822792 -0.89685667 0.3584458
36454007.73841515 -16.722832 -4.077615 -32.021156 -0.23500349 0.05264181 -0.9039615 0.35334954
36488286.48841515 -16.410707 -3.9547303 -31.816616 -0.22409149 0.020108601 -0.910518 0.3468942
36522653.48841515 -16.124315 -3.758034 -31.58123 -0.21611089 -0.0076450813 -0.9151232 0.34027517
36557097.73841515 -15.819696 -3.6186645 -31.327724 -0.20602459 -0.02483201 -0.9183549 0.33698896
36591604.48841515 -15.538798 -3.4941974 -31.034313 -0.19734372 -0.030242752 -0.92052525 0.3358186
36626161.48841515 -15.164639 -3.367924 -30.739286 -0.18844026 -0.03246776 -0.9224962 0.33531618
36660751.48841515 -14.847248 -3.2372632 -30.456251 -0.18288499 -0.028146116 -0.9236391 0.33563635
36695361.73841515 -14.515544 -3.0699935 -30.15379 -0.17765495 -0.022909336 -0.9246065 0.33617952
36729978.48841515 -14.200413 -2.9268577 -29.78164 -0.1731424 -0.0108123375 -0.9248783 0.3383858
36764596.48841515 -13.862437 -2.759213 -29.405766 -0.167166 0.0036215212 -0.92520076 0.34065533
36799214.48841515 -13.50329 -2.6084096 -29.055428 -0.16125254 0.018567367 -0.9256065 0.34191456
36833832.48841515 -13.153408 -2.4540997 -28.64643 -0.15862355 0.028968094 -0.9259923 0.34137607
36868453.48841515 -12.781048 -2.2554116 -28.216179 -0.15872067 0.03180894 -0.9275705 0.33676243
36903086.73841515 -12.421008 -2.1043143 -27.806128 -0.15827027 0.031237178 -0.928576 0.33424768
36937736.48841515 -12.072937 -1.9163198 -27.328724 -0.15956666 0.03884146 -0.92915 0.3312252
36972401.73841515 -11.7050905 -1.7553945 -26.874405 -0.1582927 0.054801032 -0.9288473 0.33042848
37007087.48841515 -11.358366 -1.6170276 -26.38567 -0.1554392 0.0739141 -0.9273464 0.33227104
37041796.73841515 -11.0395 -1.4630245 -25.900043 -0.15354231 0.09327652 -0.9249711 0.3348922
37076526.73841515 -10.700359 -1.2848189 -25.366165 -0.15278839 0.106223516 -0.923249 0.3361303
37111268.48841515 -10.368137 -1.1662767 -24.82832 -0.15414053 0.10660527 -0.9227487 0.33676535
37146008.48841515 -10.009365 -0.97215474 -24.210403 -0.15854234 0.09734309 -0.9248968 0.33159417
37180739.73841515 -9.655073 -0.84272254 -23.63219 -0.16225259 0.08340905 -0.9268495 0.32812667
37215456.48841515 -9.32059 -0.71748245 -22.968239 -0.16332816 0.070005596 -0.9297025 0.3226087
37250158.48841515 -9.005397 -0.5772573 -22.258577 -0.16062476 0.06608948 -0.93426377 0.31142104
37284852.48841515 -8.686801 -0.49823868 -21.557224 -0.15411986 0.06626289 -0.9381149 0.30297995
37319542.73841515 -8.374229 -0.41237795 -20.827984 -0.1459201 0.06919087 -0.94125766 0.29657054
37354223.48841515 -8.071416 -0.35096782 -20.06767 -0.13571946 0.07204151 -0.9438028 0.29262015
37388885.48841515 -7.791191 -0.2971087 -19.25382 -0.12641345 0.07787658 -0.94560385 0.28946212
37423527.48841515 -7.5028234 -0.25797552 -18.440979 -0.11609061 0.08280786 -0.9478935 0.28489268
37458153.48841515 -7.2232637 -0.2564727 -17.638853 -0.10669199 0.08478542 -0.9504731 0.2793369
37492787.48841515 -6.9611406 -0.27511144 -16.808191 -0.0971985 0.08168068 -0.95389545 0.27196372
37527413.48841515 -6.7094097 -0.30068758 -15.945879 -0.088179626 0.076602526 -0.95730335 0.26443672
37561936.73841515 -6.453429 -0.31777638 -15.022824 -0.076563634 0.06634748 -0.9606661 0.2585666
37596247.73841515 -6.2589083 -0.30328956 -14.129141 -0.062148724 0.04584907 -0.96395886 0.2545953
37630254.48841515 -6.0621696 -0.38069177 -13.277306 -0.045786556 0.018801102 -0.9664097 0.25219545
37663886.48841515 -5.848055 -0.5031758 -12.4829855 -0.028448272 -0.0030555392 -0.96833575 0.24800669
37697127.48841515 -5.582262 -0.6067389 -11.547943 -0.01117356 -0.009696797 -0.97056955 0.24036606
37730024.48841515 -5.361793 -0.7323338 -10.6885 0.00515691 -0.008576054 -0.972807 0.23140104
37762644.48841515 -5.1570244 -0.8479183 -9.825621 0.018700777 -0.006920859 -0.97405773 0.22541958
37795012.48841515 -4.9517326 -0.96458757 -9.002373 0.029200744 -0.004873759 -0.9743614 0.22303233
37827118.73841515 -4.7551355 -1.0611306 -8.14007 0.039159723 0.0043311655 -0.9737621 0.2241322
37858939.73841515 -4.5718846 -1.1802078 -7.3325324 0.046653677 0.013695055 -0.97262937 0.22721808
37890453.48841515 -4.373014 -1.3018651 -6.5013514 0.055324785 0.021053225 -0.9714143 0.22989176
37921673.48841515 -4.2064013 -1.4149858 -5.6994886 0.06284379 0.029703736 -0.9705633 0.23059759
37952634.48841515 -4.006265 -1.517313 -4.8975925 0.07107313 0.037067063 -0.96995944 0.2296811
37983384.48841515 -3.817674 -1.6070219 -4.071703 0.079367556 0.044128638 -0.96987104 0.22606124
38013959.73841515 -3.6604824 -1.7124288 -3.2846065 0.08821581 0.05373014 -0.9695442 0.22207043
38044383.48841515 -3.510374 -1.7976542 -2.5007284 0.09733507 0.06889279 -0.9687214 0.21762025
38074666.48841515 -3.3288417 -1.860809 -1.682399 0.10862231 0.08523346 -0.9673931 0.21233691
38104809.48841515 -3.189512 -1.9130161 -0.9137724 0.12116003 0.10530878 -0.9650685 0.20705852
38134816.73841515 -3.0348418 -1.9761513 -0.13520491 0.13761544 0.12820777 -0.9614003 0.20083423
38164689.48841515 -2.877825 -1.9735539 0.6950469 0.15739977 0.15470974 -0.95648885 0.19083843
38194440.48841515 -2.8041148 -2.0508547 1.435009 0.17837611 0.18296927 -0.949973 0.17959839
38224084.73841515 -2.6833484 -2.0805707 2.2560253 0.20236968 0.21283935 -0.9416934 0.16419332
38253636.48841515 -2.5963151 -2.1026897 3.0251548 0.22747698 0.24497922 -0.9309553 0.1468391
38283104.73841515 -2.538836 -2.1383781 3.8136814 0.25316054 0.28265104 -0.916472 0.12687503
38312481.73841515 -2.4696224 -2.134924 4.601512 0.2805285 0.323527 -0.8976731 0.10400579
38341769.73841515 -2.3867128 -2.2035084 5.3548017 0.31161368 0.36651045 -0.87285537 0.08179602
38370968.48841515 -2.3619838 -2.249099 6.110921 0.34323597 0.40447068 -0.8457543 0.057377536
38400085.73841515 -2.3748267 -2.308569 6.849118 0.37563437 0.43617114 -0.8170547 0.03278786
38429126.48841515 -2.4105773 -2.3643394 7.5333576 0.40821525 0.46113923 -0.78779346 0.009610553
38458090.48841515 -2.4569507 -2.4087253 8.241246 0.44038713 0.47868618 -0.7594842 -0.010126221
38486974.48841515 -2.5409884 -2.4623044 8.902647 0.47449008 0.49416003 -0.7279349 -0.027853029
38515776.73841515 -2.6248217 -2.5261412 9.525873 0.51127154 0.50244164 -0.69599766 -0.04172599
38544493.73841515 -2.7479491 -2.5509894 10.128228 0.54849315 0.50379866 -0.66526747 -0.052548997
38573124.73841515 -2.9002485 -2.5746412 10.677788 0.5833754 0.5018242 -0.63562924 -0.061814923
38601676.48841515 -3.0470486 -2.6210942 11.220537 0.6159235 0.49974215 -0.6050349 -0.06949031
38630164.73841515 -3.209608 -2.6489758 11.741014 0.6418036 0.49938148 -0.57737046 -0.073142104
38658609.73841515 -3.394805 -2.6488152 12.227212 0.6618665 0.49723735 -0.5568145 -0.06815793
38687027.73841515 -3.5837479 -2.6604898 12.678474 0.6815599 0.49190268 -0.5385167 -0.0592256
38715432.73841515 -3.771576 -2.6687322 13.114661 0.70353127 0.48415065 -0.51771486 -0.051119834
38743836.73841515 -3.9772663 -2.6882136 13.5145645 0.7253171 0.4779366 -0.4930344 -0.049079537
38772253.48841515 -4.1871243 -2.6932569 13.890304 0.74633956 0.47122365 -0.46706265 -0.0527071
38800691.48841515 -4.409977 -2.699605 14.249792 0.76747054 0.46323648 -0.4388365 -0.061834097
38829158.48841515 -4.6321144 -2.7336006 14.55818 0.7865606 0.45712882 -0.4081381 -0.07601998
38857650.48841515 -4.867502 -2.74864 14.845526 0.8032367 0.45018083 -0.37861457 -0.09380313
38886163.48841515 -5.10795 -2.7666492 15.126312 0.81795317 0.4426846 -0.35020387 -0.11108633
38914688.48841515 -5.34367 -2.7625637 15.37202 0.8291133 0.43757746 -0.32459858 -0.12543114
38943212.48841515 -5.5661526 -2.7644682 15.593821 0.83811826 0.43458635 -0.300672 -0.13523637
38971722.48841515 -5.7949142 -2.7775345 15.803541 0.8459322 0.4333486 -0.27507025 -0.14472091
39000210.48841515 -6.020319 -2.8060265 15.99347 0.8535656 0.43110278 -0.24748147 -0.15597832
39028669.48841515 -6.263646 -2.8083944 16.156109 0.8604106 0.42708153 -0.21961549 -0.17048213
39057101.48841515 -6.479948 -2.8186102 16.28914 0.8661982 0.42238122 -0.19555664 -0.18180354
39085504.48841515 -6.6647406 -2.821494 16.386497 0.8698024 0.42097557 -0.1773071 -0.18650924
39113876.48841515 -6.894679 -2.759738 16.51184 0.876093 0.4155379 -0.16709103 -0.17852186
39142217.73841515 -7.093666 -2.7631788 16.576 0.8798077 0.4146865 -0.16286439 -0.16567668
39170524.48841515 -7.3005257 -2.7822618 16.638857 0.8842877 0.4118307 -0.16253383 -0.14836967
39198795.48841515 -7.5021324 -2.7730398 16.66021 0.88763666 0.40890688 -0.16762026 -0.129614
39227027.73841515 -7.692436 -2.771124 16.668978 0.8912052 0.40537372 -0.17276691 -0.10759735
39255217.48841515 -7.878113 -2.7710838 16.64727 0.89436746 0.40041763 -0.17850555 -0.088929705
39283367.73841515 -8.050556 -2.7666988 16.5915 0.89654654 0.3952437 -0.18427268 -0.0776555
39311478.73841515 -8.236969 -2.7724504 16.526999 0.8987509 0.38973862 -0.18799572 -0.070769265
39339553.48841515 -8.445278 -2.7829595 16.464703 0.90105975 0.3839501 -0.19143708 -0.06344778
39367607.48841515 -8.624479 -2.7862191 16.361374 0.9019593 0.37945494 -0.19843702 -0.055733245
39395627.48841515 -8.790213 -2.7863607 16.240719 0.9018575 0.37739545 -0.20452537 -0.04894179
39423591.73841515 -8.971928 -2.7993598 16.11182 0.9016011 0.37717363 -0.20711926 -0.044239674
39451510.73841515 -9.169209 -2.8129878 15.959643 0.9016731 0.37646067 -0.20801412 -0.04464471
39479387.48841515 -9.364458 -2.8097 15.817173 0.9023791 0.374855 -0.2072321 -0.047440063
39507224.48841515 -9.562099 -2.823501 15.624372 0.9018454 0.3755013 -0.20800744 -0.049057264
39535020.48841515 -9.755142 -2.835659 15.443102 0.9020457 0.37457854 -0.20839906 -0.05073831
39562777.48841515 -9.950937 -2.8449526 15.232442 0.902078 0.37384754 -0.20934765 -0.051642787
39590493.73841515 -10.13768 -2.8492284 15.004546 0.90170133 0.3733843 -0.21170749 -0.05195119
39618171.73841515 -10.331371 -2.8660936 14.772287 0.901573 0.3735508 -0.21217376 -0.051071655
39645817.48841515 -10.519531 -2.8551955 14.531258 0.9014896 0.37218344 -0.21510711 -0.050248362
39673436.73841515 -10.703161 -2.8514023 14.271706 0.9008955 0.372039 -0.21816364 -0.048774596
39701037.73841515 -10.893227 -2.838726 14.017424 0.90101653 0.37035602 -0.22124615 -0.0453398
39728626.48841515 -11.092154 -2.8271961 13.743203 0.90075266 0.36908564 -0.22538687 -0.040264484
39756215.48841515 -11.281734 -2.8022003 13.452232 0.9009963 0.3670522 -0.22819114 -0.03751146
39783814.73841515 -11.479088 -2.7818246 13.159088 0.9015337 0.3648802 -0.22971568 -0.03647064
39811432.48841515 -11.675415 -2.7556095 12.857432 0.90200263 0.3634989 -0.22983477 -0.037893113
39839077.48841515 -11.870796 -2.7215455 12.557442 0.9024671 0.36245054 -0.22927138 -0.040218353
39866754.48841515 -12.069414 -2.6806588 12.252819 0.9026157 0.36209467 -0.22884628 -0.04244759
39894461.73841515 -12.273279 -2.631406 11.930972 0.9029445 0.36101544 -0.22914743 -0.04301771
39922193.48841515 -12.472843 -2.589512 11.601976 0.9028096 0.3617296 -0.22855495 -0.043002
39949940.73841515 -12.670105 -2.5223901 11.2625265 0.9035135 0.36034876 -0.2284261 -0.04041887
39977698.48841515 -12.883978 -2.460636 10.90147 0.9047951 0.35809547 -0.22852014 -0.029869447
40005472.73841515 -13.079111 -2.3797944 10.540728 0.9064749 0.35424414 -0.22922873 -0.016391154
40033269.73841515 -13.285971 -2.2966669 10.175305 0.90875894 0.3494452 -0.2281116 -0.003236084
40061100.48841515 -13.480289 -2.2388358 9.795443 0.9108712 0.3453815 -0.22575141 0.0078501655
40088977.48841515 -13.695747 -2.1702116 9.399891 0.9134479 0.34102914 -0.22152358 0.015469325
40116909.48841515 -13.908564 -2.1024203 9.003806 0.9162048 0.33665997 -0.21645725 0.019369531
40144905.48841515 -14.116762 -2.0370076 8.596732 0.91817766 0.33451393 -0.2112666 0.020410564
40172974.48841515 -14.339582 -1.9571506 8.170538 0.92016315 0.3318136 -0.20702237 0.018475348
40201124.73841515 -14.570007 -1.9029114 7.723547 0.9215405 0.32965994 -0.20440976 0.01744011
40229356.48841515 -14.789217 -1.846309 7.267087 0.9233198 0.32559076 -0.20297746 0.016474158
40257673.48841515 -15.012909 -1.8120484 6.818465 0.9248059 0.32227233 -0.20133296 0.018434627
40286070.48841515 -15.243879 -1.770199 6.3556395 0.9258585 0.31901088 -0.20141706 0.021197539
40314538.48841515 -15.489361 -1.7273246 5.8905396 0.9266631 0.31552255 -0.20249318 0.02715866
40343051.73841515 -15.748804 -1.6950191 5.3967466 0.9272132 0.31174576 -0.2043438 0.03652386
40371574.73841515 -15.986923 -1.6453106 4.893923 0.9274416 0.30763456 -0.20764124 0.04580608
40400067.48841515 -16.24215 -1.5955548 4.4041414 0.92826146 0.30169806 -0.21035054 0.055331826
40428498.48841515 -16.495543 -1.5330424 3.889861 0.929305 0.29458746 -0.21358055 0.063196674
40456847.73841515 -16.752102 -1.4914374 3.383542 0.9298785 0.28910097 -0.21638484 0.07017343
40485106.48841515 -16.996912 -1.4440737 2.878306 0.9303584 0.28479606 -0.21830809 0.075273134
40513274.73841515 -17.24595 -1.3760982 2.3725033 0.93086916 0.28192526 -0.21987374 0.07520879
40541347.48841515 -17.481697 -1.311017 1.8767548 0.9318564 0.27832812 -0.22064175 0.07412436
40569326.73841515 -17.716856 -1.2629609 1.3989954 0.9324876 0.27659926 -0.22064319 0.0726387
40597218.48841515 -17.993567 -1.2201099 0.8905592 0.9326379 0.27652606 -0.22103573 0.06973742
40625035.48841515 -18.249693 -1.1661954 0.39338493 0.9328807 0.2756037 -0.2217908 0.067712635
40652791.48841515 -18.52489 -1.1103587 -0.11826134 0.9334996 0.27298182 -0.2226567 0.06695949
40680511.48841515 -18.814716 -1.0637517 -0.63838005 0.9340687 0.269082 -0.22437485 0.069040366
40708218.48841515 -19.09122 -1.0185142 -1.1488495 0.9346025 0.26332155 -0.22758393 0.07338604
40735915.73841515 -19.37371 -0.98428917 -1.6801748 0.9346639 0.25711206 -0.23133929 0.08233433
40763612.48841515 -19.663792 -0.9398112 -2.2119255 0.93518615 0.24892856 -0.2348173 0.091226555
40791317.48841515 -19.965271 -0.8875599 -2.758459 0.9358471 0.23838218 -0.23938677 0.10029053
40819035.48841515 -20.276333 -0.8438463 -3.314745 0.93636245 0.22788619 -0.24322297 0.11016317
40846765.48841515 -20.589956 -0.80308056 -3.8668976 0.9375242 0.21786906 -0.24550238 0.115369454
40874509.48841515 -20.921452 -0.7579107 -4.438284 0.9395261 0.21064726 -0.24525993 0.11298704
40902270.48841515 -21.251072 -0.7376604 -4.997364 0.9419375 0.2058152 -0.24273863 0.107107155
40930046.48841515 -21.593601 -0.7037859 -5.590826 0.9454467 0.2009952 -0.23774785 0.0959551
40957844.48841515 -21.931551 -0.6748667 -6.162504 0.9495684 0.19684704 -0.2310461 0.0786698
40985672.48841515 -22.269009 -0.659317 -6.747511 0.9537911 0.192839 -0.22281861 0.058716018
41013544.48841515 -22.580036 -0.67215586 -7.2923546 0.95789385 0.18929048 -0.21295333 0.035486583
41041475.48841515 -22.875546 -0.7174959 -7.846653 0.9616746 0.1854685 -0.20165089 0.010975161
41069437.48841515 -23.187244 -0.7365842 -8.427744 0.9647146 0.18224801 -0.18917614 -0.017999241
41097455.48841515 -23.464027 -0.8022876 -8.985376 0.96667075 0.18152806 -0.17598237 -0.040317066
41125530.48841515 -23.813828 -0.8585427 -9.569147 0.96768147 0.18255135 -0.16327386 -0.060077094
41153576.73841515 -24.13499 -0.9255192 -10.151249 0.96838725 0.18353954 -0.14998448 -0.07774363
41181541.73841515 -24.473448 -1.0030472 -10.743971 0.96894187 0.18512213 -0.13584208 -0.09180631
41209396.48841515 -24.778439 -1.0555565 -11.330133 0.9694149 0.18696071 -0.12148123 -0.102581054
41237125.73841515 -25.094122 -1.1353898 -11.930199 0.96965533 0.1896127 -0.10590321 -0.112250194
41264724.48841515 -25.381481 -1.2221864 -12.497923 0.9693865 0.19266617 -0.09048007 -0.12240463
41292202.48841515 -25.682913 -1.2869977 -13.099516 0.9688656 0.19377233 -0.07420294 -0.13507701
41319575.48841515 -25.976252 -1.3656338 -13.677473 0.96757746 0.19454333 -0.055614118 -0.15117487
41346850.73841515 -26.253109 -1.3870912 -14.277128 0.9660445 0.19238706 -0.03560444 -0.16875294
41374020.48841515 -26.490417 -1.4995325 -14.8442955 0.9634455 0.1907668 -0.014341081 -0.18755074
41401078.48841515 -26.761988 -1.5634394 -15.447505 0.9600823 0.18645063 0.0072802654 -0.20838706
41428035.48841515 -26.999968 -1.648469 -16.025908 0.95621604 0.18113627 0.028126324 -0.22814338
41454920.48841515 -27.257217 -1.7221298 -16.61747 0.95159954 0.17323653 0.050059784 -0.2488805
41481764.48841515 -27.461159 -1.7924366 -17.20921 0.9460547 0.16367166 0.0716323 -0.27029806
41508593.48841515 -27.692678 -1.8913441 -17.79731 0.9396762 0.15308613 0.09557958 -0.29058206
41535439.48841515 -27.868813 -1.9791174 -18.40609 0.9327557 0.13973612 0.11821855 -0.31058815
41562329.48841515 -28.017889 -2.0790005 -19.006962 0.9248311 0.1251853 0.14084037 -0.3304242
41589289.73841515 -28.161518 -2.2029228 -19.575216 0.91619444 0.10991872 0.16412924 -0.34866494
41616342.48841515 -28.25767 -2.3277988 -20.149622 0.90621614 0.09516307 0.18632945 -0.36742032
41643510.48841515 -28.339878 -2.457491 -20.720135 0.89541703 0.08023379 0.20826569 -0.38524848
41670806.73841515 -28.385029 -2.5938358 -21.261631 0.883986 0.065463774 0.2288451 -0.4023844
41698237.73841515 -28.421473 -2.740322 -21.805294 0.8721176 0.051030338 0.24990864 -0.41755548
41725806.48841515 -28.445974 -2.9256878 -22.33128 0.859178 0.037296787 0.27206078 -0.43174657
41753518.48841515 -28.429728 -3.086876 -22.88065 0.84485966 0.02115138 0.29455516 -0.44609654
41781374.73841515 -28.384867 -3.2476616 -23.411312 0.82808536 0.003712664 0.3180423 -0.46163833
41809382.73841515 -28.327948 -3.4213028 -23.926403 0.81052333 -0.012817698 0.34244788 -0.4749917
41837552.48841515 -28.232706 -3.6022682 -24.42133 0.7921846 -0.027929958 0.3675871 -0.48635715
41865893.48841515 -28.111855 -3.760994 -24.900194 0.7763336 -0.036292177 0.3947627 -0.49005267
41894415.73841515 -27.979204 -3.9262981 -25.371185 0.7636358 -0.035200518 0.42260697 -0.4868518
41923128.48841515 -27.824223 -4.0893364 -25.813808 0.75130635 -0.028660515 0.45121935 -0.48074788
41952039.48841515 -27.653215 -4.250942 -26.249397 0.7388821 -0.021643594 0.47917688 -0.4732592
41981153.48841515 -27.465946 -4.398489 -26.659122 0.724511 -0.018150976 0.50494164 -0.46881583
42010477.48841515 -27.281172 -4.5588226 -27.071548 0.70736736 -0.0130788265 0.52926004 -0.46834204
42040014.48841515 -27.098904 -4.693514 -27.48494 0.68727076 -0.00683179 0.5500521 -0.4743996
42069769.73841515 -26.89383 -4.817278 -27.881472 0.6647368 0.00076637755 0.5661674 -0.4874206
42099745.48841515 -26.686804 -4.921776 -28.262854 0.6402784 0.00809741 0.5804556 -0.50304
42129947.73841515 -26.471756 -5.032816 -28.659437 0.6152192 0.016326092 0.5955133 -0.5163359
42160386.48841515 -26.25533 -5.105892 -29.031153 0.59134185 0.02496891 0.61085916 -0.525873
42191071.48841515 -26.01928 -5.160839 -29.403934 0.567888 0.034907117 0.6277559 -0.53123194
42222020.73841515 -25.774317 -5.1914577 -29.737194 0.54450864 0.04331552 0.6450024 -0.53442127
42253253.73841515 -25.522694 -5.204996 -30.066631 0.5195428 0.046029802 0.66371566 -0.53613263
42284792.73841515 -25.26972 -5.2292194 -30.387457 0.48966208 0.041355453 0.6845981 -0.53837377
42316656.48841515 -24.979115 -5.274639 -30.730438 0.45200667 0.02701175 0.7055041 -0.5451829
42348861.73841515 -24.686481 -5.289997 -31.019226 0.41039413 0.0069166617 0.7252657 -0.5527373
42381421.48841515 -24.40474 -5.2675056 -31.311584 0.36643082 -0.014228591 0.74352366 -0.5591947
42414344.48841515 -24.12411 -5.2159557 -31.592194 0.32679445 -0.029404925 0.7588206 -0.5626119
42447628.48841515 -23.830906 -5.1671333 -31.837004 0.29345307 -0.033862155 0.7726063 -0.561977
42481271.48841515 -23.531868 -5.0875616 -32.053844 0.26556203 -0.028785354 0.7895492 -0.5525037
42515275.48841515 -23.19872 -5.054121 -32.26378 0.23991887 -0.021832358 0.80988383 -0.53483695
42549640.73841515 -22.907736 -4.9419756 -32.41494 0.21422186 -0.022451552 0.82891375 -0.51624304
42584360.48841515 -22.584341 -4.851932 -32.541214 0.18829586 -0.025540821 0.84347826 -0.502431
42619414.48841515 -22.281754 -4.7426333 -32.641575 0.1657237 -0.02948039 0.8551213 -0.49034095
42654770.73841515 -21.922176 -4.638568 -32.767376 0.14480518 -0.039310846 0.86552083 -0.47787008
42690389.73841515 -21.581907 -4.5458302 -32.81147 0.12827833 -0.05140432 0.87264377 -0.46839643
42726233.48841515 -21.241299 -4.4137096 -32.83863 0.11856302 -0.060869474 0.880073 -0.45575133
42762272.48841515 -20.880754 -4.3110433 -32.81848 0.11202719 -0.06549687 0.8859791 -0.44519785
42798475.48841515 -20.54266 -4.1850286 -32.768906 0.10932351 -0.0720184 0.8916263 -0.4334332
42834812.73841515 -20.187447 -4.065097 -32.693882 0.10757718 -0.08123275 0.8975679 -0.41976222
42871245.73841515 -19.857815 -3.9549265 -32.5496 0.1114769 -0.08956589 0.90186036 -0.4076749
42907737.48841515 -19.522083 -3.832645 -32.397217 0.12014313 -0.09139248 0.90482485 -0.39812702
42944250.48841515 -19.222054 -3.7374535 -32.19597 0.13082139 -0.093984805 0.9063322 -0.39065924
42980747.48841515 -18.898628 -3.6367092 -31.985353 0.138043 -0.0985451 0.9089231 -0.38090935
43017194.48841515 -18.564205 -3.5095992 -31.730824 0.14397952 -0.10546047 0.91089046 -0.3720572
43053575.48841515 -18.276789 -3.4219418 -31.439602 0.1501804 -0.107687846 0.911824 -0.3666419
43089868.48841515 -18.009054 -3.3547318 -31.129583 0.15754056 -0.10613279 0.9119541 -0.36367106
43126059.48841515 -17.719992 -3.271508 -30.802803 0.16429164 -0.10231383 0.9116395 -0.36256522
43162136.48841515 -17.440428 -3.1661541 -30.440119 0.17091094 -0.09317098 0.9117315 -0.36173803
43198102.48841515 -17.160246 -3.0919638 -30.07177 0.17668787 -0.08321312 0.9121495 -0.3603337
43233967.48841515 -16.918686 -3.0075095 -29.672394 0.18151493 -0.07433051 0.9130958 -0.35746822
43269742.48841515 -16.655289 -2.908087 -29.249718 0.18604554 -0.06277901 0.914648 -0.3533624
43305446.73841515 -16.391539 -2.82127 -28.829159 0.19142228 -0.04614754 0.9163179 -0.3486968
43341085.73841515 -16.141954 -2.7413416 -28.371082 0.19911428 -0.022716558 0.91719276 -0.34437615
43376658.73841515 -15.899479 -2.669672 -27.908981 0.20773827 0.0057280697 0.9171888 -0.33996585
43412162.48841515 -15.643371 -2.550278 -27.425358 0.21687768 0.031227082 0.9166017 -0.33441025
43447591.48841515 -15.373903 -2.4588501 -26.933613 0.22757523 0.057373174 0.9147123 -0.328967
43482946.73841515 -15.116834 -2.3609955 -26.458675 0.24314255 0.08643692 0.91082424 -0.32219517
43518239.48841515 -14.858012 -2.22826 -25.952332 0.26148418 0.12063817 0.90468776 -0.31402633
43553476.48841515 -14.588554 -2.1191702 -25.45354 0.28020903 0.15913111 0.89622545 -0.30486095
43588665.48841515 -14.316672 -1.9955235 -24.94041 0.29628602 0.19522291 0.8872851 -0.29466566
43623809.48841515 -14.052838 -1.8492422 -24.45185 0.3067913 0.21748638 0.8810289 -0.28699636
43658909.48841515 -13.792261 -1.6776891 -23.868412 0.31366292 0.2205635 0.87866145 -0.28446683
43693969.48841515 -13.481203 -1.5398431 -23.372168 0.31716973 0.22022358 0.8782638 -0.28205976
43728993.73841515 -13.150674 -1.3702149 -22.854065 0.32181838 0.22119646 0.8774319 -0.27860072
43763983.48841515 -12.819608 -1.2341723 -22.316013 0.32450083 0.22669391 0.87607735 -0.2753138
43798937.48841515 -12.468773 -1.1041064 -21.821766 0.3229613 0.22743838 0.87674636 -0.27437866
43833860.73841515 -12.1375675 -0.95765924 -21.312273 0.3198106 0.21825771 0.88033634 -0.27403063
43868758.73841515 -11.733913 -0.8358331 -20.78872 0.31156385 0.20128348 0.8862802 -0.27734545
43903638.48841515 -11.341901 -0.7054267 -20.233974 0.30249324 0.17204353 0.8948187 -0.27963987
43938507.48841515 -10.927923 -0.57758784 -19.654842 0.2856906 0.13291854 0.90668964 -0.28040606
43973371.48841515 -10.507017 -0.46278238 -19.06864 0.26373336 0.08969844 0.9196425 -0.27686924
44008228.48841515 -10.045303 -0.33829808 -18.46231 0.2418914 0.05256036 0.9306564 -0.26945263
44043067.73841515 -9.575233 -0.21672785 -17.814648 0.2202405 0.01929447 0.93962365 -0.26120725
44077870.48841515 -9.122275 -0.10990727 -17.141926 0.20288844 -0.007487469 0.9458339 -0.25333464
44112635.73841515 -8.644135 -0.02458191 -16.46879 0.18757302 -0.029004911 0.9517517 -0.24113046
44147338.73841515 -8.18883 0.026117086 -15.753454 0.1755002 -0.04787349 0.9562495 -0.22911751
44181894.48841515 -7.7357383 0.042985305 -15.019058 0.16336225 -0.06887467 0.9596361 -0.2183296
44216215.48841515 -7.275657 0.011793073 -14.346497 0.1487166 -0.09465436 0.9615357 -0.21064918
44250225.48841515 -6.816817 -0.008514881 -13.621506 0.13399337 -0.12367589 0.9620671 -0.20292097
44283837.48841515 -6.453329 -0.07154183 -12.901301 0.11940208 -0.15429072 0.9610184 -0.1959112
44316994.73841515 -6.1138473 -0.14053768 -12.161124 0.10560299 -0.18275778 0.9587546 -0.19036107
44349714.48841515 -5.8312483 -0.25104773 -11.474832 0.09257111 -0.20880383 0.9555241 -0.1865617
44382066.48841515 -5.546438 -0.36426485 -10.760863 0.0805112 -0.2283347 0.95253426 -0.18455292
44414114.48841515 -5.237242 -0.4458279 -10.039543 0.0690569 -0.24015819 0.95078725 -0.18319073
44445897.48841515 -4.9632735 -0.5552 -9.285609 0.057885207 -0.24452382 0.9508293 -0.1810552
44477443.73841515 -4.7373915 -0.6905309 -8.557782 0.04633903 -0.24623993 0.9513885 -0.17910515
44508756.73841515 -4.514682 -0.7665509 -7.8597693 0.033552784 -0.24306975 0.9530629 -0.17737672
44539838.48841515 -4.2967935 -0.86696976 -7.142883 0.020126717 -0.2383112 0.95457697 -0.17772321
44570694.73841515 -4.093349 -0.99792385 -6.3994255 0.006413987 -0.23341817 0.95620304 -0.17649509
44601342.73841515 -3.930641 -1.1005191 -5.689445 -0.006912953 -0.22964385 0.95756006 -0.17405386
44631811.73841515 -3.7821891 -1.219075 -4.9683876 -0.022115251 -0.22580373 0.95853347 -0.17244478
44662133.73841515 -3.638111 -1.3543867 -4.261316 -0.039420336 -0.21871318 0.95942837 -0.17351589
44692338.48841515 -3.5206766 -1.4668572 -3.548554 -0.056623463 -0.20665811 0.9608183 -0.1758252
44722450.48841515 -3.3903203 -1.5728847 -2.7926974 -0.070433125 -0.18720798 0.9629859 -0.18069457
44752479.48841515 -3.319097 -1.7113773 -2.0943282 -0.082089424 -0.15999885 0.96534735 -0.18911976
44782425.73841515 -3.2181633 -1.829789 -1.3858359 -0.09294386 -0.1321354 0.9668896 -0.1975506
44812287.48841515 -3.1781218 -1.9592736 -0.6967701 -0.1032983 -0.1128635 0.96658427 -0.20568468
44842065.48841515 -3.0936162 -2.0470204 0.058796108 -0.1168705 -0.10449309 0.96490717 -0.21065792
44871756.48841515 -3.0287297 -2.161124 0.7365954 -0.13194005 -0.104484744 0.9621828 -0.21419388
44901371.48841515 -2.9772022 -2.2762156 1.4261917 -0.14893427 -0.11001271 0.95883787 -0.2152809
44930920.48841515 -2.9103117 -2.3132179 2.1061435 -0.16871491 -0.11571717 0.95518434 -0.21393412
44960410.48841515 -2.853194 -2.393102 2.8369782 -0.19128947 -0.12533213 0.9503113 -0.2112077
44989871.48841515 -2.8096104 -2.4161868 3.5621705 -0.21776693 -0.13520975 0.9449853 -0.20322108
45019272.48841515 -2.7843997 -2.480612 4.250806 -0.24815546 -0.15010229 0.93807465 -0.18948404
45048579.73841515 -2.7812142 -2.5078254 4.9234633 -0.28188956 -0.16718149 0.9298499 -0.16723597
45077822.73841515 -2.7408206 -2.6192615 5.5950475 -0.31579527 -0.18870683 0.9189029 -0.14241025
45107001.48841515 -2.764926 -2.6619134 6.2717767 -0.34777173 -0.2126463 0.90588677 -0.11491561
45136112.73841515 -2.798245 -2.7194872 6.922917 -0.38101253 -0.23952343 0.8887514 -0.08705723
45165148.48841515 -2.8275208 -2.8163357 7.586883 -0.41574126 -0.27086714 0.8663848 -0.056280646
45194098.48841515 -2.879113 -2.9224188 8.229941 -0.4484775 -0.30448768 0.84004265 -0.021989325
45222946.73841515 -2.932871 -3.0305386 8.886573 -0.47976705 -0.34166723 0.8079681 0.01657354
45251682.48841515 -3.0166063 -3.1226544 9.497217 -0.5081777 -0.37777182 0.7720762 0.054242976
45280358.48841515 -3.117198 -3.2125118 10.100163 -0.5317007 -0.42037958 0.72904366 0.09524076
45308906.48841515 -3.2345219 -3.3362327 10.6439495 -0.5522145 -0.4595288 0.6828978 0.13244997
45337252.73841515 -3.3602076 -3.4263835 11.149118 -0.5717294 -0.49146202 0.6362119 0.1637838
45365455.73841515 -3.4979496 -3.5192165 11.623949 -0.5893643 -0.51716936 0.5917592 0.18710048
45393528.48841515 -3.646882 -3.598208 12.058775 -0.608198 -0.53466153 0.5498189 0.2047717
45421482.48841515 -3.8138819 -3.6737652 12.432216 -0.6249264 -0.55028737 0.5084548 0.21937324
45449338.73841515 -3.9686337 -3.7415514 12.820337 -0.641856 -0.56035155 0.47107962 0.22827844
45477117.48841515 -4.1187134 -3.7892065 13.160233 -0.6547899 -0.57196975 0.4371091 0.23029642
45504836.48841515 -4.2676725 -3.839374 13.469982 -0.67014176 -0.5787723 0.4067165 0.22475387
45532509.48841515 -4.4440985 -3.875702 13.75436 -0.6880984 -0.5815739 0.37546548 0.21752732
45560151.48841515 -4.601656 -3.8795795 13.988094 -0.7016274 -0.5835953 0.3515395 0.20869997
45587780.48841515 -4.76353 -3.875393 14.191996 -0.71581286 -0.58138674 0.33807272 0.18790486
45615418.73841515 -4.9316263 -3.9067497 14.395756 -0.72988635 -0.57839555 0.32318553 0.16815391
45643082.73841515 -5.0932493 -3.9521542 14.5872345 -0.74572706 -0.57082516 0.30993515 0.14829059
45670788.48841515 -5.26511 -3.9474535 14.698964 -0.7603061 -0.5615479 0.29926625 0.13053076
45698544.48841515 -5.446846 -3.9553547 14.7549305 -0.7728494 -0.5529151 0.29026297 0.112854905
45726360.48841515 -5.629368 -3.942525 14.838624 -0.7846378 -0.5447609 0.27935264 0.097679496
45754237.73841515 -5.829754 -3.9557319 14.864946 -0.79216397 -0.5424092 0.26635808 0.08556892
45782174.48841515 -6.0372314 -3.950882 14.894032 -0.7993573 -0.53983295 0.2519238 0.07837592
45810165.73841515 -6.2301674 -3.9365911 14.892468 -0.8050633 -0.538134 0.23718078 0.077654935
45838211.48841515 -6.423706 -3.9216862 14.833945 -0.80995977 -0.53555995 0.22499943 0.08072149
45866306.48841515 -6.6200733 -3.899395 14.768987 -0.81533366 -0.53126425 0.21387917 0.08511799
45894446.48841515 -6.835511 -3.870719 14.692926 -0.81993866 -0.5270786 0.20443074 0.08998297
45922625.48841515 -7.032446 -3.847103 14.5703335 -0.8220366 -0.5252116 0.19870637 0.09446964
45950837.48841515 -7.250761 -3.8076077 14.425722 -0.8232861 -0.52408594 0.19639912 0.09466471
45979063.48841515 -7.4700985 -3.7655659 14.264559 -0.82391506 -0.5232562 0.19727872 0.09191309
46007306.48841515 -7.699808 -3.7207355 14.086571 -0.8249519 -0.52135915 0.20047627 0.086303845
46035569.73841515 -7.925909 -3.6741652 13.901221 -0.8266844 -0.5178473 0.2053784 0.07903715
46063838.48841515 -8.159254 -3.631135 13.666718 -0.8297888 -0.51140165 0.21309136 0.06716342
46092105.73841515 -8.37393 -3.5641685 13.414416 -0.83387023 -0.5016611 0.22396724 0.05324723
46120365.73841515 -8.601294 -3.5037923 13.141226 -0.83819664 -0.49104124 0.23430465 0.037500706
46148614.73841515 -8.842478 -3.4408047 12.859265 -0.84359294 -0.47800407 0.24369356 0.021830391
46176848.73841515 -9.078907 -3.3832457 12.530455 -0.8470329 -0.46776003 0.2522933 0.009165544
46205066.73841515 -9.32892 -3.3252947 12.208076 -0.85169613 -0.4562588 0.25776088 -0.0010206024
46233272.48841515 -9.591875 -3.2650342 11.864974 -0.8560853 -0.4452224 0.26230934 -0.00943002
46261467.73841515 -9.850395 -3.2037554 11.5047035 -0.86030054 -0.43473923 0.26566872 -0.01746493
46289659.48841515 -10.11046 -3.1532166 11.118202 -0.86285275 -0.4284369 0.26711506 -0.024010442
46317854.73841515 -10.367954 -3.102059 10.72665 -0.8651284 -0.42400333 0.26660806 -0.026346805
46346057.73841515 -10.638653 -3.0431042 10.327066 -0.867332 -0.42033485 0.26530784 -0.025801733
46374278.48841515 -10.919256 -2.993301 9.910332 -0.8692182 -0.41756925 0.26349753 -0.025784194
46402525.73841515 -11.200899 -2.9324021 9.496698 -0.87099993 -0.4143826 0.26242977 -0.027871704
46430797.48841515 -11.4780445 -2.8620648 9.063759 -0.87208277 -0.41142547 0.26292628 -0.032719057
46459103.48841515 -11.764546 -2.7966514 8.610226 -0.8721952 -0.40965405 0.26430282 -0.0400397
46487460.73841515 -12.054673 -2.7298436 8.177487 -0.87390536 -0.40489846 0.26489213 -0.046677854
46515885.48841515 -12.370409 -2.6545012 7.7113266 -0.8753014 -0.3992381 0.26742497 -0.05422533
46544389.48841515 -12.667685 -2.5856013 7.25856 -0.87738293 -0.39191785 0.26977158 -0.06182931
46572975.73841515 -12.982905 -2.498774 6.761626 -0.8789838 -0.38390926 0.27443722 -0.068450645
46601647.73841515 -13.313571 -2.4138367 6.254553 -0.8812488 -0.37605336 0.2774811 -0.070631154
46630403.48841515 -13.634333 -2.323255 5.741004 -0.8839882 -0.36595544 0.28177953 -0.072400145
46659242.73841515 -13.966593 -2.2158954 5.230565 -0.88759047 -0.35250673 0.28698516 -0.0745767
46688155.73841515 -14.304279 -2.1314821 4.735696 -0.89032483 -0.33994702 0.29175773 -0.08145731
46717112.48841515 -14.664479 -2.0474372 4.229458 -0.8925822 -0.32861367 0.29547432 -0.0894716
46746066.48841515 -15.012041 -1.953896 3.699397 -0.8944755 -0.31851697 0.2990995 -0.09486827
46774962.73841515 -15.383534 -1.8781528 3.1515303 -0.89633274 -0.31073597 0.30104494 -0.09696795
46803754.48841515 -15.750869 -1.8006182 2.6092596 -0.89824057 -0.30403712 0.30205834 -0.097396895
46832421.48841515 -16.080399 -1.7048388 2.0876513 -0.899375 -0.30020595 0.30329952 -0.09492341
46860966.73841515 -16.44802 -1.6279006 1.5231838 -0.89977896 -0.29901046 0.30350283 -0.09421548
46889387.48841515 -16.82531 -1.5289001 0.9734068 -0.8998837 -0.29954767 0.30300486 -0.09310537
46917687.73841515 -17.185562 -1.4428825 0.45491886 -0.9001763 -0.29924387 0.30241102 -0.09318502
46945884.48841515 -17.560526 -1.3187013 -0.09606838 -0.9008964 -0.29747579 0.30254635 -0.091430515
46973989.48841515 -17.96706 -1.1909418 -0.65703773 -0.903482 -0.29292142 0.2996632 -0.090107165
47002028.48841515 -18.338043 -1.0709085 -1.2157364 -0.9071347 -0.28606966 0.29626885 -0.08657738
47030022.73841515 -18.755236 -0.9350929 -1.818079 -0.9129885 -0.27350488 0.29280606 -0.07688833
47057977.73841515 -19.17037 -0.80175924 -2.4398727 -0.9200633 -0.25812057 0.28873324 -0.059078753
47085906.48841515 -19.558456 -0.6884031 -3.0205364 -0.92734337 -0.2447091 0.28108165 -0.033836167
47113819.48841515 -20.010574 -0.5855622 -3.6466084 -0.9333464 -0.23370868 0.272365 -0.0078806095
47141717.73841515 -20.42741 -0.4889903 -4.2690754 -0.9380464 -0.2239209 0.2638047 0.018319104
47169601.73841515 -20.848614 -0.40489388 -4.901785 -0.94200224 -0.21289234 0.2556158 0.044376064
47197465.73841515 -21.26118 -0.34777403 -5.541525 -0.9448873 -0.20273396 0.24735482 0.07001895
47225295.48841515 -21.674927 -0.30183053 -6.202608 -0.9468301 -0.19308908 0.23827475 0.09723465
47253092.48841515 -22.095991 -0.2763381 -6.801779 -0.9484945 -0.18207999 0.22958471 0.12039977
47280873.48841515 -22.48322 -0.27003855 -7.4374123 -0.94910264 -0.17256424 0.22027421 0.14458618
47308677.73841515 -22.78886 -0.3077299 -8.029715 -0.94907284 -0.16482349 0.21035528 0.16686732
47336533.48841515 -23.203281 -0.35075814 -8.691963 -0.9487005 -0.15858106 0.19876924 0.18791018
47364444.48841515 -23.563324 -0.38446748 -9.33312 -0.9469416 -0.15595461 0.18875343 0.20821111
47392402.73841515 -23.906954 -0.44845057 -10.00713 -0.94572663 -0.1537446 0.17684235 0.22514576
47420378.73841515 -24.247332 -0.50134015 -10.696596 -0.9446973 -0.14986114 0.16307999 0.2418545
47448352.48841515 -24.481552 -0.56218576 -11.367712 -0.9427689 -0.14541945 0.14896138 0.26048133
47476267.48841515 -24.753284 -0.65507746 -12.024914 -0.9407894 -0.14202864 0.13217214 0.2779816
47504075.48841515 -25.039934 -0.7400322 -12.692617 -0.93894726 -0.13906932 0.112472534 0.2939178
47531793.48841515 -25.2868 -0.8450713 -13.35878 -0.9368896 -0.13660027 0.09271477 0.30819204
47559436.48841515 -25.535074 -0.93100166 -14.062149 -0.93457997 -0.13296567 0.07208149 0.32200113
47587016.48841515 -25.737429 -0.9947815 -14.725235 -0.9324787 -0.12821378 0.04907637 0.33412012
47614522.73841515 -25.945755 -1.0678692 -15.409651 -0.93130445 -0.12280851 0.019566601 0.34235552
47641928.73841515 -26.117722 -1.112998 -16.039925 -0.93120533 -0.11688559 -0.009984075 0.3451012
47669228.48841515 -26.293549 -1.1896057 -16.678154 -0.93218565 -0.11099258 -0.035951428 0.34266326
47696442.48841515 -26.453388 -1.2935972 -17.325129 -0.93285334 -0.10228692 -0.06004255 0.34017208
47723609.73841515 -26.60998 -1.4008579 -17.9825 -0.9332496 -0.08763324 -0.08468283 0.3379269
47750764.48841515 -26.755285 -1.5268898 -18.626854 -0.9328168 -0.06824482 -0.10873862 0.33670694
47777940.48841515 -26.845486 -1.6451054 -19.27782 -0.93214434 -0.048584674 -0.12789218 0.33524635
47805172.73841515 -26.935076 -1.7809525 -19.89802 -0.9306078 -0.030843528 -0.1442244 0.33498842
47832493.48841515 -26.981253 -1.9242668 -20.52406 -0.92899 -0.013614398 -0.1588061 0.33402523
47859921.73841515 -27.012825 -2.0818558 -21.157305 -0.9264274 0.0023744002 -0.1744947 0.33358398
47887474.48841515 -27.040764 -2.2561092 -21.746592 -0.92291725 0.015020673 -0.18954241 0.33477142
47915158.48841515 -27.022541 -2.479002 -22.342505 -0.9183171 0.023737473 -0.20329115 0.33882603
47942978.73841515 -26.970512 -2.658537 -22.906654 -0.91194177 0.033578064 -0.21459848 0.34811231
47970942.48841515 -26.911083 -2.9004593 -23.495832 -0.9030681 0.040153764 -0.22641811 0.36275402
47999056.48841515 -26.834496 -3.136385 -24.043232 -0.89344734 0.043020125 -0.23787816 0.37856984
48027323.48841515 -26.744703 -3.3590755 -24.591549 -0.88208824 0.043838385 -0.2474939 0.39842868
48055744.73841515 -26.64305 -3.575367 -25.124844 -0.8682655 0.040516704 -0.2608926 0.4200101
48084318.73841515 -26.539118 -3.795395 -25.640575 -0.8523668 0.031593055 -0.2810946 0.43983927
48113043.48841515 -26.399351 -3.9948483 -26.140297 -0.8334644 0.018502424 -0.30726692 0.45889202
48141920.48841515 -26.25458 -4.1896267 -26.628532 -0.81036556 0.004486953 -0.34287015 0.47510806
48170956.48841515 -26.092867 -4.375 -27.110655 -0.7846153 -0.009091216 -0.38553292 0.48544893
48200165.48841515 -25.909843 -4.540634 -27.576878 -0.758163 -0.02212896 -0.42871502 0.49081847
48229580.73841515 -25.721481 -4.713768 -28.027596 -0.7292725 -0.0325743 -0.4711071 0.49513504
48259240.73841515 -25.52464 -4.8548145 -28.474152 -0.69717616 -0.035620082 -0.5102802 0.5022856
48289188.73841515 -25.32755 -5.0211315 -28.915829 -0.6605297 -0.031360865 -0.54645795 0.5139073
48319458.48841515 -25.101429 -5.151247 -29.33617 -0.6235842 -0.024336638 -0.57853866 0.5252081
48350070.48841515 -24.862398 -5.2516823 -29.749332 -0.58756465 -0.016780365 -0.6067853 0.53506804
48381039.73841515 -24.613914 -5.364191 -30.14906 -0.5484526 -0.007819845 -0.63344234 0.5457926
48412372.48841515 -24.393011 -5.4837112 -30.546206 -0.5012701 0.007220198 -0.65925545 0.5604091
48444080.48841515 -24.110584 -5.6136856 -30.93944 -0.4488778 0.027135799 -0.68274605 0.5758735
48476171.48841515 -23.867115 -5.688883 -31.308937 -0.3985042 0.052292548 -0.7019199 0.58802074
48508644.48841515 -23.577423 -5.7501583 -31.662828 -0.34903637 0.0770259 -0.71904325 0.59600127
48541495.48841515 -23.313484 -5.770254 -32.03215 -0.29964963 0.10205008 -0.7353366 0.5992295
48574725.73841515 -23.046902 -5.789366 -32.361237 -0.24778739 0.12783125 -0.7485954 0.6015526
48608326.73841515 -22.77515 -5.775607 -32.694283 -0.19666731 0.15260492 -0.75929374 0.6012543
48642284.73841515 -22.463726 -5.7743273 -33.05669 -0.15404052 0.16707358 -0.7680252 0.59874475
48676582.48841515 -22.288141 -5.64886 -33.3537 -0.13314623 0.16865607 -0.7709677 0.5995298
48711224.48841515 -21.993849 -5.601922 -33.698116 -0.11723946 0.1612081 -0.77217376 0.6033363
48746216.48841515 -21.741812 -5.5072737 -33.980602 -0.10978698 0.15117273 -0.7743884 0.6044967
48781571.73841515 -21.503956 -5.4167824 -34.236713 -0.10293133 0.14220381 -0.7797875 0.6009283
48817295.48841515 -21.245102 -5.281782 -34.425636 -0.10008805 0.13048032 -0.79051816 0.5899477
48853397.48841515 -20.980703 -5.1550035 -34.629196 -0.09963185 0.121021725 -0.8000444 0.5790995
48889874.73841515 -20.717499 -4.9734955 -34.79802 -0.104975805 0.110360086 -0.8061529 0.5717677
48926712.48841515 -20.43083 -4.804658 -34.959133 -0.11612719 0.08943998 -0.81295085 0.56358314
48963886.48841515 -20.219671 -4.573386 -34.99351 -0.13040088 0.06890718 -0.8192522 0.554142
49001374.48841515 -19.975605 -4.3580847 -35.036625 -0.14269023 0.049595207 -0.8279742 0.5400358
49039152.73841515 -19.724922 -4.1351576 -35.052555 -0.15390722 0.031747878 -0.83782244 0.52283674
49077191.48841515 -19.477633 -3.8723412 -35.03321 -0.1677185 0.014669063 -0.8476241 0.50317866
49115450.73841515 -19.219318 -3.6468096 -34.93518 -0.18211289 -0.003208429 -0.85737664 0.48138332
49153887.48841515 -18.949465 -3.415348 -34.79377 -0.19532242 -0.020504454 -0.86765164 0.45673782
49192448.73841515 -18.69847 -3.1785784 -34.576263 -0.20712034 -0.031605124 -0.8758892 0.43464985
49231068.48841515 -18.376198 -2.967935 -34.344334 -0.21151485 -0.035248138 -0.8845899 0.41414937
49269676.73841515 -18.072187 -2.7901487 -34.05729 -0.2125176 -0.030019991 -0.8912957 0.3994085
49308218.48841515 -17.772627 -2.61445 -33.71808 -0.21346581 -0.022722144 -0.89464027 0.3918353
49346644.73841515 -17.431591 -2.4728932 -33.35729 -0.21352963 -0.018690586 -0.897136 0.3862679
49384920.48841515 -17.073757 -2.350357 -32.93569 -0.21480858 -0.0161944 -0.89906794 0.38114545
49423028.48841515 -16.730444 -2.2211022 -32.47521 -0.21758896 -0.014727405 -0.9004086 0.37643394
49460963.48841515 -16.397778 -2.13695 -31.957993 -0.22082637 -0.015478593 -0.89922386 0.3773494
49498735.73841515 -16.009542 -2.0552673 -31.495817 -0.22039597 -0.017675618 -0.8984332 0.3793824
49536366.48841515 -15.643213 -1.9650245 -30.96393 -0.22162156 -0.019298574 -0.8969088 0.38218582
49573892.48841515 -15.292297 -1.8761067 -30.415195 -0.22005405 -0.020006595 -0.89604425 0.38507226
49611349.48841515 -14.902141 -1.789432 -29.862665 -0.21294679 -0.016194414 -0.8973922 0.38610706
49648765.48841515 -14.547025 -1.7118845 -29.2823 -0.20355976 0.0018727855 -0.89941186 0.38680524
49686168.73841515 -14.169841 -1.6258595 -28.663494 -0.19173737 0.027109629 -0.90222025 0.38535768
49723565.48841515 -13.840956 -1.5348997 -28.03434 -0.18102504 0.0539756 -0.90392476 0.38371426
49760954.73841515 -13.473243 -1.4231861 -27.407341 -0.17451675 0.07045123 -0.9052925 0.38082293
49798307.73841515 -13.147623 -1.2882991 -26.76799 -0.17367111 0.07350585 -0.9054754 0.38019687
49835580.48841515 -12.816441 -1.1577456 -26.12419 -0.1777192 0.06744295 -0.9055831 0.37919217
49872746.48841515 -12.467758 -0.97002745 -25.408878 -0.18481165 0.052038763 -0.9078554 0.3727403
49909804.48841515 -12.121122 -0.8343334 -24.747778 -0.19136223 0.024849806 -0.91032094 0.3661677
49946768.48841515 -11.78705 -0.6872666 -24.045721 -0.19922248 -0.008462532 -0.91196567 0.3585492
49983643.48841515 -11.476369 -0.55432224 -23.408497 -0.20777698 -0.044162072 -0.91159177 0.35196435
50020420.48841515 -11.1552515 -0.41960382 -22.750153 -0.21769044 -0.08398935 -0.90936005 0.3444141
50057083.48841515 -10.842536 -0.2815156 -22.097986 -0.2284083 -0.12779897 -0.9050603 0.33520594
50093624.48841515 -10.506452 -0.10656881 -21.352324 -0.23327678 -0.16183232 -0.90290594 0.3227276
50130038.48841515 -10.144866 0.0801177 -20.598618 -0.22856173 -0.16787411 -0.9075187 0.3098189
50166321.48841515 -9.746372 0.26291656 -19.793518 -0.22026755 -0.15864216 -0.91623807 0.29465702
50202477.73841515 -9.347872 0.43426442 -18.980694 -0.20736824 -0.1452184 -0.92645335 0.27855745
50238522.48841515 -8.923444 0.5535054 -18.175714 -0.19341956 -0.1269699 -0.9365493 0.2633306
50274460.48841515 -8.492811 0.655527 -17.33995 -0.17917301 -0.10269317 -0.94764745 0.24354778
50310292.48841515 -8.016737 0.73251987 -16.446583 -0.16277185 -0.07221572 -0.95890886 0.2208712
50346002.48841515 -7.51262 0.76806694 -15.51541 -0.14294122 -0.035969775 -0.9686203 0.20012191
50381527.73841515 -7.114418 0.7340623 -14.682916 -0.12343812 0.0028757092 -0.97472906 0.18616693
50416744.48841515 -6.732474 0.68058705 -13.872635 -0.10893756 0.03076942 -0.9774449 0.1782903
50451497.48841515 -6.459282 0.5630178 -12.93692 -0.101092234 0.0461433 -0.97762674 0.17859767
50485648.73841515 -6.054663 0.482584 -12.032847 -0.09482066 0.0551129 -0.9768504 0.1836709
50519160.48841515 -5.701816 0.3741403 -11.233323 -0.08698819 0.06467433 -0.97574973 0.19016515
50552127.48841515 -5.3297744 0.20179635 -10.448633 -0.07663187 0.0730447 -0.97500384 0.19534488
50584663.73841515 -4.9636345 0.06015949 -9.585274 -0.0668812 0.07984926 -0.9749058 0.19674788
50616833.73841515 -4.624302 -0.052000366 -8.749544 -0.05740287 0.0864459 -0.9748252 0.19735219
50648663.48841515 -4.306246 -0.19127484 -7.94358 -0.04775855 0.09242219 -0.9744664 0.19897862
50680158.73841515 -3.9832184 -0.32622236 -7.117994 -0.03568222 0.09947311 -0.973902 0.20086512
50711324.73841515 -3.6687598 -0.43329114 -6.291102 -0.020445399 0.10910457 -0.97318536 0.20146573
50742194.73841515 -3.3756266 -0.5386302 -5.4348392 -0.0022771556 0.12045499 -0.9724969 0.19933707
50772823.48841515 -3.0993018 -0.677039 -4.6371703 0.01821658 0.13628437 -0.9715658 0.19275561
50803260.48841515 -2.8325386 -0.7957764 -3.8533912 0.04040647 0.15769663 -0.96970856 0.18211114
50833547.48841515 -2.5699732 -0.90421414 -3.0566466 0.063142136 0.18270735 -0.9662192 0.17044514
50863714.73841515 -2.3593254 -1.022183 -2.3235013 0.08549784 0.20733131 -0.9611859 0.16070369
50893771.73841515 -2.1224499 -1.0881997 -1.5683419 0.1084056 0.22881594 -0.95516723 0.15345038
50923716.48841515 -1.9246848 -1.1878324 -0.82676905 0.13282463 0.24644703 -0.94839257 0.14890641
50953548.73841515 -1.6487706 -1.2585887 -0.110861376 0.16020466 0.26132298 -0.9408117 0.14463101
50983269.73841515 -1.4724451 -1.3359612 0.6160914 0.18872303 0.27423325 -0.93261683 0.1393044
51012886.48841515 -1.319573 -1.3998444 1.3348627 0.21828808 0.28901443 -0.922781 0.1315156
51042411.48841515 -1.1605443 -1.4267182 2.093218 0.2507307 0.3068249 -0.91057056 0.11770293
51071855.48841515 -0.9991412 -1.4971288 2.8086755 0.28446907 0.33122197 -0.89419264 0.098939165
51101218.48841515 -0.8631735 -1.5598783 3.5117638 0.31947526 0.3590267 -0.8735336 0.077295125
51130493.73841515 -0.74235535 -1.6222907 4.2006593 0.3537977 0.38728046 -0.8495462 0.055788767
51159666.48841515 -0.6400701 -1.6973479 4.8806686 0.3861849 0.4122791 -0.8242771 0.03813821
51188731.73841515 -0.55738425 -1.7750269 5.56551 0.41602486 0.43495387 -0.79818594 0.025253648
51217682.48841515 -0.50318027 -1.8142899 6.195023 0.44327223 0.4529092 -0.7733905 0.01581597
51246522.73841515 -0.49168348 -1.8448493 6.820299 0.46919876 0.46917194 -0.7481275 0.0059529524
51275259.48841515 -0.4866581 -1.912092 7.433428 0.49388802 0.4817106 -0.72388947 -0.0036805829
51303903.48841515 -0.50711155 -1.9523867 8.040172 0.519772 0.48932892 -0.7000849 -0.016594814
51332472.48841515 -0.5589247 -1.9867132 8.620765 0.5445706 0.49711207 -0.67487425 -0.02945001
51360984.48841515 -0.6155424 -2.0318866 9.170922 0.5686746 0.50249934 -0.64991695 -0.041370086
51389455.48841515 -0.69500446 -2.0641212 9.696508 0.58997476 0.5087833 -0.62482095 -0.051653966
51417907.48841515 -0.80010796 -2.0779147 10.191955 0.6066986 0.5165547 -0.6013097 -0.059284855
51446338.73841515 -0.9041662 -2.109064 10.656382 0.6187245 0.5265403 -0.5797719 -0.061643865
51474743.48841515 -1.0237875 -2.107202 11.131571 0.6296391 0.53157353 -0.5639415 -0.054352567
51503143.48841515 -1.162159 -2.1271973 11.568076 0.6420264 0.5305004 -0.5522139 -0.037831794
51531550.73841515 -1.322856 -2.1406708 11.953732 0.65601766 0.5287443 -0.5380112 -0.024787877
51559978.48841515 -1.4990025 -2.1604133 12.320627 0.6737327 0.5208959 -0.5239626 -0.014661539
51588441.48841515 -1.69942 -2.1949434 12.686501 0.69415003 0.5107771 -0.50709826 -0.01066858
51616949.48841515 -1.9151545 -2.1925185 12.994353 0.71290046 0.5022942 -0.4892703 -0.009391394
51645510.73841515 -2.145914 -2.1894999 13.3004265 0.7319033 0.4935521 -0.46966252 -0.011874203
51674128.48841515 -2.379405 -2.1777148 13.561594 0.7502059 0.48547998 -0.44855767 -0.017216206
51702799.48841515 -2.640789 -2.1901104 13.804461 0.7696117 0.4765362 -0.42413247 -0.0268845
51731516.48841515 -2.9065113 -2.1880393 14.012825 0.788678 0.4660301 -0.39906612 -0.03936054
51760269.73841515 -3.1810246 -2.1959858 14.194349 0.80605245 0.4572093 -0.371722 -0.055334657
51789048.73841515 -3.4565353 -2.1991186 14.332127 0.81930166 0.45225072 -0.343257 -0.07992956
51817841.48841515 -3.7564259 -2.2185369 14.476038 0.83148605 0.4477416 -0.31110084 -0.10665287
51846639.73841515 -4.047209 -2.2246256 14.583782 0.84032965 0.44430932 -0.27918527 -0.13598141
51875429.73841515 -4.322463 -2.227768 14.64484 0.84555674 0.44226822 -0.25222385 -0.16067272
51904199.48841515 -4.568281 -2.2209187 14.675535 0.848063 0.44145492 -0.23340106 -0.17728737
51932935.48841515 -4.854891 -2.2417192 14.704712 0.85069764 0.44056103 -0.22115469 -0.18251057
51961631.48841515 -5.120429 -2.255598 14.704965 0.85277295 0.43919596 -0.21086764 -0.18820222
51990283.48841515 -5.3978586 -2.25531 14.672582 0.8560166 0.43351457 -0.20060757 -0.19762932
52018888.48841515 -5.637932 -2.2656584 14.60692 0.85944074 0.42552897 -0.19133247 -0.2089944
52047443.73841515 -5.8944006 -2.2822752 14.516148 0.8641533 0.41558015 -0.18545644 -0.214798
52075950.73841515 -6.1354628 -2.2957077 14.408181 0.86747146 0.40903288 -0.18396935 -0.21526878
52104407.48841515 -6.3607607 -2.3238068 14.266347 0.86930317 0.406284 -0.18623449 -0.21109758
52132818.73841515 -6.5960617 -2.334299 14.14053 0.87313175 0.40205756 -0.19054827 -0.19920334
52161183.48841515 -6.817807 -2.3364668 13.950834 0.87660915 0.3979028 -0.19869582 -0.18371145
52189502.48841515 -7.0219526 -2.3401403 13.752623 0.88050866 0.3921176 -0.20661302 -0.16810541
52217777.48841515 -7.2311306 -2.3461013 13.538234 0.8843208 0.3856358 -0.21394698 -0.15325959
52246012.73841515 -7.4183807 -2.3477316 13.304492 0.88750166 0.37967065 -0.22226994 -0.13706592
52274209.48841515 -7.621255 -2.3451047 13.067423 0.890901 0.37383562 -0.23098132 -0.11484777
52302373.73841515 -7.8171873 -2.3369703 12.820676 0.8938027 0.36787635 -0.24172513 -0.08574804
52330509.73841515 -8.009432 -2.3251057 12.56049 0.89530236 0.36316597 -0.25153035 -0.0572427
52358621.48841515 -8.199535 -2.3009877 12.295301 0.89602196 0.3589704 -0.259202 -0.033155765
52386717.48841515 -8.394661 -2.2769449 12.02659 0.89750344 0.35466358 -0.26163846 -0.015705373
52414799.73841515 -8.5947 -2.2568345 11.73414 0.89894634 0.35141125 -0.26150882 -0.0043282355
52442875.73841515 -8.789581 -2.2249656 11.426437 0.900653 0.34783697 -0.2604414 0.0019962182
52470952.48841515 -8.999929 -2.188468 11.122122 0.90278006 0.34283873 -0.2596219 0.0068107448
52499028.73841515 -9.202766 -2.1655116 10.803763 0.9040373 0.33919644 -0.2597767 0.013361992
52527109.73841515 -9.406376 -2.120552 10.492975 0.9046898 0.33478647 -0.26249316 0.023490906
52555202.48841515 -9.631421 -2.0806577 10.170742 0.904814 0.3298949 -0.26648128 0.03832385
52583317.48841515 -9.845628 -2.040309 9.853821 0.90460455 0.32518306 -0.2705424 0.052473325
52611467.48841515 -10.0659895 -1.983994 9.514124 0.9039854 0.3217517 -0.27428442 0.06367445
52639669.73841515 -10.3016615 -1.9292495 9.167052 0.9032748 0.31773597 -0.27810335 0.076139525
52667938.48841515 -10.532215 -1.873325 8.818964 0.90235955 0.3129322 -0.2825681 0.08930854
52696278.48841515 -10.763307 -1.803947 8.4635725 0.900817 0.30716637 -0.28864792 0.104211666
52724693.48841515 -11.013435 -1.739685 8.104732 0.89833724 0.30024493 -0.29526722 0.12514146
52753186.48841515 -11.273013 -1.6547801 7.733431 0.8945877 0.29127777 -0.30331045 0.1512384
52781757.48841515 -11.521584 -1.556973 7.3711443 0.8910889 0.28314492 -0.30978584 0.17269132
52810404.48841515 -11.786403 -1.4991188 7.013363 0.8892549 0.2792072 -0.31137615 0.18524028
52839127.48841515 -12.040546 -1.4079943 6.631998 0.8898479 0.27766174 -0.31184602 0.18392052
52867931.48841515 -12.326421 -1.3295364 6.2824035 0.89272374 0.27810168 -0.3064625 0.17828228
52896814.48841515 -12.619153 -1.2440453 5.8749547 0.89547646 0.2787338 -0.3031669 0.16887654
52925766.48841515 -12.907159 -1.1376476 5.476842 0.8985468 0.27994925 -0.29964644 0.15637803
52954767.48841515 -13.214041 -1.0723519 5.1043873 0.90160984 0.28238434 -0.29455483 0.14351381
52983784.73841515 -13.535579 -0.9686818 4.695361 0.90487903 0.2837025 -0.290185 0.12845048
53012777.48841515 -13.859105 -0.88986254 4.2650437 0.907615 0.2854691 -0.2861405 0.11342886
53041702.48841515 -14.176729 -0.81861734 3.8682027 0.9101314 0.28670198 -0.2822501 0.0989837
53070584.48841515 -14.529071 -0.75029945 3.4449496 0.91254526 0.28778273 -0.27841854 0.08321893
53099341.73841515 -14.859059 -0.6808176 3.0233908 0.91493785 0.28884742 -0.27407146 0.06588426
53127902.48841515 -15.221463 -0.6207447 2.5935354 0.9171692 0.28980163 -0.26938108 0.047428202
53156334.73841515 -15.583089 -0.5733576 2.1359835 0.91839486 0.29172468 -0.26565608 0.029572546
53184643.48841515 -15.955446 -0.53681564 1.6962786 0.91950953 0.29232323 -0.26218095 0.017623559
53212833.73841515 -16.30936 -0.49666548 1.2624454 0.91988856 0.29244715 -0.26110372 0.010227541
53240917.73841515 -16.667198 -0.46372747 0.78677654 0.9200899 0.29253486 -0.2603888 0.0074557066
53268907.48841515 -17.019705 -0.43355942 0.3377533 0.92027247 0.29279068 -0.2595231 0.0044682603
53296850.73841515 -17.39447 -0.41716194 -0.15165329 0.9209535 0.29102856 -0.25912616 0.0008599763
53324749.48841515 -17.790205 -0.40767908 -0.6682453 0.9217645 0.28864384 -0.25887093 -0.0045650965
53352585.48841515 -18.169903 -0.40063238 -1.178175 0.92296076 0.28478143 -0.25877026 -0.008997235
53380397.48841515 -18.590734 -0.3876934 -1.7175484 0.92460966 0.28053904 -0.2572464 -0.014803541
53408196.73841515 -18.996735 -0.39521027 -2.2781506 0.9251192 0.27961913 -0.25591907 -0.021750338
53435992.48841515 -19.383633 -0.4057045 -2.839634 0.925118 0.2796667 -0.2551898 -0.028660951
53463783.48841515 -19.789755 -0.4226222 -3.3880253 0.92528397 0.28108555 -0.25256538 -0.03242216
53491575.48841515 -20.194904 -0.43849182 -3.9609509 0.92480713 0.28316936 -0.25161117 -0.035195097
53519367.73841515 -20.58384 -0.44337702 -4.55455 0.9247636 0.28440106 -0.25041607 -0.0349299
53547158.48841515 -20.985962 -0.44473553 -5.165554 0.92504084 0.28576517 -0.24778312 -0.035230394
53574950.73841515 -21.407385 -0.4636073 -5.737005 0.9283683 0.28219333 -0.23987755 -0.030953355
53602754.48841515 -21.793953 -0.4910264 -6.351511 0.93217695 0.2762544 -0.23215255 -0.028894821
53630595.73841515 -22.202835 -0.49834442 -6.9944496 0.93724114 0.26530236 -0.22380492 -0.03324326
53658501.73841515 -22.583752 -0.545249 -7.613695 0.9427835 0.25248745 -0.21334554 -0.04350973
53686488.73841515 -22.972366 -0.60292816 -8.233902 0.9482083 0.23780718 -0.200934 -0.06304229
53714554.48841515 -23.3908 -0.64386463 -8.899485 0.9529426 0.22177558 -0.18853472 -0.08468012
53742662.73841515 -23.752346 -0.7394016 -9.541332 0.9560105 0.20910175 -0.17577271 -0.10688469
53770756.48841515 -24.106754 -0.81950736 -10.1979885 0.9575702 0.19873394 -0.16364402 -0.12955607
53798776.73841515 -24.497295 -0.91541237 -10.887661 0.9577152 0.19234785 -0.1509224 -0.15167838
53826685.73841515 -24.852394 -1.0073633 -11.533384 0.9564637 0.18941417 -0.13872924 -0.17336038
53854464.48841515 -25.194529 -1.134773 -12.173401 0.95442957 0.18850908 -0.12638529 -0.19379205
53882119.73841515 -25.538612 -1.2484941 -12.836086 0.9522919 0.18593949 -0.1134213 -0.21378088
53909666.48841515 -25.839039 -1.4105911 -13.456867 0.94979584 0.1842388 -0.10036987 -0.23209889
53937107.48841515 -26.129333 -1.5199146 -14.117659 0.9472801 0.18045865 -0.08764351 -0.24982727
53964429.73841515 -26.400888 -1.6651874 -14.76894 0.94416386 0.17843238 -0.074346885 -0.2668126
53991635.48841515 -26.648968 -1.7638841 -15.42021 0.9403492 0.17549819 -0.05920061 -0.28537533
54018747.48841515 -26.91269 -1.8689966 -16.077816 0.9356033 0.17284673 -0.041486084 -0.30503988
54045797.48841515 -27.175957 -1.9701138 -16.734575 0.92952913 0.16715583 -0.020496774 -0.32804665
54072817.48841515 -27.414684 -2.077796 -17.416355 0.92213553 0.15646331 0.0010661857 -0.35381383
54099836.48841515 -27.624025 -2.2071104 -18.049961 0.9132069 0.1418995 0.024395688 -0.38121215
54126883.48841515 -27.819515 -2.3404675 -18.689001 0.9034908 0.12691519 0.04992031 -0.4063311
54153985.48841515 -27.971613 -2.4448013 -19.36559 0.8926417 0.11102398 0.07649687 -0.430131
54181169.48841515 -28.098288 -2.5714245 -20.004574 0.8809753 0.09258228 0.10424404 -0.45215505
54208454.48841515 -28.204079 -2.7143269 -20.642174 0.86644 0.07161954 0.13230862 -0.4760743
54235850.48841515 -28.280796 -2.8801842 -21.279306 0.84834784 0.048063066 0.16059735 -0.50219953
54263362.73841515 -28.312027 -3.020235 -21.900467 0.8270456 0.021433128 0.1887246 -0.52907383
54290995.48841515 -28.314522 -3.1440258 -22.528442 0.80146384 -0.00928234 0.21915063 -0.5563655
54318763.48841515 -28.28559 -3.2968483 -23.137913 0.7727922 -0.038258947 0.24843752 -0.5827584
54346680.73841515 -28.226593 -3.4326668 -23.71642 0.74248254 -0.06455616 0.27603126 -0.60692585
54374764.73841515 -28.139095 -3.5760574 -24.27113 0.7145905 -0.08533362 0.3021405 -0.62513185
54403025.73841515 -28.015213 -3.6971817 -24.812853 0.6891601 -0.10126286 0.32471702 -0.6398149
54431471.48841515 -27.873734 -3.8087387 -25.340616 0.66587013 -0.11121427 0.34510103 -0.6520381
54460109.48841515 -27.708603 -3.8901825 -25.846067 0.65052295 -0.11425762 0.36435482 -0.6565141
54488942.73841515 -27.51978 -3.9606056 -26.320639 0.6411348 -0.11133511 0.38741732 -0.65303797
54517965.48841515 -27.320864 -4.0174294 -26.773932 0.63374156 -0.104623504 0.41581032 -0.6438379
54547177.48841515 -27.11053 -4.0553055 -27.216648 0.6240882 -0.0952481 0.44991487 -0.63167894
54576578.73841515 -26.880863 -4.065933 -27.64363 0.6121518 -0.08501519 0.48624048 -0.61774826
54606175.73841515 -26.639488 -4.0827065 -28.043459 0.5943951 -0.07685842 0.523178 -0.6058647
54635980.48841515 -26.384266 -4.0778866 -28.41823 0.57278144 -0.070981234 0.5577354 -0.5965017
54666015.73841515 -26.11268 -4.050371 -28.765217 0.54994017 -0.066998504 0.58911896 -0.5882312
54696307.73841515 -25.874397 -4.08062 -29.141745 0.5254835 -0.06213699 0.6204995 -0.5787802
54726882.73841515 -25.60098 -4.057432 -29.479635 0.4984553 -0.059600383 0.65099823 -0.5693782
54757775.48841515 -25.325508 -3.996725 -29.792067 0.47179508 -0.057452787 0.6822253 -0.55558735
54789027.73841515 -25.036873 -3.9206333 -30.057087 0.4425611 -0.056308556 0.71304744 -0.54086256
54820664.73841515 -24.715857 -3.863968 -30.29183 0.41233617 -0.054780826 0.73977137 -0.52888215
54852699.48841515 -24.417906 -3.815524 -30.543564 0.3762979 -0.06088706 0.7618014 -0.5237856
54885118.48841515 -24.099401 -3.7343311 -30.7401 0.34042698 -0.0724856 0.77812713 -0.52285135
54917900.48841515 -23.78225 -3.636078 -30.914864 0.3067741 -0.08434807 0.7913161 -0.52210534
54951022.73841515 -23.46459 -3.5420027 -31.057901 0.276821 -0.093365 0.8020098 -0.52099264
54984467.48841515 -23.132858 -3.473032 -31.155975 0.2547027 -0.096409895 0.81198007 -0.51625574
55018219.48841515 -22.804691 -3.3470469 -31.241962 0.23777737 -0.09881519 0.8242883 -0.5042284
55052267.48841515 -22.457626 -3.2293305 -31.289267 0.22392209 -0.10044295 0.8389705 -0.48569393
55086592.73841515 -22.126715 -3.1072469 -31.285515 0.21229683 -0.10515246 0.8528988 -0.46522757
55121171.48841515 -21.775549 -2.9839106 -31.251245 0.20475444 -0.11122953 0.86716413 -0.4401478
55155970.48841515 -21.420565 -2.8965204 -31.202656 0.1996188 -0.1144376 0.88172716 -0.41184184
55190944.73841515 -21.089125 -2.788906 -31.110523 0.19687504 -0.11552686 0.8948442 -0.38359836
55226037.48841515 -20.734156 -2.6797223 -30.99776 0.19767171 -0.10995314 0.90636206 -0.35685298
55261197.48841515 -20.417456 -2.5974698 -30.873276 0.20204547 -0.097734034 0.9158769 -0.3328592
55296366.73841515 -20.113678 -2.523497 -30.667656 0.20608653 -0.08784931 0.92360365 -0.3110744
55331498.73841515 -19.814487 -2.4230654 -30.468266 0.20911033 -0.08181906 0.93097174 -0.2878716
55366559.48841515 -19.51956 -2.4073458 -30.233728 0.21191934 -0.07549897 0.9361418 -0.27023828
55401521.73841515 -19.238548 -2.3441606 -29.981127 0.21655144 -0.06970655 0.9382364 -0.26068926
55436355.48841515 -18.907808 -2.3728228 -29.70748 0.2215107 -0.054449424 0.9384569 -0.25935876
55471042.73841515 -18.609451 -2.3168874 -29.418808 0.22931936 -0.03061912 0.93794537 -0.2583287
55505574.48841515 -18.325323 -2.2012157 -29.139648 0.23697779 -0.008129792 0.93671036 -0.2575833
55539958.48841515 -18.066547 -2.1478248 -28.869335 0.2406483 -0.00022932464 0.93577904 -0.25769347
55574200.73841515 -17.819153 -2.0895147 -28.573902 0.24193253 -0.006573315 0.93485993 -0.2597352
55608315.48841515 -17.502262 -2.0059934 -28.228176 0.24159662 -0.01445657 0.9344131 -0.2613319
55642315.73841515 -17.215435 -1.9186894 -27.914797 0.24138847 -0.024230668 0.933588 -0.26373845
55676208.48841515 -16.942612 -1.8588628 -27.58798 0.24147545 -0.03089121 0.93270785 -0.26606676
55710008.73841515 -16.672817 -1.7482638 -27.262909 0.2437109 -0.033388823 0.93186665 -0.26667365
55743727.73841515 -16.426313 -1.6762304 -26.94526 0.24529444 -0.03257682 0.9313704 -0.26705572
55777381.73841515 -16.14619 -1.5791912 -26.597832 0.2472679 -0.027566614 0.9315097 -0.26530826
55810981.48841515 -15.852679 -1.4688566 -26.245537 0.25087655 -0.0165021 0.9317471 -0.26198474
55844529.73841515 -15.608302 -1.3598095 -25.888058 0.2555352 0.002514802 0.9322566 -0.25611147
55878033.73841515 -15.358519 -1.2842822 -25.510223 0.25886682 0.023050983 0.93258935 -0.25046697
55911492.48841515 -15.082271 -1.156343 -25.107203 0.25997904 0.038519684 0.9331321 -0.24534002
55944904.48841515 -14.8153105 -1.0402902 -24.718365 0.25952345 0.05107891 0.9338416 -0.24078718
55978265.48841515 -14.552723 -0.9475007 -24.311424 0.25894618 0.064348646 0.9337879 -0.23842487
56011577.48841515 -14.281028 -0.8085331 -23.872498 0.2603915 0.08397158 0.9325821 -0.23544821
56044842.48841515 -14.01204 -0.68245554 -23.466223 0.26453355 0.1140992 0.929171 -0.23161316
56078059.73841515 -13.711336 -0.6023681 -23.084808 0.2679142 0.14905594 0.92423755 -0.22757249
56111233.48841515 -13.422023 -0.47708035 -22.637201 0.2691716 0.17104578 0.92098075 -0.22379573
56144376.48841515 -13.13787 -0.3301692 -22.18785 0.26952162 0.17088781 0.92154926 -0.22113918
56177496.73841515 -12.813204 -0.24151468 -21.780375 0.26596025 0.16557962 0.92369837 -0.22052185
56210599.73841515 -12.490028 -0.13406658 -21.360456 0.2634386 0.15819056 0.9260559 -0.21908058
56243683.48841515 -12.15679 -0.034886837 -20.893848 0.26306015 0.15310712 0.9271082 -0.21869618
56276744.48841515 -11.818698 0.026258945 -20.464598 0.26143667 0.14990932 0.9278781 -0.21959153
56309784.73841515 -11.452514 0.08401728 -19.991814 0.25980216 0.14080955 0.92939097 -0.22115159
56342807.48841515 -11.063011 0.13954616 -19.502409 0.25725523 0.12554748 0.9318963 -0.22277112
56375816.48841515 -10.676581 0.17285204 -19.009977 0.25289223 0.10668937 0.9351072 -0.22413711
56408809.73841515 -10.285378 0.20125735 -18.50259 0.2465375 0.0808298 0.9392724 -0.22461775
56441778.73841515 -9.883939 0.21654975 -17.98789 0.23685429 0.050986834 0.94355464 -0.22584313
56474714.48841515 -9.513061 0.23287797 -17.440182 0.22507587 0.017986802 0.9469974 -0.22850229
56507622.48841515 -9.130249 0.24058717 -16.933268 0.20779571 -0.009335398 0.95039773 -0.23125303
56540491.48841515 -8.758375 0.25256813 -16.403034 0.18611124 -0.030875273 0.95353836 -0.23489133
56573267.73841515 -8.398543 0.24980524 -15.871803 0.16268225 -0.047631945 0.9563784 -0.23792031
56605886.73841515 -8.0429325 0.25824115 -15.309781 0.13871865 -0.06437866 0.9588876 -0.23905492
56638327.48841515 -7.6946774 0.24062693 -14.754851 0.114554286 -0.081034124 0.9602554 -0.24128923
56670585.73841515 -7.369761 0.21874008 -14.209734 0.09175278 -0.0952204 0.96048987 -0.24489547
56702654.48841515 -7.013377 0.18059158 -13.62578 0.070582435 -0.10019728 0.96083724 -0.24853672
56734528.48841515 -6.662896 0.1445241 -13.026634 0.05221917 -0.09777216 0.96128577 -0.25227657
56766207.73841515 -6.3668556 0.087809145 -12.467663 0.03586668 -0.09110764 0.96154016 -0.25661954
56797707.48841515 -6.0552874 0.022008657 -11.83488 0.021009728 -0.08479157 0.9617663 -0.25956616
56829059.48841515 -5.754892 -0.053490102 -11.192005 0.008074899 -0.07789569 0.9620048 -0.26156056
56860288.73841515 -5.4823246 -0.11532509 -10.575373 -0.002697643 -0.072561696 0.96201676 -0.2631566
56891403.73841515 -5.2030993 -0.18680209 -9.962055 -0.011593083 -0.0675216 0.96203184 -0.264199
56922404.48841515 -4.9285994 -0.25096005 -9.330772 -0.01678904 -0.06019923 0.9622254 -0.26498386
56953284.48841515 -4.6876473 -0.31612888 -8.724873 -0.019108096 -0.051020183 0.9623638 -0.26624778
56984032.73841515 -4.418797 -0.37689304 -8.084356 -0.019770531 -0.042665575 0.9624418 -0.26738492
57014633.73841515 -4.177599 -0.42494947 -7.4607425 -0.019818684 -0.03750298 0.9626518 -0.26739913
57045087.48841515 -3.9198391 -0.5328375 -6.8288984 -0.021042885 -0.038442165 0.9627719 -0.26673913
57075397.48841515 -3.6990583 -0.55334765 -6.2006774 -0.021840181 -0.042533297 0.96346873 -0.26351845
57105578.73841515 -3.4661791 -0.59534466 -5.5589075 -0.02380023 -0.048028402 0.9641366 -0.25993735
57135648.48841515 -3.2513342 -0.63847315 -4.912405 -0.024739746 -0.055508908 0.9643506 -0.25755516
57165627.48841515 -3.018388 -0.6836939 -4.2774343 -0.02638258 -0.061900992 0.9646624 -0.25475237
57195533.48841515 -2.806333 -0.73365194 -3.6213999 -0.029956972 -0.07002434 0.96508414 -0.2506229
57225376.48841515 -2.601846 -0.7729321 -2.9491827 -0.03727759 -0.07957625 0.9661433 -0.2425802
57255161.48841515 -2.410706 -0.8121583 -2.310807 -0.048227597 -0.09227314 0.96729267 -0.23131084
57284894.48841515 -2.232185 -0.8381996 -1.6497217 -0.061253812 -0.10905745 0.96792376 -0.21789451
57314574.48841515 -2.037201 -0.8498769 -1.0035197 -0.0782169 -0.12861829 0.9674297 -0.20351724
57344195.48841515 -1.8847235 -0.89178276 -0.3662444 -0.09767728 -0.15126398 0.9652655 -0.1893171
57373751.73841515 -1.7368542 -0.9503077 0.2762671 -0.119907156 -0.17513701 0.96133316 -0.17546487
57403240.73841515 -1.6035817 -0.9717455 0.91936207 -0.1448544 -0.1982986 0.955849 -0.1613928
57432663.73841515 -1.4965745 -0.9744741 1.5795891 -0.17503093 -0.22130248 0.9479438 -0.14762068
57462025.73841515 -1.3837764 -0.990763 2.2399828 -0.20744656 -0.24596171 0.9373617 -0.13349837
57491325.73841515 -1.2884387 -0.9933943 2.8749485 -0.2389772 -0.2715946 0.92487544 -0.11718296
57520556.73841515 -1.2308303 -1.0071052 3.525098 -0.26952213 -0.29743168 0.91041166 -0.10021429
57549750.48841515 -1.164184 -1.0267031 4.1532035 -0.29804844 -0.32096708 0.89500654 -0.08432435
57578857.73841515 -1.1415516 -1.0413569 4.7570314 -0.32332215 -0.33957517 0.8803954 -0.0711014
57607825.48841515 -1.0984783 -1.0814312 5.3571157 -0.34668484 -0.35036477 0.8676298 -0.06536677
57636695.73841515 -1.1108143 -1.0995011 5.9088902 -0.36502865 -0.3524121 0.8592141 -0.06565757
57665472.48841515 -1.1436296 -1.0787703 6.4857874 -0.38295805 -0.35093415 0.8517588 -0.06852332
57694163.48841515 -1.1549067 -1.105835 7.0558114 -0.4015599 -0.35018355 0.8432171 -0.07145746
57722773.48841515 -1.1602638 -1.1358736 7.616336 -0.4205749 -0.34763774 0.8348007 -0.07329707
57751312.48841515 -1.2093303 -1.1366196 8.161375 -0.43876866 -0.34536293 0.82623583 -0.07443757
57779792.48841515 -1.2636297 -1.1307614 8.699014 -0.45808062 -0.34518135 0.8158502 -0.07348736
57808227.48841515 -1.3490782 -1.12415 9.216251 -0.47839808 -0.34881273 0.8030686 -0.06742273
57836624.73841515 -1.4272513 -1.1217098 9.736273 -0.5017483 -0.357212 0.78590304 -0.054814238
57864989.48841515 -1.5348206 -1.0990101 10.242683 -0.5262422 -0.36833155 0.76559365 -0.035600107
57893324.73841515 -1.6647878 -1.1116005 10.715551 -0.5499535 -0.38284513 0.7421858 -0.011877596
57921633.48841515 -1.8029699 -1.1114045 11.186895 -0.5731732 -0.3984979 0.7158459 0.0153851565
57949921.48841515 -1.9397478 -1.1314286 11.64772 -0.5981728 -0.41091752 0.6868303 0.040004566
57978186.48841515 -2.1069756 -1.1223708 12.060574 -0.6193166 -0.42559275 0.65605646 0.07005474
58006421.48841515 -2.2789469 -1.1430211 12.464052 -0.6396146 -0.43764055 0.62421316 0.098599516
58034618.73841515 -2.4456596 -1.1635602 12.850689 -0.65822214 -0.44921422 0.59069216 0.12662137
58062776.48841515 -2.64528 -1.1573479 13.176612 -0.6723174 -0.46182922 0.55851847 0.15086545
58090897.48841515 -2.8330708 -1.1545529 13.518799 -0.68498755 -0.47340873 0.5263661 0.17209001
58118979.73841515 -3.0354443 -1.1355629 13.813517 -0.69548225 -0.48367736 0.49486783 0.19356284
58147041.48841515 -3.2285452 -1.1393518 14.0778885 -0.7065409 -0.49068683 0.463507 0.21257412
58175057.73841515 -3.4134912 -1.1356287 14.319311 -0.71863437 -0.4929941 0.43479812 0.2268749
58203004.48841515 -3.6296225 -1.0958767 14.5408535 -0.7332113 -0.48941275 0.40918773 0.23546071
58230908.73841515 -3.8161726 -1.0691347 14.726835 -0.74701446 -0.48534128 0.38555422 0.24033563
58258777.73841515 -4.008692 -1.0582314 14.893154 -0.760856 -0.48086676 0.3634715 0.24032034
58286619.73841515 -4.198345 -1.0161848 15.012735 -0.7742556 -0.47545943 0.34391913 0.23703653
58314440.48841515 -4.3865337 -0.9886217 15.119896 -0.7885308 -0.46834567 0.32438457 0.2316166
58342247.48841515 -4.577279 -0.9390068 15.190439 -0.80127066 -0.4609421 0.30624515 0.22740196
58370042.48841515 -4.745019 -0.90112686 15.232912 -0.8124408 -0.45483994 0.28883508 0.22278905
58397829.48841515 -4.920985 -0.86268044 15.246493 -0.82202816 -0.44889057 0.27350375 0.21900399
58425609.48841515 -5.113508 -0.8436756 15.25176 -0.8304002 -0.44323874 0.25954407 0.21589744
58453381.48841515 -5.288909 -0.82235146 15.230467 -0.8386637 -0.43638396 0.24902053 0.21024053
58481148.48841515 -5.448782 -0.7960501 15.184813 -0.84641224 -0.42844 0.24041797 0.20548669
58508912.48841515 -5.6335154 -0.76583004 15.097818 -0.8529643 -0.42106527 0.23692779 0.19753811
58536670.73841515 -5.802314 -0.73162556 14.999437 -0.85855454 -0.41451305 0.23878543 0.18451183
58564420.48841515 -5.9634876 -0.699255 14.860148 -0.8631566 -0.40930703 0.2466381 0.16308919
58592164.48841515 -6.127655 -0.6782322 14.721867 -0.86815304 -0.40273204 0.25396654 0.14006506
58619899.48841515 -6.287797 -0.65483665 14.549153 -0.872642 -0.3951078 0.26048288 0.120559014
