1027872.532 -0.0 -0.0 -0.0 -0.0 -0.0 1.0 -0.0
1068302.367 -0.0 -0.0 -0.0 -0.0 -0.0 1.0 -0.0
1127874.138 -0.00011341605 -0.0007603765 6.0660022e-05 -4.0171682e-05 0.00014437204 1.0 -2.2484276e-06
1168303.723 -0.00011341605 -0.0007603765 6.0660022e-05 -4.0171682e-05 0.00014437204 1.0 -2.2484276e-06
1227875.744 -0.00011341605 -0.0007603765 6.0660022e-05 -4.0171682e-05 0.00014437204 1.0 -2.2484276e-06
1268305.079 -0.00095181516 -0.002673896 -0.0008741139 8.361323e-05 0.00035920276 1.0 5.8382343e-06
1327877.099 -0.0016876028 -0.0023528314 -0.0016339319 7.85317e-05 0.0001029705 1.0 -0.00014933203
1368316.934 -0.001310888 -0.0022425815 -0.0021196604 1.8155042e-05 0.0005663939 0.9999999 1.5478441e-06
1427937.954 -0.000789382 -0.002149633 -0.0024434288 -6.649498e-05 0.0005004591 0.9999999 2.4777273e-05
1468308.29 -0.000789382 -0.002149633 -0.0024434288 -6.649498e-05 0.0005004591 0.9999999 2.4777273e-05
1527880.0610000002 -0.000789382 -0.002149633 -0.0024434288 -6.649498e-05 0.0005004591 0.9999999 2.4777273e-05
1568309.6460000002 -0.002018435 -0.0009789055 -0.0025453109 0.00015520374 -0.00011563484 1.0 6.0643233e-05
1627881.667 -0.0027921046 -0.00016544903 -0.0025523107 0.00031670387 9.81793e-05 0.99999994 0.00022679058
1668311.002 -0.0029855517 0.0004429241 -0.0023707047 5.6591663e-05 0.00046670568 0.9999999 0.00017504756
1727883.023 -0.0033253748 0.00051556603 -0.002442344 0.0002972001 0.0002109869 0.99999994 0.00030074478
1768312.608 -0.0030599018 0.0006109794 -0.002182482 0.00010239251 0.00047007244 0.9999999 0.00013262981
1827884.378 -0.0032447707 0.0005927548 -0.0023690665 -2.7621323e-05 0.00050247373 0.9999999 -0.0001760575
1868314.214 -0.0032750922 0.0007003937 -0.0024275533 0.00011960583 0.0006035301 0.9999998 0.00018627568
1927885.984 -0.0032321634 0.00025845144 -0.0018199343 1.3412682e-05 0.00047704202 0.9999999 8.836722e-05
1968315.5699999998 -0.003494696 0.00013466837 -0.0020784303 1.1918615e-05 0.00015350763 1.0 -1.9917556e-05
2027887.59 -0.003548163 -2.4112112e-06 -0.0020108817 -0.00010740958 -5.87539e-05 1.0 -0.00012408245
2070426.1409999998 -0.0035819325 7.958623e-05 -0.001966486 -0.00016306745 0.00013105839 0.99999994 -0.00025326986
2119570.3329999996 -0.004049064 0.00034257965 -0.0018108079 0.00017518623 0.0001436803 1.0 -4.258567e-05
2169603.0100000002 -0.0049860226 0.0006009878 -0.0016907142 -0.00017257688 0.00034904675 0.99999994 -0.00027539136
2220364.6750000003 -0.0051089097 0.0010704887 -0.0014964618 7.583638e-05 0.00035032988 0.99999994 0.00010737783
2271515.5840000003 -0.004888117 0.0012761825 -0.001532066 2.9303837e-06 0.00017544495 1.0 1.8061522e-05
2321659.0100000002 -0.004885583 0.0017710306 -0.0012759181 0.00015175414 0.00022720631 1.0 0.00016093909
2370819.202 -0.0052182446 0.0023994462 -0.0013051293 0.00017305718 0.00045485416 0.9999999 0.00027739856
2420122.141 -0.005473512 0.002884468 -0.0011337079 0.00026767666 0.0006686371 0.99999964 0.00038494196
2469932.572 -0.0053405636 0.0026410385 -0.0013577212 0.00019533117 0.0006157726 0.9999998 0.00017033528
2520210.746 -0.0049856696 0.0020826797 -0.0011936368 0.00019650096 0.0003501822 0.99999994 0.00015484144
2570808.914 -0.004818476 0.0016362946 -0.0013832215 2.0181164e-05 0.00018065685 1.0 -2.4220903e-05
2621121.0859999997 -0.0051141405 0.0015624894 -0.0017466631 -6.115957e-05 -0.0005816798 0.9999998 -0.00013538748
2670839.5190000003 -0.006321931 0.0021352319 -0.0017805581 0.000491971 -0.0012530334 0.9999991 7.476439e-05
2720396.454 -0.007333419 0.0031710889 -0.0018572917 -0.00040368806 -0.00018010882 0.9999997 -0.0006602215
2770166.886 -0.0075885407 0.004727464 -0.001762856 -4.2747288e-05 0.00088523165 0.99999964 -0.00017127751
2820290.812 -0.00637418 0.0061561586 -0.0015061034 -0.0005052297 0.0019642066 0.99999726 -0.001151488
2870564.985 -0.004118278 0.0074859844 -0.0014851603 -0.0005515603 0.0028191325 0.9999918 -0.0028770443
2920851.158 -0.001833462 0.008958097 -0.0014648631 -0.0008089807 0.004374789 0.99997944 -0.004622222
2970867.8359999997 0.0008630253 0.009302226 0.0022601844 -9.076616e-05 0.0040976633 0.9998015 -0.019495944
3020662.017 0.0033960885 0.010321034 0.0024077941 0.0021395895 0.0025961744 0.99976957 -0.021200687
3070496.448 0.0074875816 0.011327795 0.002601902 0.0061433935 0.0014013752 0.99974847 -0.021527242
3120505.126 0.012282812 0.011357301 0.0028669029 0.010714125 0.0014326632 0.99969274 -0.022306133
3170688.301 0.016073644 0.010797081 0.0039342563 0.015275571 0.0011763842 0.999615 -0.023133188
3220895.2249999996 0.020560946 0.009509206 0.004365055 0.020424247 0.0017361984 0.9995122 -0.023563337
3270991.402 0.025109544 0.0077922684 0.0047849566 0.02579572 0.0020955566 0.9993847 -0.023674585
3320936.08 0.029494578 0.0061591817 0.005572101 0.030989077 0.0009670551 0.9992645 -0.022570046
3370849.76 0.032665253 0.0034800915 0.0052259043 0.032345288 -0.00020084255 0.99920875 -0.023143705
3420834.4379999996 0.035479184 0.00050434284 0.0054211714 0.033876795 -0.0020251716 0.9991623 -0.022868773
3470922.864 0.037469383 -0.0024154098 0.0059617707 0.03609046 -0.0037182956 0.9990879 -0.022517096
3521034.54 0.039830584 -0.005894989 0.0062411977 0.037904724 -0.0044193827 0.9990311 -0.02192074
3571082.968 0.041209847 -0.010453603 0.007244969 0.04047989 -0.005797325 0.99891114 -0.02245569
3621036.146 0.042281047 -0.014582956 0.008047458 0.042568926 -0.007723516 0.9988064 -0.022671273
3670949.326 0.043194935 -0.018485215 0.008904628 0.04521514 -0.009526057 0.99866706 -0.022998886
3720915.504 0.043384027 -0.022579666 0.009932246 0.04869861 -0.011347325 0.9984866 -0.02289832
3770946.931 0.043090817 -0.026572432 0.010955876 0.05138342 -0.0127185425 0.99834085 -0.022663299
3820959.6089999997 0.04234522 -0.031124162 0.012027095 0.05311294 -0.014677723 0.99820864 -0.02330667
3870992.287 0.040929537 -0.034958884 0.012984175 0.05437137 -0.016443945 0.998081 -0.024650669
3920952.965 0.038611006 -0.037610635 0.014345722 0.05481017 -0.017100172 0.99800265 -0.026346384
3970874.644 0.03480664 -0.039347492 0.01573545 0.0543349 -0.016639583 0.99796146 -0.029049007
4020820.0730000003 0.029795865 -0.04102012 0.016994007 0.05065209 -0.01676371 0.99805266 -0.03231371
4070812.7509999997 0.024572287 -0.04095747 0.018237244 0.044800255 -0.016909622 0.99822843 -0.035314593
4120836.929 0.019594418 -0.039352015 0.019386072 0.039286446 -0.01673761 0.9983956 -0.037183676
4170837.607 0.013587239 -0.03825276 0.021088218 0.03522466 -0.01734396 0.9984515 -0.03941065
4220806.784999999 0.0076989834 -0.03715305 0.022214869 0.030792981 -0.018499138 0.99852663 -0.040672343
4270752.214 0.0020504233 -0.035436753 0.02318904 0.02741842 -0.017921936 0.9986118 -0.0412496
4320697.393 -0.0036015173 -0.033962477 0.023854174 0.02352539 -0.016126826 0.99871624 -0.041861303
4370682.0709999995 -0.00930871 -0.032139633 0.024345947 0.019301185 -0.01380615 0.99882174 -0.042332698
4420682.999 -0.014916517 -0.029590614 0.02469046 0.014588728 -0.011623064 0.99890834 -0.04282815
4470707.676 -0.019992588 -0.02652138 0.024682518 0.010045161 -0.009354648 0.99896926 -0.043267466
4520708.353999999 -0.024616327 -0.02349735 0.02469278 0.006575005 -0.007210799 0.9989391 -0.045006037
4570693.032000001 -0.02900961 -0.019519053 0.02459899 0.0034645894 -0.0062986473 0.99893034 -0.045679312
4620677.961 -0.032507755 -0.015363627 0.024610246 -0.0001815712 -0.006520855 0.9988978 -0.046482973
4670686.638 -0.035428494 -0.010804041 0.024359023 -0.002348898 -0.0062288716 0.99884325 -0.047623727
4720703.316 -0.037435625 -0.006245961 0.023656797 -0.0043864395 -0.005664203 0.99874073 -0.049655292
4770728.244 -0.039174233 -0.0012371965 0.023059573 -0.008165816 -0.0059329276 0.9985583 -0.052721053
4820744.171 -0.04001406 0.003661886 0.022488747 -0.011750796 -0.0060726046 0.9983537 -0.05581193
4870753.098999999 -0.04014134 0.008266787 0.021899799 -0.013690256 -0.0067770546 0.9982004 -0.05798767
4920745.777000001 -0.03912234 0.012150491 0.020935098 -0.013379873 -0.007596231 0.998102 -0.059629694
4970751.705 -0.036255527 0.015999494 0.01998556 -0.011758659 -0.007943004 0.99802834 -0.061140098
5020723.883 -0.032530393 0.0194764 0.019137163 -0.009143057 -0.008254555 0.997897 -0.06363788
5070740.061000001 -0.027754625 0.022717884 0.018133724 -0.0047696806 -0.0069444384 0.99783415 -0.06523882
5120796.238 -0.021446433 0.025633803 0.017155841 -0.0004375836 -0.004064984 0.9977464 -0.066973895
5170860.915 -0.014545912 0.028124357 0.016226407 0.0031426528 -0.0002447956 0.99765813 -0.068324976
5220901.592 -0.007700381 0.030393116 0.0151709635 0.0072290953 0.0031476286 0.9974734 -0.07060268
5270917.5200000005 -0.00059864466 0.03232885 0.014410674 0.012468178 0.0043261484 0.9972412 -0.07304762
5320910.198 0.0072903875 0.03322647 0.013721966 0.019101461 0.004461308 0.99703896 -0.07435504
5370903.376 0.0150064435 0.0333645 0.013154012 0.0266855 0.001805288 0.99685913 -0.07454236
5420927.803 0.02275714 0.0318534 0.012644659 0.033755474 -0.000492256 0.9967283 -0.073437124
5470999.98 0.029908411 0.030093437 0.0118355965 0.03965759 -0.004417177 0.996482 -0.07369821
5521143.1559999995 0.037198454 0.028413627 0.01138764 0.0460821 -0.008744549 0.99608624 -0.07491474
5571295.080999999 0.043503348 0.025757778 0.011016181 0.051809095 -0.012241971 0.9957285 -0.0754381
5621406.756999999 0.049217742 0.022149036 0.010627224 0.05573921 -0.0139656775 0.99553657 -0.07486798
5671470.934 0.054190338 0.017899591 0.0107501 0.059626695 -0.014308534 0.9954422 -0.07303965
5721527.1110000005 0.05915166 0.012910303 0.010960675 0.06417425 -0.01343141 0.99544716 -0.069182254
5771551.288000001 0.06352873 0.006927919 0.01138551 0.06775556 -0.0118886065 0.99546885 -0.06564819
5821552.215999999 0.06654205 0.00083078165 0.012102819 0.070378855 -0.009884742 0.9955267 -0.06225561
5871513.395 0.06872344 -0.0055419775 0.012702642 0.07099399 -0.009240825 0.99570656 -0.058676504
5921498.323000001 0.0705289 -0.011905279 0.0133833885 0.07327622 -0.010646326 0.99576867 -0.054425202
5971515.001 0.07192554 -0.018405246 0.014073127 0.0759167 -0.012450883 0.99575 -0.050632156
6021531.678 0.07263261 -0.024723032 0.014995111 0.07802267 -0.013538448 0.9957064 -0.04793915
6071484.857000001 0.07289235 -0.031223591 0.015975341 0.080555126 -0.0144875 0.99558103 -0.046037152
6121374.287 0.07203774 -0.037144873 0.016821813 0.08322775 -0.015213453 0.9954161 -0.044592317
6171261.717 0.070003994 -0.042861644 0.016767558 0.08463654 -0.017033562 0.99532986 -0.04318634
6221201.895 0.065900356 -0.047348768 0.016760204 0.0835537 -0.018815402 0.9955144 -0.040198974
6271162.324 0.05988916 -0.050914466 0.016325856 0.081369504 -0.020706195 0.99580073 -0.036485586
6321099.503 0.053701296 -0.055135623 0.016216837 0.078824595 -0.021614706 0.9960488 -0.03473303
6370997.183 0.046603214 -0.058257367 0.016053436 0.07468555 -0.021486022 0.99640346 -0.033772398
6420887.112 0.039251592 -0.060299404 0.015403191 0.06853674 -0.019991612 0.9968659 -0.034079034
6470816.291 0.030447392 -0.06071872 0.015976788 0.060244847 -0.018969296 0.9973713 -0.035513643
6520801.47 0.021498958 -0.061482463 0.015604579 0.04970522 -0.01740897 0.9979125 -0.037375383
6570833.647 0.010797783 -0.0615091 0.01557066 0.03878055 -0.015756728 0.9983649 -0.03892817
6620787.075999999 0.00015027214 -0.060703814 0.014957416 0.025681391 -0.015228556 0.99873817 -0.040382005
6670652.756 -0.010578803 -0.059059083 0.013661412 0.013080671 -0.015306406 0.99895775 -0.040963415
6720486.936 -0.020269252 -0.056868397 0.011802384 -0.00081986864 -0.0142545635 0.9990907 -0.040174898
6770376.615999999 -0.029165847 -0.05441189 0.009702118 -0.014808833 -0.011939915 0.99901783 -0.04002098
6820369.544 -0.036168702 -0.050600387 0.00701511 -0.029114408 -0.009770255 0.9987696 -0.038938902
6870433.721 -0.04102779 -0.04758817 0.0046692668 -0.0397058 -0.0068246555 0.99847084 -0.037853684
6920489.898 -0.044239618 -0.04387953 0.0021143053 -0.04723332 -0.0034502076 0.9982261 -0.036079716
6970498.575999999 -0.046440095 -0.039875016 -0.00065700815 -0.05389877 -0.0011678856 0.9979093 -0.035645384
7020476.004 -0.047905985 -0.035623305 -0.0032702761 -0.060882192 0.00017930947 0.99746454 -0.036850467
7070452.682 -0.047790725 -0.030804012 -0.0054189414 -0.066085584 0.00021550058 0.9971111 -0.03744606
7120477.359999999 -0.04738583 -0.026213758 -0.007557071 -0.06854055 -0.0010588707 0.9969115 -0.038320854
7170541.0370000005 -0.045500595 -0.021511571 -0.009282647 -0.06838365 -0.0026484467 0.99687195 -0.039534777
7220605.464 -0.041732885 -0.017071152 -0.010557581 -0.06921956 -0.0043915124 0.99670535 -0.04204709
7270638.141 -0.03846486 -0.012165632 -0.012366149 -0.068928875 -0.006025944 0.99660987 -0.044512033
7320623.068999999 -0.033073813 -0.008203931 -0.013026562 -0.0667312 -0.0042214007 0.99662685 -0.04758155
7370607.4969999995 -0.027169976 -0.004369192 -0.013438597 -0.062335465 -0.0011589052 0.9967886 -0.05025319
7420616.425 -0.020312175 0.00010917778 -0.012960301 -0.058137488 0.0020737695 0.9969092 -0.05280075
7470657.102999999 -0.013576654 0.003123502 -0.012068999 -0.052144065 0.0040604053 0.9970088 -0.056903034
7520705.28 -0.0048111053 0.0063498686 -0.0104223 -0.04382022 0.001957007 0.9972197 -0.060240567
7570729.7069999995 0.0042192573 0.008104415 -0.008240424 -0.031070614 -0.0024770396 0.9975381 -0.06281926
7620746.385 0.01367803 0.007825043 -0.0064184195 -0.017141234 -0.0062645623 0.9977394 -0.06467761
7670747.063 0.023250101 0.0055503044 -0.0046219146 -0.0051151193 -0.007783127 0.997853 -0.06482856
7720787.24 0.03236157 0.0014387701 -0.003768613 0.0049379193 -0.00679244 0.9980227 -0.062291294
7770867.667 0.041450907 -0.003941633 -0.0031614252 0.014033983 -0.0049319095 0.998134 -0.05922265
7820995.341999999 0.050266653 -0.0108206 -0.0033705845 0.024963245 -0.0038378933 0.99815524 -0.05521064
7871122.518 0.05829115 -0.01816991 -0.0039433655 0.03552915 -0.0036171044 0.9980962 -0.050284214
7921234.194 0.06505945 -0.025796728 -0.0044252183 0.04476089 -0.003681793 0.9980281 -0.043851446
7971298.620999999 0.070844404 -0.033725612 -0.0047161514 0.052974425 -0.0040978873 0.99782085 -0.039120294
8021307.299000001 0.07532433 -0.04126634 -0.003922446 0.06000112 -0.0044845333 0.99753225 -0.036183447
8071220.978 0.07838167 -0.048867203 -0.0036914526 0.06359548 -0.004404586 0.9974088 -0.03334616
8121078.659000001 0.079781465 -0.05610404 -0.0033611858 0.06447756 -0.00344496 0.9974562 -0.030199936
8170928.839000001 0.07883833 -0.06297492 -0.0023794444 0.06370034 -0.002699305 0.99758273 -0.027635805
8220810.769 0.07740335 -0.068878785 -0.0024011151 0.061102096 -0.0008236047 0.9978253 -0.02470913
8270755.948000001 0.07148356 -0.07456813 -0.001962289 0.059980292 -9.5823634e-05 0.99795943 -0.021894984
8320740.626 0.06597548 -0.079962194 -0.0012297716 0.055420622 -9.182534e-05 0.9982449 -0.020875147
8370741.554 0.058267884 -0.08419449 -0.00066728465 0.052591693 -0.0018167665 0.99841315 -0.020052692
8420718.732 0.051025156 -0.088746205 0.0002122021 0.049947686 -0.0028652793 0.99852216 -0.021224584
8470664.160999998 0.041826453 -0.08924311 0.00072937727 0.047306605 -0.0030065875 0.9986641 -0.0205694
8520609.09 0.032185398 -0.0893944 0.0007833095 0.038978737 -0.0027297437 0.9990082 -0.021351472
8570638.516999999 0.0223094 -0.08916785 0.0013066523 0.028745899 -0.00035553979 0.99928874 -0.024406422
8620499.697 0.0129184695 -0.0867853 0.0012387029 0.017248318 0.0027588878 0.9994866 -0.0268585
8670444.876 0.003534982 -0.08339838 0.001430431 0.006392982 0.0047651897 0.9995252 -0.029764937
8720390.055 -0.005550362 -0.079928346 0.0016959419 -0.00077058753 0.0057125874 0.99945855 -0.032394577
8770350.984 -0.013565039 -0.076178804 0.0016414816 -0.0054394905 0.0056968527 0.99938387 -0.034203906
8820359.661 -0.02146095 -0.07233331 0.0008082694 -0.011723701 0.0050507477 0.9993129 -0.034797844
8870392.339 -0.028979663 -0.06911563 -0.00056339207 -0.01975521 0.0045381365 0.9992015 -0.034432042
8920440.765999999 -0.036014758 -0.06581999 -0.002178593 -0.026609497 0.004675463 0.99906933 -0.03362403
8970441.194 -0.042693444 -0.06286812 -0.004150009 -0.031753123 0.0066880323 0.9989224 -0.033184
9020417.872 -0.048108485 -0.05976219 -0.006159538 -0.036237568 0.009793135 0.9987462 -0.03312287
9070402.8 -0.05280594 -0.055861335 -0.00868845 -0.0423168 0.014278621 0.99847925 -0.032320857
9120419.478 -0.0568319 -0.05176296 -0.011672023 -0.05058466 0.019995077 0.9980192 -0.031606406
9170452.155 -0.06043942 -0.047645424 -0.014021403 -0.05935016 0.024054449 0.99741614 -0.032558274
9220500.582 -0.06330481 -0.042077698 -0.0161387 -0.06600003 0.027251435 0.9969152 -0.03258026
9270540.76 -0.064587995 -0.03708195 -0.018053807 -0.07013792 0.026902774 0.9965863 -0.034244575
9320557.437 -0.06577353 -0.029257715 -0.019222878 -0.07011687 0.023179773 0.99664026 -0.035420228
9370558.365 -0.06435108 -0.0222425 -0.01925938 -0.0684604 0.019010179 0.9966318 -0.040950377
9420582.543000001 -0.06159194 -0.013096085 -0.017632939 -0.06469747 0.016372697 0.99660563 -0.048202895
9470623.219999999 -0.05727682 -0.0053010886 -0.0155278845 -0.059639487 0.013779588 0.99647135 -0.05743014
9520671.397 -0.050864287 0.0027979917 -0.012588699 -0.05225758 0.011507558 0.9964402 -0.0651446
9570711.824000001 -0.043746904 0.008810217 -0.010335648 -0.04438064 0.00892253 0.9964481 -0.07100688
9620696.503 -0.035579566 0.01379574 -0.0081975665 -0.034388885 0.00813125 0.9965711 -0.07481523
9670657.681 -0.026560485 0.017434921 -0.0066449405 -0.024916198 0.008943702 0.9966726 -0.077090494
9720650.609000001 -0.01711473 0.020285975 -0.0055389083 -0.01590546 0.009313186 0.996614 -0.08013136
9770758.785 -0.00684245 0.022156905 -0.004234042 -0.005046472 0.009713068 0.99650055 -0.082866825
9820803.212 0.0036547412 0.022821946 -0.0029335301 0.007762362 0.009301733 0.99629265 -0.0851715
9870898.639 0.013792093 0.021782825 -0.0017094294 0.019235337 0.0072868145 0.9961691 -0.08499485
9920971.066000002 0.023900237 0.019674191 -0.0007372384 0.031608295 0.0034845208 0.9960109 -0.083372846
9971019.242999999 0.034072258 0.016075285 1.4028024e-05 0.043949008 0.0012929183 0.9958118 -0.080160595
10021114.919 0.043211095 0.011397189 0.0006745859 0.05429973 -0.0019368142 0.99537283 -0.079251245
10071321.593999999 0.052229747 0.00572857 0.002131004 0.06522748 -0.00456311 0.9948441 -0.077523015
10121600.267 0.060227674 -0.0010141582 0.003327883 0.07564205 -0.007282179 0.9942663 -0.07523144
10171838.441 0.06726699 -0.0082294205 0.004586768 0.084747165 -0.01140425 0.99360514 -0.07373428
10221728.371 0.07367308 -0.01604679 0.00567358 0.09320408 -0.01579181 0.9929693 -0.07124408
10271491.052000001 0.079681724 -0.024669409 0.0068092793 0.100304045 -0.019318625 0.9924238 -0.06827119
10321333.483000001 0.08381659 -0.03353136 0.0074882577 0.10477275 -0.021543786 0.99219173 -0.064141914
10371350.161 0.0872294 -0.043420874 0.008364218 0.10909131 -0.020465862 0.99202204 -0.0597719
10421517.336 0.089858726 -0.05302793 0.009317617 0.11509036 -0.018616049 0.9916014 -0.055985227
10471589.513 0.09171208 -0.06272858 0.009969244 0.12099238 -0.015421917 0.99114835 -0.052421607
10521376.193999998 0.091180116 -0.07097466 0.010668134 0.123787165 -0.011040822 0.991004 -0.04965957
10571051.627 0.08797716 -0.07729631 0.012652299 0.12161 -0.006248662 0.9913453 -0.049056157
10620854.307999998 0.08349468 -0.0832719 0.013310856 0.11491217 -0.0017896965 0.99220526 -0.048175126
10670854.986 0.07697007 -0.0877211 0.014153019 0.10964727 -0.00038255542 0.9928436 -0.047317542
10720990.162 0.06975027 -0.09105901 0.014645409 0.10491478 -0.00048462267 0.99344915 -0.045293674
10771109.838 0.06140402 -0.09368313 0.015246994 0.100083426 -0.0018881209 0.9939466 -0.04527577
10821071.265999999 0.052194133 -0.09510883 0.015554043 0.09307054 -0.0028095997 0.99460465 -0.045735285
10870905.697 0.042239256 -0.09595004 0.015877996 0.08479334 -0.0031189562 0.9953293 -0.04604314
10920810.376999998 0.03151453 -0.096242234 0.015817625 0.075063206 -0.0037727244 0.9960954 -0.04631704
10970768.305000002 0.020329062 -0.09626494 0.015666284 0.06549012 -0.0045341696 0.9967434 -0.046831805
11020836.482 0.009388311 -0.095281936 0.014946726 0.0548181 -0.004680347 0.9973922 -0.046711367
11070900.659 -0.001586199 -0.094684236 0.014609569 0.04449346 -0.0044165943 0.99785525 -0.047810275
11120806.088000001 -0.01199846 -0.09311787 0.014082727 0.03492944 -0.004674559 0.99813336 -0.04987886
11170593.020000001 -0.022002596 -0.09128226 0.0132481195 0.02456963 -0.0055309287 0.99824935 -0.053517688
11220419.201 -0.032147408 -0.08870735 0.01191303 0.014624716 -0.005742184 0.99826264 -0.056788072
11270380.129 -0.041337613 -0.08644763 0.01066152 0.004884854 -0.0047929906 0.9982671 -0.058447376
11320468.056 -0.04986069 -0.08370825 0.00901281 -0.0034078434 -0.0026357097 0.99823564 -0.059220456
11370595.981 -0.057653062 -0.08038817 0.007189669 -0.011384931 -0.0011040345 0.99814767 -0.0597528
11420628.159 -0.06482972 -0.076040745 0.005321793 -0.019035948 0.0014653085 0.9979452 -0.061162796
11470549.338 -0.07031919 -0.069593444 0.0031751865 -0.027469944 0.0047952984 0.99764824 -0.062613465
11520439.018 -0.07415815 -0.062909015 0.0017039137 -0.029732969 0.00775714 0.99737597 -0.06555151
11570432.446 -0.076378636 -0.05533832 0.00041674665 -0.030754838 0.008364793 0.9972499 -0.066909015
11620551.622 -0.077593535 -0.048242044 -0.0017010873 -0.032605127 0.009727944 0.99715656 -0.06723915
11670726.796999998 -0.07892901 -0.040857617 -0.0037863764 -0.03628492 0.01235586 0.9970154 -0.067015715
11720814.973000001 -0.0800447 -0.03301943 -0.0059937313 -0.041519813 0.014511313 0.99667585 -0.06857698
11770768.151999999 -0.079834804 -0.025677823 -0.007611829 -0.04391295 0.01576177 0.99637246 -0.071170606
11820666.082 -0.07801709 -0.016767269 -0.008933096 -0.04250934 0.014159702 0.9964527 -0.071235664
11870626.76 -0.075861104 -0.010404184 -0.010136819 -0.04009877 0.011841136 0.99647415 -0.072740614
11920682.936999999 -0.07139271 -0.004203466 -0.011638498 -0.037747093 0.011500955 0.99638504 -0.07523174
11970763.364 -0.065567054 0.0024204312 -0.012274139 -0.03734231 0.012836178 0.99611086 -0.07876601
12020780.041000001 -0.05935264 0.00845091 -0.0131254075 -0.03831477 0.013183727 0.99573755 -0.08285558
12070732.719999999 -0.051359933 0.013339858 -0.013633636 -0.036425818 0.014217218 0.9954993 -0.0863262
12120692.899 -0.042123526 0.017737009 -0.013391985 -0.029551325 0.012757077 0.99557513 -0.088285066
12170639.078 -0.03112089 0.02083263 -0.012531833 -0.016926967 0.01048229 0.9958433 -0.088881165
12220722.753999999 -0.019321883 0.02254683 -0.011844411 -0.0027176295 0.0074963374 0.9959487 -0.08957009
12270775.931 -0.00716451 0.023441626 -0.011201713 0.008407681 0.006132162 0.99592507 -0.08958221
12320871.606999999 0.0039699064 0.022673478 -0.011082306 0.016940767 0.0063053747 0.9958753 -0.08891454
12370943.534 0.014758902 0.020743676 -0.010946302 0.02487369 0.0071314382 0.9956852 -0.08911544
12420991.961 0.025226675 0.017571695 -0.01068371 0.03440723 0.0069032377 0.99543494 -0.08875666
12471040.138 0.035204057 0.013852701 -0.010074942 0.04236265 0.0043890313 0.9951067 -0.08915681
12521167.814000001 0.045063823 0.009547211 -0.0095265135 0.052072167 0.0014025044 0.9947443 -0.088149294
12571366.738999998 0.054941606 0.0038604722 -0.008524947 0.062199354 -0.00033500983 0.99439836 -0.08545779
12621597.413 0.064486295 -0.0024741204 -0.0071900454 0.07442583 -0.0026840782 0.9938074 -0.08246597
12671749.338 0.07279546 -0.0087860385 -0.0060557136 0.08458784 -0.0059663015 0.9932787 -0.078782976
12721630.768 0.07961063 -0.015763251 -0.0051018023 0.09124319 -0.008282451 0.99286425 -0.07633304
12771433.2 0.08470467 -0.023117486 -0.0040990408 0.09481861 -0.009129897 0.9926751 -0.07431196
12821314.879 0.08908651 -0.031001413 -0.002521282 0.09789853 -0.009117696 0.9924565 -0.07323208
12871387.056 0.093442164 -0.038839303 -0.0008600026 0.10410559 -0.009085003 0.99204135 -0.07023819
12921633.98 0.096911855 -0.047519263 0.0009893305 0.11142057 -0.009270272 0.99139416 -0.068096876
12971737.406 0.09895198 -0.055600375 0.0023656941 0.11532638 -0.008778186 0.99113435 -0.065386854
13021553.837 0.09943749 -0.06443176 0.0036888905 0.1169513 -0.0062363264 0.99099785 -0.06486021
13071255.02 0.097660184 -0.071810246 0.006075483 0.11613756 -0.0016427006 0.9910544 -0.065730594
13121049.951000001 0.09486843 -0.08009451 0.00817559 0.113293305 0.0043779383 0.99123174 -0.06786058
13171098.127999999 0.09168747 -0.08840919 0.01026787 0.109444514 0.011654031 0.99147725 -0.06970641
13221289.303 0.08668025 -0.09715033 0.01370617 0.10772593 0.01713591 0.9914264 -0.071939155
13271416.979 0.08271786 -0.104704596 0.015737914 0.107359014 0.018603193 0.9914494 -0.07180618
13321336.658 0.07886772 -0.11304231 0.018123748 0.10927013 0.015556808 0.9915606 -0.068013035
13371069.341 0.072557285 -0.11961309 0.02005612 0.11365832 0.009257881 0.9914756 -0.06302652
13420879.772 0.06499516 -0.12511635 0.021182312 0.11172882 0.0075634504 0.99181736 -0.061301354
13470840.950000001 0.055241413 -0.12952237 0.023011286 0.10292467 0.011171848 0.9925607 -0.064071044
13520913.127 0.044210896 -0.13403448 0.024385491 0.0899084 0.016048098 0.9935192 -0.06766492
13571009.053 0.033061538 -0.13819423 0.025430577 0.07773038 0.018989203 0.9942897 -0.07060755
13621009.731 0.022097623 -0.14099464 0.025279826 0.06855356 0.019244278 0.99488974 -0.071585484
13670922.911 0.010378436 -0.14339209 0.024573743 0.06202176 0.017750256 0.995375 -0.07118282
13720789.091 -0.0007673893 -0.14277712 0.023179062 0.056684744 0.017379085 0.9957918 -0.069882736
13770663.021 -0.012442712 -0.14159128 0.021790577 0.05186105 0.018445102 0.9960413 -0.06980046
13820576.45 -0.022833796 -0.13844186 0.018824143 0.043735653 0.021152938 0.9964158 -0.06924774
13870545.378 -0.033678982 -0.13363004 0.016186927 0.033613943 0.022181718 0.9969341 -0.06708493
13920546.056 -0.044788137 -0.12793668 0.013418928 0.026356502 0.023284074 0.99724215 -0.06535451
13970530.734 -0.05467346 -0.12137564 0.01107452 0.019525994 0.02264615 0.9974649 -0.064573325
14020500.163 -0.06435292 -0.11406058 0.00876563 0.013195611 0.02180525 0.9975453 -0.06522113
14070476.841 -0.07304648 -0.1057393 0.0068016583 0.007905187 0.019969951 0.9976258 -0.06543349
14120477.519 -0.080975026 -0.097704135 0.004595208 0.0042884126 0.020850355 0.99756604 -0.066399775
14170518.196 -0.08806717 -0.08896928 0.0019780293 -0.0010652826 0.020820506 0.9975671 -0.06652331
14220558.624 -0.09455356 -0.08158357 -0.00025973195 -0.008892955 0.023298362 0.9975149 -0.065894715
14270575.300999999 -0.09993627 -0.07323494 -0.0028517959 -0.01580573 0.026203914 0.9973812 -0.065530635
14320591.479 -0.102932476 -0.06482574 -0.0060317963 -0.020541057 0.029156312 0.9972519 -0.06493565
14370608.157 -0.10363254 -0.056085803 -0.0091342395 -0.021006688 0.03076631 0.99733424 -0.06274246
14420648.583999999 -0.10382118 -0.04768352 -0.011434402 -0.02052547 0.030460345 0.99753404 -0.059806816
14470705.511 -0.10216328 -0.036918994 -0.013294586 -0.020015614 0.02806842 0.9977848 -0.05689587
14520737.438000001 -0.09924604 -0.027750101 -0.014778968 -0.018445162 0.024035215 0.99783206 -0.058423854
14570730.616 -0.09537789 -0.018083526 -0.015839964 -0.016547862 0.020242099 0.997814 -0.060693324
14620726.044 -0.09051136 -0.009206934 -0.016492495 -0.013780795 0.017076727 0.9977864 -0.0627766
14670723.722000001 -0.08508588 -0.0013801765 -0.017179959 -0.014214921 0.011941317 0.9977557 -0.064334825
14720740.399999999 -0.07802511 0.0058212113 -0.017785521 -0.014166277 0.0058472413 0.99784774 -0.06375761
14770741.328 -0.07064164 0.011683048 -0.017775591 -0.012207336 -0.0006983138 0.9980178 -0.061733518
14820726.006 -0.060875148 0.015898641 -0.017100072 -0.0066933623 -0.006608557 0.9981794 -0.05957736
14870703.184 -0.050372753 0.018418517 -0.015638264 0.0029354447 -0.009068299 0.9983551 -0.05653559
14920703.862 -0.039032258 0.020075766 -0.013942461 0.009856594 -0.009083414 0.99822724 -0.057988968
14970736.290000001 -0.027690072 0.021321386 -0.012930621 0.010514396 -0.007647511 0.99801815 -0.061570477
15020831.966 -0.015397905 0.022010986 -0.012104322 0.014570099 -0.0068464037 0.9978707 -0.06320636
15070943.642 -0.0022261096 0.021767082 -0.011271617 0.021078708 -0.009040294 0.9976593 -0.06441926
15121031.818 0.010695866 0.020012407 -0.010182318 0.025310932 -0.010744343 0.9974484 -0.06588403
15171087.995 0.02263309 0.016953878 -0.009104307 0.025226422 -0.011792213 0.99702495 -0.07187381
15221144.422 0.0350026 0.01214906 -0.007738952 0.031568892 -0.0074933115 0.9967377 -0.07390009
15271232.099 0.04822972 0.0060905926 -0.006377788 0.04289495 -0.004886578 0.9962187 -0.075395174
15321359.775 0.061474796 -0.0017495961 -0.0047105774 0.057355136 -0.00060452253 0.9956729 -0.07311378
15371566.449000001 0.07347525 -0.010910444 -0.0031247623 0.07187915 0.0035404344 0.99485344 -0.07132753
15421797.373 0.08443778 -0.020572394 -0.0016763757 0.08766328 0.0076258965 0.99377304 -0.068352744
15471798.050999999 0.09348452 -0.030289944 -0.0011407835 0.09758218 0.009852083 0.9929497 -0.06656965
15521640.481999999 0.099912494 -0.03973229 -0.0010052252 0.10205605 0.0077728694 0.9925897 -0.0654969
15571458.663 0.10500309 -0.050322756 -0.0006692314 0.106226996 0.005868267 0.99221474 -0.06474041
15621333.093 0.10833678 -0.061093166 -0.00050510524 0.10747395 0.005140539 0.992098 -0.064534105
15671293.521 0.10859941 -0.071443506 0.00022450916 0.10833351 0.0053748866 0.99193895 -0.0655138
15721365.947999999 0.10767606 -0.081591025 0.0004225467 0.108847216 0.008199739 0.99205613 -0.06252738
15771445.875 0.10526723 -0.09301992 0.0012526601 0.10996635 0.009917878 0.99206865 -0.060074683
15821335.804 0.101239696 -0.10343373 0.0023312047 0.11251627 0.010359118 0.9917988 -0.059732206
15871074.737 0.0939896 -0.113336325 0.0035948954 0.114555836 0.010930124 0.9916713 -0.057840105
15920885.168000001 0.08603418 -0.12268772 0.0040917005 0.11513911 0.012355538 0.99174786 -0.055014532
15970901.595 0.0738342 -0.12976326 0.00374493 0.11033689 0.012105801 0.9924278 -0.052595258
16021029.271 0.059764396 -0.13605016 0.0030020387 0.10061599 0.010709441 0.99353075 -0.051560193
16071085.447999999 0.045036435 -0.14100318 0.0019339009 0.09061324 0.009772093 0.99465805 -0.04846799
16120967.128 0.02941013 -0.14497283 0.00051367824 0.08353064 0.007905434 0.9955213 -0.043561082
16170753.809000002 0.013649894 -0.14789517 -0.0011975116 0.07610169 0.005993188 0.99637717 -0.03748727
16220596.24 -0.003463184 -0.14984213 -0.0026920252 0.06614161 0.0043592406 0.9972723 -0.032468908
16270541.419000002 -0.020327862 -0.14975394 -0.0052614743 0.053022966 0.0040353346 0.9981788 -0.02848507
16320518.097000001 -0.036709715 -0.14752372 -0.0074370364 0.039755918 0.0068025305 0.99881023 -0.027410112
16370431.776 -0.053007822 -0.14369737 -0.009709921 0.024898602 0.009598045 0.99921185 -0.029388733
16420313.705999998 -0.06878827 -0.13665646 -0.012677614 0.0036577445 0.009796281 0.99936116 -0.034175534
16470226.886 -0.084384866 -0.12763084 -0.01623803 -0.01881163 0.009374902 0.99900645 -0.03929886
16520243.563 -0.0985794 -0.12115465 -0.019367887 -0.03843299 0.014122225 0.99819237 -0.04399421
16570402.739 -0.10909103 -0.11452349 -0.021406958 -0.055352174 0.021265985 0.99716175 -0.046394933
16620625.662999999 -0.11950191 -0.10625184 -0.02457265 -0.06258183 0.025255287 0.9966518 -0.046161335
16670761.339 -0.12630257 -0.09698114 -0.026459957 -0.06449594 0.023545273 0.9966001 -0.045544464
16720714.517 -0.13161801 -0.08848032 -0.028725093 -0.06466925 0.022648403 0.99660426 -0.04566106
16770580.196999997 -0.13488667 -0.07950781 -0.030069036 -0.06794991 0.023929784 0.99636954 -0.04536428
16820502.127 -0.13760497 -0.07019928 -0.031857464 -0.07091462 0.024251066 0.9961799 -0.044818465
16870550.303999998 -0.13875027 -0.06173758 -0.033318225 -0.07170783 0.024548983 0.9961402 -0.044273123
16920760.228 -0.13651636 -0.051496703 -0.03491046 -0.07299514 0.023316268 0.9959367 -0.04730917
16970832.155 -0.13503033 -0.041803263 -0.035801698 -0.07032647 0.021446154 0.9960499 -0.049788803
17020845.833 -0.12948897 -0.030652145 -0.036015227 -0.06686537 0.016964633 0.99630725 -0.051118623
17070775.262 -0.12288425 -0.02012258 -0.035689905 -0.058189966 0.011518384 0.99684113 -0.052812103
17120712.691 -0.115862116 -0.011301582 -0.035720482 -0.05077851 0.007440443 0.9971285 -0.055686347
17170721.618 -0.10751859 -0.0023547611 -0.03514029 -0.044137865 0.006920978 0.9971642 -0.06055983
17220793.545 -0.09859746 0.0054682223 -0.03435883 -0.03902731 0.008946147 0.99709535 -0.064789705
17270841.722 -0.08904138 0.01356935 -0.03297499 -0.03426424 0.006891164 0.99700916 -0.06893
17320826.4 -0.07805605 0.019909553 -0.03100445 -0.023929179 0.006047164 0.9970767 -0.07231185
17370755.580000002 -0.06524282 0.02481203 -0.028685126 -0.010575652 0.0058075776 0.9971257 -0.0747988
17420685.509 -0.051666256 0.028952537 -0.026178714 0.0033998175 0.0063600037 0.9970126 -0.07690131
17470678.187000003 -0.037470218 0.03168874 -0.02363064 0.0178593 0.008952224 0.99667263 -0.07902235
17520750.362999998 -0.022996638 0.033557143 -0.021202756 0.032165077 0.011052886 0.9960733 -0.08173869
17570893.539 -0.00896953 0.03423344 -0.018994823 0.045098916 0.012974369 0.99526656 -0.085101314
17621052.964 0.0049732868 0.033712994 -0.01681622 0.056521684 0.017667755 0.9944874 -0.08653349
17671172.64 0.01802914 0.033040874 -0.014684841 0.065078065 0.018093253 0.9936344 -0.09015663
17721276.316000003 0.030762142 0.031960715 -0.012469006 0.07391328 0.01756194 0.9927871 -0.09274846
17771372.492999997 0.043713644 0.03105815 -0.010311339 0.08557945 0.016547542 0.9917169 -0.09433944
17821468.169 0.05637802 0.028891377 -0.008756729 0.09458506 0.016594633 0.99088365 -0.0944879
17871508.595999997 0.06805455 0.026646817 -0.0070543513 0.10305347 0.015565068 0.9900913 -0.09411122
17921453.775000002 0.07831653 0.023355616 -0.0055646873 0.109715484 0.013955866 0.98944587 -0.09361971
17971367.705 0.08818444 0.019242678 -0.0044058715 0.11811562 0.011948188 0.9886019 -0.092586845
18021360.382999998 0.09630462 0.013951258 -0.0032208164 0.12673779 0.009668822 0.987706 -0.09099978
18071495.558 0.103576034 0.0075053833 -0.0027732758 0.13211372 0.008080711 0.9872085 -0.0888821
18121711.483 0.108483985 0.00063749426 -0.0025126818 0.13541266 0.00791924 0.9870016 -0.086189
18171687.411000002 0.11227978 -0.007118702 -0.002133233 0.13742869 0.0076616313 0.98695624 -0.0834989
18221545.841 0.11529527 -0.015409779 -0.001835346 0.13810976 0.0077671343 0.9870437 -0.08130357
18271411.521 0.11739367 -0.02470646 -0.001918794 0.13673158 0.009925473 0.9874176 -0.07882016
18321372.950000003 0.11762901 -0.03410232 -0.0020245588 0.1358369 0.011328834 0.9878617 -0.07449403
18371500.126000002 0.11709731 -0.043954346 -0.0020269258 0.13686624 0.011700297 0.9879499 -0.07131492
18421675.301000003 0.115684636 -0.05326048 -0.0021064873 0.13694976 0.01206513 0.9881755 -0.06788546
18471628.479000002 0.112327985 -0.061952762 -0.0017200506 0.13602716 0.011977403 0.9884487 -0.06574522
18521415.161000002 0.10779083 -0.07020804 -0.0011340105 0.13307929 0.010005714 0.9890679 -0.06272522
18571210.092 0.10266241 -0.077853456 -0.00046060776 0.13051654 0.009167972 0.9895784 -0.060132504
18621123.272 0.095849074 -0.084671535 -0.0005916195 0.12793408 0.009330191 0.99009293 -0.057112407
18671242.947 0.0878363 -0.08979971 -0.0009274071 0.12301466 0.010757233 0.9908479 -0.054519206
18721394.123 0.077080674 -0.09419622 -0.0012660983 0.11249532 0.011813025 0.992189 -0.052596036
18771363.551000003 0.06542729 -0.097738706 -0.0018369933 0.0993099 0.012141977 0.9936981 -0.05054032
18821102.734 0.053253602 -0.09962258 -0.0022235182 0.08514588 0.012562483 0.99514025 -0.047837283
18870857.416 0.042162318 -0.0989425 -0.002682909 0.074664846 0.014197784 0.9960119 -0.04673302
18920834.094 0.031183617 -0.09730331 -0.002745547 0.06655665 0.01728586 0.99650896 -0.047343712
18970993.769 0.019870276 -0.09499281 -0.0020920068 0.05789636 0.01753058 0.9969682 -0.048940446
19021161.194 0.009433459 -0.091296375 -0.0019105091 0.048237476 0.015067892 0.997479 -0.049817666
19071122.123 -0.00060685945 -0.08738604 -0.0015763055 0.039752606 0.011711824 0.9979308 -0.04916108
19120892.555000003 -0.009317769 -0.08442167 -0.0014807434 0.032326918 0.009153221 0.9983392 -0.046798233
19170663.236 -0.017030215 -0.081892386 -0.0014789563 0.025356188 0.00890959 0.9987246 -0.042742737
19220569.166 -0.023949359 -0.079062164 -0.0018863173 0.01688596 0.010650253 0.99907255 -0.03815164
19270661.092 -0.029190868 -0.075791225 -0.0021112217 0.0101722665 0.0137359295 0.9992922 -0.033512317
19320729.018999998 -0.032453023 -0.07250203 -0.0022413922 0.007655717 0.016010242 0.9994563 -0.027788388
19370761.696 -0.034621324 -0.06952749 -0.0017707747 0.008049261 0.015247698 0.99962485 -0.021284498
19420730.625 -0.03730969 -0.06694187 -0.0012625101 0.009214816 0.015402205 0.99971944 -0.015462084
19470573.055 -0.039201736 -0.06254391 -0.00040481545 0.009818322 0.012744505 0.9997994 -0.011933711
19520523.234 -0.04032603 -0.05994834 0.0008660089 0.012429443 0.00829739 0.9998171 -0.011937498
19570526.662 -0.04098546 -0.05626551 0.0028575696 0.017104728 0.0028061063 0.9997753 -0.0122048985
19620607.088 -0.04168597 -0.050282527 0.0050528445 0.021687388 -0.0043628425 0.99966264 -0.013614704
19670678.765 -0.042599156 -0.045318864 0.00745558 0.021625953 -0.0080480715 0.99958473 -0.017261283
19720719.442 -0.045145966 -0.03855938 0.008440206 0.015913116 -0.006974776 0.9997005 -0.017237391
19770720.12 -0.04848867 -0.032108855 0.009064929 0.006551731 -0.0030974438 0.9998722 -0.01425257
19820721.048 -0.05232565 -0.023860995 0.009631898 -0.0060199853 0.0005217528 0.999891 -0.01347495
19870721.726 -0.055028472 -0.016251862 0.009963304 -0.018398535 0.0036671844 0.99966365 -0.017908923
19920722.404 -0.05615669 -0.007967859 0.01036384 -0.02755457 0.0049787327 0.9992891 -0.025246948
19970738.582 -0.053989023 -0.00042060984 0.01143272 -0.030341038 0.004483982 0.9990326 -0.031514302
20020819.008 -0.050411187 0.0058037983 0.012499655 -0.028618101 0.0019393251 0.99896926 -0.035182152
20070954.684 -0.045169257 0.011255349 0.013625685 -0.027013253 0.0017731987 0.99875295 -0.041948132
20121050.36 -0.03753084 0.015606212 0.01502091 -0.024421142 0.0030257932 0.9985707 -0.047446366
20171067.038000003 -0.02993327 0.018869909 0.015249177 -0.019695744 0.002355772 0.9985656 -0.0497315
20221067.716000002 -0.021368902 0.02087407 0.0153621435 -0.013566698 0.00083295885 0.99862814 -0.050567664
20271092.143000003 -0.012415682 0.022193631 0.014593959 -0.0057205493 -0.0020311032 0.9986704 -0.05119184
20321204.07 -0.0038514314 0.0223722 0.013231947 -0.00096115307 -0.0041473918 0.9986245 -0.052259378
20371355.745 0.0049684728 0.022388287 0.011731 0.005064737 -0.0044322894 0.9985817 -0.052814167
20421443.421 0.013920667 0.021940758 0.009946952 0.009678794 -0.0044918996 0.9984893 -0.053901147
20471360.351 0.022648672 0.021138756 0.007925181 0.013251457 -0.0045676236 0.99837416 -0.055250704
20521151.281999998 0.031619657 0.020616664 0.0058540404 0.017898675 -0.007462977 0.9981373 -0.057844818
20571128.46 0.04156665 0.019966504 0.0041814786 0.026165247 -0.009612992 0.9979015 -0.058443446
20621398.884 0.05207533 0.018776702 0.002447602 0.03531276 -0.010676406 0.99763316 -0.058028374
20671819.555 0.06268872 0.017212108 0.0007056707 0.043977205 -0.010668136 0.99728894 -0.058025658
20721931.231 0.072649 0.015519566 -0.00070366584 0.051314693 -0.011280719 0.9968865 -0.05879548
20771773.661999997 0.08214572 0.013236567 -0.0016819908 0.057583395 -0.011996328 0.996533 -0.05884243
20821599.842 0.09060172 0.010705279 -0.0022909776 0.062488984 -0.011651198 0.9963904 -0.056263473
20871537.020999998 0.098847315 0.0073486054 -0.0024517188 0.06744037 -0.011861769 0.9961253 -0.055186562
20921577.698000003 0.10640105 0.0031867533 -0.0020005363 0.07228252 -0.012613831 0.9958253 -0.054297358
20971657.625 0.11362134 -0.0018261978 -0.0009530143 0.074178144 -0.013685356 0.9955878 -0.055815145
21021682.053 0.12101563 -0.006795206 0.0007764421 0.07386943 -0.013843304 0.99552876 -0.05722115
21071658.981 0.1286051 -0.012573788 0.0035727876 0.07406518 -0.014399818 0.99533504 -0.06012651
21121620.158999998 0.13778308 -0.018422829 0.0067620855 0.08074755 -0.016127814 0.9946067 -0.06306694
21171613.088000003 0.14833507 -0.025482032 0.010127543 0.09436309 -0.017961409 0.9935009 -0.06106638
21221645.765 0.15814185 -0.033501886 0.0137754725 0.10871338 -0.019685263 0.99214536 -0.058665015
21271669.941999998 0.16654089 -0.041118436 0.016751304 0.11898711 -0.019480307 0.99102396 -0.057742532
21321615.121000003 0.17280662 -0.049403995 0.019417215 0.12428287 -0.01567214 0.99051625 -0.056442607
21371496.801 0.17752224 -0.057607394 0.021354958 0.12305827 -0.008983708 0.9908856 -0.05405208
21421363.231000002 0.17919111 -0.06402076 0.023484485 0.11703472 -0.0010284939 0.99169993 -0.05322701
21471268.411000002 0.17999154 -0.07164383 0.025748616 0.11059859 0.006210255 0.9922589 -0.056139752
21521293.088 0.17989378 -0.07811928 0.028138451 0.10879538 0.012094287 0.9924271 -0.05572965
21571452.514000002 0.17961915 -0.08367031 0.030882388 0.108980596 0.014933096 0.9923201 -0.056577407
21621556.19 0.17757012 -0.08883178 0.033291165 0.10860327 0.016790468 0.99222445 -0.058429983
21671409.12 0.17355461 -0.0925169 0.03385173 0.105017856 0.017731864 0.9926113 -0.058134634
21721201.051 0.16823094 -0.09703651 0.036293495 0.10185416 0.017370595 0.99277776 -0.060962055
21771106.231000002 0.16197625 -0.099966295 0.037346963 0.09913623 0.01663205 0.99296194 -0.06262544
21821265.906000003 0.15454997 -0.102108315 0.03752953 0.09459132 0.015552655 0.99343807 -0.062382173
21871544.33 0.14421521 -0.104760915 0.037737913 0.08844105 0.013955246 0.9940427 -0.062150143
21921608.006 0.1333114 -0.10662372 0.036871612 0.07765741 0.01451787 0.9950121 -0.060907077
21971355.439 0.12188809 -0.10779266 0.036175955 0.0677774 0.014681436 0.99569625 -0.061479088
22021062.621 0.11084546 -0.108510286 0.03479988 0.057513498 0.01511628 0.99638623 -0.0606477
22070928.801000003 0.099864714 -0.10908401 0.033485707 0.049853273 0.014488684 0.9969024 -0.059079323
22121095.977 0.08861919 -0.10895334 0.031737734 0.041721586 0.015300374 0.9974287 -0.056225184
22171350.15 0.07710341 -0.10827037 0.029448932 0.031310998 0.017860789 0.99787015 -0.05436761
22221430.327 0.065289155 -0.105866775 0.026512519 0.019357372 0.022021389 0.9982274 -0.051792804
22271169.259 0.05391 -0.10475542 0.023466375 0.0044161812 0.028873028 0.9983551 -0.04933704
22320836.942 0.04307349 -0.10201704 0.019504158 -0.0113317035 0.03412344 0.99829733 -0.045929793
22370703.123 0.032546166 -0.09901162 0.015538716 -0.025797443 0.03795325 0.9979775 -0.043988045
22420711.3 0.02369992 -0.09449483 0.0116032325 -0.035562128 0.03941227 0.9977257 -0.041538224
22470783.727 0.017497137 -0.08865725 0.007868899 -0.038746823 0.038356166 0.99775773 -0.03882119
22520816.404999997 0.012171466 -0.08179561 0.0055653662 -0.03990547 0.037329387 0.9977641 -0.038481407
22570785.083 0.008532375 -0.07462618 0.0028233149 -0.042218048 0.037448213 0.99762756 -0.039428122
22620730.512 0.006206788 -0.0665687 0.00088805903 -0.04507542 0.037463367 0.9973014 -0.04421261
22670715.19 0.0046332967 -0.058135867 -0.0012584985 -0.048650414 0.03554117 0.9969324 -0.04995818
22720787.367 0.004758431 -0.049684066 -0.0029702075 -0.052386936 0.03322507 0.9965463 -0.055201948
22770915.042999998 0.006316439 -0.04103711 -0.004905094 -0.053117115 0.030607827 0.99640787 -0.05842247
22821066.468 0.009987019 -0.03361139 -0.0058321306 -0.051109076 0.028532108 0.99638164 -0.061623566
22871178.143999998 0.015840359 -0.027403599 -0.007013174 -0.045596953 0.028078368 0.99648 -0.06449992
22921194.822 0.02254236 -0.021080267 -0.007879238 -0.038943272 0.027049752 0.9965509 -0.06810322
22971156.0 0.030530844 -0.015177322 -0.008695522 -0.032661375 0.02741977 0.9964298 -0.07286357
23021132.679 0.039634865 -0.010000457 -0.009400184 -0.024674723 0.029968517 0.99620193 -0.07794082
23071189.106 0.04999547 -0.005508185 -0.00998207 -0.015359706 0.033985205 0.9960014 -0.08118046
23121308.781 0.06066636 -0.0024665936 -0.010515708 -0.005720098 0.03804953 0.99583656 -0.0826384
23171420.708 0.07192266 0.00027423614 -0.011071285 0.0053079384 0.040314667 0.9956229 -0.08415246
23221445.385 0.0826777 0.0020769564 -0.012006308 0.015367304 0.041109167 0.9954284 -0.08483087
23271398.564 0.09252374 0.00336345 -0.012810391 0.023119396 0.03942422 0.9953672 -0.08458952
23321454.741 0.10193382 0.0034663123 -0.013502364 0.030907298 0.036125127 0.99534273 -0.0838607
23371613.915999997 0.11117005 0.0023060008 -0.013630322 0.038730066 0.033233874 0.99523085 -0.08313258
23421741.592 0.12049355 -1.7512939e-06 -0.013460639 0.046669852 0.030764652 0.99509 -0.08167924
23471750.02 0.1299567 -0.0031451196 -0.0131861735 0.054683626 0.02905461 0.99486566 -0.08005023
23521663.698999997 0.1394319 -0.0070585385 -0.012622182 0.062180743 0.028095877 0.994705 -0.07685143
23571569.379 0.14824235 -0.01150662 -0.0113626635 0.0698486 0.027387109 0.99438405 -0.07464293
23621530.307 0.15747091 -0.016413666 -0.009719548 0.07976321 0.027669596 0.99374825 -0.07305241
23671554.985 0.1664487 -0.021650145 -0.0077906926 0.09149669 0.027640602 0.9928673 -0.07126654
23721587.162 0.17494124 -0.027242929 -0.005902032 0.10321992 0.026463544 0.99197084 -0.06811172
23771595.84 0.1820161 -0.033430304 -0.0039182007 0.11259209 0.024907531 0.9911588 -0.06562738
23821566.018 0.18797004 -0.038956974 -0.0015337206 0.12026634 0.024472151 0.9903378 -0.06456178
23871478.448 0.19307429 -0.045019522 0.00052637816 0.12620386 0.02523533 0.9896857 -0.06291277
23921408.377 0.1974725 -0.05074684 0.002766926 0.1323838 0.025233746 0.98894465 -0.06185728
23971369.055 0.20081402 -0.056835644 0.004880221 0.13516125 0.026715226 0.98855495 -0.061456464
24021369.733 0.20316666 -0.06393694 0.0073065427 0.1372443 0.029367073 0.9882154 -0.061089907
24071486.909 0.20387377 -0.07009918 0.009803686 0.13912767 0.031625938 0.98790467 -0.060726862
24121434.588 0.20346919 -0.07679828 0.013147943 0.14312857 0.031728607 0.9872998 -0.061209716
24171379.766999997 0.20158534 -0.082639284 0.016650768 0.14525805 0.030249884 0.98696005 -0.062408954
24221301.446 0.19808276 -0.08760476 0.019904446 0.14314456 0.02882824 0.987241 -0.063511625
24271262.373999998 0.19271106 -0.09332051 0.02421711 0.139961 0.027441274 0.98762625 -0.06521018
24321326.551 0.18750106 -0.097839504 0.026187768 0.13552663 0.027551165 0.9883814 -0.06305413
24371446.227 0.18099721 -0.101769485 0.027943706 0.12980078 0.029078795 0.9892006 -0.061550472
24421447.155 0.17368479 -0.10497676 0.029458698 0.12304171 0.031073656 0.9900438 -0.06089661
24471289.336 0.16581814 -0.10600766 0.030487943 0.11453245 0.033475686 0.9910038 -0.060606174
24521123.516 0.15734434 -0.10458283 0.031185796 0.104225025 0.036321703 0.99201685 -0.06099597
24571132.194000002 0.1491174 -0.1008774 0.031824052 0.09214625 0.038951717 0.9929387 -0.063754484
24621355.118 0.14355488 -0.09610487 0.03230375 0.082251094 0.041233703 0.9934608 -0.06760377
24671601.292 0.13848175 -0.0897842 0.033158123 0.07787765 0.04200291 0.99342716 -0.07261748
24721554.471 0.1357982 -0.08255455 0.03337625 0.07679512 0.04174 0.99307775 -0.07846645
24771372.652000003 0.13318387 -0.07420277 0.03327092 0.07722211 0.04043633 0.9926757 -0.08364578
24821270.581 0.131963 -0.06579638 0.03232381 0.076990075 0.038517915 0.9923282 -0.08873411
24871382.258 0.13005215 -0.058008246 0.030843148 0.07466275 0.035669614 0.99220705 -0.09315751
24921774.179 0.13020217 -0.050397363 0.028198272 0.07086178 0.032629136 0.9924085 -0.09507529
24972113.101 0.13023321 -0.04388374 0.025869152 0.071068786 0.03192028 0.9921753 -0.097563535
25022224.777 0.13191238 -0.038276017 0.023208946 0.07282307 0.030972743 0.9918364 -0.0999902
25072154.707 0.13606091 -0.033652935 0.020016894 0.07583809 0.030191142 0.9915379 -0.100943916
25122051.886 0.14036605 -0.029596796 0.016837806 0.0806675 0.029601471 0.9912571 -0.10013011
25171981.814999998 0.14526658 -0.02611209 0.013545129 0.08516845 0.030715527 0.99101317 -0.09846749
25221934.994 0.15113081 -0.023404112 0.010756308 0.09074983 0.03241158 0.9905938 -0.097149685
25271947.422000002 0.15762262 -0.021293098 0.008033477 0.09735195 0.032717533 0.99006146 -0.096075654
25321848.851 0.16461152 -0.019628515 0.005509551 0.10458996 0.03222977 0.9894455 -0.09497257
25371770.53 0.17197752 -0.018718801 0.0032977026 0.11157935 0.031578794 0.9889174 -0.092710406
25421675.959999997 0.17959131 -0.019044124 0.0019217604 0.118479416 0.03038197 0.98829025 -0.091225095
25471589.889000002 0.1874224 -0.021022405 0.0011842279 0.12629709 0.029540082 0.98745126 -0.09009166
25521518.818 0.19600292 -0.024123536 0.00088635995 0.13668373 0.027879613 0.98623186 -0.08880913
25571488.246999998 0.20491976 -0.028017998 0.0013465099 0.14912897 0.026412277 0.9845958 -0.08737435
25621464.924999997 0.21332364 -0.032892127 0.0023232982 0.16075262 0.025170693 0.98294306 -0.08572053
25671441.603 0.22112644 -0.038581144 0.0038606906 0.16931595 0.025828324 0.9815229 -0.08531001
25721371.282 0.22822712 -0.044876184 0.0061259554 0.1748567 0.027564617 0.9804458 -0.085974194
25771284.462 0.23510687 -0.05197885 0.008399531 0.18064666 0.030300617 0.97934306 -0.08565007
25821253.889999997 0.2404255 -0.059640817 0.010452084 0.18697006 0.033124693 0.97829086 -0.0830184
25871333.567 0.24520805 -0.06786923 0.012172871 0.19122604 0.036346346 0.9776557 -0.07937836
25921437.743 0.24766728 -0.0769362 0.01428895 0.19273458 0.03878578 0.97754973 -0.07579973
25971398.672 0.24926199 -0.085465215 0.01694042 0.19418804 0.04103067 0.97741383 -0.07259329
26021224.852 0.24990813 -0.093108594 0.019468673 0.19662772 0.042623494 0.97711724 -0.06901225
26071075.033 0.24951021 -0.10040081 0.022314444 0.19889586 0.041674804 0.97677946 -0.067864336
26121131.209999997 0.24665014 -0.10553777 0.026339494 0.19907236 0.040015418 0.9767802 -0.06833369
26171337.884 0.24218732 -0.110234 0.030345704 0.19784264 0.038244206 0.9770584 -0.06893833
26221489.81 0.23671065 -0.11366552 0.03359057 0.19212927 0.03743718 0.9782944 -0.06800721
26271347.490000002 0.22864793 -0.11679811 0.037969954 0.18682764 0.038125217 0.9792819 -0.068182714
26321078.672 0.2201378 -0.11916041 0.04202376 0.17992423 0.039267436 0.980387 -0.07019127
26370960.602 0.21106999 -0.11962985 0.045992214 0.17129986 0.03899998 0.98174685 -0.07285969
26421217.026 0.20144248 -0.11897153 0.04966367 0.16505381 0.040181626 0.9826894 -0.07392134
26471583.448000003 0.19187835 -0.1171199 0.052802417 0.15803304 0.042551186 0.9836769 -0.074798696
26521827.121999998 0.18042079 -0.113660686 0.055636782 0.14689532 0.04445748 0.9850979 -0.07763635
26571653.301999997 0.1686993 -0.10920869 0.05770129 0.13429753 0.04634744 0.98648244 -0.0816607
26621384.485 0.15700655 -0.10372509 0.058830313 0.12024338 0.047955196 0.98798686 -0.08440282
26671242.415 0.14549199 -0.09745776 0.059877977 0.10908789 0.047370423 0.98900324 -0.08791177
26721322.592 0.13484193 -0.09086219 0.05982423 0.10086952 0.044332944 0.989871 -0.08952852
26771632.265 0.12489943 -0.08509252 0.059845436 0.09428994 0.039159477 0.9906637 -0.09034091
26821910.688 0.116076805 -0.07911999 0.0586524 0.08754628 0.033388145 0.99154395 -0.089785434
26871911.366 0.10814666 -0.073470905 0.05732254 0.08272704 0.029096203 0.99219024 -0.08870369
26921785.546 0.101351835 -0.06888304 0.055194482 0.07557217 0.027404329 0.9928811 -0.08789193
26971675.226 0.09544318 -0.06361441 0.052330427 0.06865359 0.027950127 0.99356323 -0.085659884
27021652.154 0.09205165 -0.058290258 0.049668565 0.06432677 0.028097836 0.994091 -0.082799844
27071692.331 0.089766525 -0.053240187 0.047304936 0.06434118 0.027589846 0.99421537 -0.08145517
27121764.507999998 0.09048741 -0.04603403 0.044849698 0.06733526 0.025640655 0.9941614 -0.08032252
27171820.935 0.09237137 -0.040520385 0.043072794 0.07147523 0.022668894 0.9936756 -0.08358391
27221877.112 0.096154414 -0.034907915 0.04087094 0.07571344 0.02161202 0.9931687 -0.08611898
27271980.788000003 0.102509215 -0.029895287 0.038750865 0.07967469 0.022923263 0.99249935 -0.08984146
27322116.464 0.11080324 -0.025447281 0.036970828 0.08590224 0.025211195 0.99146396 -0.09478622
27372244.14 0.121150754 -0.022115206 0.0356842 0.0983932 0.027348896 0.9899254 -0.098074265
27422331.816 0.13220485 -0.019070104 0.034490578 0.11172922 0.03015244 0.9881204 -0.10112212
27472316.994 0.14303929 -0.01760397 0.03330884 0.12012329 0.03463617 0.9868157 -0.102788724
27522222.674 0.15292993 -0.017055208 0.032653876 0.12534505 0.040326796 0.9858474 -0.10376586
27572056.854 0.1626094 -0.017944792 0.032496624 0.13176988 0.046373807 0.98472416 -0.10394475
27621884.785 0.17300953 -0.01951058 0.03226678 0.14169045 0.049843043 0.9832293 -0.10343953
27671709.216000002 0.18384866 -0.022358468 0.03201497 0.15329204 0.05012209 0.98158383 -0.102384485
27721638.395 0.19494577 -0.026715804 0.032173052 0.16520911 0.050846793 0.9796616 -0.10190066
27771631.573000003 0.20543405 -0.03310719 0.032293793 0.1760194 0.05051336 0.97796607 -0.10023979
27821647.751000002 0.21447363 -0.03991583 0.032452364 0.1862139 0.046266187 0.97673047 -0.0958202
27871617.429 0.22217143 -0.04679043 0.03213338 0.19214164 0.04150662 0.97604257 -0.0932728
27921514.858999997 0.22694619 -0.053295657 0.032971922 0.19281328 0.039176222 0.9761152 -0.09212702
27971412.788 0.23223074 -0.06056252 0.03353952 0.19020008 0.039823867 0.9764965 -0.09323395
28021357.967 0.23649512 -0.067580126 0.03451723 0.1915033 0.03919958 0.9764325 -0.09148521
28071374.145 0.2414613 -0.074639596 0.035839904 0.19915766 0.036407493 0.97510487 -0.090450525
28121462.321 0.24596421 -0.08165901 0.036615036 0.20940028 0.030821346 0.9733867 -0.08786301
28171502.498 0.24845989 -0.088565156 0.037356168 0.21605206 0.026235774 0.9724164 -0.08390239
28221416.178 0.24599937 -0.09574837 0.039348096 0.2156735 0.021997303 0.9728573 -0.08093094
28271305.608 0.24116525 -0.10300178 0.041401744 0.20873335 0.020021735 0.97442144 -0.080823734
28321227.287 0.2345823 -0.109148696 0.043711446 0.1987199 0.020069398 0.97657114 -0.08010238
28371211.965 0.22619286 -0.115505196 0.046592105 0.18909702 0.020357477 0.9785807 -0.07878963
28421284.392 0.2174003 -0.12096444 0.049621478 0.18340053 0.018836807 0.9797983 -0.077490285
28471380.068 0.20770614 -0.12564807 0.05323842 0.1778179 0.015351874 0.9808743 -0.07765803
28521372.746000003 0.19680203 -0.1293184 0.056574654 0.17189655 0.011807499 0.98193944 -0.0781486
28571230.926 0.18459897 -0.13228469 0.059269816 0.16378652 0.009410675 0.98332596 -0.07845689
28621112.856 0.17108098 -0.13491838 0.061511066 0.15367217 0.007961431 0.9850161 -0.077877074
28671161.033 0.15674551 -0.13702647 0.06202077 0.14197019 0.007962184 0.9869235 -0.07591489
28721363.957999997 0.1421956 -0.1391272 0.06172466 0.12948401 0.0070333946 0.98886967 -0.072946586
28771456.134000003 0.12731726 -0.14056431 0.06026099 0.115839444 0.00793485 0.9908164 -0.06929082
28821259.814999998 0.11252589 -0.14084601 0.05815997 0.10215934 0.010658551 0.9925681 -0.06525729
28870973.998 0.0978686 -0.13997324 0.055320792 0.086670615 0.012190699 0.99419403 -0.062593095
28920847.678 0.082270764 -0.1367753 0.051564764 0.070853986 0.011455578 0.9956315 -0.059720386
28970975.354000002 0.06838154 -0.13280281 0.048159156 0.057441965 0.010505959 0.9965942 -0.058224626
29021205.528 0.055001814 -0.12673692 0.045007307 0.045760974 0.009423078 0.99726576 -0.05725635
29071325.454 0.042451147 -0.11970876 0.042298 0.033886503 0.00692258 0.99762154 -0.05962479
29121191.634 0.031759597 -0.11281023 0.040506594 0.022675285 0.0031672332 0.9976785 -0.06413637
29170938.316000003 0.022653738 -0.10543068 0.039274067 0.015233086 -0.00084789563 0.9975271 -0.06860676
29220820.246 0.015724724 -0.09768918 0.038820114 0.012185098 -0.003800655 0.9973585 -0.071506724
29270924.422000002 0.009479897 -0.09074358 0.038137075 0.009286172 -0.00599628 0.997112 -0.07513762
29321131.097 0.0040992456 -0.084518746 0.03732709 0.005148564 -0.0073351287 0.99690366 -0.07812023
29371290.272 -0.00025452807 -0.07719962 0.036512706 0.0027669296 -0.007931234 0.99697804 -0.07722868
29421267.2 -0.0026388092 -0.07022075 0.035126954 9.302732e-05 -0.00826205 0.9968684 -0.07864578
29471030.382 -0.003548982 -0.06350442 0.033901915 -0.0010814868 -0.008459792 0.99652743 -0.08282726
29520872.063 -0.0026831743 -0.055641007 0.032219864 -0.0011503273 -0.00851465 0.9961575 -0.08715701
29571023.738 -0.0013500536 -0.048235662 0.030686691 0.0034336534 -0.008691118 0.9956787 -0.09239359
29621429.158999998 0.0040406003 -0.03987427 0.028283408 0.01083177 -0.007874179 0.9952079 -0.09686035
29671883.080000002 0.010072483 -0.032087177 0.02597227 0.020535411 -0.006642832 0.99451 -0.1023922
29721811.259 0.016927574 -0.025260817 0.023428112 0.031240107 -0.003640709 0.9936083 -0.108413436
29771597.69 0.025182284 -0.018742485 0.020582365 0.044698972 -0.0015405646 0.9923376 -0.11517729
29821510.87 0.03424167 -0.01297231 0.017869124 0.058381498 -0.0005892725 0.9910841 -0.11976485
29871694.295 0.043969166 -0.009034619 0.014960222 0.07034978 0.0011739113 0.98990154 -0.123063095
29922011.967 0.053999316 -0.0067060315 0.012359346 0.07968567 0.004531349 0.9889166 -0.12519471
29972171.893 0.06411319 -0.006002443 0.010171232 0.088330455 0.008854064 0.9880356 -0.1261147
30022013.573 0.07464453 -0.0065411525 0.008229207 0.098603494 0.013460903 0.98687506 -0.12717654
30071721.256 0.08501569 -0.008543654 0.0065935915 0.109794185 0.017488059 0.9858086 -0.12578073
30121491.937999997 0.095936865 -0.01178476 0.0049184994 0.12352435 0.019773217 0.9842924 -0.12457645
30171453.116 0.106744364 -0.015440591 0.0030326068 0.1387987 0.021064047 0.982261 -0.12431673
30221572.542 0.11664364 -0.020745732 0.000907511 0.15145025 0.023187026 0.9807203 -0.12129747
30271708.218000002 0.12516057 -0.027856225 -0.0012869269 0.16000117 0.025747925 0.9798694 -0.11658701
30321716.895999998 0.13175645 -0.035561796 -0.002999931 0.16640672 0.027343355 0.97939265 -0.111136034
30371638.325 0.13674234 -0.044338122 -0.0037294456 0.17112914 0.026229708 0.97934115 -0.1044885
30421536.004 0.14066261 -0.052750304 -0.0038817793 0.17718424 0.023156425 0.9786566 -0.10149288
30471465.184 0.14389585 -0.06121983 -0.0040162667 0.1822948 0.023538198 0.97803277 -0.098318465
30521426.362 0.14677206 -0.070217475 -0.004143573 0.18818158 0.027788509 0.97720325 -0.094283946
30571419.04 0.14772172 -0.07931923 -0.0041982015 0.19193181 0.03191554 0.9767269 -0.090267815
30621380.219 0.1456844 -0.08639808 -0.0029800194 0.19387183 0.034588985 0.9765293 -0.08722338
30671301.648000002 0.14220302 -0.09488264 -0.002699445 0.18932278 0.03687728 0.9774537 -0.0859145
30721215.327 0.13593239 -0.10143089 -0.0016149951 0.18354952 0.037970793 0.9786983 -0.08377004
30771192.006 0.12708479 -0.10740662 5.1177107e-05 0.17589726 0.037151232 0.9802406 -0.0825131
30821272.432 0.11672189 -0.11187197 0.0023604627 0.16755603 0.032687925 0.9819709 -0.081176855
30871392.108 0.1063033 -0.1149691 0.0045646685 0.16096497 0.02556644 0.983176 -0.08247232
30921384.786000002 0.09492318 -0.11660454 0.006406802 0.15498301 0.019731807 0.98420286 -0.083280616
30971250.466000002 0.08333459 -0.11775925 0.0078783585 0.14737442 0.017655363 0.98546004 -0.08268944
31021116.895999998 0.07174714 -0.11768311 0.008749651 0.139823 0.017922638 0.98653954 -0.0828745
31071125.073999997 0.059715908 -0.1166626 0.009651028 0.13457832 0.019844454 0.98712605 -0.08412511
31121308.248999998 0.04841858 -0.114360265 0.009517188 0.12917131 0.023224805 0.9878847 -0.08282062
31171499.674 0.036591984 -0.1119936 0.009361888 0.12043089 0.024496935 0.98907477 -0.08140973
31221515.602 0.024719039 -0.1084259 0.008576528 0.11070601 0.027135253 0.99029195 -0.079559594
31271215.783999998 0.0130441645 -0.10494054 0.007430125 0.0988636 0.029340854 0.9914977 -0.07935665
31321049.715 0.00243628 -0.100608066 0.005835361 0.08885893 0.03034026 0.99243385 -0.07911197
31371073.893 -0.0058044 -0.09521708 0.004307849 0.086224005 0.029192613 0.9927504 -0.0784845
31421336.566000003 -0.012316071 -0.0880518 0.0028718456 0.09150895 0.025632393 0.99235886 -0.07869577
31471559.490000002 -0.017411588 -0.08106968 0.0010031846 0.09865021 0.021214483 0.9917148 -0.0794982
31521377.671 -0.02115479 -0.074079946 -0.001409567 0.09944579 0.017135192 0.9917807 -0.078664005
31571132.353 -0.025989816 -0.06744516 -0.0036315378 0.095733665 0.015587368 0.9920794 -0.079816595
31621030.283 -0.030914849 -0.061120078 -0.006189422 0.090968944 0.016598376 0.9921994 -0.083603516
31671229.458 -0.032861162 -0.053333096 -0.009025317 0.0904583 0.017072883 0.9918663 -0.08790422
31721579.13 -0.033394303 -0.04462774 -0.01170278 0.09582052 0.015382443 0.99113387 -0.09074982
31771658.805999998 -0.030820064 -0.03741149 -0.014038751 0.10048854 0.01152745 0.9905599 -0.092521966
31821453.488 -0.028480386 -0.030434258 -0.016991625 0.10568005 0.0065616625 0.9897436 -0.09589747
31871247.919 -0.025757514 -0.024021968 -0.020293294 0.108557165 0.0053336895 0.98921645 -0.09817251
31921233.097 -0.021840505 -0.018426161 -0.024091385 0.111962356 0.007994324 0.98860794 -0.100274205
31971440.022 -0.01743637 -0.013522025 -0.027586197 0.11671902 0.010308018 0.9877961 -0.10261261
32021718.195000004 -0.012394642 -0.009545089 -0.03158287 0.11878844 0.011946242 0.98742294 -0.10364666
32071774.371999998 -0.006726383 -0.0065566176 -0.03463449 0.123555355 0.012025687 0.98653156 -0.10651304
32121640.552 -1.730278e-05 -0.004382271 -0.037127554 0.12949648 0.010298167 0.9853972 -0.110077105
32171466.733 0.007882902 -0.0031562473 -0.039006315 0.13806611 0.009929987 0.98388374 -0.113189854
32221380.162 0.016298374 -0.0031041112 -0.040468737 0.14667027 0.0114432005 0.9826005 -0.11337217
32271470.839 0.025146112 -0.0048543373 -0.041594483 0.15502764 0.014223337 0.9813825 -0.11248398
32321548.015 0.03353212 -0.0071846363 -0.042564534 0.16204405 0.017424323 0.9805479 -0.109379925
32371628.192 0.04181007 -0.010350261 -0.04347916 0.16856684 0.019483209 0.97947246 -0.10880873
32421666.119 0.049264126 -0.013873841 -0.044272594 0.17407091 0.021206012 0.97861224 -0.10755296
32471502.8 0.056401838 -0.018436395 -0.044919 0.18064289 0.022972621 0.97740585 -0.107323244
32521400.979000002 0.062570065 -0.024321327 -0.04564016 0.1860801 0.025244497 0.97656965 -0.10511275
32571354.158000004 0.06762216 -0.031505127 -0.04635 0.19010815 0.027770054 0.97613084 -0.10127325
32621362.586 0.071609005 -0.038824394 -0.046572663 0.19274472 0.02922463 0.9758325 -0.09872365
32671363.264 0.074955456 -0.046736296 -0.04655862 0.19458331 0.030615576 0.9756451 -0.09652313
32721308.443000004 0.07640155 -0.05517378 -0.046107642 0.19573915 0.030112201 0.97561574 -0.094622225
32771245.621999998 0.076883554 -0.062974446 -0.04628279 0.19368012 0.02894523 0.97632885 -0.091826886
32821199.05 0.07532055 -0.07092102 -0.04583534 0.18966503 0.029499335 0.97748363 -0.08765145
32871231.228000004 0.07161283 -0.07691536 -0.04503917 0.1851697 0.030635899 0.9784425 -0.08616275
32921318.904 0.068514965 -0.0838657 -0.044185475 0.17995176 0.033873957 0.97946393 -0.084382586
32971375.081000004 0.06468188 -0.089730844 -0.042738583 0.17633249 0.037508834 0.98022044 -0.081657715
33021328.26 0.05981415 -0.09387494 -0.040465306 0.17363217 0.03870317 0.9807934 -0.07998896
33071234.189 0.053726926 -0.098311834 -0.038105544 0.1683253 0.03655879 0.9819018 -0.07873337
33121163.368 0.046103336 -0.1020499 -0.035927612 0.15888192 0.03318684 0.983953 -0.074105725
33171188.046 0.038336616 -0.104101196 -0.03370698 0.14826429 0.031123308 0.986014 -0.06946588
33221283.972 0.030026931 -0.10544611 -0.03163731 0.13616192 0.030184815 0.98795146 -0.06708754
33271308.65 0.021847703 -0.10642304 -0.029423494 0.12200811 0.03106776 0.98998487 -0.06386651
33321174.330000002 0.014255091 -0.10642475 -0.027443727 0.10734521 0.030508 0.99192786 -0.06021129
33370992.511 0.0072162226 -0.10411341 -0.025326025 0.09557419 0.029028546 0.99351746 -0.054277316
33420961.939 0.0013220343 -0.10087008 -0.023932323 0.08698455 0.027903954 0.9947036 -0.04711611
33471105.115 -0.0048172586 -0.09739849 -0.022744259 0.07932914 0.02652121 0.99559915 -0.042259727
33521224.790999997 -0.011668822 -0.09315221 -0.021776412 0.06790322 0.025212487 0.99661046 -0.039000835
33571160.72 -0.017693615 -0.087468155 -0.020812511 0.05573698 0.023349399 0.99747556 -0.03729412
33620817.653 -0.023000292 -0.08154503 -0.01983115 0.047617547 0.019783182 0.99804467 -0.035329722
33670608.585 -0.026869353 -0.07474633 -0.01798023 0.04620305 0.015305926 0.9982324 -0.034105733
33720657.012 -0.029373117 -0.06765838 -0.016406698 0.04654405 0.009143049 0.99827147 -0.034701888
33770871.936000004 -0.03293697 -0.058320224 -0.01520886 0.04635156 0.0016314241 0.99832904 -0.034468994
33821078.861 -0.036366303 -0.048945595 -0.014639364 0.04363489 -0.0046767737 0.99838996 -0.035941496
33871095.538 -0.039554507 -0.04061829 -0.014975946 0.038273796 -0.007432056 0.9983917 -0.041159354
33920937.219 -0.042852864 -0.03194356 -0.015434717 0.030801939 -0.009537058 0.9983098 -0.048351347
33970787.399 -0.044062007 -0.023647588 -0.015822707 0.026404904 -0.011378286 0.9980412 -0.055562157
34020843.576000005 -0.0438019 -0.016428338 -0.016860275 0.02698294 -0.010909145 0.99778503 -0.059816547
34071082.5 -0.041456517 -0.009856331 -0.018171908 0.028916236 -0.009678645 0.9975415 -0.06309711
34121321.174 -0.038411092 -0.0028283813 -0.019791903 0.029981975 -0.0066109686 0.9972633 -0.067254975
34171337.352 -0.033038847 0.0022544889 -0.02085402 0.03452905 -0.0026497415 0.9968267 -0.071674876
34221037.285 -0.025158143 0.0059740134 -0.021888848 0.04337569 0.0015359554 0.996324 -0.07385634
34270775.967 -0.016348932 0.008348753 -0.02273278 0.055738192 0.00540168 0.9955526 -0.07575656
34320911.643 -0.0065886853 0.009334797 -0.023796652 0.067140535 0.009348134 0.99472034 -0.077046804
34371411.812 0.0032159695 0.008804275 -0.025217485 0.07619155 0.013984341 0.99405557 -0.07650419
34421990.481 0.013181415 0.0071759876 -0.026710875 0.087560356 0.01929494 0.9931627 -0.07475797
34471897.410000004 0.023596685 0.0044056135 -0.028062206 0.10225318 0.022546262 0.99189395 -0.071989425
34521533.094000004 0.033947535 0.0013255537 -0.029632501 0.11723261 0.023472272 0.99038404 -0.06960764
34571328.025 0.043324746 -0.001789304 -0.030889342 0.12987877 0.023087973 0.9889039 -0.06832022
34621368.203 0.051452093 -0.0055913907 -0.032317623 0.13849813 0.021624083 0.9877579 -0.068447225
34671559.377 0.0579608 -0.008967133 -0.032612395 0.14639325 0.019042565 0.98674893 -0.067327686
34721702.552999996 0.06376912 -0.013481532 -0.032677606 0.15367258 0.015437075 0.98580456 -0.06584755
34771684.981 0.06902969 -0.018816145 -0.032737076 0.16010034 0.013032053 0.9849704 -0.06349387
34821474.163 0.07274747 -0.023678627 -0.032299355 0.16500996 0.008789977 0.98427755 -0.062387895
34871324.343 0.07510191 -0.02971011 -0.03155366 0.16948238 0.0063542663 0.9836298 -0.06089138
34921277.522 0.07616094 -0.03513097 -0.030176328 0.17286287 0.0063022976 0.98317665 -0.058672797
34971333.699 0.076294586 -0.039470904 -0.028868798 0.1724056 0.0077333865 0.9832814 -0.058089808
35021421.625 0.07451314 -0.043151073 -0.027565893 0.16882917 0.008491316 0.9838366 -0.059077322
35071446.302999996 0.071819976 -0.04645475 -0.02585559 0.16542551 0.00869357 0.984428 -0.05882542
35121406.981 0.06953486 -0.04978187 -0.025517333 0.1626273 0.009351011 0.9850376 -0.056265347
35171360.410000004 0.066307224 -0.052627277 -0.024857376 0.16092108 0.008888784 0.9855215 -0.05265808
35221345.588 0.062426537 -0.05530065 -0.024998516 0.1598493 0.0072718775 0.9859328 -0.048288368
35271330.265999995 0.05835505 -0.057458274 -0.025285173 0.15730447 0.004980971 0.98659134 -0.043221157
35321306.945 0.053122275 -0.058337748 -0.025386415 0.15197052 0.003497712 0.9877058 -0.03646789
35371244.124 0.04698346 -0.05908371 -0.025927069 0.14637583 0.0007037864 0.9886903 -0.032637753
35421173.802999996 0.041285153 -0.059363525 -0.026094303 0.14026935 -0.003204391 0.98959327 -0.031929445
35471127.231 0.035582803 -0.058255337 -0.025682097 0.13546742 -0.006148216 0.9902607 -0.03153567
35521175.408 0.031005166 -0.055945173 -0.025144521 0.13093877 -0.0073781004 0.9908799 -0.030946601
35571287.085 0.02594409 -0.053986233 -0.023641914 0.12737735 -0.008890333 0.9912568 -0.03325825
35621327.511999995 0.021605391 -0.04975727 -0.022839852 0.1227902 -0.009477563 0.9917796 -0.03472618
35671233.191 0.017671607 -0.044926483 -0.021749012 0.11728466 -0.0083668195 0.99237144 -0.03705803
35721138.371 0.013919595 -0.039593372 -0.019815236 0.114445075 -0.006343407 0.99254066 -0.04153501
35771179.048 0.010942001 -0.03274509 -0.018632682 0.11298805 -0.006185778 0.9925575 -0.04500147
35821425.471999995 0.007997002 -0.025934866 -0.017745422 0.10874035 -0.0052794474 0.9929312 -0.047280885
35871688.144999996 0.0055180173 -0.019662658 -0.016778545 0.10134862 -0.0010983503 0.9935479 -0.050890703
35921728.323 0.0033708594 -0.01243395 -0.016231546 0.09339274 0.0039641834 0.9940513 -0.0558951
35971646.752000004 0.002203165 -0.0059672208 -0.01602684 0.08653817 0.008877379 0.9943027 -0.061600614
36021539.682000004 0.0021738615 4.280601e-05 -0.016294226 0.08123714 0.013345214 0.99446106 -0.06534298
36071484.861 0.0029491438 0.0047206036 -0.016930642 0.07918867 0.01651941 0.99455047 -0.0657702
36121493.288 0.0065239193 0.008327888 -0.017275829 0.08119678 0.017394522 0.9944518 -0.0645771
36171509.966 0.011070289 0.01206465 -0.017377406 0.08574692 0.016057491 0.9943371 -0.06069143
36221550.143 0.016746646 0.014039594 -0.017378047 0.09308462 0.012825528 0.9938589 -0.058440905
36271606.57 0.023954717 0.016022807 -0.017507875 0.10356392 0.012495044 0.9929182 -0.05685032
36321686.747 0.031636827 0.01794755 -0.018059151 0.112765625 0.015550431 0.9918771 -0.05676222
36371735.173999995 0.038494263 0.01962513 -0.018113147 0.118992314 0.01945643 0.99105966 -0.057124
36421727.852 0.044977725 0.020633023 -0.018000402 0.12296355 0.021468839 0.9904682 -0.05823969
36471689.031 0.050488636 0.021266736 -0.01761252 0.13020644 0.021027839 0.98951054 -0.05893221
36521634.20900001 0.05602421 0.020795012 -0.017255632 0.13916965 0.019658528 0.9884153 -0.057276867
36571602.888 0.060894888 0.01957948 -0.017006624 0.14732617 0.017160881 0.9874615 -0.054039598
36621580.066 0.064757995 0.017867705 -0.017294114 0.15252861 0.01583757 0.98687744 -0.050568927
36671564.993999995 0.06786569 0.016000029 -0.018086959 0.1557648 0.015983244 0.98656523 -0.046592914
36721534.173 0.0695779 0.014367668 -0.018909698 0.1574665 0.01728407 0.9864855 -0.041857537
36771511.100999996 0.071045175 0.013297767 -0.019978559 0.15750834 0.01934761 0.98663825 -0.03690239
36821480.279 0.07100746 0.012750564 -0.020861799 0.1557275 0.021154998 0.98705775 -0.031913597
36871456.958 0.07040416 0.0128815975 -0.020876354 0.15422976 0.02163561 0.9873703 -0.029068511
36921433.636 0.06866995 0.014938966 -0.020054294 0.15443647 0.02157566 0.98742896 -0.025846608
36971426.814 0.06918066 0.014781293 -0.02014284 0.15255818 0.02167217 0.9876529 -0.028252363
37021435.242 0.06803008 0.014821475 -0.018343976 0.14989354 0.020706715 0.98794085 -0.032803696
37071473.669 0.06617259 0.013832547 -0.016389709 0.14572541 0.019213073 0.988404 -0.038113795
37121492.596999995 0.064526856 0.011138168 -0.0145056015 0.1428864 0.018625937 0.9886703 -0.042043798
37171556.274000004 0.064294286 0.0069047073 -0.013280964 0.1448234 0.016821735 0.9883519 -0.04363405
37221612.701000005 0.064557314 0.0013972021 -0.01259027 0.14826882 0.014310252 0.9878991 -0.04320736
37271653.378 0.06454261 -0.0038831104 -0.012363637 0.15123305 0.011703277 0.98750407 -0.04274678
37321638.056 0.064515725 -0.009371728 -0.013335205 0.15175427 0.010718884 0.9875003 -0.041219126
37371599.235 0.06304246 -0.014427271 -0.014429079 0.15097336 0.010187793 0.98776084 -0.037838984
37421544.663 0.061285317 -0.019044586 -0.015771449 0.14997303 0.009629337 0.98804975 -0.034249693
37471505.342 0.058573235 -0.022651898 -0.017091533 0.1490481 0.007924812 0.9882889 -0.03173345
37521458.521 0.054410856 -0.024295017 -0.018748524 0.14684533 0.005940076 0.9887295 -0.028551644
37571419.949 0.04927042 -0.02555376 -0.02040675 0.14338174 0.0038696872 0.9893246 -0.02575972
37621388.628000006 0.0432823 -0.025502773 -0.022062058 0.13877092 0.00091144646 0.9900226 -0.024437116
37671349.806 0.036649585 -0.02378554 -0.023219423 0.13079824 -0.0009102082 0.9911095 -0.024353523
37721334.484 0.029955652 -0.021582935 -0.02404618 0.12059013 -0.0010565334 0.9923451 -0.026609985
37771343.162 0.023221478 -0.01843197 -0.02407111 0.11006335 -0.0010038888 0.9934774 -0.029795917
37821391.589 0.017633652 -0.015280691 -0.023851583 0.10234016 0.0001392484 0.994182 -0.033595674
37871447.766 0.013518428 -0.011507945 -0.02374189 0.09666035 0.0034276827 0.99466515 -0.035865348
37921511.943 0.010202681 -0.0075312867 -0.023389457 0.09304968 0.006459439 0.99498713 -0.03606612
37971544.621 0.0073480834 -0.00280635 -0.022560209 0.09014649 0.005754459 0.99534214 -0.03368364
38021545.548 0.004875704 0.0017430205 -0.020085499 0.08888979 0.0023644562 0.99548155 -0.03331095
38071514.227 0.003100639 0.006023821 -0.017824342 0.09127872 -0.0026639989 0.99510205 -0.03785625
38121451.406 0.0026350694 0.010109651 -0.015922243 0.093879804 -0.0068784393 0.99458784 -0.043981038
38171444.584 0.0029359448 0.012136184 -0.014697181 0.093698874 -0.008152439 0.9943585 -0.0490444
38221524.511 0.0026573795 0.014157541 -0.013653137 0.09293214 -0.006378314 0.99442303 -0.049455516
38271660.186000004 0.003183636 0.014389574 -0.012364977 0.091577895 -0.004154646 0.994676 -0.047074042
38321739.863000005 0.0037125405 0.015264436 -0.0123527935 0.09177328 -0.0009756151 0.99484795 -0.043063004
38371809.79 0.004126707 0.01615742 -0.012928119 0.09198392 0.0056952797 0.99512625 -0.035074826
38421638.47 0.0050542518 0.017057873 -0.014314456 0.08704739 0.0150374165 0.99578595 -0.024636764
