35654.410301109354 -0.0 -0.0 -0.0 -0.0 -0.0 1.0 -0.0
78995.41030110935 -0.0 -0.0 -0.0 -0.0 -0.0 1.0 -0.0
122336.41030110935 -0.0 -0.0 -0.0 -0.0 -0.0 1.0 -0.0
165677.66030110937 -0.00052470475 -0.0009930615 -0.00010228502 0.00023572805 -0.0021117358 0.9999911 -0.0036514688
209018.41030110937 -0.00020242049 -0.0008444513 -0.00045336047 -0.00045491447 0.001633457 0.9999942 -0.0029644456
252359.41030110934 -0.00020942424 -0.0009775622 -0.00012716849 -9.787288e-06 -0.00021812359 0.999998 -0.002012642
295700.4103011093 -0.00020942424 -0.0009775622 -0.00012716849 -9.787288e-06 -0.00021812359 0.999998 -0.002012642
339041.4103011093 -0.00020942424 -0.0009775622 -0.00012716849 -9.787288e-06 -0.00021812359 0.999998 -0.002012642
382382.4103011093 -0.00020942424 -0.0009775622 -0.00012716849 -9.787288e-06 -0.00021812359 0.999998 -0.002012642
425724.4103011093 -0.00020942424 -0.0009775622 -0.00012716849 -9.787288e-06 -0.00021812359 0.999998 -0.002012642
469065.4103011093 -0.00020942424 -0.0009775622 -0.00012716849 -9.787288e-06 -0.00021812359 0.999998 -0.002012642
512406.41030110937 2.750835e-05 -0.0012699941 -3.7930673e-05 -0.001783883 0.0002736386 0.99999845 -3.4314766e-05
555747.6603011093 2.750835e-05 -0.0012699941 -3.7930673e-05 -0.001783883 0.0002736386 0.99999845 -3.4314766e-05
599088.4103011093 2.750835e-05 -0.0012699941 -3.7930673e-05 -0.001783883 0.0002736386 0.99999845 -3.4314766e-05
642429.4103011093 -0.00045019 -0.00052898936 0.0045522135 -0.0017765439 0.001361639 0.99999624 0.0016072607
685770.4103011093 -0.00045019 -0.00052898936 0.0045522135 -0.0017765439 0.001361639 0.99999624 0.0016072607
729111.4103011093 -0.00045019 -0.00052898936 0.0045522135 -0.0017765439 0.001361639 0.99999624 0.0016072607
772452.4103011093 0.0011535168 -0.0010584558 0.0007877341 -0.0029767433 -0.0006378439 0.999994 0.0016870443
815793.4103011093 0.0011535168 -0.0010584558 0.0007877341 -0.0029767433 -0.0006378439 0.999994 0.0016870443
859134.4103011093 0.0011535168 -0.0010584558 0.0007877341 -0.0029767433 -0.0006378439 0.999994 0.0016870443
902476.4103011093 0.0011535168 -0.0010584558 0.0007877341 -0.0029767433 -0.0006378439 0.999994 0.0016870443
945817.4103011093 0.0011535168 -0.0010584558 0.0007877341 -0.0029767433 -0.0006378439 0.999994 0.0016870443
989158.4103011093 0.007322238 -0.007343812 -0.012669475 -0.0031205846 -0.0032969725 0.999989 0.0012405359
1032499.4103011093 0.005276012 -0.0063524265 -0.012852183 -0.0034335302 -0.0025360093 0.9999895 0.0016723416
1075840.4103011093 0.0033684722 -0.0072051724 -0.020594459 -0.0030192423 -0.002796153 0.9999904 0.0015308559
1119181.6603011093 0.005350212 -0.006871615 -0.016853679 -0.0015702243 -0.0018951515 0.99999547 0.0017472431
1162522.4103011093 0.004379389 -0.0058197654 -0.018686056 -0.0002599089 -0.0012745104 0.999996 0.0025280986
1205863.4103011093 0.004716245 -0.008346584 -0.018096374 0.00073196745 -0.00054524816 0.99999774 0.0019309412
1249204.4103011093 0.0011540446 -0.008569001 -0.021283984 -0.0013748534 -0.0002772831 0.9999955 0.0026755189
1292545.4103011093 0.0036980899 -0.005063847 -0.022842463 2.612259e-05 -0.0014732275 0.9999966 0.002173962
1335886.6603011093 0.004783837 -0.007271406 -0.01699036 -0.0005792884 -0.0023786195 0.9999953 0.0018438584
1379228.4103011093 0.0017804361 -0.00766696 -0.018533155 -0.0010621164 0.0017929983 0.9999958 0.002020386
1422569.4103011093 0.0059776967 -0.0084612155 -0.019148264 -0.00063938263 -0.0020482906 0.999995 0.0023247292
1465910.4103011093 0.0041981335 -0.006715298 -0.016528012 -8.677004e-05 -0.0017694049 0.99999344 0.0031641081
1509251.6603011093 0.0050399723 -0.0061259293 -0.013926896 -0.0008300501 -0.0009791912 0.99999785 0.0016732756
1552592.4103011093 0.0050212867 -0.00417548 -0.009573435 -0.0010563285 0.00027914037 0.9999987 0.0012169564
1595933.4103011093 0.0052461 -0.004163537 -0.004364634 -0.00081676507 0.000160311 0.99999946 0.0007378167
1639274.4103011093 -0.00032378687 -0.007872427 0.0015666006 -0.00084599864 -0.000516002 0.9999992 0.0008210998
1682615.4103011093 -0.0034662273 -0.0071869423 0.0047097453 -0.0019981938 0.00062756235 0.9999978 -0.0001961016
1855980.4103011093 -0.00093324843 -0.006309193 -0.0025358414 -0.0011698734 -0.00013422489 0.9999991 0.00069640076
1899321.4103011093 -0.0004080642 -0.004646575 -0.0071495078 -0.0014605423 -0.0011703126 0.9999979 0.0008932709
1942662.4103011093 0.0013861806 -0.004691274 -0.007344591 -0.001982074 0.0016744721 0.9999966 0.00039991154
1986003.4103011093 0.002842277 -0.003492513 -0.0062667374 -0.003809141 0.0023048136 0.9999901 -0.00020486573
2029344.4103011093 0.0025552353 -0.003144138 -0.005987099 -0.0033349278 0.0018430034 0.9999921 -0.0011431205
2072685.6603011093 0.0032549112 -0.0031955903 -0.009158304 -0.0032714314 0.0023371077 0.99999064 -0.0016281295
2116026.4103011093 0.0013550855 -0.0046555595 -0.008267617 -0.00324084 0.0019952287 0.9999927 -0.00037300505
2159367.4103011093 0.002211773 -0.003954449 -0.0091256965 -0.00078442163 -0.0023676187 0.99999607 -0.0012924449
2202708.4103011093 0.0024358316 -0.0036852476 -0.006005629 -0.0028627776 -0.00022449993 0.9999958 -0.00036684313
2246049.4103011093 0.00042932862 -0.0034779448 -0.00504312 -0.0039753253 0.00030153905 0.9999921 -3.1145905e-06
2289390.4103011093 0.0012479953 -0.002273211 -0.0019402103 -0.0044919094 0.0016301955 0.99998856 -3.1941363e-06
2332732.4103011093 0.0011221798 -0.0025502131 -0.008039688 -0.0043453462 0.00090884115 0.9999901 0.00025941888
2376073.4103011093 0.0013072743 -0.0025010686 -0.008813593 -0.005156603 0.00069462525 0.9999864 0.00052468467
2419414.4103011093 0.00047035897 -0.00078230246 -0.006569061 -0.0037515813 -0.0012486067 0.9999914 0.001299451
2549437.4103011093 -0.007880795 -0.0035249856 0.0017954077 -0.006884616 0.0038599449 0.9999688 -0.00021668713
2592778.4103011093 -0.0010349954 -0.0016326335 -0.0016034478 -0.0062705493 0.0040033897 0.99997234 -0.00018376383
2636119.4103011093 0.00041449955 -0.001247142 -0.0008536343 -0.006767703 0.0022844914 0.9999741 0.0009477599
2679460.4103011093 0.0004886931 -0.0016069899 -0.00072807586 -0.007999436 1.386903e-05 0.999968 0.00041848933
2722801.4103011093 -3.9469865e-05 -0.0020366074 -0.002444422 -0.0060324105 0.0011121231 0.99998116 0.00013211495
2766142.4103011093 -0.00082031795 -0.0017867477 -0.0039780396 -0.005921251 0.0003519586 0.9999824 9.06674e-05
2939507.4103011093 0.00043192576 -0.0018069897 -0.0012992756 -0.0054496285 7.455248e-05 0.9999847 -0.0009634538
2982848.4103011093 0.0010378145 -0.001560207 -0.0068729636 -0.009272142 0.003948448 0.9999485 0.0012234909
3026189.6603011093 0.00093834806 -0.00090631534 -0.006305317 -0.0115029095 0.00503611 0.99992096 0.00068642944
3069530.4103011093 0.0007249096 -0.0002472796 -0.0077191163 -0.011451141 0.003986599 0.9999265 -3.6543754e-06
3112871.4103011093 -9.051462e-05 -0.00035251453 -0.0063414527 -0.010397898 0.0025861922 0.9999421 0.0009917178
3156212.4103011093 0.0009117034 -0.00086560025 -0.0064270142 -0.013740803 0.0054882993 0.9998895 0.001457044
3199553.4103011093 0.00017961737 -0.0010989885 -0.0037927781 -0.0096731 0.0026049393 0.9999495 -0.0008239064
5149902.66030111 0.003951709 -0.0009595284 -0.010120972 -0.09172078 0.052499093 0.99320924 0.0486483
5193243.41030111 0.003669978 -0.0031292203 -0.0065783155 -0.07705061 0.0844221 0.9905526 0.07577485
6493476.41030111 0.029508749 0.0038903807 -0.0226691 0.038425144 0.061775126 0.9962619 0.046578977
17588795.41030111 0.007451216 -0.0019449884 -0.01603972 -0.00017084366 0.0984996 0.99512386 -0.005133782
17632136.41030111 0.015437067 -0.0040902905 -0.014294928 -0.030029872 0.10330585 0.9940645 -0.016186431
17675477.41030111 0.017982617 -0.006344167 -0.013502688 -0.03190124 0.10118354 0.99402755 -0.025565509
17935524.41030111 0.022929419 -0.008743286 -0.023382774 -0.013276093 0.08402546 0.9958227 -0.033175234
17978865.41030111 0.023305906 -0.010337866 -0.026555458 -0.008598337 0.08559459 0.99560136 -0.037117343
18022206.41030111 0.023435501 -0.009812853 -0.02823918 -0.007291443 0.08582401 0.9957383 -0.03295911
18065547.41030111 0.019011153 -0.009151131 -0.025951168 0.0044938913 0.08446073 0.9958825 -0.032622863
18108888.66030111 0.019035764 -0.009558182 -0.027685912 0.011116333 0.082225986 0.9959782 -0.03380529
18152229.41030111 0.019440426 -0.009793435 -0.028977953 0.01623639 0.075384706 0.9964714 -0.03314141
18195570.41030111 0.01930568 -0.009816259 -0.030215848 0.02326824 0.06855776 0.99685484 -0.032232028
18238911.41030111 0.019564541 -0.009260674 -0.030170565 0.02656038 0.06406373 0.9971129 -0.0309245
18715663.41030111 0.013155055 -0.005824513 -0.02176127 -0.08189157 0.042175896 0.9945324 -0.049196936
19799191.41030111 0.012905483 -0.0035583742 -0.020064255 -0.24004455 0.008913146 0.9695383 0.04790294
19842532.41030111 0.011902611 -0.0059869373 -0.0163365 -0.23390023 0.02373588 0.97079694 0.04775695
20926059.41030111 0.0418235 0.01793453 0.0013619893 -0.19952911 0.08932142 0.9739367 0.06047473
20969400.66030111 0.05853294 0.02107484 -0.0010935467 -0.16805404 0.014754715 0.9813458 0.092198856
21012741.41030111 0.058883265 0.021299811 -0.0017212633 -0.15818238 0.004059071 0.98282886 0.09491766
21056082.41030111 0.0598453 0.021263821 -0.0031854105 -0.14978036 -0.007482472 0.98373765 0.098844215
21099423.41030111 0.05980883 0.021514596 -0.004337259 -0.13859747 -0.020652562 0.9850655 0.10005149
21142764.41030111 0.06179268 0.021485507 -0.004969624 -0.14231014 -0.024227044 0.98497796 0.094759196
21186106.41030111 0.061625734 0.021059707 -0.0055021956 -0.14698589 -0.023488982 0.9847025 0.09057765
21229447.41030111 0.061002985 0.021480167 -0.005847142 -0.1459793 -0.027083674 0.9849197 0.08882382
21272788.41030111 0.062470466 0.022212304 -0.0067011407 -0.1464229 -0.026609737 0.9851568 0.08554759
21316129.41030111 0.06357367 0.021315044 -0.006881665 -0.14367267 -0.03385637 0.98568195 0.08150508
21359470.41030111 0.06253296 0.02115074 -0.004527118 -0.13903473 -0.03964699 0.98656714 0.07604446
23093114.41030111 0.046525534 0.025809057 -0.0075830654 -0.13714918 -0.04618079 0.9839425 0.104473434
23136455.41030111 0.0499337 0.03056485 -0.014056932 -0.15233943 -0.06481692 0.97640437 0.13865802
23179796.41030111 0.05059594 0.03200868 -0.01419395 -0.15232973 -0.07092105 0.9749894 0.14547007
23223137.41030111 0.05256516 0.03357774 -0.019165462 -0.14889012 -0.07260365 0.97315925 0.15975477
23266478.41030111 0.057187095 0.032683183 -0.021983746 -0.15980789 -0.056268122 0.97152704 0.16562206
23309819.41030111 0.059696734 0.033968396 -0.027466744 -0.16322352 -0.025679046 0.9717247 0.16867119
23353160.41030111 0.0608455 0.036374398 -0.03078203 -0.16420172 -0.010325953 0.9694859 0.1817374
23396501.41030111 0.064953625 0.04069624 -0.03372807 -0.17079842 -0.013526366 0.9654549 0.19632079
23439842.66030111 0.08366598 0.030199422 -0.024872731 -0.23216827 -0.009643217 0.9573822 0.17153491
23483183.41030111 0.0848294 0.030417718 -0.025236152 -0.23034665 -0.0012463812 0.9573034 0.1746686
24393346.66030111 0.1023283 0.065496735 -0.098505035 -0.08824399 0.17818813 0.9770429 0.076480314
24436687.41030111 0.10355019 0.06513755 -0.10006737 -0.07465392 0.16948456 0.97997314 0.07317433
24480028.41030111 0.10461783 0.06540566 -0.10160205 -0.06319468 0.16188583 0.9821061 0.072575316
24523369.41030111 0.10510231 0.06599079 -0.10385963 -0.051942408 0.15121417 0.9844065 0.07334947
24566711.41030111 0.106093824 0.066287644 -0.1063188 -0.044041205 0.1457419 0.9857297 0.07180968
24610052.41030111 0.10757246 0.06628611 -0.10731864 -0.040501155 0.14446563 0.9862006 0.06998505
25000121.41030111 0.11037947 0.065794334 -0.11270304 0.016622957 0.10543104 0.992308 0.062712
25043463.41030111 0.11017147 0.06548955 -0.11149955 0.010326286 0.10501374 0.9926174 0.059801497
25086804.41030111 0.10516095 0.06644063 -0.1066661 0.012182541 0.10498219 0.9926491 0.05897566
33581657.410301104 0.10802597 0.067593 -0.14329188 0.078877196 0.18849772 0.9720746 0.11540354
33624998.410301104 0.10772945 0.068552166 -0.14302467 0.08225775 0.18745278 0.9718675 0.1164853
33711681.410301104 0.108877026 0.068421066 -0.15121937 0.10198651 0.18088448 0.9722191 0.108026125
33755022.660301104 0.107697 0.069052435 -0.15123439 0.10823036 0.17691703 0.9728194 0.102999866
33798363.410301104 0.1078399 0.06848359 -0.1516093 0.11407105 0.17952149 0.97239226 0.095985286
33841704.410301104 0.10350889 0.06497686 -0.147429 0.13072352 0.17828184 0.9720493 0.079039
34491820.410301104 0.09510923 0.069483966 -0.114376724 0.021986876 0.14465511 0.98420846 0.09962551
34535161.410301104 0.093686916 0.06825186 -0.11157661 0.006453805 0.15147111 0.98315024 0.102129586
34578502.410301104 0.09300265 0.06756144 -0.10754887 -0.005519833 0.15564734 0.98221153 0.104900084
34621843.410301104 0.093635336 0.06664212 -0.10423406 -0.015518606 0.16119464 0.98128873 0.104153216
34665184.410301104 0.0933296 0.06332627 -0.10016958 -0.020991066 0.15484807 0.98274803 0.09893307
39432704.410301104 0.06263261 0.0799489 -0.09084268 -0.039942008 0.20459263 0.9697778 0.12679723
39476045.660301104 0.059896216 0.08361278 -0.098068416 -0.049091183 0.20942375 0.9693181 0.11897167
39519387.410301104 0.09012762 0.10358045 -0.079225264 -0.078302614 0.21560697 0.95374817 0.19428536
39562728.410301104 0.08851721 0.104757525 -0.07980414 -0.08114253 0.21340598 0.9539413 0.19460174
39606069.410301104 0.08683313 0.1061962 -0.079605445 -0.08561276 0.21149108 0.95407563 0.19411805
39649410.660301104 0.08565859 0.1070823 -0.079863414 -0.086893596 0.2089885 0.9545721 0.19381836
39692751.410301104 0.08558164 0.10842421 -0.08017904 -0.09371596 0.2108434 0.9536801 0.19302021
39736092.410301104 0.08498597 0.1096577 -0.07940054 -0.09917415 0.21251509 0.95239717 0.19478574
40212844.410301104 0.07703034 0.122201815 -0.07395926 -0.13747837 0.228001 0.9480102 0.1743328
40256185.410301104 0.07690933 0.12457251 -0.07489075 -0.13364847 0.228397 0.94842285 0.17454806
40299526.410301104 0.076214865 0.12641789 -0.07613148 -0.12957825 0.22873563 0.94901764 0.17394014
41339712.410301104 0.09509894 0.12386723 -0.07962286 -0.14693971 0.2681347 0.93625677 0.17301993
41383053.660301104 0.094408154 0.13154447 -0.07959137 -0.14733687 0.27670372 0.9299906 0.19194934
41426394.410301104 0.095542654 0.1317643 -0.081947826 -0.1410841 0.27455214 0.9316049 0.19190815
41469736.410301104 0.093396336 0.13859226 -0.085548766 -0.12022836 0.2678819 0.93176466 0.21353954
41513077.410301104 0.09400056 0.1447122 -0.09429783 -0.10999431 0.28240913 0.9284855 0.21461858
41556418.660301104 0.09293485 0.14100996 -0.09204565 -0.1043096 0.29165116 0.9264052 0.2140852
41599759.410301104 0.088109806 0.14304641 -0.08901556 -0.087261535 0.29122084 0.9256646 0.22521311
41643100.410301104 0.08807817 0.14773978 -0.09152596 -0.07688608 0.26691517 0.9312092 0.2359965
41686441.410301104 0.08521165 0.15133165 -0.09558231 -0.07059081 0.267906 0.929644 0.24291041
41729782.410301104 0.08570955 0.14857244 -0.09664671 -0.06755766 0.26209474 0.9299322 0.24893458
41773123.660301104 0.09209633 0.14732005 -0.1007331 -0.07700397 0.24232976 0.93438244 0.24955204
45067046.410301104 0.10968124 0.19295587 -0.09288545 -0.20464347 0.1230836 0.9416842 0.23707016
45110387.410301104 0.11414735 0.19459862 -0.09365374 -0.20204648 0.12131708 0.9438633 0.23147677
45153728.410301104 0.11321022 0.19559722 -0.09472829 -0.18985541 0.12196952 0.9469368 0.22888683
45197069.660301104 0.113096416 0.19639567 -0.095730565 -0.18118583 0.11958259 0.9495233 0.2264445
45240410.410301104 0.11336972 0.19691446 -0.09580525 -0.17068507 0.11582495 0.952772 0.22288288
45283751.410301104 0.113779224 0.19760944 -0.09589124 -0.16224484 0.112289816 0.9551712 0.22071587
45327093.410301104 0.11389083 0.19836834 -0.09624662 -0.1562177 0.11045687 0.9573776 0.21638724
45370434.660301104 0.11408085 0.19922952 -0.09743803 -0.15033333 0.107071 0.95984435 0.21126904
45413775.410301104 0.11505478 0.20150237 -0.09936182 -0.14455993 0.10785889 0.961298 0.20826712
45457116.410301104 0.11444347 0.19787644 -0.097028635 -0.13969292 0.107117005 0.9643028 0.19781825
50224636.410301104 0.108754545 0.21827538 -0.08836715 0.026330804 0.062859766 0.9586854 0.276184
50267977.410301104 0.111711405 0.2159366 -0.09221096 0.030850677 0.042208355 0.9583477 0.28077823
50311318.410301104 0.12096836 0.22826475 -0.1162685 0.08158063 -0.08886375 0.9493869 0.29002133
50354659.660301104 0.12056408 0.22619481 -0.11809707 0.08150866 -0.092318915 0.9474292 0.295316
50398000.410301104 0.12071839 0.22341682 -0.119899794 0.079359874 -0.090817146 0.9469857 0.29777902
50441341.410301104 0.11982113 0.22440293 -0.121255524 0.0833499 -0.09053047 0.93957096 0.3194737
51178140.410301104 0.13364173 0.240848 -0.13367705 0.21403381 0.024949798 0.9176671 0.33384758
51221481.410301104 0.13420282 0.2431777 -0.13689509 0.21639435 0.02524658 0.9192848 0.32779816
51264822.410301104 0.1321475 0.24510336 -0.13705921 0.2229354 0.031252306 0.91982394 0.32132077
51308163.660301104 0.13359734 0.24653338 -0.13856706 0.22466384 0.037805967 0.9212753 0.3151962
51351504.410301104 0.13309336 0.2468921 -0.13805056 0.22973667 0.042805795 0.9211364 0.3112822
52174985.410301104 0.11923169 0.26454008 -0.16296628 0.33255124 0.028208122 0.90953934 0.2476938
52218326.410301104 0.114215665 0.25965077 -0.15766545 0.34531283 0.040885888 0.90392774 0.24900201
53735264.410301104 0.12144109 0.22301236 -0.10099165 0.16913569 0.007997391 0.9260599 0.33725712
53778605.660301104 0.12688915 0.21954006 -0.102984466 0.13086303 0.00024183397 0.9297922 0.34403676
53821946.410301104 0.12784478 0.22097936 -0.108477145 0.12563169 -0.013104136 0.9263863 0.35475835
53865287.410301104 0.12743187 0.22117288 -0.1122305 0.12626904 -0.010850178 0.9219017 0.36610883
53908628.410301104 0.12881702 0.21991827 -0.115285985 0.11976929 -0.01068324 0.9184246 0.3768786
53951969.410301104 0.12794755 0.21725692 -0.11574338 0.1197197 -0.014444246 0.9137274 0.38802177
59672994.660301104 0.1242091 0.21553378 -0.14652765 0.18978062 -0.010864602 0.9570977 0.21869925
59716335.410301104 0.11860803 0.21183005 -0.1458986 0.18442711 -0.0071280855 0.95947576 0.21293704
59759675.410301104 0.11598178 0.20872639 -0.14661591 0.17891286 -0.017798077 0.9616092 0.20731924
59803017.410301104 0.115218624 0.21328841 -0.14500391 0.16697071 -0.015417841 0.9585592 0.23032016
59846358.410301104 0.11413348 0.21099159 -0.1447101 0.15739185 -0.024500415 0.95892715 0.2347047
59889699.660301104 0.11316982 0.20829327 -0.14471944 0.1486307 -0.030252086 0.95928544 0.23825464
59933040.410301104 0.11184615 0.205699 -0.14533167 0.14068633 -0.03428554 0.95946693 0.24177499
59976381.410301104 0.11099461 0.20346022 -0.14581144 0.13004062 -0.034601867 0.9596195 0.24702743
60019722.410301104 0.110292405 0.20075172 -0.14804354 0.121804826 -0.03919891 0.95862556 0.2542915
60063063.410301104 0.1095501 0.19737644 -0.150917 0.118999004 -0.04335402 0.95639634 0.2631839
60106404.410301104 0.10943981 0.19492355 -0.15443473 0.12003339 -0.04800275 0.95497966 0.26702347
60149745.410301104 0.10713382 0.19341916 -0.15533808 0.12604813 -0.047787603 0.9535374 0.269434
60929885.410301104 0.12177675 0.2343136 -0.19348219 0.19026667 0.056853313 0.9525132 0.23083545
60973226.410301104 0.12196975 0.23467648 -0.19528565 0.19572723 0.0582255 0.9527041 0.22506794
61016567.410301104 0.118996106 0.23788385 -0.194044 0.20500402 0.06292636 0.9495397 0.2288841
61059908.410301104 0.118752174 0.23138095 -0.1774756 0.2255721 0.054823462 0.946845 0.2227022
61449978.410301104 0.11772893 0.23132655 -0.20513058 0.28383398 0.06095695 0.936713 0.19568183
61493319.410301104 0.11825764 0.23060708 -0.20632981 0.2838729 0.0627187 0.93674874 0.194896
61536660.410301104 0.1195908 0.22972026 -0.2049959 0.28034332 0.06468673 0.9374083 0.19618613
63963761.410301104 0.12278725 0.21494578 -0.18209992 0.27139813 0.15605402 0.93598795 0.1609872
64007102.410301104 0.124630675 0.21624744 -0.17882362 0.2667597 0.1880239 0.9304023 0.16684692
64050443.410301104 0.120193645 0.2148482 -0.17895533 0.28210223 0.19910687 0.92426723 0.16280329
64093784.660301104 0.11946617 0.21483915 -0.18049848 0.28706512 0.20725317 0.9219546 0.15696985
64137126.410301104 0.12221651 0.21430351 -0.18514745 0.2892967 0.20834003 0.92237353 0.14875817
64180467.410301104 0.12615399 0.20761947 -0.1882758 0.28150994 0.17605397 0.93453187 0.12809114
65437358.410301104 0.15160516 0.22626215 -0.20374888 0.32208124 0.08109305 0.9322883 0.14326979
65480699.410301104 0.16362512 0.24016845 -0.20680797 0.29315737 0.0723219 0.9347257 0.18739319
94302101.41030112 0.18084809 0.24804327 -0.20765866 0.07808823 -0.021462733 0.95902026 0.27151766
94345442.66030112 0.18285345 0.24897194 -0.20656711 0.05799812 -0.03173202 0.95682627 0.28304213
94388784.41030112 0.18389887 0.24918975 -0.20585665 0.044104908 -0.03924524 0.95466995 0.29175323
94432124.41030112 0.18497577 0.24953113 -0.20451076 0.028008085 -0.04903165 0.9513218 0.30298263
94475465.41030112 0.18647638 0.25032413 -0.20334256 0.0082335435 -0.06089959 0.9460939 0.318009
94518807.41030112 0.18839833 0.2511396 -0.20147575 -0.00884326 -0.07319868 0.9393573 0.3349205
94562148.41030112 0.1903573 0.25192448 -0.19934848 -0.018923372 -0.080997206 0.9340316 0.3473707
94605489.41030112 0.1892554 0.25065318 -0.19005895 -0.023409683 -0.06219889 0.9363336 0.34476477
98592869.41030112 0.19314879 0.28237295 -0.18707 -0.014081353 -0.19258143 0.8738529 0.4462009
98636210.41030112 0.19509304 0.2865802 -0.17848857 -0.011391636 -0.21253946 0.8616137 0.460781
98679551.41030112 0.19744638 0.27889666 -0.1728721 -0.017969804 -0.24468979 0.8538264 0.45911285
98722892.41030112 0.2298874 0.2673151 -0.07946806 -0.1798647 -0.24897984 0.81633204 0.4891419
98766233.41030112 0.22963765 0.26713946 -0.07744786 -0.18170992 -0.26022974 0.8057326 0.5000569
98809574.41030112 0.2299253 0.26787296 -0.07553011 -0.18514816 -0.26147264 0.79986894 0.5075057
98852916.41030112 0.23144333 0.2681857 -0.07445824 -0.18877113 -0.2674828 0.7878993 0.5215679
98896257.41030112 0.23223385 0.26812637 -0.071807474 -0.19678786 -0.26583138 0.7718454 0.5430128
98939598.66030112 0.2334188 0.27350754 -0.06983861 -0.18659987 -0.2608509 0.7593015 0.5662143
98982939.41030112 0.24196322 0.2762795 -0.06743482 -0.18596758 -0.2597387 0.7473543 0.582592
99026280.41030112 0.2388536 0.28486803 -0.056007743 -0.19201665 -0.2420003 0.7352098 0.60335076
99069621.41030112 0.23381864 0.28566694 -0.03520623 -0.19990079 -0.21644834 0.7247902 0.6227913
99373009.41030112 0.23019151 0.30280867 -0.04958442 -0.11539078 -0.174136 0.75965273 0.6158648
99416350.41030112 0.24125122 0.3082126 -0.05781859 -0.093351625 -0.19626872 0.75851625 0.6143429
99459691.41030112 0.24133036 0.30848926 -0.05980271 -0.08145126 -0.20039009 0.7621519 0.6101919
99503032.66030112 0.24076694 0.3080205 -0.06137243 -0.07454062 -0.19029722 0.76938426 0.6052096
99546373.41030112 0.24058917 0.31062815 -0.06283647 -0.08014779 -0.17445587 0.77993363 0.5956888
99589714.41030112 0.23797885 0.3109229 -0.06397191 -0.07762256 -0.16341126 0.78712106 0.58967113
99633055.41030112 0.26177996 0.30618834 -0.10673216 -0.10701104 -0.19885372 0.81998515 0.52595645
99676396.41030112 0.26246306 0.3081791 -0.10708435 -0.09878422 -0.18881102 0.8240387 0.52493083
99719737.41030112 0.26311457 0.31032625 -0.10752624 -0.0912239 -0.18283285 0.8263693 0.5247516
99763078.41030112 0.2635945 0.3124692 -0.108737215 -0.08250813 -0.17850918 0.82887316 0.5237329
99806419.41030112 0.26288217 0.3140731 -0.109963596 -0.07670717 -0.17891954 0.83007073 0.5225768
99936443.41030112 0.26426098 0.31804845 -0.11205983 -0.049579535 -0.16803348 0.8266751 0.53471005
99979784.41030112 0.26336217 0.32120913 -0.11483385 -0.042600445 -0.1566361 0.82844913 0.53602463
100023125.41030112 0.26144567 0.32354817 -0.1165259 -0.03211696 -0.15128861 0.8278163 0.5392592
100109807.41030112 0.26134378 0.32667792 -0.117274895 -0.0037200516 -0.13890126 0.82330173 0.55033344
100153148.41030112 0.261012 0.32850844 -0.11954594 0.015268611 -0.13264272 0.8202646 0.5561824
100196490.41030112 0.26253748 0.32859263 -0.118098095 0.029166501 -0.1298693 0.8157197 0.5629251
100239830.41030112 0.2630312 0.3280797 -0.11536716 0.03323934 -0.13064624 0.811673 0.568343
100586559.41030112 0.2634148 0.3209625 -0.113564536 0.022168778 -0.15606487 0.7910191 0.59113556
100629900.41030112 0.2652951 0.32125723 -0.113212615 0.01534196 -0.16088076 0.7880708 0.59399205
100673241.41030112 0.26380908 0.32086703 -0.11063145 0.010214871 -0.1618866 0.7860116 0.596552
101626745.41030112 0.24812414 0.280863 -0.096396044 -0.16182487 -0.27568963 0.7999487 0.5078288
101670086.41030112 0.22391172 0.26045433 -0.07039952 -0.12451678 -0.28746274 0.7832741 0.53697526
103360389.41030112 0.26868784 0.31608474 -0.09538029 -0.0031455746 -0.18382522 0.8275782 0.53038925
103403730.41030112 0.26835775 0.31386065 -0.09244181 -0.017580863 -0.19309165 0.82303315 0.5338754
103447071.41030112 0.26526636 0.31101263 -0.090585336 -0.028174909 -0.1991419 0.82086617 0.5345348
103490412.41030112 0.26331714 0.3088508 -0.091098085 -0.03554476 -0.20456146 0.8220852 0.5301576
103837141.41030112 0.22945097 0.2690921 -0.068333626 -0.10628868 -0.28381112 0.8035824 0.5122591
103880482.66030112 0.2232597 0.2585034 -0.0622741 -0.11234534 -0.29505217 0.8031022 0.5053213
103923823.41030112 0.21528222 0.2484154 -0.056795523 -0.120394565 -0.29742023 0.80225915 0.503415
105873749.41030112 0.23938549 0.2519392 -0.07080908 -0.08286299 -0.22290401 0.8124204 0.53237265
105917091.66030112 0.23776127 0.24654502 -0.0678108 -0.098351344 -0.24018137 0.8070533 0.5303818
130924896.41030112 0.281298 0.26141006 -0.09230389 -0.058344275 -0.1633445 0.81762516 0.54900247
130968237.66030112 0.28502557 0.26234102 -0.09694421 -0.049134642 -0.15758656 0.82980293 0.5330848
131011578.41030112 0.288548 0.26264298 -0.09369384 -0.044456482 -0.15553366 0.83314514 0.52886873
131228284.41030112 0.31897604 0.27686968 -0.08853537 -0.025432792 -0.14493269 0.8522396 0.50203127
131271625.41030112 0.32329905 0.28243154 -0.08422972 -0.014389237 -0.14875929 0.850469 0.50434726
131314966.41030112 0.29057795 0.2997675 -0.090268776 0.015446971 -0.1408467 0.8552864 0.4984063
131358307.66030112 0.294061 0.30343688 -0.09282568 0.02832976 -0.14465876 0.8566132 0.4944544
131401648.41030112 0.29755574 0.3073011 -0.0972361 0.03729278 -0.14729437 0.85612655 0.4939241
131488330.41030112 0.3058284 0.32138014 -0.112388596 0.048514497 -0.15454577 0.85431 0.49387908
131531671.41030112 0.30382714 0.3288593 -0.122989 0.058554333 -0.15501103 0.8556383 0.49033266
131575012.41030112 0.29832357 0.32580099 -0.11482853 0.06778293 -0.15383692 0.8544346 0.49161083
131618353.41030112 0.2938464 0.31633633 -0.105486766 0.078363426 -0.15146922 0.8534582 0.4924687
131661695.41030112 0.29285163 0.3187771 -0.10845934 0.08751874 -0.1476468 0.85248303 0.4937749
131705036.41030112 0.29172218 0.32041004 -0.11069964 0.08806257 -0.14340606 0.8530792 0.49389836
