947695.7899999999 -0.0 -0.0 -0.0 -0.0 -0.0 1.0 -0.0
988125.268 -0.0 -0.0 -0.0 -0.0 -0.0 1.0 -0.0
1047697.132 -0.00015203824 -0.000119959324 -6.698719e-05 -2.437127e-05 -0.00034631754 0.99999994 0.00010829278
1088126.61 -0.00015203824 -0.000119959324 -6.698719e-05 -2.437127e-05 -0.00034631754 0.99999994 0.00010829278
1147698.224 -0.00015203824 -0.000119959324 -6.698719e-05 -2.437127e-05 -0.00034631754 0.99999994 0.00010829278
1188136.202 -0.00015203824 -0.000119959324 -6.698719e-05 -2.437127e-05 -0.00034631754 0.99999994 0.00010829278
1247754.064 -0.00015203824 -0.000119959324 -6.698719e-05 -2.437127e-05 -0.00034631754 0.99999994 0.00010829278
1288129.044 -0.00015203824 -0.000119959324 -6.698719e-05 -2.437127e-05 -0.00034631754 0.99999994 0.00010829278
1347700.907 -0.00015203824 -0.000119959324 -6.698719e-05 -2.437127e-05 -0.00034631754 0.99999994 0.00010829278
1388130.1360000002 -0.00015203824 -0.000119959324 -6.698719e-05 -2.437127e-05 -0.00034631754 0.99999994 0.00010829278
1447702.249 -0.00015203824 -0.000119959324 -6.698719e-05 -2.437127e-05 -0.00034631754 0.99999994 0.00010829278
1488131.478 -0.00015203824 -0.000119959324 -6.698719e-05 -2.437127e-05 -0.00034631754 0.99999994 0.00010829278
1547703.091 -0.00015203824 -0.000119959324 -6.698719e-05 -2.437127e-05 -0.00034631754 0.99999994 0.00010829278
1588132.82 -0.00015203824 -0.000119959324 -6.698719e-05 -2.437127e-05 -0.00034631754 0.99999994 0.00010829278
1647704.433 -0.00015203824 -0.000119959324 -6.698719e-05 -2.437127e-05 -0.00034631754 0.99999994 0.00010829278
1688133.911 -0.00015203824 -0.000119959324 -6.698719e-05 -2.437127e-05 -0.00034631754 0.99999994 0.00010829278
1747705.775 -0.002274338 -0.0009526439 -0.000447657 -0.0001319068 -0.00069441507 0.99999976 0.000116832234
1788135.003 -0.002274338 -0.0009526439 -0.000447657 -0.0001319068 -0.00069441507 0.99999976 0.000116832234
1847706.867 -0.002274338 -0.0009526439 -0.000447657 -0.0001319068 -0.00069441507 0.99999976 0.000116832234
1888136.095 -0.002274338 -0.0009526439 -0.000447657 -0.0001319068 -0.00069441507 0.99999976 0.000116832234
1947707.9579999999 -0.002274338 -0.0009526439 -0.000447657 -0.0001319068 -0.00069441507 0.99999976 0.000116832234
1988137.4370000002 -0.002274338 -0.0009526439 -0.000447657 -0.0001319068 -0.00069441507 0.99999976 0.000116832234
2047709.3 -0.002274338 -0.0009526439 -0.000447657 -0.0001319068 -0.00069441507 0.99999976 0.000116832234
2089565.7520000003 -0.002274338 -0.0009526439 -0.000447657 -0.0001319068 -0.00069441507 0.99999976 0.000116832234
2138916.31 -0.002274338 -0.0009526439 -0.000447657 -0.0001319068 -0.00069441507 0.99999976 0.000116832234
2188924.856 -0.002274338 -0.0009526439 -0.000447657 -0.0001319068 -0.00069441507 0.99999976 0.000116832234
2239456.392 -0.002274338 -0.0009526439 -0.000447657 -0.0001319068 -0.00069441507 0.99999976 0.000116832234
2290321.671 -0.002274338 -0.0009526439 -0.000447657 -0.0001319068 -0.00069441507 0.99999976 0.000116832234
2340496.714 -0.002274338 -0.0009526439 -0.000447657 -0.0001319068 -0.00069441507 0.99999976 0.000116832234
2389990.0190000003 -0.0019239136 -0.002392437 -0.00083709613 -0.00014775344 -0.00053634366 0.9999998 0.00024021715
2439480.825 -0.0019239136 -0.002392437 -0.00083709613 -0.00014775344 -0.00053634366 0.9999998 0.00024021715
2489285.125 -0.0019239136 -0.002392437 -0.00083709613 -0.00014775344 -0.00053634366 0.9999998 0.00024021715
2539365.169 -0.0019239136 -0.002392437 -0.00083709613 -0.00014775344 -0.00053634366 0.9999998 0.00024021715
2589627.21 -0.0019239136 -0.002392437 -0.00083709613 -0.00014775344 -0.00053634366 0.9999998 0.00024021715
2639858.001 -0.0019239136 -0.002392437 -0.00083709613 -0.00014775344 -0.00053634366 0.9999998 0.00024021715
2689835.048 -0.0019239136 -0.002392437 -0.00083709613 -0.00014775344 -0.00053634366 0.9999998 0.00024021715
2739645.097 -0.0019239136 -0.002392437 -0.00083709613 -0.00014775344 -0.00053634366 0.9999998 0.00024021715
2789487.1459999997 -0.0024416805 -0.0006373792 -0.000599914 -5.078297e-05 -0.0011728645 0.99999934 -1.0401743e-05
2839455.943 -0.0024416805 -0.0006373792 -0.000599914 -5.078297e-05 -0.0011728645 0.99999934 -1.0401743e-05
2889575.736 -0.0024416805 -0.0006373792 -0.000599914 -5.078297e-05 -0.0011728645 0.99999934 -1.0401743e-05
2939631.531 -0.0024416805 -0.0006373792 -0.000599914 -5.078297e-05 -0.0011728645 0.99999934 -1.0401743e-05
2989672.077 -0.0024416805 -0.0006373792 -0.000599914 -5.078297e-05 -0.0011728645 0.99999934 -1.0401743e-05
3039640.873 -0.0037464711 -0.0011334949 -0.0014872815 -3.693959e-05 -0.0010957408 0.9999994 7.451173e-06
3089585.92 -0.0037464711 -0.0011334949 -0.0014872815 -3.693959e-05 -0.0010957408 0.9999994 7.451173e-06
3139546.967 -0.0041780625 -0.0014009912 -0.0020491069 3.6811147e-05 -0.0010375865 0.99999946 -0.00015825662
3189563.762 -0.0041780625 -0.0014009912 -0.0020491069 3.6811147e-05 -0.0010375865 0.99999946 -0.00015825662
3239603.8079999997 -0.0041780625 -0.0014009912 -0.0020491069 3.6811147e-05 -0.0010375865 0.99999946 -0.00015825662
3289635.8529999997 -0.0041780625 -0.0014009912 -0.0020491069 3.6811147e-05 -0.0010375865 0.99999946 -0.00015825662
3339636.399 -0.0041780625 -0.0014009912 -0.0020491069 3.6811147e-05 -0.0010375865 0.99999946 -0.00015825662
3389613.445 -0.0041780625 -0.0014009912 -0.0020491069 3.6811147e-05 -0.0010375865 0.99999946 -0.00015825662
3439598.241 -0.0041780625 -0.0014009912 -0.0020491069 3.6811147e-05 -0.0010375865 0.99999946 -0.00015825662
3489590.787 -0.0041780625 -0.0014009912 -0.0020491069 3.6811147e-05 -0.0010375865 0.99999946 -0.00015825662
3539607.583 -0.0041780625 -0.0014009912 -0.0020491069 3.6811147e-05 -0.0010375865 0.99999946 -0.00015825662
3589639.628 -0.0041780625 -0.0014009912 -0.0020491069 3.6811147e-05 -0.0010375865 0.99999946 -0.00015825662
3639632.175 -0.0041780625 -0.0014009912 -0.0020491069 3.6811147e-05 -0.0010375865 0.99999946 -0.00015825662
3689609.2210000004 -0.0041780625 -0.0014009912 -0.0020491069 3.6811147e-05 -0.0010375865 0.99999946 -0.00015825662
3739585.767 -0.0041780625 -0.0014009912 -0.0020491069 3.6811147e-05 -0.0010375865 0.99999946 -0.00015825662
3789578.313 -0.0041780625 -0.0014009912 -0.0020491069 3.6811147e-05 -0.0010375865 0.99999946 -0.00015825662
3839579.109 -0.0041780625 -0.0014009912 -0.0020491069 3.6811147e-05 -0.0010375865 0.99999946 -0.00015825662
3889595.655 -0.0037850055 0.00029504052 -0.0013294036 -7.0922346e-05 -0.0012328929 0.9999992 9.689485e-05
3939612.201 -0.003387588 0.0006324368 -0.001027747 -0.00012355241 -0.0012557461 0.9999992 6.0517043e-05
3989612.996 -0.0034275556 0.0009463836 -0.0010164622 -0.00015283882 -0.001016754 0.9999995 5.7899182e-05
4039597.543 -0.003470064 0.0012191116 -0.0010333393 -4.6995603e-05 -0.0009950259 0.9999995 2.9182318e-05
4089582.089 -0.0032894071 0.0011835144 -0.0010559851 4.9749677e-05 -0.0010308649 0.99999946 3.819996e-05
4139575.1350000002 -0.0031609717 0.0010691604 -0.001086032 -7.998643e-05 -0.0011572898 0.99999934 6.7494686e-05
4189583.181 -0.0034969202 0.00091333763 -0.0010280218 1.9846473e-05 -0.0010974233 0.9999994 3.436533e-05
4239591.977 -0.003466176 0.00067089265 -0.0010398352 -1.7787457e-05 -0.0010365621 0.99999946 -1.7161636e-05
4289600.522 -0.0034345554 0.00041161204 -0.0012378877 1.9181642e-05 -0.0009069606 0.9999996 4.1152936e-05
4339601.068 -0.0035051606 0.0002217985 -0.0012598727 4.4251988e-06 -0.0007402037 0.99999976 2.6932601e-05
4389593.864 -0.003676073 0.00016873723 -0.0015083741 -1.13844735e-05 -0.00088786805 0.99999964 1.0568289e-06
4439594.409999999 -0.0037686436 5.080106e-05 -0.0013483027 6.5242544e-05 -0.00081541145 0.9999997 6.832748e-06
4489594.956 -0.003548292 -0.00020281428 -0.0013799196 -3.1666936e-05 -0.00081602705 0.9999997 -5.2816078e-05
4539603.502 -0.003656214 -0.00045261308 -0.0014367746 6.5250997e-06 -0.0007899196 0.9999997 1.4292877e-05
4589612.298 -0.0037513503 -0.0007467914 -0.0014312018 -1.4956633e-05 -0.0006508612 0.9999998 9.6923824e-05
4639620.8440000005 -0.0037383866 -0.0010162154 -0.0013863476 -7.024406e-05 -0.0007134301 0.99999976 -7.971569e-05
4689613.39 -0.0036724028 -0.0011187689 -0.0013424788 -8.721495e-05 -0.0007500241 0.99999976 -3.1706695e-05
4739613.936000001 -0.0036294127 -0.0011572433 -0.0012943399 -6.715901e-05 -0.000859922 0.99999964 -7.881555e-05
4789622.731000001 -0.003481517 -0.0012068539 -0.001375773 -9.6822674e-05 -0.0007561949 0.9999997 -5.0517123e-05
4839623.527000001 -0.0034619644 -0.0010680864 -0.0014246065 -3.5405283e-05 -0.000654521 0.9999998 0.00010913271
4889623.823 -0.003714345 -0.0006848242 -0.0014028591 -2.2725131e-05 -0.0007046642 0.99999976 0.0001182927
4939624.369 -0.0038315738 -0.00023004708 -0.0015386767 -4.721658e-05 -0.00076102064 0.9999997 8.3127205e-05
4989624.915 -0.0037609385 0.00010677737 -0.001309927 -3.0034254e-05 -0.0008590243 0.99999964 4.577585e-05
5039617.711 -0.0038327829 0.00023346841 -0.0014315603 -4.752477e-05 -0.0008843045 0.99999964 2.0542626e-05
5089618.257 -0.0040176064 6.944184e-05 -0.001519252 0.00011114077 -0.00061026076 0.9999998 -1.2857156e-05
5139610.803 -0.0043280795 -4.1668927e-06 -0.001616417 5.4489607e-05 -0.00074264297 0.99999976 2.2178941e-05
5189603.598999999 -0.00447096 -0.00028849836 -0.0016825031 -6.1415744e-06 -0.0008969013 0.99999964 2.3064791e-05
5239660.394 -0.004526033 -0.00044062725 -0.001423927 -1.4918387e-05 -0.00093732926 0.9999996 -1.5579591e-06
5289620.691000001 -0.0047461116 -0.0006980254 -0.0017521918 4.467923e-05 -0.0009256266 0.9999996 -3.1492524e-05
5339629.237000001 -0.0048702904 -0.00074513647 -0.0018767117 -6.422024e-05 -0.0011586678 0.99999934 7.378806e-05
5389629.782 -0.005217987 -0.00036987592 -0.0022572502 -0.00015018451 -0.00089655636 0.99999964 8.478102e-05
5439638.578 -0.005346887 0.00022623735 -0.0028876178 -0.00018679319 -0.00071842974 0.99999976 -6.6680914e-05
5489631.124 -0.00492948 0.00087615196 -0.0028979722 -3.0593224e-06 -0.0007342795 0.99999976 -3.995939e-05
5539615.671 -0.0042897863 0.0015336785 -0.002416695 -3.3034908e-06 -0.0009907557 0.9999995 5.0133774e-05
5589600.467 -0.0033751957 0.0017849853 -0.001740684 -6.906784e-05 -0.00088075234 0.99999964 -2.7644166e-05
5639593.513 -0.001803376 0.0014794015 -0.0005740817 -2.2733317e-05 -0.00043687675 0.99999994 0.00015032482
5689586.058999999 0.00034922248 0.0005575681 0.00021202094 -0.00024697738 -0.0004407697 0.9999999 9.4567666e-05
5739586.605 0.0019634746 -0.00045683933 0.0005368994 3.5364606e-05 8.8053435e-05 1.0 8.6257845e-05
5789595.151000001 0.0034165864 -0.0016777334 0.0014158925 0.00046165945 2.8731383e-05 0.9999998 0.00038565745
5839603.4459999995 0.00504704 -0.0032473293 0.0014025683 0.000679207 -0.00024761376 0.99999976 0.00030512124
5889604.242 0.0067546475 -0.005224865 0.0012555042 0.0011410695 -4.7656635e-05 0.99999917 0.0006148993
5939620.788 0.0095434785 -0.009956443 0.0035664372 0.005476576 0.0149731655 0.999872 -0.0013286826
5989717.332 0.010180165 -0.012816567 0.003919826 0.0055178055 0.0140546495 0.9998855 -0.0010437397
6039685.379 0.010196006 -0.01555558 0.0042661973 0.0054076845 0.014065931 0.99988604 -0.0009711631
6089733.424 0.010620925 -0.01801859 0.004815505 0.005304517 0.014020089 0.9998875 -0.0005747098
6139781.469 0.012333492 -0.018997297 0.0054551 0.0027615705 0.014224205 0.9998472 0.00978032
6189829.7639999995 0.012264564 -0.021259243 0.0061789425 0.0027873209 0.013922314 0.99984974 0.009947295
6239854.308999999 0.011156988 -0.02307995 0.00714762 0.0027750512 0.013481146 0.99985343 0.010183676
6289878.855 0.00837992 -0.024665236 0.008016152 0.0023686618 0.014218718 0.99984235 0.010370478
6339902.9 0.010203023 -0.026492454 0.008834501 -0.013819599 0.016621605 0.9996689 0.013963925
6389927.6959999995 0.008260053 -0.027071526 0.009909898 -0.01881062 0.014010169 0.99961776 0.014640031
6439959.740999999 0.008123441 -0.027367141 0.010154498 -0.025004674 0.0131219085 0.99949986 0.014238574
6490000.285999999 0.0060842717 -0.027198235 0.010933477 -0.029170522 0.012367747 0.9994159 0.012807515
6540048.331 0.0034411084 -0.026666224 0.012067438 -0.03384838 0.012701721 0.9992911 0.010501622
6590080.376 0.0019336776 -0.025733994 0.012747731 -0.03570784 0.014344024 0.99922854 0.007847482
6640089.172 0.00044205287 -0.02428151 0.01349782 -0.035949517 0.013346719 0.99925095 0.0052059214
6690081.718 -0.001933032 -0.02250466 0.013699265 -0.037652034 0.012260543 0.9992111 0.0030452816
6740066.264 -0.0043778196 -0.020929754 0.013550478 -0.040212307 0.011655404 0.9991205 0.0023413918
6790043.561 -0.00650881 -0.018685015 0.013240492 -0.040813044 0.0097106295 0.99911714 0.0022311332
6840044.107 -0.009024901 -0.0162991 0.012985853 -0.040623616 0.00602624 0.99915606 0.00086548575
6890060.652 -0.011535457 -0.013810299 0.012630239 -0.043579593 0.0054302346 0.9990352 -0.0003052094
6940068.698 -0.013487892 -0.0112878475 0.012126959 -0.047690272 0.008368204 0.998826 -0.0015041139
6990045.995 -0.014687635 -0.008666105 0.01154327 -0.049818378 0.010887276 0.99869317 -0.0033987146
7040014.541 -0.014898752 -0.006520632 0.0109682195 -0.051834412 0.011132885 0.9985709 -0.0067509073
7089975.588 -0.014694893 -0.004363065 0.010482054 -0.05423191 0.010480533 0.9984197 -0.0103544695
7139928.885 -0.013797048 -0.002327989 0.010473423 -0.055995412 0.010880564 0.99826384 -0.014680204
7189907.181000001 -0.012362218 -0.00037748044 0.010929159 -0.056162782 0.0126316715 0.998151 -0.019516861
7239826.978 -0.010444958 0.0013190382 0.011553325 -0.05663376 0.015448242 0.99797827 -0.024358584
7289787.525 -0.007386836 0.0027264382 0.012068809 -0.05635891 0.018189691 0.9978906 -0.02659311
7339740.822000001 -0.0033652321 0.0039053303 0.01267395 -0.05476698 0.0194905 0.99793756 -0.027229015
7389701.869 0.0016851232 0.005210487 0.01349633 -0.05162839 0.019073743 0.9980936 -0.027928332
7439670.915 0.0077483417 0.0062078806 0.01433613 -0.045951717 0.017478665 0.9983598 -0.029337898
7489647.461999999 0.014613815 0.0068451175 0.015097192 -0.039782166 0.016637342 0.9986241 -0.029843986
7539608.507999999 0.021999495 0.007040194 0.015727613 -0.034041956 0.018062891 0.9988067 -0.03000114
7589561.805 0.029828707 0.0069262413 0.01637003 -0.028626062 0.02087877 0.99889725 -0.030804874
7639506.852 0.037982296 0.006701895 0.017023053 -0.021224203 0.02314257 0.9989825 -0.032371882
7689467.399 0.046035815 0.0060381633 0.01775884 -0.012123232 0.024139691 0.9990626 -0.033827614
7739451.944999999 0.053607836 0.0047915997 0.018516473 -0.0051531657 0.025985444 0.9990984 -0.033174586
7789444.990999999 0.0603975 0.0026055435 0.019147519 -0.0010155952 0.028631713 0.99908847 -0.03164563
7839437.7870000005 0.06674286 -0.00024806868 0.019808654 0.0030887462 0.031094393 0.9990975 -0.028770778
7889430.333 0.07236396 -0.0036812404 0.020403977 0.006339104 0.032832507 0.9991397 -0.024529215
7939438.879 0.077162646 -0.007454961 0.02085121 0.00808414 0.033075355 0.99923736 -0.01911695
7989471.174 0.081472084 -0.011435131 0.021158949 0.010542845 0.031918358 0.99934936 -0.013075296
8039535.2190000005 0.08502586 -0.015378058 0.021492295 0.014226978 0.029650057 0.9994284 -0.007841454
8089615.262999999 0.08756031 -0.019399319 0.021950303 0.016452838 0.028238226 0.99945825 -0.003897822
8139679.308 0.089183144 -0.023367783 0.022353925 0.016499428 0.029145546 0.99943846 -0.0010426504
8189703.353999999 0.090370886 -0.026972385 0.022743355 0.018680356 0.02912587 0.99940014 0.0014838845
8239704.15 0.09101024 -0.03049565 0.023189414 0.022221806 0.028309943 0.99934316 0.0042603556
8289704.696 0.09056902 -0.033862002 0.023552721 0.02440896 0.027401652 0.99929434 0.00801643
8339747.241 0.089004844 -0.03699383 0.023627657 0.023942584 0.027685866 0.9992445 0.013062546
8389745.787 0.08661939 -0.039867453 0.023620851 0.021238491 0.027671752 0.99922776 0.018084964
8439770.331999999 0.08325406 -0.0420265 0.023599071 0.01970505 0.025442112 0.99921566 0.023076564
8489794.627999999 0.07931964 -0.04357774 0.023607828 0.01754415 0.022408303 0.99923825 0.026703373
8539818.922999999 0.074775495 -0.044304688 0.023574645 0.012896878 0.020642579 0.99928874 0.028802942
8589835.468999999 0.069660276 -0.044490915 0.023540854 0.0063552246 0.01997475 0.9993571 0.029088762
8639852.014 0.064928114 -0.043897912 0.02369371 0.0010679197 0.019774647 0.9994186 0.027753618
8689884.06 0.060201287 -0.042530272 0.024215216 -0.0025459263 0.019387286 0.999523 0.02390823
8739924.105 0.055953443 -0.040706545 0.02471578 -0.0063488507 0.01922098 0.9996137 0.019044233
8789956.9 0.052175835 -0.038468946 0.025109608 -0.010331443 0.019193474 0.9996599 0.01431739
8839980.946 0.048942145 -0.035999104 0.025398571 -0.014481745 0.01878024 0.9996742 0.009443321
8889989.491 0.046445813 -0.033246517 0.025711613 -0.017450908 0.017632281 0.999676 0.00571105
8940006.037 0.04492584 -0.030432167 0.026051814 -0.019116126 0.017565029 0.9996589 0.0028743707
8990030.831999999 0.043872025 -0.027587004 0.026426693 -0.021284232 0.018409634 0.99960285 -0.0015208749
9040038.878 0.042936593 -0.024582453 0.026864706 -0.02430488 0.01978057 0.99948114 -0.007447615
9090015.925 0.04264587 -0.021470847 0.027361717 -0.027719803 0.021415845 0.9992825 -0.014405249
9139960.972 0.042653028 -0.01840676 0.027702764 -0.031245595 0.022125762 0.99905646 -0.02050422
9189898.269 0.042887054 -0.015587025 0.027935507 -0.033908922 0.022765784 0.9988395 -0.025526524
9239827.316 0.043711852 -0.012923927 0.02797415 -0.037996873 0.023359146 0.9985525 -0.03005918
9289772.363 0.044857465 -0.010354218 0.028028226 -0.04289532 0.023955254 0.9981593 -0.035554368
9339733.659999998 0.04628349 -0.0078431135 0.027931929 -0.046852294 0.023926858 0.99775535 -0.041432627
9389694.705999998 0.048320133 -0.005207247 0.027716726 -0.05070395 0.02292487 0.9973615 -0.04662246
9439655.253 0.050489195 -0.002563577 0.027270462 -0.053835977 0.021809086 0.9969993 -0.051170293
9489608.299999999 0.053517975 6.747787e-05 0.026891181 -0.056798875 0.0210817 0.99663717 -0.05517057
9539563.347000001 0.05684089 0.0025127127 0.026554413 -0.05703184 0.020943793 0.9963861 -0.059359994
9589514.644 0.06074321 0.0046822256 0.026312783 -0.05675383 0.021114517 0.9961403 -0.063543096
9639459.691 0.06509132 0.0061157644 0.026155934 -0.05672793 0.021790616 0.99587804 -0.06733564
9689404.738 0.06993853 0.007057511 0.026046015 -0.0575768 0.022616498 0.99565417 -0.06961432
9739357.784 0.075478144 0.007830823 0.02597897 -0.05648281 0.023822933 0.99560314 -0.07082746
9789318.331 0.081760764 0.008324357 0.026156139 -0.053135622 0.023882095 0.9957521 -0.07130305
9839295.626999998 0.088301785 0.008579765 0.026412902 -0.048136607 0.023012964 0.9959898 -0.07181641
9889280.174 0.09526475 0.00849719 0.026640173 -0.044067554 0.023851072 0.9960443 -0.07338275
9939264.719999999 0.10216449 0.007878061 0.026664088 -0.042157207 0.024660898 0.9961361 -0.0729897
9989242.015999999 0.10928874 0.0072861407 0.027036663 -0.03533353 0.021570664 0.99659765 -0.071271196
10039234.561999999 0.11573724 0.006483249 0.027362697 -0.028225265 0.017163973 0.9971125 -0.06837729
10089243.108000001 0.12147889 0.0050307885 0.027398204 -0.026193792 0.015524334 0.9974242 -0.064945586
10139251.654 0.12626086 0.0030671828 0.02702277 -0.02709463 0.016436335 0.99762064 -0.0612274
10189312.199000001 0.13096938 0.000531059 0.026407067 -0.026653087 0.01784367 0.9979 -0.056274295
10239300.495 0.13557759 -0.0024496948 0.025718028 -0.023209486 0.01728141 0.9982771 -0.051044222
10289348.54 0.139806 -0.00559147 0.025068374 -0.020003488 0.01688484 0.99856955 -0.046623077
10339388.585 0.1435522 -0.008646612 0.024441004 -0.017317746 0.016540071 0.998778 -0.04323244
10389428.879999999 0.14689842 -0.011674622 0.023886738 -0.012365077 0.015381573 0.9989582 -0.04114816
10439445.425999999 0.14958598 -0.01455969 0.023526486 -0.007721974 0.01420809 0.9991149 -0.03883317
10489461.970999999 0.15109804 -0.01728325 0.023351623 -0.005045263 0.014037074 0.9991986 -0.037143297
10539470.517 0.15137115 -0.020108148 0.023249108 -0.003938093 0.015500904 0.9992408 -0.035524588
10589494.813000001 0.15108845 -0.022741597 0.023051256 -0.0033471086 0.018806066 0.9992666 -0.03318833
10639527.358 0.15030852 -0.025554156 0.022898458 -0.0028385199 0.022275366 0.9993074 -0.029674636
10689567.403 0.14868766 -0.028311608 0.022839336 -0.0031740346 0.02505164 0.99933445 -0.026326314
10739692.696999999 0.14631155 -0.030611116 0.023006981 -0.0034592159 0.026549049 0.9993647 -0.023528935
10789624.243999999 0.14361268 -0.032317486 0.023421848 -0.0030112679 0.026839431 0.9993984 -0.021756986
10839648.789 0.14055179 -0.0332381 0.023883352 -0.0016808717 0.02584442 0.99942964 -0.02167246
10889664.835 0.13732709 -0.03355849 0.024469951 -0.001391293 0.024569498 0.99943155 -0.023046514
10939665.381 0.13406476 -0.03310063 0.025201168 -0.00041470953 0.02279366 0.9994096 -0.025704086
10989666.177000001 0.13097541 -0.03178599 0.026007025 0.001338101 0.021233078 0.99932677 -0.029890537
11039666.723000001 0.1276306 -0.030115006 0.026682949 0.00084991666 0.020389557 0.99917245 -0.035184707
11089651.769 0.12431123 -0.028238114 0.027155373 -0.0029632344 0.021127999 0.99898034 -0.03978928
11139636.315 0.121178605 -0.02628224 0.02751931 -0.00651087 0.022627478 0.9987659 -0.04372979
11189621.112 0.118332915 -0.024194205 0.027731653 -0.009047276 0.023440963 0.9985644 -0.047305614
11239615.408 0.11575713 -0.021904144 0.027778367 -0.011863761 0.023513542 0.99842954 -0.04944641
11289590.704 0.11347374 -0.019615542 0.027635507 -0.015125538 0.022385374 0.9983796 -0.050084274
11339575.25 0.11182129 -0.017226463 0.027433943 -0.01755876 0.020169334 0.99838424 -0.050139435
11389552.297 0.11057192 -0.0148523655 0.027120136 -0.020503435 0.017850334 0.9983025 -0.051507685
11439537.092999998 0.10976524 -0.012504659 0.026711732 -0.024587069 0.015120754 0.99816984 -0.053141143
11489521.639 0.1091266 -0.0101304175 0.026146106 -0.029900476 0.013394923 0.9980093 -0.05388925
11539506.184999999 0.10890334 -0.007822554 0.025503017 -0.03620014 0.01169524 0.99779326 -0.054418765
11589483.232 0.108961724 -0.005074216 0.024850648 -0.0414459 0.009925838 0.99752945 -0.05584555
11639468.028 0.109368354 -0.002419775 0.024128364 -0.047831353 0.008738045 0.9971647 -0.057431653
11689444.574000001 0.110177234 0.00023761293 0.023378571 -0.055581536 0.0075968564 0.99673575 -0.058059186
11739413.621 0.111532725 0.003028882 0.022512581 -0.063085236 0.004879903 0.99631566 -0.05789306
11789382.667000001 0.113551885 0.0058494573 0.021786314 -0.06944415 0.0002399946 0.99591315 -0.05774481
11839359.464 0.116394125 0.008205503 0.021261068 -0.07190659 -0.005709749 0.99566966 -0.05864076
11889344.01 0.12001462 0.010028116 0.021099618 -0.0729941 -0.009514688 0.9954963 -0.059737775
11939366.806 0.123911455 0.01140502 0.020923778 -0.0749222 -0.00952631 0.9952627 -0.061221447
11989297.853 0.12857811 0.012272332 0.020969883 -0.07595785 -0.0073478078 0.99504185 -0.063783
12039275.149 0.13350603 0.0126378415 0.02134325 -0.074989304 -0.005721226 0.99496466 -0.06625211
12089251.445999999 0.13884135 0.01274325 0.02175127 -0.07375074 -0.004193851 0.9949773 -0.06755316
12139235.992 0.14465806 0.012595237 0.022308156 -0.07244256 -0.0022757794 0.99508977 -0.067403205
12189228.788 0.1507744 0.012176385 0.023000685 -0.06983271 -0.0012408431 0.9953673 -0.066074684
12239237.333999999 0.15717097 0.011523226 0.0237863 -0.066272125 -0.00085357367 0.99573535 -0.06417565
12289253.878999999 0.16360334 0.01056238 0.024652146 -0.062486388 -0.000539104 0.9961094 -0.062139623
12339270.424999999 0.16998354 0.009323055 0.025514316 -0.059216246 -0.00034903002 0.9964337 -0.060111027
12389279.220999999 0.17624566 0.007703036 0.02634168 -0.056148317 0.00016053295 0.99673474 -0.058029134
12439271.766999999 0.18233398 0.0059220004 0.027135886 -0.051195156 0.00020354414 0.99711055 -0.056121036
12489280.313000001 0.18795574 0.003980105 0.027744949 -0.04697296 0.00076313614 0.99747694 -0.053223666
12539288.358 0.19309893 0.0022634738 0.02815388 -0.043808445 0.00023073958 0.9977206 -0.05132745
12589313.154 0.19742611 0.0005055779 0.028427977 -0.040894516 -0.001836546 0.99789554 -0.05028716
12639329.699 0.2009272 -0.001536085 0.028705029 -0.03951128 -0.0026369556 0.99796385 -0.050000213
12689330.245 0.20376542 -0.0038916394 0.02877857 -0.03967974 -0.0019217619 0.9979707 -0.049762275
12739323.041 0.20613576 -0.006493771 0.028688794 -0.03921299 -0.0006749574 0.9980504 -0.0485514
12789331.587 0.20788735 -0.0094825495 0.028505 -0.038240075 -0.0004649906 0.99817765 -0.04667916
12839347.633 0.20910634 -0.012890098 0.028533082 -0.0365909 -0.0019563688 0.9983867 -0.043374345
12889380.178000001 0.21002048 -0.01653207 0.028824097 -0.033102598 -0.0027708036 0.9986791 -0.039200526
12939428.223000001 0.21023148 -0.020100238 0.029363768 -0.029393991 -0.00226012 0.9989554 -0.034914367
12989476.268 0.20990396 -0.023570202 0.030132432 -0.02634205 -0.0009846911 0.9991425 -0.0319281
13039516.563000001 0.20860358 -0.026544329 0.03121183 -0.023484424 0.00050150696 0.99930537 -0.028932918
13089577.358000001 0.20683321 -0.029351106 0.03226562 -0.02060247 0.0023067873 0.9994061 -0.027527263
13139557.904000001 0.20465773 -0.03163438 0.033497468 -0.017625967 0.003945193 0.99948275 -0.026609031
13189566.45 0.20203425 -0.03343679 0.03457642 -0.014342082 0.0043087844 0.99954385 -0.026229478
13239582.496 0.19888209 -0.034580667 0.03550917 -0.012943964 0.003406024 0.99956614 -0.026239246
13289599.041 0.1951757 -0.03522427 0.036531825 -0.013021523 0.0022337872 0.99954355 -0.027170932
13339615.587 0.19129565 -0.035253216 0.037338972 -0.0141881155 0.0010703134 0.9994927 -0.02849512
13389624.133000001 0.18724062 -0.034776155 0.03805279 -0.015947532 -0.00023093894 0.9993908 -0.031044824
13439632.929000001 0.18312386 -0.03346909 0.03863975 -0.017489605 -0.0026547296 0.99929875 -0.03300314
13489625.475 0.17902723 -0.03185966 0.03906114 -0.01975188 -0.004895425 0.9991434 -0.036033664
13539626.021000002 0.17527579 -0.029910214 0.03930768 -0.022268515 -0.0064505204 0.9989662 -0.039104577
13589610.817 0.17173548 -0.027614485 0.039417297 -0.02484908 -0.007502101 0.99875164 -0.04267856
13639603.363 0.16874532 -0.025061153 0.03936714 -0.027527453 -0.007827664 0.998439 -0.047963925
13689595.909 0.16622955 -0.02241283 0.039092056 -0.030762978 -0.0074392585 0.9980464 -0.053867586
13739572.955 0.16434751 -0.019643236 0.038725298 -0.033579048 -0.006480105 0.9976839 -0.05879991
13789557.502 0.16306986 -0.016836887 0.038184606 -0.036384895 -0.005561744 0.99728787 -0.06373493
13839526.298 0.16243319 -0.013995186 0.03773426 -0.039362185 -0.004383006 0.9968745 -0.06835736
13889503.345 0.16254091 -0.011343126 0.03718839 -0.04083576 -0.0036988582 0.996479 -0.07313333
13939471.891 0.16289727 -0.008831759 0.0366858 -0.04255928 -0.0037432695 0.99611074 -0.07705884
13989433.188000001 0.16326602 -0.0065803 0.036070112 -0.047068793 -0.004560876 0.99567425 -0.07997845
14039394.234000001 0.16410713 -0.0043671387 0.035472397 -0.05198025 -0.0065687 0.99531 -0.0813195
14089362.781000001 0.16549414 -0.0026667563 0.034859404 -0.054905538 -0.01015489 0.99509335 -0.081679665
14139347.827000001 0.16717605 -0.0011513628 0.034373052 -0.057011534 -0.013397276 0.9950112 -0.08076443
14189348.623 0.1693041 0.00025610242 0.033874128 -0.06077392 -0.015448393 0.99474376 -0.08094917
14239341.419 0.17170933 0.0017651179 0.033457886 -0.06557543 -0.01719596 0.99432975 -0.08193052
14289346.465 0.17480573 0.0031515097 0.033296164 -0.06981193 -0.020066392 0.9939186 -0.082762204
14339318.511999998 0.1783975 0.0045455983 0.033325292 -0.0721139 -0.023451252 0.9937258 -0.08221181
14389295.558 0.18238498 0.0055879243 0.03344041 -0.074928746 -0.025993867 0.9934409 -0.08237253
14439280.104 0.18675604 0.0066203624 0.033647437 -0.07774237 -0.02727634 0.9931473 -0.08288883
14489264.65 0.19171709 0.007297689 0.034148425 -0.07906287 -0.02755606 0.99293584 -0.08407212
14539265.696 0.1972059 0.007654608 0.034843203 -0.0794768 -0.026884096 0.99284756 -0.08493828
14589265.741999999 0.20324804 0.007564705 0.0358401 -0.07805346 -0.026268596 0.9929062 -0.085761055
14639251.038 0.20946051 0.007073962 0.036837015 -0.07575791 -0.025466708 0.99304503 -0.08645134
14689227.834999999 0.21565297 0.0063983826 0.037806235 -0.07409386 -0.024687342 0.9931094 -0.08737447
14739212.381000001 0.22167137 0.0055474723 0.038776636 -0.071923494 -0.024625735 0.9932594 -0.08750091
14789204.927000001 0.22715478 0.004610926 0.039653316 -0.06973378 -0.025952496 0.9934648 -0.08655295
14839213.473 0.23214586 0.003460482 0.040377766 -0.06884965 -0.02747515 0.99363476 -0.08482279
14889230.019 0.23669033 0.0018864986 0.04093688 -0.06926403 -0.027440907 0.9937446 -0.08319379
14939222.565 0.24082169 7.76886e-06 0.041380856 -0.069971435 -0.028684765 0.993879 -0.08053445
14989207.361000001 0.24451339 -0.0021344617 0.041843556 -0.07030571 -0.031599995 0.99395245 -0.078211755
15039192.407 0.24803765 -0.004817982 0.042519182 -0.068201095 -0.033058163 0.99427456 -0.0753258
15089208.453 0.25131467 -0.008191206 0.043270007 -0.06346643 -0.034013167 0.9947764 -0.07235363
15139241.248 0.25391233 -0.011963718 0.04398383 -0.058949642 -0.03269858 0.9952826 -0.06977351
15189289.293000001 0.2554998 -0.016304137 0.044542376 -0.056072924 -0.029619053 0.9956752 -0.067893304
15239345.338 0.25614256 -0.020598799 0.044879172 -0.054329883 -0.024998706 0.99603885 -0.065802775
15289401.383 0.25572762 -0.024683198 0.045192566 -0.052762922 -0.021768814 0.99643975 -0.062048536
15339449.428000001 0.25479242 -0.028729409 0.045142394 -0.050277773 -0.019070901 0.99701065 -0.055481985
15389481.973 0.25341308 -0.032562196 0.044703335 -0.04673949 -0.016248146 0.9976621 -0.04713568
15439522.268 0.25163004 -0.03618766 0.043774974 -0.043503556 -0.013209699 0.9981949 -0.039241217
15489570.313000001 0.24942917 -0.039272375 0.042544797 -0.042509187 -0.011082285 0.9985382 -0.03149077
15539618.608000001 0.24694218 -0.041659333 0.041100267 -0.040279754 -0.010889597 0.99884176 -0.023961391
15589659.154000001 0.24396516 -0.043380804 0.039698567 -0.03815636 -0.011959028 0.99904764 -0.01746424
15639667.199000001 0.2405493 -0.04444913 0.038294457 -0.038399424 -0.012718589 0.9990915 -0.013413293
15689667.745000001 0.23665805 -0.04457933 0.0370438 -0.03971684 -0.013695838 0.9990546 -0.0111754425
15739668.291 0.23274016 -0.04407404 0.03602178 -0.04119029 -0.014186737 0.9989916 -0.01086048
15789669.087000001 0.22894785 -0.042625748 0.035050217 -0.042346086 -0.014962787 0.9989277 -0.011242853
15839669.633000001 0.22509213 -0.040551085 0.0342807 -0.04503317 -0.016122686 0.9987729 -0.012837915
15889670.429 0.22165246 -0.037706442 0.03365752 -0.04738813 -0.018354943 0.998565 -0.016894618
15939670.975 0.21868183 -0.03453579 0.03307032 -0.05009651 -0.020900508 0.9982669 -0.022734089
15989686.521 0.2161582 -0.03135586 0.032351308 -0.053473983 -0.022263117 0.99793905 -0.027614282
16039648.567000002 0.21413521 -0.02825955 0.031504925 -0.05815106 -0.023017183 0.9975074 -0.032676738
16089625.114000002 0.21244702 -0.025279446 0.030627396 -0.06352959 -0.02446903 0.99701446 -0.03643379
16139594.159999998 0.21120374 -0.022750508 0.029680112 -0.06984489 -0.026280215 0.9964241 -0.039626215
16189554.707 0.20995641 -0.01990631 0.028647747 -0.07773428 -0.02946337 0.99564606 -0.042169753
16239524.003 0.20891798 -0.0171626 0.027516205 -0.08790663 -0.03320259 0.9945438 -0.04530735
16289508.55 0.20819348 -0.014283693 0.026288524 -0.09888849 -0.037529025 0.9932326 -0.047977395
16339485.596 0.20827916 -0.011258592 0.025061904 -0.107632235 -0.04231526 0.9920106 -0.050396174
16389462.391999999 0.20914212 -0.008310486 0.024163987 -0.11372932 -0.047926243 0.9909435 -0.05291301
16439439.439000001 0.21031272 -0.0055345604 0.02315773 -0.120878704 -0.05301466 0.9897126 -0.055197377
16489407.985000001 0.21202709 -0.0027586208 0.022339664 -0.12732407 -0.056839585 0.9885138 -0.058294743
16539385.032 0.21420443 6.98925e-05 0.02173089 -0.13263504 -0.060145978 0.9873882 -0.06208942
16589361.827999998 0.21675512 0.0025336314 0.021112382 -0.13694957 -0.062338777 0.9864295 -0.06569361
16639338.373999998 0.21976075 0.0046087164 0.020706581 -0.14206666 -0.06330452 0.9854885 -0.06798703
16689375.92 0.22288533 0.006362225 0.020078875 -0.14529575 -0.063943736 0.9848615 -0.06962915
16739276.717 0.22641653 0.007822257 0.019742627 -0.14672147 -0.06483152 0.9845139 -0.070726015
16789253.264 0.22990224 0.008373311 0.019369645 -0.14792386 -0.065604776 0.98415595 -0.072468095
16839253.81 0.23334408 0.008704489 0.01898657 -0.1502157 -0.063968495 0.98398185 -0.071575955
16889246.356 0.23689875 0.008053848 0.018686812 -0.1520585 -0.062769145 0.9837919 -0.071356766
16939246.902000003 0.2406412 0.0072846506 0.018503595 -0.15307218 -0.06144972 0.9838022 -0.07018632
16989247.698 0.24448796 0.006057741 0.018515218 -0.15146169 -0.060739793 0.98421013 -0.06856014
17039248.244 0.24821483 0.0046156403 0.018604886 -0.1499793 -0.05933878 0.9846341 -0.06693934
17089248.79 0.25168496 0.002855917 0.018769136 -0.14961958 -0.05791975 0.98482084 -0.06623713
17139249.336 0.2549823 0.0009524096 0.019072877 -0.1486102 -0.05772391 0.98501146 -0.06584383
17189250.130999997 0.25792196 -0.0013213144 0.019429505 -0.14553447 -0.057211857 0.98556906 -0.064809166
17239258.677 0.26047704 -0.0039619235 0.019854706 -0.14271542 -0.05588817 0.9861746 -0.06299676
17289259.222999997 0.2625406 -0.0069031566 0.02000887 -0.1399805 -0.054292563 0.98685485 -0.05979408
17339268.018999998 0.26454645 -0.010166479 0.02043328 -0.13626081 -0.05321764 0.9876229 -0.056585126
17389291.814 0.26601282 -0.013512048 0.02085695 -0.13144003 -0.052515805 0.98846143 -0.053940397
17439324.36 0.26683095 -0.017066836 0.021348732 -0.12838088 -0.051519904 0.9890146 -0.052097157
17489364.655 0.2670303 -0.020627934 0.021777084 -0.12614852 -0.049373228 0.989542 -0.049553145
17539397.45 0.26658905 -0.024348015 0.022219447 -0.12447987 -0.047019612 0.9900275 -0.046255153
17589429.496 0.26574358 -0.027859677 0.022579119 -0.12168691 -0.045006502 0.9906618 -0.041904505
17639461.541 0.2644146 -0.0310199 0.023009108 -0.1195249 -0.04413612 0.99114466 -0.03739182
17689510.336 0.26249015 -0.033778545 0.023388663 -0.117355645 -0.04364321 0.9915685 -0.03338926
17739566.131 0.26020068 -0.035948157 0.024051687 -0.11469788 -0.042909928 0.992 -0.030648535
17789614.426 0.25753233 -0.03776432 0.024866285 -0.11116432 -0.041619726 0.9925094 -0.028903352
17839678.97 0.25445044 -0.038866755 0.025764955 -0.10672495 -0.040372513 0.99308246 -0.027698379
17889653.767 0.25132006 -0.039760802 0.026479857 -0.102584034 -0.038327415 0.99360824 -0.027392311
17939624.063 0.24761124 -0.040102195 0.02737587 -0.098789476 -0.036013532 0.99406856 -0.02777416
17989632.859 0.24362852 -0.040333714 0.027982429 -0.096182436 -0.03388321 0.99436283 -0.029043334
18039657.155 0.2393117 -0.040009066 0.028295467 -0.09365396 -0.03242656 0.9946231 -0.030039351
18089665.45 0.23455177 -0.03936143 0.028580671 -0.0916202 -0.031890728 0.9948192 -0.030389108
18139666.246000003 0.22933485 -0.038518038 0.028767109 -0.08931848 -0.03207375 0.99502206 -0.030409327
18189658.792 0.22428969 -0.037610516 0.028956693 -0.08829414 -0.030307274 0.99517226 -0.030297024
18239651.338999998 0.21925542 -0.036678612 0.029091794 -0.0877544 -0.02697218 0.9952919 -0.03107676
18289651.884 0.21451163 -0.03530404 0.029279873 -0.087518655 -0.023540914 0.99534225 -0.032864977
18339668.68 0.21005921 -0.033684637 0.029295092 -0.08847927 -0.019134337 0.9952767 -0.035066307
18389677.226 0.20574595 -0.031992156 0.028885871 -0.093043014 -0.0148706 0.99489045 -0.03626057
18439661.772 0.20169641 -0.030119225 0.02867796 -0.09733482 -0.012483124 0.9944607 -0.03765787
18489638.818 0.19812457 -0.027936103 0.029028008 -0.09892629 -0.0135618355 0.9941882 -0.04024383
18539623.365000002 0.19475684 -0.025466375 0.029620638 -0.10122132 -0.015673215 0.993754 -0.04429077
18589631.91 0.19158411 -0.022526527 0.030091649 -0.1056533 -0.017578661 0.9930138 -0.049517885
18639656.206 0.18889242 -0.019406114 0.03020654 -0.11277821 -0.019041354 0.991919 -0.054912247
18689656.751999997 0.18691291 -0.016520143 0.030242488 -0.118812546 -0.021198379 0.9908992 -0.059606247
18739626.048 0.18599795 -0.013908768 0.030676996 -0.119726524 -0.023538897 0.99054444 -0.06271576
18789571.095 0.1853376 -0.011362167 0.03129225 -0.11870748 -0.025916474 0.9904462 -0.06521665
18839531.642 0.18482023 -0.009455158 0.031626552 -0.1188479 -0.026475614 0.99034834 -0.06621567
18889500.689 0.1850902 -0.008060181 0.031683337 -0.11797276 -0.02467266 0.9906575 -0.063808896
18939501.485000003 0.1857873 -0.0072775707 0.031598996 -0.11290025 -0.022953914 0.9913969 -0.062119957
18989510.029999997 0.18662176 -0.0059803165 0.031191539 -0.10699576 -0.021764707 0.99197924 -0.0636823
19039543.075999998 0.1872882 -0.0041921567 0.0303824 -0.10447662 -0.020363089 0.9919647 -0.068382025
19089511.372 0.18824999 -0.0021973674 0.029078012 -0.10171093 -0.017643962 0.99183416 -0.07489079
19139472.419 0.18998773 -0.0002827784 0.027827192 -0.09572926 -0.0133626945 0.99201024 -0.08107488
19189409.466000002 0.19213985 0.0014489683 0.026631048 -0.087434955 -0.008694318 0.992434 -0.08575732
19239338.513 0.1948433 0.0026944876 0.025564011 -0.07932871 -0.0031602394 0.99276024 -0.09013359
19289299.560000002 0.19772705 0.0035479583 0.024941674 -0.071294025 0.003143683 0.9929846 -0.09428158
19339276.356 0.20075221 0.0036368559 0.024713425 -0.06316171 0.0073473426 0.99317884 -0.09773642
19389260.903 0.20386244 0.003128813 0.024740312 -0.054461565 0.010217308 0.9935487 -0.0989473
19439245.949 0.20681791 0.0019579458 0.024972776 -0.047453016 0.011764987 0.99395853 -0.09826637
19489230.745 0.20942533 6.735802e-05 0.02538327 -0.041772675 0.01298533 0.994407 -0.09613081
19539223.291 0.21177818 -0.002541096 0.025809942 -0.03489966 0.011390209 0.9950684 -0.09214798
19589247.836999997 0.21381262 -0.0055350666 0.02628909 -0.02877352 0.008424251 0.9957616 -0.086948745
19639287.882 0.21525638 -0.008592723 0.026705094 -0.023591893 0.0027579982 0.99635416 -0.081940435
19689335.926999997 0.21635842 -0.011839438 0.027310194 -0.019655133 -0.0021238953 0.9968288 -0.077081695
19739360.472 0.21697985 -0.015400158 0.028091678 -0.01608061 -0.0041190195 0.99730444 -0.07147277
19789376.768 0.21682645 -0.018667696 0.029055454 -0.016071098 -0.003854186 0.9975694 -0.06769328
19839385.314 0.2164748 -0.021678742 0.030519573 -0.016094852 -0.0036956554 0.99759734 -0.0672828
19889426.109 0.21567567 -0.024237376 0.032361753 -0.014312633 -0.0047209486 0.9976479 -0.06687085
19939474.154 0.21444276 -0.026730796 0.034427673 -0.014081516 -0.005741216 0.9976906 -0.06619857
19989522.199 0.21279512 -0.029166957 0.036728542 -0.012761085 -0.007372301 0.9977656 -0.065166846
20039538.744 0.21090789 -0.031509496 0.03908971 -0.012251633 -0.00927902 0.9979033 -0.06287186
20089546.79 0.2085545 -0.033753406 0.041578434 -0.0131001845 -0.010674282 0.99804074 -0.060242735
20139555.336000003 0.20599265 -0.035489578 0.04409958 -0.0139165865 -0.011175219 0.9980926 -0.05909876
20189595.881 0.20320298 -0.037006408 0.046649564 -0.014886544 -0.011622713 0.9980796 -0.0589962
20239645.426 0.20031042 -0.038155586 0.04913227 -0.016091652 -0.011906848 0.9981213 -0.05790577
20289684.220999997 0.19735439 -0.03878322 0.051639356 -0.016363965 -0.012864777 0.99819195 -0.05638784
20339693.016999997 0.19429834 -0.03904545 0.05415524 -0.018488346 -0.0132723 0.99812 -0.056908216
20389685.563 0.19121738 -0.038639918 0.056780156 -0.021856768 -0.01409383 0.99794054 -0.05863839
20439678.109 0.18846487 -0.038004108 0.05957853 -0.023060558 -0.014641713 0.99769425 -0.06213011
20489686.655 0.18593065 -0.036842864 0.062588066 -0.022407314 -0.015493697 0.9975031 -0.06515782
20539703.450999998 0.18363884 -0.03564056 0.065621085 -0.0235355 -0.015769439 0.99716365 -0.06972944
20589711.996999998 0.18148567 -0.03410748 0.06862423 -0.025376365 -0.015457286 0.9968409 -0.0736575
20639696.543 0.17969258 -0.03252542 0.071448945 -0.025859583 -0.015204936 0.9965945 -0.07680824
20689673.089 0.17825441 -0.030881103 0.07418394 -0.02611442 -0.014366917 0.99638164 -0.079595126
20739650.385 0.17686789 -0.029103292 0.076646395 -0.026350107 -0.013267785 0.9962098 -0.08182764
20789658.930999998 0.17525625 -0.027381077 0.07882741 -0.029296808 -0.010822917 0.99593455 -0.084492624
20839690.977 0.17351072 -0.025619496 0.08044423 -0.033337317 -0.007790192 0.99559224 -0.08731592
20889707.522 0.17178102 -0.023938116 0.08156803 -0.036473233 -0.0064842687 0.9954001 -0.08835389
20939700.068 0.17011923 -0.022407088 0.08238095 -0.039618395 -0.006387978 0.9953391 -0.087690756
20989676.865000002 0.16836612 -0.020947931 0.08295239 -0.042504102 -0.0068390537 0.9954122 -0.085448146
21039653.911 0.16663471 -0.019550232 0.08321146 -0.046357576 -0.006895287 0.9954092 -0.083450675
21089654.457 0.16523996 -0.018047389 0.08335264 -0.04915032 -0.00661227 0.9953783 -0.08223495
21139678.752 0.16416478 -0.016453853 0.08312592 -0.050288748 -0.0071347356 0.99534345 -0.08192449
21189695.298 0.16346136 -0.014951979 0.082481496 -0.050508246 -0.0069820723 0.9953555 -0.081655934
21239695.844 0.16306408 -0.013668749 0.081389114 -0.04940903 -0.0063934973 0.9954406 -0.08133777
21289672.89 0.16279453 -0.012294219 0.08005118 -0.04819031 -0.0054964386 0.9955543 -0.080741175
21339649.437 0.16260973 -0.011093247 0.07830288 -0.047058754 -0.00502302 0.9956177 -0.0806583
21389626.233 0.16270047 -0.009854673 0.07610188 -0.04436388 -0.004987783 0.99585456 -0.0792509
21439718.777 0.16286795 -0.00879468 0.07348633 -0.041496582 -0.004460122 0.9961614 -0.07694619
21489635.325 0.16332012 -0.0077760424 0.07048643 -0.03943037 -0.0031928467 0.9963523 -0.07561214
21539636.371 0.16373457 -0.006474225 0.0673669 -0.037303448 -0.0021016174 0.9964408 -0.07556312
21589620.667 0.16411036 -0.0051880446 0.064217806 -0.035414357 -0.0007649379 0.9965086 -0.075603284
21639597.713 0.16524817 -0.0037432995 0.061099462 -0.03213077 0.0009723967 0.9966408 -0.075325
21689566.26 0.16687606 -0.0024625966 0.058005147 -0.026383778 0.0026956093 0.9967863 -0.07558961
21739535.306 0.16882218 -0.0014594204 0.054924987 -0.020339916 0.0053954227 0.99692297 -0.07551036
21789511.853 0.17132203 -0.0010508721 0.051965572 -0.01322913 0.008437918 0.99709207 -0.07457351
21839497.149 0.17421412 -0.0013681891 0.04880653 -0.004267519 0.010998158 0.9973873 -0.07127066
21889481.945 0.17727318 -0.0022287213 0.045845933 0.004372008 0.013489922 0.997605 -0.067699574
21939474.491 0.18020101 -0.0034903858 0.042999703 0.012447036 0.014724148 0.9977424 -0.06433058
21989483.037 0.18318234 -0.0051296917 0.04046499 0.021818504 0.013724111 0.997759 -0.0617466
22039536.582000002 0.18613672 -0.0073257843 0.038127545 0.031205425 0.011614284 0.9977306 -0.058524128
22089484.129 0.18882015 -0.010119717 0.035976734 0.0398126 0.010535712 0.9976921 -0.053986136
22139484.675 0.1910926 -0.013423136 0.034227014 0.04823248 0.011279601 0.997525 -0.049903385
22189501.471 0.19292821 -0.017123988 0.032682396 0.055157896 0.01361975 0.99730414 -0.04643912
22239525.516000003 0.19421063 -0.021197027 0.031275455 0.06110087 0.016077757 0.9970466 -0.04366155
22289558.311 0.1949619 -0.025356472 0.029859517 0.06582748 0.017385153 0.99688065 -0.039919235
22339590.357 0.1949709 -0.029628312 0.028414464 0.068525635 0.0173343 0.996867 -0.035496403
22389614.902 0.19439657 -0.03365938 0.027196981 0.06894935 0.016314544 0.99699444 -0.03133649
22439646.948 0.19317228 -0.037439816 0.026151376 0.06728427 0.016232599 0.997234 -0.027086757
22489687.743 0.19119766 -0.04075935 0.025431156 0.06556911 0.016293246 0.9974528 -0.022871278
22539719.788 0.18876567 -0.043957513 0.024696995 0.06269935 0.01583914 0.99772763 -0.01890775
22589736.334 0.18567628 -0.04662177 0.024303917 0.0583503 0.016033195 0.9980611 -0.014568577
22639797.878 0.18206039 -0.048755195 0.024023095 0.052317645 0.016545251 0.9984237 -0.011801597
22689753.175 0.17805411 -0.050056487 0.024330523 0.046923958 0.015663773 0.99872285 -0.010271831
22739769.721 0.17378277 -0.050729852 0.024925621 0.041645914 0.013996834 0.99899167 -0.009242556
22789778.267 0.16949569 -0.050758258 0.02567113 0.035956066 0.012177372 0.99923635 -0.0092571005
22839778.813 0.16536169 -0.050486054 0.026655931 0.030792506 0.012083122 0.9993909 -0.011121783
22889787.358 0.16125806 -0.049776237 0.02779103 0.025979538 0.013105073 0.9994956 -0.012725553
22939796.154 0.15739653 -0.048815556 0.02874417 0.020736797 0.014774115 0.99956137 -0.015125583
22989812.2 0.15338904 -0.04754569 0.029632155 0.014503148 0.015766451 0.99960876 -0.01798412
23039820.995 0.14978552 -0.04626193 0.030313551 0.009028524 0.016651118 0.99964243 -0.018874016
23089840.791 0.14651398 -0.044747483 0.030915067 0.007443745 0.017822793 0.9996447 -0.018369189
23139822.087 0.14389448 -0.043013975 0.03162912 0.007643429 0.0193713 0.99959123 -0.019589623
23189830.633 0.14138086 -0.041030142 0.03225947 0.0075234943 0.02078829 0.9994909 -0.023006514
23239839.179 0.13903992 -0.038501494 0.03284055 0.0058533526 0.022298427 0.99932694 -0.028535629
23289831.725 0.1368847 -0.03591565 0.033311464 0.0051661977 0.023406412 0.9991305 -0.034112323
23339824.270999998 0.13519587 -0.033273667 0.033626076 0.0062445505 0.023491172 0.99894196 -0.039041277
23389801.317 0.13355334 -0.030409409 0.03353746 0.007402307 0.02312323 0.9987723 -0.043179702
23439778.114 0.1318825 -0.027581448 0.033301834 0.0066964696 0.023044107 0.9985916 -0.047319543
23489755.41 0.13025652 -0.024894454 0.032910936 0.0052925996 0.023782851 0.9984054 -0.050921638
23539739.956 0.12894337 -0.02232547 0.032447282 0.004465249 0.025808258 0.99818784 -0.05417665
23589716.503 0.12801404 -0.019720567 0.03195427 0.004498064 0.028561996 0.9979963 -0.056280527
23639677.549 0.12710011 -0.017281184 0.03139009 0.0025865957 0.031753805 0.9978387 -0.057472564
23689646.096 0.12646176 -0.014865468 0.03081341 0.0008493161 0.033854317 0.9977627 -0.057643786
23739615.143 0.12616362 -0.012230113 0.030285958 0.00095017697 0.034879614 0.9977301 -0.057595696
23789627.688 0.12595946 -0.009600712 0.029766541 0.0010991412 0.035101723 0.9977529 -0.05705977
23839576.735 0.12620257 -0.006814907 0.029445153 0.0015466677 0.036139637 0.9978312 -0.054995175
23889569.531 0.12715511 -0.004574805 0.029603276 0.0047634575 0.03656967 0.99779564 -0.055171005
23939546.078 0.12848617 -0.002174443 0.02987351 0.009814068 0.03554017 0.997729 -0.056368474
23989531.373999998 0.12997419 -8.972474e-05 0.030680165 0.014090551 0.033963002 0.9976221 -0.058295038
24039507.919999998 0.13172376 0.0015662964 0.031816028 0.017467823 0.032247595 0.9975157 -0.06014585
24089476.967 0.13354684 0.0028196045 0.03321067 0.020557024 0.030324863 0.9974591 -0.06110005
24139453.513 0.13538818 0.0037224772 0.034888994 0.023206757 0.028292274 0.99744445 -0.061365068
24189446.059 0.1373549 0.004465018 0.036839183 0.026144972 0.025045 0.9974683 -0.06120681
24239454.855 0.13941182 0.0049977982 0.03912866 0.029196372 0.020141477 0.9974691 -0.06162262
24289471.401 0.1412792 0.0052749394 0.041941736 0.031495787 0.015160582 0.9974107 -0.06285
24339487.696 0.14287332 0.0053367247 0.04528445 0.03232481 0.009681572 0.99731934 -0.06492703
24389480.742000002 0.1441371 0.005158131 0.04897316 0.033011194 0.003454876 0.99716073 -0.06759343
24439519.288 0.1453091 0.0046338304 0.052899502 0.033882424 -0.0018628892 0.99697757 -0.06988807
24489465.834000003 0.14629689 0.0036984258 0.056948863 0.035821807 -0.0040762713 0.9968187 -0.071081884
24539489.88 0.14679722 0.002691112 0.06119766 0.036745995 -0.0052944846 0.9967234 -0.071863204
24589522.425 0.14691715 0.0016943333 0.06560973 0.036207005 -0.0063877455 0.9966406 -0.0731832
24639562.720000003 0.14683591 0.00068595784 0.07001768 0.035693917 -0.008186619 0.99650747 -0.075046495
24689595.266 0.14618662 -0.000101641635 0.07427897 0.035053067 -0.010207724 0.99638355 -0.07672648
24739611.311 0.14544146 -0.0008760041 0.07835243 0.033317406 -0.011723367 0.9963097 -0.07822736
24789628.107 0.14464189 -0.0016440968 0.08222394 0.031784534 -0.012112978 0.99627906 -0.079190046
24839636.653 0.14366853 -0.0022051039 0.08570297 0.031116545 -0.012268369 0.99621534 -0.08022743
24889660.948 0.14256588 -0.002721041 0.08893676 0.029487751 -0.0119432835 0.9960166 -0.08329959
24939685.244 0.14143406 -0.002957752 0.091828294 0.028527183 -0.011500189 0.9957251 -0.087094694
24989714.789 0.14021075 -0.002972438 0.09421179 0.026997488 -0.01060315 0.9954634 -0.09061719
25039694.585 0.13868861 -0.002906446 0.096182264 0.024590712 -0.008897327 0.9952579 -0.09369065
25089679.132000003 0.13692027 -0.0026628359 0.09764441 0.021455886 -0.0073430627 0.9951083 -0.096152104
25139656.178 0.13512045 -0.002549231 0.0986506 0.017239222 -0.0058846073 0.995074 -0.09744758
25189656.974 0.13336408 -0.0023829597 0.09950346 0.013561482 -0.003969773 0.9951356 -0.09749665
25239681.019 0.13181558 -0.0022063577 0.10037327 0.011644874 -0.0024908786 0.99517596 -0.097381316
25289697.565 0.1303012 -0.0020502675 0.10114497 0.009529017 -0.00094869034 0.9950921 -0.098489136
25339706.110999998 0.12890336 -0.0019212466 0.101421624 0.008290154 0.0012036251 0.99503034 -0.099219404
25389706.907 0.12786415 -0.0022945895 0.100983456 0.0080416445 0.004420262 0.99508363 -0.09861197
25439699.453 0.1269795 -0.0030152954 0.09972353 0.008404219 0.008219753 0.99529564 -0.09616886
25489691.998999998 0.12613198 -0.0039092377 0.097777955 0.007404064 0.013473433 0.9955126 -0.09337212
25539719.544 0.12541749 -0.0047109686 0.095284216 0.007041402 0.017871091 0.99563956 -0.091285065
25589725.34 0.124763235 -0.0054559377 0.09233084 0.00609625 0.02101314 0.9957611 -0.089337744
25639741.386 0.12410827 -0.0060782833 0.08894511 0.0054309024 0.023248425 0.99595076 -0.086672865
25689749.932 0.12355602 -0.0066185305 0.085152574 0.0048033167 0.02613738 0.9961197 -0.08390054
25739734.728 0.12298496 -0.0070142644 0.081102856 0.00426649 0.029906489 0.99618214 -0.08190588
25789711.774 0.12234135 -0.007111894 0.076875955 0.003030245 0.03303447 0.99619234 -0.08062507
25839704.32 0.12168236 -0.0068600345 0.07262062 0.0017565902 0.035633523 0.99617124 -0.07981229
25889680.867 0.120999224 -0.006302825 0.06834623 -0.00019021021 0.038458463 0.9961103 -0.079279736
25939666.163 0.12037021 -0.0056726984 0.06408705 -0.0013641521 0.04149511 0.99600965 -0.07900139
25989634.709000003 0.1198382 -0.0049689617 0.05984199 -0.0019045853 0.044464197 0.9958904 -0.078878224
26039611.756 0.119358934 -0.0043787076 0.055632662 -0.0030659088 0.046963032 0.9957994 -0.07854006
26089588.302 0.119308256 -0.0037871436 0.051477496 -0.0035203341 0.048545994 0.99580246 -0.077513486
26139557.599 0.11968277 -0.00345746 0.04761359 -0.0027533076 0.04960116 0.9958791 -0.075874574
26189542.145000003 0.12059138 -0.0033600866 0.044113066 -0.00019074345 0.05044282 0.9959662 -0.07420843
26239526.691 0.12170596 -0.0034746449 0.040732555 0.0027070993 0.050887182 0.99605286 -0.072676755
26289511.237 0.12363389 -0.0037962275 0.0373568 0.0073635313 0.050819207 0.9961162 -0.07152493
26339504.534 0.12600395 -0.004113196 0.034335885 0.013166088 0.05115759 0.99614877 -0.06997991
26389497.08 0.12872359 -0.004537638 0.031560134 0.019359175 0.052625936 0.9960928 -0.06822734
26439497.876000002 0.13166358 -0.004819239 0.028992478 0.025322748 0.05394548 0.9960393 -0.06598826
26489498.171 0.1349203 -0.004835227 0.026693761 0.031888336 0.05388733 0.9959321 -0.06479728
26539498.717 0.13848163 -0.0049760733 0.024659986 0.03935785 0.05415378 0.9956528 -0.06476144
26589491.263 0.14217462 -0.0055303937 0.022740586 0.046424113 0.053469688 0.99538034 -0.064836994
26639484.060000002 0.14596994 -0.006668163 0.020907026 0.053344913 0.051114492 0.99517894 -0.06450271
26689468.606 0.14966536 -0.008399656 0.019488953 0.060718104 0.04788042 0.99507713 -0.06198728
26739461.152000003 0.15346198 -0.010649385 0.018262763 0.069344915 0.044744365 0.9948765 -0.058395334
26789461.948 0.15678363 -0.013233933 0.017218903 0.07659393 0.04227007 0.9946982 -0.054055396
26839502.743 0.15936115 -0.015989546 0.016607324 0.08132647 0.04020358 0.9945956 -0.05049064
26889518.789 0.16114701 -0.019129656 0.016261859 0.083619036 0.038342092 0.994697 -0.045997877
26939567.084000003 0.162418 -0.02241926 0.016276678 0.085078984 0.036600303 0.99484086 -0.041396994
26989599.129 0.16303916 -0.025847213 0.01646262 0.0868397 0.033660248 0.9949545 -0.03730107
27039615.925 0.16289559 -0.029016932 0.01709721 0.08771057 0.029387886 0.99511194 -0.03457697
27089631.97 0.16179796 -0.0320959 0.01795978 0.08690216 0.024881467 0.99537414 -0.032547537
27139656.516 0.15968324 -0.034598418 0.019175373 0.08419242 0.021162856 0.9957821 -0.02969698
27189688.811 0.15687281 -0.0372012 0.020620238 0.078775845 0.019047597 0.9963262 -0.027672144
27239713.356 0.15328024 -0.03935958 0.022321844 0.07156674 0.017517436 0.99694127 -0.026067438
27289737.902 0.14933245 -0.04101725 0.024254328 0.06512376 0.014665569 0.99745136 -0.02519186
27339761.947 0.1453059 -0.04237756 0.026615096 0.059836037 0.013507029 0.9977967 -0.02527966
27389848.492 0.14106837 -0.0435623 0.029236436 0.052663572 0.014410247 0.9981514 -0.026697785
27439795.289 0.13674039 -0.044351958 0.032084074 0.045993872 0.015794558 0.99838006 -0.02953801
27489819.334 0.13237754 -0.04461808 0.035129413 0.040914923 0.01612868 0.99850214 -0.03254976
27539843.88 0.12811542 -0.04448186 0.038003176 0.036479 0.015342619 0.9986115 -0.034771
27589852.675 0.12383384 -0.04374218 0.040600996 0.032092717 0.013710179 0.99871904 -0.036638714
27639853.221 0.119646944 -0.04250308 0.042983018 0.027962556 0.011104553 0.99879134 -0.03886747
27689846.017 0.1154935 -0.040939234 0.045077868 0.023098644 0.008341258 0.9988095 -0.042149667
27739838.563 0.11139112 -0.039226763 0.04687644 0.01839693 0.006372735 0.9987788 -0.045408115
27789847.109 0.10725243 -0.037287086 0.04835509 0.012217145 0.006066376 0.99875414 -0.048002385
27839910.654000003 0.10323834 -0.035324633 0.049321804 0.0053519653 0.00841662 0.9986606 -0.050768945
27889879.7 0.099663965 -0.033384394 0.049909078 -0.00048150148 0.010280278 0.9984447 -0.054793604
27939904.496 0.096727476 -0.03138107 0.05008105 -0.0048682336 0.012052308 0.99815476 -0.059313886
27989936.541 0.09439321 -0.029075066 0.049913365 -0.0076420424 0.013465765 0.99787974 -0.06321709
28039945.087 0.09249687 -0.026824785 0.049466662 -0.009448891 0.015073498 0.99763244 -0.06643112
28089914.134 0.09102945 -0.024557719 0.04884466 -0.011121033 0.018030085 0.99739873 -0.06889821
28139867.18 0.089972265 -0.022184415 0.048080243 -0.012851585 0.021524573 0.9972947 -0.069100715
28189827.977 0.08936771 -0.019573076 0.047172096 -0.013980279 0.02515217 0.99711514 -0.070238
28239813.023000002 0.08896782 -0.016617399 0.046315692 -0.012313752 0.02717236 0.996931 -0.072378255
28289805.569 0.08907336 -0.013596085 0.045538943 -0.00989847 0.028522212 0.9967394 -0.07482715
28339790.366 0.08987619 -0.010768206 0.04434372 -0.007276114 0.029069383 0.996637 -0.07626751
28389727.413 0.0910672 -0.007877223 0.042937536 -0.0030946324 0.02901292 0.99662364 -0.07674681
28439648.46 0.0927506 -0.005190417 0.04153313 0.0015192963 0.029251013 0.9964688 -0.07868997
28489586.007 0.09476574 -0.002704856 0.04007754 0.0058746077 0.030259095 0.9961516 -0.08204807
28539546.554 0.09716252 -0.0005040556 0.03835161 0.0113497805 0.029575558 0.99600226 -0.083522774
28589539.849999998 0.10020063 0.0009267004 0.03657974 0.018309498 0.029424576 0.9959365 -0.08312276
28639476.647 0.10365939 0.0016848543 0.03490054 0.024843542 0.03193459 0.99578613 -0.08229797
28689445.444000002 0.10720451 0.002022762 0.033408407 0.03074556 0.03436612 0.9955789 -0.08183191
28739422.49 0.11104653 0.0018919705 0.032061722 0.039340444 0.034997966 0.9952414 -0.0819881
28789407.286 0.114826985 0.0011868441 0.030894287 0.04719044 0.03430175 0.9949482 -0.081698224
28839407.832 0.118272595 2.681755e-05 0.029636586 0.054051597 0.033957887 0.99477947 -0.07961886
28889424.378 0.12124118 -0.0015612836 0.028468521 0.059845723 0.034176663 0.99468493 -0.07650123
28939440.674000002 0.12357891 -0.0036264916 0.027458312 0.064695135 0.03451827 0.99455583 -0.0740393
28989456.969 0.12515575 -0.0060591474 0.02655983 0.06895453 0.034812484 0.9943803 -0.07239662
29039473.765 0.12601958 -0.008975988 0.025916163 0.070837796 0.0352457 0.9943869 -0.07024591
29089497.810000002 0.12586503 -0.0121550225 0.025243796 0.07066229 0.035871208 0.9946218 -0.066691324
29139514.606 0.12462207 -0.015518723 0.024711328 0.06656224 0.036428444 0.99523234 -0.061278116
29189539.151 0.122653626 -0.018448928 0.024446392 0.061908018 0.03528424 0.99589217 -0.05586922
29239579.447 0.12008331 -0.021338841 0.02443596 0.05777132 0.03185432 0.99648374 -0.051652133
29289635.491 0.11719457 -0.02372441 0.024591563 0.054651283 0.027684921 0.99693716 -0.0486119
29339691.286000002 0.11376584 -0.025798175 0.024972698 0.049870603 0.024163105 0.99735713 -0.046987593
29389723.582 0.109866865 -0.027485186 0.025437683 0.043397248 0.02265737 0.9977509 -0.04578929
29439740.127 0.10569823 -0.028826425 0.025989309 0.03551638 0.022109892 0.99811596 -0.04488165
29489748.672999997 0.101525106 -0.029873509 0.026673876 0.027976444 0.021468287 0.9984146 -0.043873426
29539765.469 0.09750865 -0.030609071 0.027431976 0.021505868 0.019593406 0.99864423 -0.04316538
29589805.514 0.093542375 -0.031118317 0.028372504 0.016050441 0.017473787 0.9988017 -0.042805918
29639845.558999997 0.08970351 -0.031186195 0.02939675 0.011423936 0.01570718 0.9988548 -0.043726403
29689870.104000002 0.08581932 -0.031005293 0.030649196 0.0049706907 0.013887233 0.9988362 -0.045921445
29739912.15 0.08166686 -0.030481834 0.03196921 -0.0023382057 0.0114463335 0.99875975 -0.048399463
29789894.946000002 0.07775864 -0.029568288 0.03325201 -0.009516465 0.008980662 0.9986327 -0.050612677
29839911.492 0.07400269 -0.028379941 0.034428295 -0.015265675 0.005659125 0.99848896 -0.05248656
29889944.037 0.07035799 -0.027084261 0.03543423 -0.020867333 0.001571783 0.998309 -0.05423343
29939968.082000002 0.06698293 -0.025752118 0.036231015 -0.02625347 -0.0025137614 0.9980635 -0.056335602
29989976.628000002 0.0637534 -0.024222424 0.03696285 -0.033175707 -0.0051351106 0.99775976 -0.057867754
30039961.424 0.060669187 -0.022620734 0.037382785 -0.04015607 -0.0064646895 0.99735755 -0.060196742
30089946.470999997 0.05773045 -0.020754388 0.037582833 -0.04650056 -0.007992335 0.9968518 -0.06372174
30139954.516 0.055130515 -0.018707953 0.0374539 -0.05164134 -0.0098166745 0.99633205 -0.06752191
30189998.061 0.052883767 -0.016670505 0.03698706 -0.056005727 -0.01128501 0.9958849 -0.07035151
30239971.858000003 0.051392328 -0.014728426 0.03642085 -0.058555026 -0.011889094 0.9955735 -0.07254964
30289940.904 0.05065525 -0.013026723 0.03554514 -0.05869338 -0.01215528 0.9953474 -0.075438365
30339885.951 0.050424375 -0.011393443 0.034541156 -0.05768618 -0.012494026 0.995229 -0.077688225
30389831.248 0.050491426 -0.00983806 0.03338602 -0.056475863 -0.012150252 0.995177 -0.07928228
30439784.294999998 0.05076369 -0.008192105 0.03220532 -0.056031674 -0.01067858 0.99505705 -0.081289336
30489752.842 0.051563427 -0.0065121735 0.030908184 -0.054191492 -0.009938617 0.9950573 -0.08261687
30539729.388 0.052923594 -0.005064061 0.029509958 -0.051646918 -0.008576569 0.99511427 -0.08370599
30589706.685 0.054526586 -0.0033431677 0.028063077 -0.04908561 -0.0073414715 0.9951257 -0.0852148
30639675.231 0.056588 -0.0015946719 0.02669815 -0.045050655 -0.0065898323 0.99509007 -0.08787978
30689628.278 0.059423763 -0.00020812423 0.025617748 -0.03952734 -0.004690268 0.99518245 -0.08959676
30739581.575 0.062665485 0.00091646815 0.024715725 -0.03294725 -0.0015704314 0.9953533 -0.090465225
30789534.371999998 0.066341005 0.001506069 0.02403689 -0.025993956 0.0019110366 0.9955063 -0.091038585
30839495.667999998 0.07046575 0.001848761 0.023706289 -0.018173698 0.0045695715 0.99569976 -0.09072477
30889472.215 0.07472079 0.0017764965 0.023552943 -0.008410311 0.0062409947 0.9957983 -0.09097304
30939459.511 0.078908734 0.001354175 0.02360007 0.0016871542 0.0065660537 0.9957935 -0.091375075
30989449.807 0.082835406 0.0002549901 0.023715042 0.0104112 0.008109681 0.9956869 -0.09183486
31039442.353 0.08622216 -0.0013769988 0.023724578 0.016905103 0.011263109 0.9956837 -0.09056054
31089435.149 0.089380726 -0.0035853484 0.023686232 0.022019833 0.014709182 0.9959091 -0.08639359
31139435.695 0.09200382 -0.006363459 0.0238385 0.026492387 0.016688222 0.9961787 -0.08153391
31189452.491 0.09448185 -0.009311455 0.024175337 0.031358987 0.016732424 0.9964534 -0.07627153
31239492.536000002 0.09640264 -0.012361872 0.02479289 0.03641489 0.015118051 0.99657214 -0.07272807
31289548.581 0.0977397 -0.015423602 0.025656842 0.040047444 0.013111463 0.99667484 -0.06973913
31339604.626000002 0.098073445 -0.018645205 0.02648149 0.040074576 0.013506594 0.99688905 -0.066511884
31389644.671 0.09830111 -0.021969613 0.027304614 0.03936898 0.015908962 0.9971346 -0.062606364
31439661.466000002 0.09780901 -0.025253275 0.028103825 0.04057247 0.018275859 0.997332 -0.05787002
31489685.512 0.09657428 -0.028207764 0.028826455 0.039694384 0.019908872 0.9976102 -0.05293318
31539726.057 0.09457337 -0.03117762 0.029474346 0.03511399 0.021027593 0.9979685 -0.04882527
31589782.352 0.09187966 -0.033691872 0.030007618 0.03071376 0.021363704 0.99834365 -0.043706305
31639846.397 0.0892113 -0.035486348 0.030561209 0.027899057 0.020388307 0.99867034 -0.038256604
31689894.442 0.08605106 -0.03710698 0.031295914 0.025641827 0.017980268 0.9988866 -0.035282534
31739926.487 0.08260749 -0.038271286 0.0319479 0.020377671 0.016450632 0.9990898 -0.033673823
31789943.283 0.07863935 -0.03883903 0.032436702 0.0131157 0.01576961 0.9992586 -0.032583572
31839967.827999998 0.07473539 -0.038910363 0.032703955 0.0057809493 0.015330859 0.99936545 -0.03162664
31889999.873 0.07129804 -0.03847636 0.03301291 0.0008931976 0.014802079 0.99939793 -0.031367976
31940055.917999998 0.06806148 -0.037443325 0.033358384 -0.0024487746 0.013188172 0.9993841 -0.03242906
31990104.213 0.06528057 -0.035988584 0.033845298 -0.005323342 0.0120686 0.9992788 -0.03560817
32040128.759000003 0.062809385 -0.033858396 0.034198485 -0.007918832 0.011961385 0.9991193 -0.03943441
32090113.305 0.060613226 -0.031625427 0.034527417 -0.010291778 0.011971186 0.99892896 -0.043494754
32140161.85 0.058749624 -0.029182589 0.034657683 -0.012198793 0.011621256 0.99875695 -0.046913095
32190034.898 0.056995064 -0.026681582 0.03451614 -0.013650251 0.009837539 0.9985966 -0.05021717
32240012.195000004 0.05551067 -0.023912318 0.034021664 -0.014877059 0.007159489 0.998507 -0.05206939
32290004.741 0.054152716 -0.02097968 0.03321922 -0.016555643 0.0036217363 0.99843174 -0.053357296
32339981.286999997 0.05269346 -0.017915076 0.032125022 -0.019130766 -0.0005221898 0.9983123 -0.05483021
32389942.334000003 0.051303964 -0.014703523 0.030796561 -0.02428183 -0.004624586 0.9980284 -0.05769231
32439903.630999997 0.050110433 -0.011444733 0.029528437 -0.028676994 -0.008281828 0.9976789 -0.061203867
32489864.676999997 0.049704168 -0.008375077 0.028521921 -0.030646997 -0.011209938 0.997312 -0.06560426
32539841.223999996 0.049854703 -0.0057732584 0.028043134 -0.031161351 -0.012368612 0.9970022 -0.069732904
32589810.519999996 0.05060692 -0.003569251 0.02802564 -0.031394627 -0.011811944 0.9967037 -0.07386953
32639747.566999998 0.05215496 -0.0018835024 0.028541764 -0.029815484 -0.010802472 0.9964819 -0.077577166
32689684.613999996 0.054273423 -0.00040718174 0.029403629 -0.026377043 -0.011345701 0.99633884 -0.08052662
32739669.411 0.056506686 0.0006870117 0.03093552 -0.022189187 -0.012906722 0.9962078 -0.08313395
32789598.457999997 0.059054542 0.0014392745 0.032889158 -0.017752243 -0.014307787 0.9961532 -0.08461114
32839583.504 0.061862674 0.0019455997 0.035414565 -0.011848515 -0.01567543 0.99609554 -0.08606797
32889568.049999997 0.06476767 0.0020870215 0.03826873 -0.0053463127 -0.016179193 0.99596065 -0.08815926
32939552.597 0.06744836 0.0018852225 0.04133723 0.00086275936 -0.015523321 0.995785 -0.09039123
32989537.142999995 0.06996739 0.0013296083 0.04454696 0.006028505 -0.014062845 0.99563825 -0.09203486
33039530.439 0.072145574 0.0006572172 0.04772832 0.01117233 -0.012416507 0.99551076 -0.093163334
33089538.485000003 0.07406604 -0.00027514427 0.05101938 0.015672969 -0.01212536 0.9953214 -0.09456651
33139563.28 0.07547175 -0.0012701367 0.054244716 0.020081738 -0.012487211 0.9952004 -0.094958335
33189587.825999998 0.076601714 -0.0024856748 0.0575846 0.023009313 -0.012493896 0.99513334 -0.09499541
33239619.871 0.077263266 -0.0037265662 0.060738914 0.023864152 -0.011777373 0.9951476 -0.09472641
33289636.417 0.077665165 -0.0047673164 0.06399696 0.02478301 -0.010767732 0.9951227 -0.09487218
33339710.461 0.07806271 -0.005569435 0.06750157 0.027084459 -0.010371138 0.9948823 -0.09678943
33389685.507999998 0.078403816 -0.0060186065 0.07106877 0.028672995 -0.009949926 0.9946077 -0.09916872
33439717.053 0.078630865 -0.0062924293 0.07457527 0.030316439 -0.009404167 0.99431837 -0.10160483
33489741.847999997 0.07885056 -0.0064632613 0.077998675 0.032302964 -0.009196629 0.9940631 -0.10349212
33539750.393999998 0.07911527 -0.0065459637 0.081247464 0.034678448 -0.009404961 0.99376404 -0.10555601
33589751.44 0.079292946 -0.0065214536 0.08432168 0.036578633 -0.0099859955 0.9934506 -0.10778809
33639759.736 0.07923092 -0.006409726 0.087204024 0.037960082 -0.010514852 0.9930904 -0.110544145
33689775.780999996 0.07907469 -0.0062894165 0.08973432 0.03811055 -0.0107191205 0.99279916 -0.11305955
33739784.327 0.07882917 -0.0060721166 0.092078485 0.03821774 -0.010419991 0.99254394 -0.11527116
33789785.122999996 0.07850614 -0.005731064 0.09419771 0.03801549 -0.009953938 0.99230987 -0.117375165
33839785.669 0.0781319 -0.0054510394 0.09610488 0.037350815 -0.0088896565 0.9919765 -0.120452
33889778.214999996 0.077887565 -0.0050804485 0.09771669 0.03727278 -0.007993112 0.9916383 -0.12328978
33939778.761 0.07759353 -0.0046993312 0.09906073 0.03714945 -0.008024072 0.9913487 -0.125632
33989787.557 0.07769588 -0.004573418 0.09996541 0.037468694 -0.007694941 0.991229 -0.126499
34039788.103 0.07807459 -0.004874873 0.100321434 0.03780914 -0.008173833 0.9912633 -0.12609828
