943929.4789999999 -0.0 -0.0 -0.0 -0.0 -0.0 1.0 -0.0
984360.358 -0.0 -0.0 -0.0 -0.0 -0.0 1.0 -0.0
1043934.0360000001 0.00076875987 0.00030621875 0.0006747872 0.0011545469 -0.0010531878 0.9999982 -0.0010499944
1084364.9149999998 0.00076875987 0.00030621875 0.0006747872 0.0011545469 -0.0010531878 0.9999982 -0.0010499944
1143938.8429999999 0.00076875987 0.00030621875 0.0006747872 0.0011545469 -0.0010531878 0.9999982 -0.0010499944
1184369.722 0.00076875987 0.00030621875 0.0006747872 0.0011545469 -0.0010531878 0.9999982 -0.0010499944
1243943.4000000001 0.0007405117 0.000482477 0.0010262674 -0.0019428048 0.00048050462 0.99999523 -0.0023474973
1284374.5289999999 0.0007405117 0.000482477 0.0010262674 -0.0019428048 0.00048050462 0.99999523 -0.0023474973
1343948.207 0.0007405117 0.000482477 0.0010262674 -0.0019428048 0.00048050462 0.99999523 -0.0023474973
1384379.0860000001 0.0007405117 0.000482477 0.0010262674 -0.0019428048 0.00048050462 0.99999523 -0.0023474973
1443952.764 0.0012382192 0.0010377697 0.0015331091 0.0011230687 0.0021178983 0.9999967 -0.00094316027
1484383.643 0.0012382192 0.0010377697 0.0015331091 0.0011230687 0.0021178983 0.9999967 -0.00094316027
1543957.571 0.0012382192 0.0010377697 0.0015331091 0.0011230687 0.0021178983 0.9999967 -0.00094316027
1584388.45 0.0012382192 0.0010377697 0.0015331091 0.0011230687 0.0021178983 0.9999967 -0.00094316027
1643962.1279999998 0.0011048934 0.002153129 0.0025407218 0.0013357938 0.0035124994 0.9999884 -0.0030440134
1684415.257 0.0011048934 0.002153129 0.0025407218 0.0013357938 0.0035124994 0.9999884 -0.0030440134
1744049.6860000002 0.0016113669 0.0040905573 0.0042036637 0.00549542 0.0027508482 0.9999745 -0.0036538062
1784397.814 0.0016113669 0.0040905573 0.0042036637 0.00549542 0.0027508482 0.9999745 -0.0036538062
1843971.4919999999 0.0016113669 0.0040905573 0.0042036637 0.00549542 0.0027508482 0.9999745 -0.0036538062
1884402.371 0.0028091164 0.006545296 0.005395737 0.006143233 0.0020134528 0.99996835 -0.0046515097
1943976.2989999999 0.0019634834 0.006248741 0.0039022847 0.007612497 0.0016014801 0.99996024 -0.00436267
1984406.928 0.0026514495 0.0068400465 0.0033592924 0.00857901 0.0017871261 0.9999552 -0.0035831267
2043980.8549999997 0.0028441728 0.006412668 0.0017474939 0.009054415 0.0020841933 0.99995446 -0.0021741989
2085974.0089999996 0.0019010012 0.004754049 0.001034926 0.008554807 0.0025415388 0.9999591 -0.0015190687
2135310.2770000002 0.0023068835 0.0036929082 -0.0012701801 0.0080419015 0.0021037636 0.999965 -0.000987328
2185280.555 -0.00037590464 0.002648818 -0.0013240544 0.009319929 0.0013289592 0.99995553 -0.0006408116
2235687.34 -0.0007351894 0.0020372418 -0.0008663269 0.011052388 0.00025207677 0.99993855 -0.000875376
2286292.128 1.7630247e-05 0.0018446763 0.0007060745 0.011857652 -0.000778073 0.9999282 -0.0015623658
2336548.6599999997 1.1175412e-05 0.002271294 0.0014867015 0.011584415 -0.001114639 0.9999284 -0.0027908636
2386249.434 -0.00037123525 0.0033507429 0.0018649378 0.01247875 -0.0014443678 0.9999116 -0.0043606544
2435887.2070000004 -0.00010456106 0.0042258385 0.0022219685 0.012347901 -0.0014083341 0.9999144 -0.0041019963
2485706.983 0.00020596581 0.00469347 0.0028426014 0.011859685 -0.00048367446 0.9999251 -0.003005983
2535733.512 -6.436115e-05 0.0046645408 0.0029307583 0.012503318 -0.0007129531 0.99991757 -0.0028413965
2585902.293 -0.0009947807 0.0069942935 0.00399955 0.013004952 -0.0021459244 0.9999126 -0.001060348
2636078.574 -0.0005213984 0.0076545645 0.005311244 0.013378166 -0.0021017347 0.999906 -0.002157181
2686105.1029999997 -0.00038574007 0.008640659 0.006594509 0.013893839 -0.0010103517 0.99987674 -0.007252195
2736012.38 -0.00040789615 0.010062241 0.0076074232 0.013201005 -0.00042506022 0.99982834 -0.012996962
2785903.656 -0.0007012835 0.010497434 0.0075093303 0.012540394 -0.0010197461 0.99979305 -0.015988505
2835850.434 -0.00075496343 0.010796236 0.0076930174 0.013765507 -0.002120567 0.9997909 -0.014974569
2885868.4630000005 0.0004071937 0.00864562 0.0068202685 0.017242929 -0.002276148 0.9997819 -0.011564925
2935980.743 0.0012144495 0.007795902 0.006499622 0.021258796 -0.0016093072 0.99974394 -0.0075889598
2985976.521 0.0026160728 0.0070034205 0.0061815768 0.023544043 -0.00084774685 0.9997108 -0.0048285513
3036010.3 0.0035295442 0.0039590406 0.006193032 0.023875091 0.0004462233 0.99970394 -0.0046759676
3085988.5790000004 0.0030735538 0.0008555917 0.0058994247 0.024384178 0.0026295898 0.99968344 -0.005621529
3135951.856 0.0024954355 -0.0020853647 0.0058229957 0.024722459 0.0061203935 0.9996475 -0.007503329
3185930.3850000002 0.0019794875 -0.005480684 0.0063193305 0.024822295 0.00944151 0.9996074 -0.008939277
3235940.1629999997 0.0011582822 -0.009470233 0.0068536773 0.029586341 0.012142378 0.99946785 -0.0064169155
3285974.442 0.00042242758 -0.012001024 0.007333652 0.03624649 0.013893089 0.9992453 -0.0014209189
3336029.471 -0.0006614045 -0.015588684 0.0081452 0.041193835 0.017025447 0.99900204 0.0028472573
3385987.2490000003 -0.0027976872 -0.01899644 0.008895484 0.042633187 0.019297618 0.99889237 0.0049158228
3435965.527 -0.005927553 -0.021601878 0.009431572 0.042532254 0.01830232 0.998903 0.0069986996
3485944.305 -0.009528457 -0.024034323 0.010112325 0.040592313 0.015596134 0.9990125 0.0091159595
3535962.334 -0.012846772 -0.026053522 0.0112547 0.037618943 0.013372978 0.99914175 0.011038743
3585996.613 -0.0170419 -0.027271159 0.012574507 0.03630212 0.011143306 0.99921817 0.011006704
3636046.3919999995 -0.020063827 -0.0278561 0.01410358 0.034960795 0.0075776386 0.99932396 0.008486623
3686080.421 -0.024212876 -0.029218277 0.015874268 0.034851767 0.0034430271 0.9993698 0.0057860026
3736082.7 -0.028664213 -0.030802548 0.01767548 0.03319681 0.0014879309 0.99943125 0.005742354
3786061.478 -0.034237303 -0.03201689 0.019308846 0.025346799 0.003021573 0.9996468 0.0074002133
3836047.756 -0.039552983 -0.03183977 0.0204574 0.015801743 0.0060934583 0.9998214 0.0083826445
3886058.0349999997 -0.044737518 -0.030648587 0.021540828 0.0090778265 0.009237414 0.99988115 0.0083620725
3936100.064 -0.04903825 -0.02838872 0.022718234 0.004854351 0.012046524 0.9998844 0.007905415
3986149.843 -0.053321652 -0.0255357 0.023728617 0.0031059005 0.012456062 0.99989235 0.007111494
4036176.1220000004 -0.056798358 -0.021884758 0.024841256 -0.0016076427 0.012124013 0.99991137 0.0052690953
4086178.4000000004 -0.06029809 -0.017582081 0.026053822 -0.007834926 0.013382778 0.99987715 0.0022879178
4136191.1789999995 -0.06297974 -0.012317965 0.027061077 -0.013596648 0.015868725 0.99977934 -0.0021512
4186159.2070000004 -0.06470891 -0.006973295 0.028529396 -0.016085878 0.017405972 0.99968696 -0.008016061
4236185.486 -0.06543483 -0.0015817204 0.02979735 -0.016482625 0.019593837 0.99960166 -0.011871651
4286219.515 -0.06530453 0.0036031262 0.030998738 -0.016791046 0.023435757 0.99946475 -0.015461389
4336245.794 -0.06511788 0.008740475 0.031765614 -0.017816631 0.028668571 0.9992777 -0.017458254
4386256.072 -0.06447538 0.01325838 0.03202651 -0.019850433 0.033054262 0.9991032 -0.017499346
4436275.101000001 -0.06416777 0.017743742 0.032052096 -0.020159995 0.034790974 0.9990628 -0.016024949
4486237.129 -0.06306946 0.022065334 0.031755093 -0.021556143 0.03504815 0.9990638 -0.013362824
4536231.157000001 -0.061306696 0.026340738 0.03131306 -0.02446724 0.034370054 0.9990527 -0.0106658405
4586233.436000001 -0.058921944 0.030748399 0.031087045 -0.027079146 0.032178864 0.99907374 -0.00911381
4636243.714 -0.055171657 0.034793407 0.030715253 -0.029737303 0.029751383 0.99906754 -0.009732986
4686254.243000001 -0.050717097 0.038756445 0.030522447 -0.03226791 0.026304021 0.99905604 -0.01240933
4736248.521 -0.044495944 0.04221261 0.030348524 -0.02963484 0.02517753 0.999133 -0.014872398
4786227.3 -0.03635451 0.04596808 0.030832663 -0.017900709 0.022545213 0.999466 -0.0154634025
4836197.578 -0.027384916 0.049211387 0.031431343 -0.0004446956 0.020586861 0.9996292 -0.017821277
4886152.3549999995 -0.017410135 0.05214879 0.032135267 0.018450424 0.01961324 0.9993655 -0.023314191
4936083.383 -0.007937207 0.05513719 0.0328715 0.035121318 0.01914293 0.998729 -0.030668007
4986006.66 0.0010939596 0.05754831 0.033121984 0.047641408 0.017823672 0.998033 -0.03664429
5035937.437 0.009639921 0.0595687 0.033029888 0.05925103 0.01640753 0.99719 -0.042805314
5085939.716 0.018602196 0.061012145 0.032830458 0.07312337 0.014835357 0.9960521 -0.048096143
5135973.495 0.026884519 0.06152671 0.03240159 0.08527677 0.015519953 0.9948864 -0.05184713
5186000.024 0.034323987 0.061138436 0.031874243 0.0959221 0.016286299 0.9937723 -0.054317553
5235970.801999999 0.041154526 0.060036007 0.031268474 0.103762746 0.016056895 0.99291605 -0.05561696
5285945.08 0.04698093 0.05810013 0.030274874 0.10991081 0.014158374 0.992148 -0.057978913
5335864.607 0.05180447 0.05476568 0.029272221 0.11517225 0.012480044 0.99148124 -0.059536625
5385851.135 0.05607143 0.050955813 0.028239474 0.118761495 0.012789736 0.9911088 -0.05861492
5435861.164 0.059301995 0.046129048 0.027099155 0.11907497 0.0143579645 0.9912445 -0.05522112
5485871.442000001 0.061988775 0.04069697 0.025998391 0.117628254 0.015991425 0.99151725 -0.05292941
5535849.97 0.06433765 0.03486847 0.024927594 0.11719014 0.016769933 0.9916822 -0.050515708
5585804.748 0.06640528 0.029024385 0.023970686 0.1182318 0.017495675 0.99166274 -0.048168533
5635775.026 0.068088785 0.02296731 0.022963786 0.12063195 0.017474772 0.9914734 -0.04607768
5685793.305 0.06879797 0.01691457 0.02185647 0.120115325 0.015856769 0.9916653 -0.04382794
5735835.334 0.0684548 0.010648972 0.020717368 0.11686811 0.014236185 0.9921964 -0.041055918
5785885.613 0.067726694 0.0040226094 0.019120932 0.1135731 0.01317635 0.9926845 -0.038794942
5835919.392 0.066464975 -0.0027597335 0.017761767 0.11137587 0.012485619 0.9930287 -0.036518198
5885921.671 0.064307116 -0.009746339 0.01640235 0.10508843 0.012975438 0.9937957 -0.034033265
5935915.949 0.061962828 -0.016063917 0.015393624 0.0990888 0.014641935 0.99441123 -0.03336844
5985926.478 0.059801947 -0.022165759 0.014729656 0.09693754 0.015806736 0.9946773 -0.031151697
6035944.756 0.05807951 -0.028583178 0.014154745 0.09953343 0.014059208 0.9945265 -0.028503116
6085962.785 0.055927917 -0.033285446 0.014015775 0.10416871 0.010562714 0.99417776 -0.02545619
6135981.064 0.052524492 -0.037646435 0.014305586 0.105305485 0.005767361 0.99413955 -0.02375185
6185991.343 0.04764334 -0.040987067 0.014412596 0.100929216 0.0031768468 0.99462014 -0.023107393
6236001.620999999 0.041734047 -0.043437164 0.014422119 0.09203639 0.0014739005 0.9954797 -0.023397578
6286011.9 0.035214182 -0.04507008 0.015123175 0.08213778 -0.0008730952 0.9963143 -0.024710363
6336022.428 0.029151823 -0.04649053 0.015799148 0.07707727 -0.0044258153 0.9966726 -0.026142491
6386040.2069999995 0.02304105 -0.04780768 0.016977597 0.07557132 -0.0081943255 0.99671996 -0.027770173
6436066.736 0.016706709 -0.049067203 0.018362636 0.072546184 -0.009138595 0.9969025 -0.028966421
6486113.015 0.009753544 -0.049940005 0.019236445 0.06597566 -0.010463299 0.99731725 -0.029934617
6536118.794 0.0025366296 -0.05026514 0.01980714 0.057060253 -0.0116910655 0.99782646 -0.030820116
6586137.322 -0.0041074026 -0.050187863 0.020751998 0.04952267 -0.012830353 0.99821794 -0.030721944
6636154.851 -0.010045539 -0.0501923 0.021539383 0.043773063 -0.014543555 0.9984695 -0.030516554
6686173.38 -0.015531575 -0.049729645 0.022558372 0.03965772 -0.015277184 0.9986249 -0.03069606
6736199.659 -0.020984035 -0.04884277 0.023822643 0.036182407 -0.014659265 0.9987335 -0.03173855
6786225.437999999 -0.026089383 -0.047170542 0.025327569 0.032060627 -0.013419969 0.99881476 -0.034074888
6836235.716 -0.03125554 -0.046027906 0.026709698 0.026829068 -0.011739377 0.99883974 -0.038232524
6886257.245 -0.035891548 -0.044153444 0.027753357 0.02314048 -0.01153866 0.99884635 -0.040464908
6936224.523 -0.040248387 -0.04249056 0.029404975 0.021413608 -0.010092887 0.99888295 -0.040895402
6986219.551 -0.044575408 -0.040905762 0.030614724 0.018175643 -0.0077015734 0.99904263 -0.039042365
7036221.58 -0.0479042 -0.038900927 0.03137328 0.014955106 -0.0031465653 0.99925596 -0.035413317
7086247.359 -0.050418656 -0.035688195 0.03218154 0.0132009955 0.002475695 0.9993554 -0.033293016
7136273.886999999 -0.05269344 -0.031565156 0.032929845 0.009398698 0.007257054 0.99936473 -0.033601686
7186291.665999999 -0.055558458 -0.027048036 0.033425927 0.0045300317 0.010516528 0.99931896 -0.035080407
7236286.445 -0.057628334 -0.021515938 0.03397537 -0.00038412353 0.011538353 0.99929655 -0.035681542
7286288.723 -0.059777346 -0.016400393 0.034234643 -0.0048927125 0.011870628 0.99929637 -0.03524214
7336314.751999999 -0.06171756 -0.01078422 0.03418542 -0.011062883 0.013581574 0.9992314 -0.035069343
7386341.0309999995 -0.06369241 -0.0055157617 0.033672314 -0.019371258 0.013018254 0.9990424 -0.03700814
7436374.81 -0.06473467 0.00052104983 0.033002324 -0.02518251 0.012511882 0.9988549 -0.038709328
7486409.339000001 -0.06476833 0.0059852735 0.032252155 -0.028432714 0.012178654 0.99872017 -0.04001736
7536427.117000001 -0.0639508 0.011334708 0.03211634 -0.028793521 0.011318638 0.9987185 -0.04005383
7586421.896 -0.06309092 0.016537378 0.031592663 -0.024315992 0.008487552 0.99889886 -0.039214868
7636392.174 -0.060690645 0.021021277 0.031177351 -0.020793192 0.0060524093 0.9990164 -0.038695805
7686361.2020000005 -0.057996754 0.025316374 0.030619128 -0.018935053 0.00747821 0.9990795 -0.037759975
7736325.48 -0.055378966 0.02939337 0.029700536 -0.020635935 0.011302118 0.99904424 -0.036839545
7786312.507999999 -0.052335266 0.03425459 0.028977176 -0.019986996 0.013681724 0.9990178 -0.037106037
7836314.785999999 -0.048758566 0.03899163 0.028616074 -0.016669001 0.014552016 0.99905515 -0.037407994
7886332.5649999995 -0.044542737 0.043970335 0.028736135 -0.011040522 0.0148515 0.9990763 -0.038783606
7936343.0940000005 -0.040409 0.04894372 0.028704342 -0.009920047 0.015504471 0.9989159 -0.042758185
7986329.1219999995 -0.03610549 0.05472235 0.02869687 -0.01159023 0.016274065 0.99862766 -0.048411835
8036331.4 -0.031712096 0.06009081 0.028779246 -0.010576681 0.0151413055 0.9982973 -0.055331208
8086381.68 -0.026412765 0.06577633 0.029434826 -0.0076829563 0.012462056 0.9978725 -0.06353177
8136495.21 -0.021561513 0.0710101 0.03009878 -0.0050431145 0.010836522 0.9972426 -0.07324112
8186639.991 -0.016335217 0.075993106 0.030577198 -0.0011546571 0.0093469815 0.9964931 -0.083143376
8236761.271 -0.010739656 0.080035955 0.03131054 0.0040553366 0.009715321 0.9957854 -0.09110737
8286835.301000001 -0.00533052 0.08323357 0.03167238 0.009161155 0.009626269 0.9952783 -0.09614863
8336837.579 0.00039049098 0.08479629 0.03147917 0.014342657 0.009646905 0.9950533 -0.09782794
8386760.356000001 0.006283322 0.08524261 0.031226905 0.02282292 0.008423641 0.99498194 -0.0970525
8436675.633000001 0.012783918 0.085038535 0.03054354 0.03298375 0.0045636306 0.9948168 -0.09607794
8486606.410999998 0.019038135 0.08376233 0.030031491 0.04376505 0.0019287919 0.9945261 -0.09486188
8536577.439 0.025707815 0.0815114 0.029097572 0.054741744 0.0020267991 0.99403745 -0.094280556
8586555.717 0.031827036 0.07848462 0.028361531 0.063159965 0.003911618 0.9936411 -0.09312906
8636502.495 0.03770179 0.07464716 0.027315076 0.069716685 0.005930546 0.99335855 -0.091341116
8686410.022 0.043386493 0.069850534 0.026663568 0.07626716 0.007890051 0.99318093 -0.0878226
8736316.799 0.04921163 0.06515593 0.025851812 0.08410837 0.008425817 0.99283886 -0.08441472
8786248.076000001 0.054397777 0.06041232 0.025109686 0.0911932 0.009507526 0.9924084 -0.081969775
8836218.354 0.059597824 0.05538942 0.024438832 0.10010302 0.010298587 0.9917507 -0.079397805
8886197.382 0.064299345 0.050567754 0.023883624 0.109041706 0.01038566 0.99092823 -0.077866994
8936159.66 0.06819544 0.046065647 0.023600189 0.11680272 0.010497762 0.99010193 -0.077104576
8986114.438000001 0.07160969 0.041503195 0.023185281 0.1203265 0.012818065 0.9896677 -0.07690902
9036069.215 0.074574724 0.036831144 0.022861714 0.122740135 0.014347698 0.98941225 -0.0761079
9086031.992999999 0.07725379 0.03184435 0.02251644 0.12865786 0.014091948 0.9888958 -0.073032506
9136026.272 0.07897727 0.027122462 0.022312755 0.13538915 0.011720996 0.9882754 -0.069600716
9186028.799999999 0.07939274 0.02281143 0.022610603 0.13849808 0.010182349 0.9879837 -0.06784458
9236031.079 0.07829307 0.01857221 0.022750264 0.1375598 0.009633659 0.98823136 -0.066206805
9286041.356999999 0.07608042 0.014469773 0.02264557 0.13376762 0.008611693 0.98890173 -0.06407411
9336059.386 0.073196806 0.010112914 0.022508396 0.12951104 0.008317287 0.989597 -0.062092554
9386085.665000001 0.06963617 0.0053512915 0.022085223 0.1232972 0.0076940386 0.9905762 -0.059140068
9436095.943 0.065486886 0.0007485078 0.021585833 0.11593915 0.0063341437 0.9916485 -0.05613644
9486106.222000001 0.06098161 -0.004010865 0.02138415 0.108523026 0.006284374 0.9925654 -0.054746535
9536108.751 0.056443114 -0.008981472 0.020992752 0.10102221 0.007753056 0.99338394 -0.054063167
9586126.529000001 0.052066773 -0.013737345 0.021048496 0.09398546 0.00818251 0.99407506 -0.0539871
9636136.808 0.048375897 -0.01774144 0.021456534 0.08852827 0.0071206335 0.9946925 -0.051951822
9686155.087 0.044488695 -0.021687342 0.021951457 0.08385209 0.005461627 0.99515533 -0.0510378
9736157.615 0.040632877 -0.025061613 0.022817533 0.08028959 0.004238026 0.9953737 -0.052601147
9786167.894000001 0.037092377 -0.027542343 0.023582395 0.07728139 0.0019412811 0.9955573 -0.053754047
9836186.172 0.03275938 -0.029456466 0.024191044 0.07367804 -0.0005795251 0.9958252 -0.053883407
9886211.951000001 0.027555402 -0.03111728 0.02440468 0.06720893 -0.0013931999 0.99627936 -0.053929776
9936238.48 0.021972982 -0.032099366 0.024483554 0.05735464 -0.0020085454 0.9968439 -0.05485204
9986256.259 0.015947746 -0.033299092 0.02424716 0.04671882 -0.0024547614 0.99727887 -0.056976203
10036282.538 0.009937079 -0.03465646 0.023857016 0.03912536 -0.0043193093 0.99763864 -0.056282196
10086398.318 0.0043047927 -0.03555216 0.023494974 0.0333667 -0.0073843966 0.997909 -0.054861307
10136342.846 -0.0017619072 -0.03578524 0.023112549 0.02778148 -0.009249277 0.9981497 -0.05329041
10186408.625 -0.008611707 -0.035814315 0.022879347 0.019452171 -0.010007495 0.99836576 -0.05279517
10236427.154 -0.015491192 -0.0358058 0.022469891 0.010037548 -0.011040368 0.99850404 -0.05260207
10286405.432 -0.022118539 -0.035624526 0.022098383 0.002385569 -0.012256928 0.9986463 -0.050494023
10336376.209999999 -0.02845881 -0.03475833 0.022102093 -0.004858537 -0.013834589 0.9987098 -0.048618726
10386385.989 -0.034630876 -0.033470467 0.022053596 -0.0117755225 -0.015514782 0.99865115 -0.048131686
10436428.268 -0.040165395 -0.03169293 0.022204386 -0.01742372 -0.017839145 0.9985636 -0.047422837
10486494.047 -0.045729656 -0.02957311 0.022316711 -0.023913547 -0.018443326 0.99849 -0.045888633
10536544.076 -0.051030837 -0.02782022 0.021609815 -0.03333691 -0.016188744 0.9983549 -0.04374976
10586569.854999999 -0.055891838 -0.0252867 0.021464368 -0.042473678 -0.014241122 0.99808955 -0.042548805
10636580.134 -0.06037869 -0.022146635 0.02130502 -0.05056416 -0.014001532 0.9977631 -0.0414251
10686598.663 -0.064199544 -0.018355284 0.021528982 -0.05773392 -0.01440567 0.9973959 -0.040752985
10736632.442 -0.06752532 -0.014096984 0.02172701 -0.06523038 -0.01438309 0.99685836 -0.04256242
10786666.721 -0.07061304 -0.00943321 0.02219335 -0.07154673 -0.014220372 0.9963079 -0.045271598
10836692.499 -0.07316685 -0.0046227966 0.02254924 -0.07848571 -0.012859938 0.99570435 -0.047407676
10886695.028 -0.07555335 0.00030869775 0.022651609 -0.086170994 -0.011147835 0.9950518 -0.0481889
10936689.806 -0.07652008 0.0057800794 0.022673843 -0.09161372 -0.011576898 0.9944521 -0.050378643
10986684.084999999 -0.07691158 0.012169429 0.023211338 -0.089391895 -0.014913413 0.9944226 -0.0539491
11036694.363 -0.075393185 0.019142643 0.024519246 -0.08568496 -0.015663056 0.99455476 -0.057216007
11086712.391999999 -0.073594585 0.02565452 0.025546981 -0.08367499 -0.012805451 0.9945206 -0.061346278
11136722.671 -0.07102064 0.031643488 0.02650214 -0.08229367 -0.010512063 0.99441403 -0.06525399
11186716.949 -0.067666285 0.03726568 0.027436327 -0.077329196 -0.011222783 0.99465567 -0.06748594
11236735.228 -0.06354441 0.042616375 0.028305164 -0.06818123 -0.013584468 0.99523497 -0.06836801
11286845.008 -0.058855157 0.04756007 0.02925002 -0.05900654 -0.015970841 0.99568504 -0.06981776
11336851.036 -0.054566775 0.052122 0.029607307 -0.054077026 -0.01679251 0.9957151 -0.0731112
11386900.816 -0.04985072 0.056629386 0.029880358 -0.05193895 -0.015604185 0.99550074 -0.07769882
11436935.095 -0.045025885 0.06084404 0.030341947 -0.048656333 -0.015147049 0.9950493 -0.08532344
11486976.874 -0.039483905 0.06504771 0.03154525 -0.043237265 -0.013175739 0.99467057 -0.09266863
11537058.902999999 -0.033362135 0.06811447 0.03250834 -0.037999287 -0.009840464 0.9941439 -0.100683644
11587179.684 -0.026804361 0.07040461 0.033492293 -0.03154155 -0.006318141 0.9939995 -0.10454841
11637237.463000001 -0.019901903 0.071662426 0.034201253 -0.02441969 -0.003208063 0.9941317 -0.10533574
11687208.491 -0.012934206 0.07245009 0.034567576 -0.01483937 -0.0019020234 0.9941417 -0.10704483
11737115.768 -0.005791935 0.07221881 0.034648225 -0.00398159 -0.0016865561 0.994117 -0.10822518
11786983.044 0.0010859121 0.07075772 0.03443044 0.00440832 -0.001365738 0.99417573 -0.10767262
11836842.821 0.0077676247 0.06796427 0.0337053 0.012055706 -0.0006532082 0.99440044 -0.10498627
11886710.097000001 0.014029903 0.06476238 0.033107467 0.020899473 -0.0004123011 0.99466974 -0.10097152
11936633.124000002 0.02013256 0.06047372 0.032412767 0.030615937 -0.0012080326 0.99467015 -0.09845078
11986603.901999999 0.025769165 0.056062736 0.031755894 0.038992576 -0.001868235 0.9945229 -0.096955195
12036614.181 0.030738136 0.050948083 0.03094311 0.046059538 -0.001599574 0.9943289 -0.09584373
12086592.458999999 0.0348557 0.046134066 0.030460935 0.052106675 -0.0015573277 0.994118 -0.09493166
12136515.986 0.038801525 0.04087499 0.029884899 0.056108788 -0.0014818993 0.9939619 -0.09428403
12186399.262999998 0.042236883 0.035383735 0.029307818 0.06292947 -0.0018306924 0.9937581 -0.09209456
12236306.04 0.04512965 0.029554274 0.02867989 0.07034113 -0.004464575 0.99359834 -0.088287175
12286260.818 0.047275417 0.024177106 0.02791559 0.07645771 -0.005740264 0.9934868 -0.08429299
12336247.596 0.048299037 0.018946297 0.027185665 0.0785556 -0.005972748 0.99355733 -0.08146915
12386242.124 0.048827294 0.013384441 0.026188977 0.07789184 -0.0055895275 0.9939086 -0.077765614
12436236.402999999 0.048887625 0.008101549 0.025348566 0.076797776 -0.004322994 0.9943483 -0.07317768
12486276.932 0.04875891 0.003317538 0.024873402 0.07641522 -0.0018312222 0.9946323 -0.06974273
12536272.709999999 0.048545446 -0.0013286085 0.024954159 0.07888352 0.00022209609 0.99453205 -0.06843528
12586307.239 0.047990035 -0.005097328 0.025082422 0.08120342 0.0011577359 0.9944762 -0.06649689
12636317.268 0.046637017 -0.008523649 0.025492419 0.08302876 0.0013679974 0.9943493 -0.066135734
12686319.546 0.04409579 -0.011939244 0.025814772 0.081688024 0.00052657543 0.9944649 -0.066078864
12736306.074000001 0.039882757 -0.015128026 0.025969982 0.07702363 -0.0012298605 0.99493355 -0.064599946
12786308.353 0.03515775 -0.017903632 0.025813635 0.07069308 -0.0032105143 0.99561554 -0.06117097
12836334.132 0.029501304 -0.020036444 0.025503295 0.06447746 -0.0051990245 0.9962034 -0.058262564
12886368.411 0.023900073 -0.021946674 0.025489967 0.057322215 -0.0076578427 0.9966661 -0.057552602
12936418.44 0.017751755 -0.023445284 0.025388544 0.04835805 -0.009397525 0.99719095 -0.056422535
12986452.218999999 0.011337887 -0.025444563 0.025251096 0.03709789 -0.009961388 0.99774164 -0.05510209
13036470.498000002 0.00483961 -0.027324688 0.025412228 0.024996806 -0.009870437 0.99818 -0.053985987
13086480.776 -0.0015271216 -0.028976524 0.025369927 0.013007611 -0.010516475 0.99845725 -0.052946385
13136522.805 -0.0073575946 -0.03041407 0.025805423 0.005380909 -0.01388139 0.9985597 -0.051546052
13186572.584999999 -0.012604435 -0.032384604 0.026412109 0.0020095434 -0.017771332 0.9985896 -0.049990404
13236590.863 -0.017648676 -0.034092944 0.02722267 -0.0005122904 -0.02144289 0.9985774 -0.048817772
13286593.391999999 -0.022522517 -0.035034776 0.027989084 -0.005024274 -0.024882171 0.9985005 -0.048500575
13336579.67 -0.027586073 -0.035316862 0.028981887 -0.0094694095 -0.026851894 0.9983973 -0.048909582
13386581.949000001 -0.032227818 -0.035119083 0.029757308 -0.013215998 -0.027421353 0.99835926 -0.048500683
13436616.228 -0.037052248 -0.035105005 0.030694127 -0.017696455 -0.026656669 0.9983008 -0.048701253
13486658.257 -0.041754365 -0.034014937 0.03157372 -0.024422126 -0.024186894 0.9982252 -0.048632197
13536700.536 -0.04687427 -0.03284633 0.032627355 -0.03258167 -0.022158802 0.9979928 -0.049577028
13586726.315000001 -0.051854003 -0.030994225 0.033805728 -0.040282555 -0.020941382 0.99768823 -0.050567117
13636781.344 -0.056532886 -0.028910363 0.035532456 -0.04552725 -0.01889639 0.99745715 -0.05147426
13686771.122 -0.061203964 -0.025713041 0.037370704 -0.052200437 -0.016240958 0.99711543 -0.05265153
13736804.901 -0.066609055 -0.022192974 0.038549386 -0.061909202 -0.012737005 0.99650097 -0.054688964
13786823.18 -0.07162044 -0.01806951 0.03940403 -0.073839925 -0.0072981664 0.9956701 -0.055994958
13836840.959 -0.0761322 -0.013412262 0.039696537 -0.082446426 -0.0029685677 0.99499524 -0.05637658
13886859.237 -0.07930533 -0.0076440563 0.039689798 -0.08665888 -0.0035601489 0.9946273 -0.056517035
13936885.766 -0.0811529 -0.0012452177 0.03957585 -0.08972261 -0.003790306 0.9943863 -0.055958897
13986911.545 -0.08191871 0.0047405204 0.03897727 -0.093021244 -0.00074410293 0.99402744 -0.057061564
14036905.824000001 -0.081913844 0.011537176 0.038618386 -0.096161425 0.0011103186 0.9936436 -0.0585167
14086892.602 -0.081088185 0.017808318 0.038314838 -0.097318836 0.0015518701 0.99336755 -0.06121858
14136879.129999999 -0.07959675 0.023685861 0.038612463 -0.0941841 0.0025718466 0.99353385 -0.063350305
14186881.409 -0.07701185 0.028903307 0.03900055 -0.09096819 0.00300912 0.9936948 -0.06547135
14236891.687 -0.07359917 0.033532113 0.039392665 -0.08756501 0.0028445271 0.9938564 -0.06762991
14286909.466 -0.06967354 0.03814577 0.039844148 -0.0803407 0.002229191 0.9943168 -0.06981785
14336927.995000001 -0.06466549 0.042132914 0.04021868 -0.068583794 0.0010759716 0.99515355 -0.07046025
14386954.273 -0.05883743 0.04535403 0.04048283 -0.05523306 0.00022863255 0.99602604 -0.0698667
14436972.052000001 -0.053301457 0.048766185 0.04034689 -0.044766895 -0.00084342377 0.9965733 -0.06954698
14486958.83 -0.048896126 0.051744513 0.039581865 -0.0380624 -0.0013320077 0.9967301 -0.071264744
14536929.358000001 -0.04459921 0.054671463 0.038759965 -0.03522885 -0.0017573569 0.99651396 -0.07560343
14586900.136 -0.040255222 0.057253957 0.038024634 -0.03401491 -0.0021036146 0.99613863 -0.08091027
14636933.915000001 -0.03588547 0.05965434 0.03784937 -0.030776491 -0.0021466713 0.9957684 -0.08656513
14687015.945 -0.02990792 0.061463114 0.037910882 -0.02401936 -0.0019422688 0.9954872 -0.09178556
14737105.225 -0.023230262 0.06308747 0.038192507 -0.013086606 0.00023966885 0.9954851 -0.09401074
14787155.003999999 -0.01598327 0.06407342 0.038138844 -0.0024587887 0.0017021738 0.9954523 -0.09521479
14837131.532 -0.009399862 0.06467183 0.037657976 0.006184623 0.0034354397 0.9953665 -0.095893264
14886993.309 -0.0032157085 0.06435607 0.03659663 0.011858358 0.004234183 0.99528503 -0.09617314
14936869.085 0.0021965732 0.06350206 0.035054438 0.016462063 0.0032866674 0.99516416 -0.096781366
14986783.862 0.0072672544 0.062418714 0.033397857 0.016946098 0.0030375149 0.9949091 -0.09929519
15036770.639999999 0.012008498 0.05952569 0.030393284 0.015441122 0.002122656 0.9950197 -0.09845294
15086812.42 0.01724467 0.05622893 0.028374668 0.0228973 0.0013178224 0.99526155 -0.09449048
15136870.449000001 0.02276077 0.052156024 0.026313826 0.032814488 0.0010595275 0.995362 -0.09042502
15186880.727999998 0.027294856 0.048006788 0.02426928 0.04137865 -1.9788353e-05 0.99541837 -0.086198404
15236803.505 0.031551126 0.04363611 0.02224078 0.045804188 0.001267044 0.9954725 -0.0832762
15286655.531 0.035497382 0.039531212 0.020312676 0.047779456 0.0027787907 0.9955968 -0.080600314
15336522.807 0.038341045 0.035659023 0.018697284 0.05077885 0.004376012 0.99547046 -0.080256015
15386461.585 0.042170487 0.031836245 0.017621294 0.05508501 0.0059331683 0.9951817 -0.0808943
15436479.864 0.046319097 0.027091036 0.01716274 0.06318655 0.006832979 0.9947075 -0.08073291
15486537.893000001 0.050453484 0.022067472 0.017028334 0.07380587 0.0074532307 0.9940264 -0.08005412
15536532.171 0.05391153 0.016540468 0.016747808 0.08262442 0.008977964 0.99353874 -0.07728794
15586462.949000001 0.05666477 0.01032022 0.015645953 0.08704472 0.012535254 0.9933603 -0.07417216
15636370.226 0.058740642 0.0033134858 0.014682442 0.09047194 0.015967077 0.99343103 -0.06822571
15686333.253 0.060456946 -0.004495858 0.012992961 0.09207573 0.020100815 0.99371654 -0.060379002
15736391.033 0.062214866 -0.012535817 0.011557855 0.09484987 0.025038045 0.99371314 -0.053952496
15786504.313000001 0.06378502 -0.020580145 0.009816619 0.10065786 0.028626885 0.9933961 -0.047040593
15836585.593 0.06477236 -0.028434312 0.008381705 0.10644664 0.0319475 0.99302113 -0.03946593
15886572.621 0.0653342 -0.03610129 0.00693636 0.11161729 0.034835808 0.992611 -0.032427028
15936503.648 0.06465657 -0.043056376 0.0059128525 0.11773404 0.03274893 0.99216837 -0.025850141
15986466.426 0.0629536 -0.04917292 0.0051126517 0.12065079 0.02949456 0.9920467 -0.020415867
16036491.205000002 0.05951218 -0.054296553 0.0051426515 0.11957362 0.025030203 0.9923753 -0.016339507
16086557.985 0.054966424 -0.058395542 0.0049465415 0.1145035 0.02155443 0.9930791 -0.014773711
16136623.764 0.048810124 -0.061256394 0.005350662 0.10695743 0.018728055 0.9939666 -0.015487015
16186642.043 0.041340437 -0.063262016 0.0061158654 0.09530283 0.0141429175 0.99519706 -0.01732892
16236612.570999999 0.03371014 -0.06483506 0.007009145 0.08149987 0.00968071 0.9963914 -0.021641169
16286575.349 0.025653826 -0.066194795 0.0079192035 0.07033758 0.006611696 0.9971893 -0.024949057
16336585.626999998 0.0176719 -0.06711032 0.008800251 0.062344983 0.0034647929 0.9977106 -0.025975797
16386659.407 0.00988935 -0.066894874 0.009476954 0.055002734 0.0017907975 0.99813336 -0.02648275
16436756.686999999 0.0017368776 -0.06636205 0.009937329 0.046695434 0.0011821433 0.99854326 -0.027010826
16486806.716000002 -0.006262136 -0.064862035 0.010603547 0.038980972 0.00036364328 0.99886024 -0.02754476
16536784.993999999 -0.014193018 -0.06289584 0.0113113215 0.030758087 -0.002414991 0.9990343 -0.03128237
16586755.772 -0.021855779 -0.060252536 0.012266249 0.023583882 -0.004557442 0.99901813 -0.037226595
16636742.049999999 -0.029056907 -0.057793118 0.013238027 0.018816356 -0.008683975 0.99888295 -0.042466674
16686776.329000002 -0.035399534 -0.05525337 0.014683765 0.015359935 -0.010360258 0.9986598 -0.048326142
16736818.359000001 -0.041584074 -0.05239287 0.015905181 0.012187973 -0.009810332 0.9984631 -0.053167008
16786836.637000002 -0.046984557 -0.049699973 0.016967384 0.009884111 -0.011654424 0.9982992 -0.05626072
16836822.915 -0.05250381 -0.04604294 0.017738698 0.0068708193 -0.013849095 0.9982 -0.057947326
16886801.444000002 -0.05756411 -0.042862955 0.018351259 0.0034146304 -0.012506083 0.9982627 -0.057476405
16936819.722 -0.062406857 -0.038872145 0.018310288 -0.0034903225 -0.01207092 0.998413 -0.05489591
16986854.001000002 -0.06669554 -0.034209926 0.018054558 -0.014133229 -0.012214665 0.9982661 -0.05582059
17036895.779999997 -0.07027835 -0.028587349 0.01793784 -0.023219585 -0.010419817 0.99799216 -0.05799914
17086937.81 -0.07287884 -0.022715505 0.018114343 -0.029752402 -0.008563909 0.9977143 -0.060064543
17136964.088 -0.07445802 -0.01613924 0.018789591 -0.035075016 -0.010175384 0.9974656 -0.061061677
17186966.367000002 -0.07580662 -0.0096542165 0.019100288 -0.03957567 -0.011750634 0.9972718 -0.06119408
17236952.895 -0.07591568 -0.0035236606 0.019558737 -0.043719117 -0.010182201 0.9970937 -0.061556283
17286931.673 -0.07565612 0.002931692 0.019736532 -0.045801517 -0.008487051 0.9969663 -0.062357485
17336925.952 -0.07441985 0.00999187 0.02049949 -0.045883898 -0.009100219 0.9967125 -0.0661522
17386951.73 -0.07233499 0.018026318 0.02137589 -0.04718801 -0.013514711 0.9962003 -0.071942285
17436978.009 -0.07017963 0.025264122 0.022073975 -0.046944067 -0.018944839 0.9956818 -0.07781514
17487039.538999997 -0.06715377 0.03174933 0.02349781 -0.043221127 -0.01873278 0.9955627 -0.081462085
17537054.316999998 -0.06303733 0.037379608 0.025063466 -0.036650814 -0.01522742 0.9957941 -0.08257702
17587135.597 -0.058588874 0.04247999 0.026244346 -0.03149198 -0.013267844 0.9957984 -0.08495739
17637217.627 -0.054744758 0.048123594 0.027261926 -0.030702084 -0.010921085 0.9954355 -0.08970213
17687259.156 -0.050482 0.052911017 0.027882244 -0.03322397 -0.008024892 0.9947824 -0.096124664
17737293.185 -0.046511568 0.05710913 0.028684182 -0.034315996 -0.005930813 0.9942386 -0.10137516
17787382.965 -0.041032672 0.06050496 0.029644454 -0.029633341 -0.0042516743 0.9939107 -0.10604481
17837504.244999997 -0.03448941 0.06296241 0.030941708 -0.020923775 -0.0031453609 0.99369854 -0.11007049
17887578.275 -0.027763076 0.06496298 0.032286342 -0.01056495 -0.0025388321 0.9934924 -0.11337912
17937556.553 -0.021116922 0.0655541 0.03287398 -0.0016778682 -0.0025355404 0.99335885 -0.1150174
17987431.829 -0.014422265 0.06593867 0.033002537 0.0052291444 -0.0022828297 0.9933154 -0.11529082
18037275.604999997 -0.007841423 0.06565828 0.032630585 0.0129296165 -0.001830448 0.99320525 -0.115641125
18087135.632 -0.00083734735 0.06451143 0.03174205 0.021670235 -0.0015683916 0.9931388 -0.11490577
18137050.409 0.0058147893 0.06298844 0.030885432 0.029700385 -0.00046306383 0.9932141 -0.112443134
18187013.187 0.0124366805 0.061155338 0.030012753 0.038636573 0.0013470355 0.99297225 -0.11185524
18237031.465 0.018737856 0.05924825 0.029373111 0.047985844 0.0028242012 0.992486 -0.11252127
18287049.244 0.024716416 0.056630276 0.028797705 0.055209 0.005345817 0.9918976 -0.11429222
18337020.272 0.030398034 0.053540714 0.028250573 0.06312407 0.008337255 0.99129534 -0.115236975
18386927.549 0.035428435 0.050277177 0.027436104 0.07019552 0.010771437 0.99060124 -0.11690086
18436910.077 0.040038213 0.04652427 0.02658909 0.07411235 0.01525597 0.9900344 -0.11877114
18486741.603 0.043758366 0.042642422 0.025783855 0.075449094 0.019641541 0.9900723 -0.11695528
18536736.130999997 0.04807006 0.03817468 0.02466097 0.07825282 0.02226485 0.9901207 -0.11420112
18586769.91 0.052121602 0.03372659 0.023467822 0.087904096 0.01880349 0.9898544 -0.11003442
18636812.19 0.055998772 0.028967831 0.02195457 0.097422175 0.01558094 0.98943657 -0.10621424
18686782.968 0.059328362 0.023261242 0.020017643 0.10465001 0.019710643 0.9891584 -0.101122275
18736697.995 0.061453383 0.01693399 0.018256512 0.1050591 0.025072552 0.98970777 -0.09387471
18786605.272 0.0640773 0.010122922 0.016084809 0.102481194 0.03171598 0.99036115 -0.08761595
18836559.549000002 0.06632632 0.0037704352 0.014899171 0.10454196 0.03544087 0.99056315 -0.08123819
18886562.078 0.069374576 -0.0029220302 0.013546818 0.112288326 0.03998723 0.9899983 -0.07547054
18936612.356999997 0.07195451 -0.010054372 0.012568621 0.124283224 0.045046832 0.98888195 -0.06809563
18986677.637000002 0.07366229 -0.017460886 0.011891402 0.13489136 0.05032291 0.98771566 -0.060742334
19036711.915999997 0.073082484 -0.023880813 0.01145185 0.13590904 0.053268347 0.9878042 -0.054168474
19086706.444000002 0.06984178 -0.029619096 0.010877896 0.1256197 0.05240642 0.98937446 -0.051102858
19136684.722 0.06495848 -0.035249826 0.010279172 0.11304972 0.05055411 0.99105424 -0.04975576
19186679.5 0.059718877 -0.040596947 0.009738019 0.10479899 0.045143493 0.9922994 -0.048179682
19236705.279 0.053947214 -0.045541864 0.009343729 0.09945731 0.037557762 0.9932577 -0.046225823
19286739.808000002 0.04773489 -0.05033305 0.009160887 0.095356226 0.030757902 0.9939999 -0.043880183
19336765.586999997 0.04079987 -0.054915767 0.00896079 0.08767611 0.022759695 0.9950186 -0.041628722
19386775.866 0.03352276 -0.05878536 0.008773267 0.080484755 0.01582238 0.9958218 -0.040136598
19436778.143999998 0.02604958 -0.061617352 0.008938405 0.07476309 0.008992837 0.99641 -0.03868911
19486796.673 0.017957227 -0.063658156 0.009322122 0.066243246 0.0021750925 0.99709016 -0.03766223
19536838.452 0.009546711 -0.06493835 0.009746193 0.055099446 -0.0043413406 0.99772096 -0.03870732
19586904.481999997 0.001276274 -0.06579554 0.010748492 0.04359406 -0.010390728 0.9981906 -0.040089216
19637000.511 -0.0063586123 -0.0662338 0.011880644 0.034672204 -0.015027453 0.9984102 -0.04182257
19686956.539 -0.013577622 -0.066481866 0.013280253 0.03026107 -0.018607333 0.9984122 -0.043718036
19736958.818 -0.020442668 -0.066163994 0.014888315 0.026271977 -0.021187032 0.998411 -0.045127023
19786969.096 -0.027306786 -0.06535734 0.016428623 0.022591174 -0.022895237 0.99837434 -0.047055297
19836987.625 -0.034180455 -0.063949965 0.018176807 0.016329467 -0.02200202 0.99838036 -0.04985951
19887005.154000003 -0.04092436 -0.062102903 0.01958634 0.010753095 -0.0230076 0.9982782 -0.052873988
19937023.683000002 -0.047449525 -0.059722155 0.021217 0.0055416212 -0.021658361 0.99820143 -0.05562523
19987017.961 -0.05363384 -0.056725178 0.022782383 0.00027238802 -0.020689882 0.9981172 -0.057741206
20037028.740000002 -0.059943788 -0.05362073 0.024253068 -0.0058395164 -0.019697785 0.99790484 -0.061350387
20087055.018000003 -0.06581571 -0.049991027 0.025799084 -0.012006056 -0.01757098 0.9977095 -0.06421029
20137104.548 -0.07098855 -0.04660864 0.027401177 -0.01704387 -0.01821017 0.99753183 -0.06563693
20187146.327 -0.07651914 -0.043115485 0.0285499 -0.020418141 -0.016881378 0.99746615 -0.06602581
20237164.605 -0.0814489 -0.03872334 0.029287709 -0.025638007 -0.016098585 0.99738437 -0.06563547
20287175.134 -0.085693315 -0.034483407 0.029800791 -0.030848343 -0.015145279 0.99718446 -0.06664979
20337177.413 -0.089723125 -0.029536182 0.029714517 -0.035757534 -0.01376541 0.99702656 -0.06685859
20387195.191 -0.093486756 -0.02376944 0.029350027 -0.041073885 -0.0143216355 0.9968009 -0.06705185
20437205.72 -0.09657186 -0.017553916 0.028558755 -0.04650118 -0.012852034 0.99654984 -0.06753452
20487215.999 -0.09866567 -0.011335065 0.027474862 -0.051180936 -0.01156486 0.99627227 -0.06847161
20537218.277000003 -0.09976504 -0.004865757 0.026471479 -0.055150732 -0.012125837 0.99601126 -0.06908682
20587204.555 -0.09997853 0.0010773352 0.025759973 -0.056008093 -0.013472731 0.9959907 -0.068441436
20637199.584 -0.09922793 0.0069355345 0.02520757 -0.055239365 -0.014168917 0.99618167 -0.06610545
20687209.362 -0.097249016 0.011975178 0.024389863 -0.0541546 -0.014844381 0.99628925 -0.06522792
20737227.641000003 -0.09426452 0.017672105 0.02424062 -0.051405374 -0.015030338 0.996489 -0.064353436
20787246.17 -0.090017475 0.02318278 0.023902716 -0.04798371 -0.015094523 0.9966383 -0.06466789
20837288.948999997 -0.084867656 0.028702747 0.0242833 -0.04098904 -0.0167099 0.9967601 -0.06715726
20887266.727 -0.079217054 0.034067545 0.024898896 -0.033560093 -0.016550716 0.99685204 -0.06989871
20937269.005000003 -0.073670186 0.038945977 0.02574345 -0.027937401 -0.017163536 0.9968183 -0.07265168
20987295.033999998 -0.06802151 0.04332008 0.026841298 -0.023866707 -0.01856091 0.9965867 -0.07681756
21037336.813 -0.06202603 0.047543235 0.027793242 -0.021400295 -0.017917713 0.99615455 -0.083048746
21087402.593000002 -0.055662334 0.0510761 0.029213829 -0.015867123 -0.014690658 0.99566185 -0.090498224
21137468.372 -0.04827275 0.05378344 0.030439535 -0.008744807 -0.0126883555 0.99532247 -0.095372155
21187526.152000003 -0.039872266 0.055903926 0.031753648 0.002853016 -0.011119958 0.994969 -0.09952365
21237560.680999998 -0.031659033 0.05708414 0.032434866 0.012721871 -0.008257789 0.9946128 -0.1025447
21287538.959 -0.023591775 0.05746909 0.032968715 0.022268627 -0.0048459764 0.9940899 -0.106140845
21337446.235999998 -0.015730022 0.05682228 0.033130653 0.0328432 -0.0029030882 0.9935704 -0.108308785
21387313.512 -0.007869387 0.055227473 0.03294314 0.043328077 -0.0025588984 0.9930089 -0.109769955
21437196.788999997 -0.00022909217 0.05315352 0.03230327 0.05432148 -0.002838575 0.99227905 -0.111460626
21487128.316 0.0072265733 0.05013367 0.031437535 0.06462583 -0.0023023204 0.9916807 -0.1112998
21537114.594 0.014378416 0.046227526 0.03043374 0.07395695 -0.0002075989 0.9912007 -0.10977981
21587100.873 0.020603795 0.041878693 0.02970677 0.08099968 0.00262718 0.9907811 -0.10855822
21637047.65 0.025728196 0.036847405 0.028576732 0.0843808 0.006190373 0.99047995 -0.108586974
21686947.177 0.030197766 0.031092335 0.027555956 0.088859856 0.008841212 0.99025387 -0.10687913
21736861.954 0.03443772 0.024685765 0.026567206 0.09462286 0.009366208 0.9900795 -0.1034471
21786816.732 0.038314752 0.018037783 0.025580049 0.10459599 0.009757207 0.9894765 -0.099502675
21836803.759999998 0.040982474 0.011051567 0.024317287 0.109485075 0.011629994 0.98916507 -0.097109236
21886782.038 0.04270797 0.0040278644 0.02258122 0.11101633 0.011286341 0.9892884 -0.094109625
21936752.816 0.043642804 -0.0036289277 0.021114985 0.110436626 0.011487807 0.9895519 -0.09197217
21986760.845 0.044665772 -0.011394077 0.020100081 0.11235548 0.01330355 0.98970145 -0.0876947
22036744.373 0.044864386 -0.018973067 0.019423697 0.114926964 0.015535502 0.9898219 -0.082481034
22086791.402 0.044399414 -0.026512079 0.019508898 0.1137311 0.01800875 0.99000573 -0.08142259
22136857.182 0.042707685 -0.031512316 0.020001527 0.109256975 0.017358458 0.99023664 -0.0848123
22186890.961 0.040051203 -0.036086872 0.020996405 0.10461142 0.015630964 0.9903928 -0.089074284
22236877.989 0.037087537 -0.040057987 0.021825189 0.10491074 0.014089169 0.99023527 -0.09071629
22286840.267 0.034769487 -0.04429747 0.022693112 0.11137147 0.011900578 0.9897248 -0.088879645
