30488186.042928245 -0.0 -0.0 -0.0 -0.0 -0.0 1.0 -0.0
30519895.042928245 0.00077457185 -0.0004848934 0.011385003 -0.0021285415 0.0022942391 0.9999951 -1.313307e-05
30551602.042928245 0.00077457185 -0.0004848934 0.011385003 -0.0021285415 0.0022942391 0.9999951 -1.313307e-05
30583308.042928245 0.00077457185 -0.0004848934 0.011385003 -0.0021285415 0.0022942391 0.9999951 -1.313307e-05
30615012.042928245 0.00077457185 -0.0004848934 0.011385003 -0.0021285415 0.0022942391 0.9999951 -1.313307e-05
30646712.042928245 0.00077457185 -0.0004848934 0.011385003 -0.0021285415 0.0022942391 0.9999951 -1.313307e-05
30678409.042928245 0.0019602927 -0.0060761543 0.012264951 -0.007035672 -0.0075397934 0.99993527 0.004815609
30710100.042928245 0.0019602927 -0.0060761543 0.012264951 -0.007035672 -0.0075397934 0.99993527 0.004815609
30741782.042928245 0.0019602927 -0.0060761543 0.012264951 -0.007035672 -0.0075397934 0.99993527 0.004815609
30773454.042928245 0.0035457234 -0.018372865 0.014458973 -0.01101494 -0.0119310105 0.99984485 0.00683685
30805113.792928245 0.0035457234 -0.018372865 0.014458973 -0.01101494 -0.0119310105 0.99984485 0.00683685
30836763.042928245 0.0035457234 -0.018372865 0.014458973 -0.01101494 -0.0119310105 0.99984485 0.00683685
30868402.042928245 0.0054675695 -0.042107318 0.015542308 -0.015905557 -0.013973458 0.99975127 0.0070153084
30900030.042928245 0.0054675695 -0.042107318 0.015542308 -0.015905557 -0.013973458 0.99975127 0.0070153084
30931642.792928245 0.0054675695 -0.042107318 0.015542308 -0.015905557 -0.013973458 0.99975127 0.0070153084
30963245.042928245 0.005486017 -0.070027724 0.018588457 -0.019920181 -0.015171126 0.9996803 0.003522073
30994833.042928245 0.005486017 -0.070027724 0.018588457 -0.019920181 -0.015171126 0.9996803 0.003522073
31026410.042928245 0.005486017 -0.070027724 0.018588457 -0.019920181 -0.015171126 0.9996803 0.003522073
31057974.042928245 0.0057798377 -0.10042743 0.017893095 -0.024450637 -0.016428385 0.9995661 -0.00028597825
31089523.792928245 0.0057798377 -0.10042743 0.017893095 -0.024450637 -0.016428385 0.9995661 -0.00028597825
31121061.792928245 0.0057798377 -0.10042743 0.017893095 -0.024450637 -0.016428385 0.9995661 -0.00028597825
31152583.042928245 0.0057798377 -0.10042743 0.017893095 -0.024450637 -0.016428385 0.9995661 -0.00028597825
31184081.792928245 0.0008664229 -0.17048326 0.020216752 -0.027463114 -0.019915966 0.99940425 -0.00634332
31215557.792928245 -0.0028614304 -0.18342106 0.023571797 -0.027131181 -0.02309481 0.9993508 -0.00534507
31247003.792928245 -0.001547172 -0.19724216 0.023747854 -0.029984595 -0.021064455 0.9993117 -0.005775306
31278418.792928245 -0.0040675215 -0.2172595 0.023374893 -0.030226909 -0.022657307 0.99925417 -0.008005564
31309796.042928245 -0.008215296 -0.2360302 0.02666665 -0.031519517 -0.023826888 0.99918413 -0.008359027
31341132.042928245 -0.011541323 -0.25322205 0.034157157 -0.032831457 -0.023140322 0.9991611 -0.007981632
31372427.042928245 -0.01454795 -0.2727549 0.033544883 -0.035851896 -0.024980374 0.9990114 -0.008180296
31403677.042928245 -0.0138782235 -0.29138017 0.036112834 -0.041015748 -0.023117648 0.9988567 -0.00828407
31434879.042928245 -0.022558419 -0.31741405 0.044402678 -0.0466439 -0.024949698 0.998577 -0.00677321
31466034.042928245 -0.02718822 -0.3373168 0.05095348 -0.054376863 -0.025680797 0.9981669 -0.0068184338
31497142.792928245 -0.032264818 -0.35856515 0.051001336 -0.062703304 -0.026161345 0.9976557 -0.008190938
31528199.042928245 -0.039782386 -0.37918082 0.059873756 -0.07175061 -0.026780767 0.9970064 -0.010625876
31559202.042928245 -0.04454358 -0.398645 0.06091092 -0.08107686 -0.026281726 0.99628526 -0.012312072
31590145.042928245 -0.054053806 -0.43057543 0.0664638 -0.08994067 -0.026097639 0.9954991 -0.014532399
31621020.792928245 -0.060468197 -0.4531222 0.06897266 -0.0995003 -0.026654962 0.99452555 -0.017558372
31651822.792928245 -0.06964932 -0.47526485 0.07566708 -0.109119885 -0.026479995 0.9934233 -0.022403233
31682588.792928245 -0.07759899 -0.50006485 0.07994814 -0.11916715 -0.025843263 0.99214697 -0.027851675
31713272.792928245 -0.0875996 -0.5276081 0.08410728 -0.12857687 -0.026144367 0.9907754 -0.03389112
31743832.042928245 -0.09515966 -0.55403745 0.09207492 -0.138407 -0.026492111 0.9892653 -0.038675625
31774300.792928245 -0.10556863 -0.58185726 0.09804515 -0.1481464 -0.027337778 0.9876669 -0.04265484
31804681.042928245 -0.116133235 -0.61096776 0.1068146 -0.15809949 -0.028904695 0.98599875 -0.04444737
31834968.792928245 -0.12594442 -0.638688 0.116943926 -0.16811204 -0.029853275 0.98427516 -0.045271512
31865162.042928245 -0.13573176 -0.66751885 0.1258943 -0.17765659 -0.029841201 0.9825461 -0.046377454
31895260.792928245 -0.14838323 -0.6985775 0.13639781 -0.18715326 -0.030825332 0.9806296 -0.04887822
31925265.042928245 -0.15812305 -0.73143196 0.14564042 -0.19683042 -0.030005086 0.97858167 -0.05230115
31955175.042928245 -0.17001486 -0.7621578 0.161019 -0.2069638 -0.028748574 0.9762828 -0.056670368
31984995.042928245 -0.18043274 -0.79501045 0.17506574 -0.2167345 -0.025844662 0.9739418 -0.061608996
32014726.042928245 -0.19361326 -0.8287547 0.18924321 -0.2266531 -0.023184886 0.971306 -0.06823171
32044374.042928245 -0.20766905 -0.86090463 0.20500275 -0.23668149 -0.019691356 0.9683946 -0.07619821
32073942.042928245 -0.21762502 -0.8970674 0.22317731 -0.24662414 -0.0148952 0.9652724 -0.08487554
32103437.042928245 -0.2336558 -0.9300678 0.23660876 -0.25517648 -0.012697976 0.96252257 -0.09096178
32132859.042928245 -0.24746014 -0.96706414 0.25617725 -0.26389745 -0.01060718 0.9595993 -0.097029924
32162213.792928245 -0.26039392 -1.0091103 0.275972 -0.27263904 -0.00909332 0.9565844 -0.10262324
32191535.042928245 -0.27531227 -1.048791 0.3004629 -0.28060576 -0.007963695 0.95372105 -0.10776473
32220797.792928245 -0.29089236 -1.0805018 0.33120528 -0.2880213 -0.008201404 0.951 -0.11214064
32249977.042928245 -0.30440748 -1.1203868 0.35820204 -0.29611012 -0.0076239286 0.94779646 -0.118078806
32279105.042928245 -0.3213937 -1.1594563 0.38647404 -0.30336466 -0.0065854946 0.9447285 -0.12415582
32308193.042928245 -0.33670077 -1.2048932 0.41569388 -0.3101969 -0.0056620087 0.9415027 -0.13160022
32337250.042928245 -0.35501727 -1.2342293 0.45953885 -0.31657243 -0.006542183 0.9386427 -0.13670762
32366279.042928245 -0.3675843 -1.2777066 0.49886265 -0.32291025 -0.0071619386 0.9356905 -0.14198913
32395286.042928245 -0.38362122 -1.3118122 0.5441206 -0.32910743 -0.007933648 0.9330464 -0.14508568
32424275.042928245 -0.39993566 -1.3550776 0.58426726 -0.3347266 -0.009365382 0.93062526 -0.14767186
32453247.792928245 -0.4162465 -1.3932474 0.63860106 -0.3412082 -0.010446267 0.9277751 -0.15066954
32482209.042928245 -0.44150898 -1.431692 0.6838119 -0.34742692 -0.011407801 0.9249204 -0.15390511
32511161.042928245 -0.45706177 -1.475136 0.7440125 -0.35486814 -0.011712664 0.9214045 -0.15794058
32540105.042928245 -0.47969967 -1.5112314 0.7911423 -0.36163303 -0.013369109 0.9181783 -0.16121882
32569040.792928245 -0.49935946 -1.54747 0.85290396 -0.36946696 -0.013810823 0.91437596 -0.16498537
32597968.042928245 -0.5220388 -1.5778601 0.90683806 -0.37703148 -0.015048831 0.9108043 -0.16750063
32626884.042928245 -0.5421748 -1.630575 0.9665336 -0.38476792 -0.018283932 0.90705943 -0.16988964
32655787.042928245 -0.5722866 -1.6565104 1.0491538 -0.39263594 -0.022262776 0.90359175 -0.16989213
32684677.042928245 -0.5700516 -1.740654 1.1046604 -0.40095064 -0.027419657 0.89964956 -0.17063846
32713552.042928245 -0.60019255 -1.776304 1.1687686 -0.40949345 -0.032982823 0.89595014 -0.16882157
32742409.042928245 -0.6265897 -1.8225386 1.2617668 -0.41868147 -0.039401628 0.89191777 -0.16624093
32771243.042928245 -0.65424407 -1.8760515 1.3356693 -0.42820436 -0.04657268 0.88745534 -0.16399726
32800053.042928245 -0.690322 -1.887363 1.410423 -0.43769914 -0.052518725 0.88331854 -0.15940423
32828837.042928245 -0.71176606 -1.9469157 1.4982337 -0.4483674 -0.060015555 0.8778569 -0.1572645
32857593.792928245 -0.7574278 -1.9855443 1.5867795 -0.45865148 -0.06597024 0.8726225 -0.15432665
32886318.042928245 -0.7862782 -2.0096073 1.6566918 -0.46834722 -0.07302219 0.86745226 -0.15114665
32915010.042928245 -0.83552337 -2.027184 1.7383752 -0.47757196 -0.07918689 0.86256444 -0.14709523
32943667.042928245 -0.87679607 -2.0581975 1.8192554 -0.4873267 -0.08503014 0.85700774 -0.14429268
32972288.042928245 -0.916513 -2.0794168 1.8868976 -0.49637368 -0.08993603 0.8517226 -0.14175092
33000872.042928245 -0.96334314 -2.1020846 1.9858567 -0.50600266 -0.0948834 0.84581864 -0.1398187
33029419.042928245 -1.0146724 -2.126382 2.0671492 -0.5157455 -0.09899224 0.8399112 -0.13695347
33057927.042928245 -1.0646796 -2.161221 2.1541104 -0.5257096 -0.1032739 0.83352417 -0.13491234
33086398.042928245 -1.121782 -2.1924682 2.2434077 -0.53590196 -0.10766602 0.82694405 -0.13183582
33114829.792928245 -1.1710043 -2.2293644 2.3376966 -0.5461991 -0.11329238 0.8200788 -0.1276803
33143226.042928245 -1.2438906 -2.228692 2.4260046 -0.55583423 -0.11857427 0.8137254 -0.1218169
33171584.042928245 -1.2997314 -2.2748115 2.5204773 -0.56657517 -0.12441204 0.80603796 -0.11754612
33199901.792928245 -1.3467458 -2.3058476 2.6131244 -0.5769551 -0.13017297 0.79839 -0.1129221
33228179.042928245 -1.4151802 -2.322475 2.7081392 -0.58656836 -0.13628818 0.7910817 -0.10748361
33256413.042928245 -1.4860078 -2.3600736 2.791676 -0.5963929 -0.14167333 0.78334093 -0.10305948
33284604.042928245 -1.5454212 -2.379113 2.891819 -0.6069087 -0.14690809 0.77476704 -0.09907547
33312750.042928245 -1.6157827 -2.3874793 2.973947 -0.61728555 -0.15052663 0.76630086 -0.09530645
33340851.792928245 -1.6943964 -2.3801785 3.0615418 -0.6278536 -0.15386316 0.7574783 -0.091393195
33368915.042928245 -1.7600106 -2.4007401 3.1366723 -0.6382835 -0.15778191 0.7482497 -0.08843927
33396938.792928245 -1.8326169 -2.4238539 3.22862 -0.6496211 -0.16161998 0.73797774 -0.08520722
33424927.042928245 -1.9197273 -2.4207134 3.2950234 -0.660375 -0.16557232 0.72816706 -0.07914226
33452881.792928245 -1.9886825 -2.4524739 3.4100022 -0.6727804 -0.16924964 0.7165097 -0.073041
33480802.042928245 -2.0725565 -2.4632328 3.4927762 -0.68440133 -0.1728893 0.7053977 -0.06417329
33508706.042928245 -2.163376 -2.4720566 3.568782 -0.6961648 -0.1766048 0.6936385 -0.055054285
33536582.042928245 -2.2404678 -2.4698334 3.6366863 -0.707274 -0.18054453 0.68192875 -0.046264876
33564417.04292825 -2.3308656 -2.4869297 3.7154393 -0.7186169 -0.18448842 0.6692733 -0.040338084
33592230.04292825 -2.4224973 -2.4601548 3.794805 -0.7296795 -0.18757239 0.6566832 -0.033936296
33620021.79292825 -2.5074198 -2.4564528 3.8619428 -0.74020773 -0.1915252 0.64386064 -0.029224664
33647801.04292825 -2.5964744 -2.4471714 3.928307 -0.75040257 -0.19447397 0.6311505 -0.026924355
33675568.04292825 -2.6945503 -2.4350693 3.9672494 -0.7592954 -0.19762264 0.6195135 -0.02487453
33703324.79292825 -2.7825983 -2.4328697 4.032644 -0.7689824 -0.20072278 0.6065076 -0.02291129
33731079.04292825 -2.879169 -2.4242785 4.099014 -0.7783594 -0.203002 0.5937421 -0.02042689
33758832.04292825 -2.9740367 -2.4193544 4.1418705 -0.7866556 -0.20564249 0.58185726 -0.018066434
33786588.04292825 -3.0714188 -2.416542 4.197325 -0.79520935 -0.20767412 0.569426 -0.016359294
33814346.79292825 -3.176104 -2.3945842 4.248824 -0.80312186 -0.20962137 0.557555 -0.013663187
33842114.04292825 -3.2682486 -2.41004 4.3009844 -0.81089324 -0.21212736 0.5452301 -0.013357255
33869890.04292825 -3.3724961 -2.3918524 4.3559713 -0.8181594 -0.2132889 0.53382283 -0.012498135
33897673.04292825 -3.4779053 -2.396609 4.406256 -0.8251658 -0.21360545 0.52277076 -0.013598454
33925465.04292825 -3.5771465 -2.3756394 4.4431024 -0.831507 -0.21366012 0.51257616 -0.014534239
33953271.04292825 -3.6893377 -2.3448246 4.4813137 -0.8374451 -0.2136363 0.5028362 -0.014180902
33981090.79292825 -3.797007 -2.3248005 4.516047 -0.84341586 -0.21381715 0.49266657 -0.014545882
34008927.04292825 -3.9066343 -2.3143547 4.5524306 -0.84939045 -0.21417199 0.48213178 -0.014668549
34036773.04292825 -4.0125685 -2.3050516 4.589111 -0.85510623 -0.21584874 0.4712013 -0.013112787
34064633.04292825 -4.1312165 -2.2966843 4.624369 -0.8609203 -0.21843912 0.45936334 -0.009269898
34092505.04292825 -4.238517 -2.2665176 4.649197 -0.8662524 -0.22162911 0.4477518 -0.0023976488
34120390.04292825 -4.355093 -2.2531376 4.673731 -0.8716877 -0.22530033 0.4351805 0.004271139
34148287.79292825 -4.4743967 -2.2275698 4.6988497 -0.8767693 -0.22886656 0.4227814 0.012312971
34176197.79292825 -4.5859947 -2.2014575 4.707688 -0.88139343 -0.2320539 0.41097862 0.019831939
34204117.79292825 -4.698507 -2.1958337 4.733021 -0.8862971 -0.2352588 0.39804354 0.026308676
34232052.04292825 -4.8175383 -2.1728337 4.7396264 -0.8908 -0.2379641 0.3856288 0.03374991
34259998.04292825 -4.935652 -2.144895 4.7545686 -0.8955932 -0.23982228 0.3725212 0.040325217
34287956.04292825 -5.0487804 -2.1229804 4.754428 -0.8999395 -0.2421794 0.359652 0.045919698
34315925.04292825 -5.1602616 -2.0958965 4.7568192 -0.9043944 -0.24341096 0.3468644 0.050070234
34343908.79292825 -5.278729 -2.0718377 4.758022 -0.909033 -0.24384868 0.33380416 0.05264613
34371910.04292825 -5.387539 -2.0494463 4.7452517 -0.91337293 -0.24420688 0.32101446 0.055341426
34399931.04292825 -5.5022774 -2.0157738 4.7262545 -0.91764575 -0.24398057 0.30820298 0.05840115
34427971.04292825 -5.626444 -2.0014777 4.719581 -0.92273897 -0.24161147 0.294435 0.05903183
34456029.04292825 -5.73643 -1.9725682 4.701642 -0.9271187 -0.23971681 0.281336 0.06194288
34484106.04292825 -5.854268 -1.9522007 4.676871 -0.93158245 -0.23685798 0.26811182 0.064564824
34512201.04292825 -5.9633417 -1.90926 4.6434803 -0.9358926 -0.23291048 0.25517923 0.06885766
34540311.79292825 -6.07847 -1.8718333 4.6112113 -0.94013995 -0.22861098 0.24191076 0.07316527
34568437.79292825 -6.191452 -1.8449786 4.5735316 -0.94412255 -0.22409755 0.22916618 0.07678444
34596577.04292825 -6.289076 -1.8117607 4.5315237 -0.9476571 -0.21967216 0.21720694 0.08069266
34624724.04292825 -6.4126434 -1.7846717 4.4895916 -0.9513779 -0.21460496 0.20418175 0.08446699
34652874.04292825 -6.5163765 -1.7592747 4.441508 -0.9547701 -0.20977646 0.19094631 0.089149095
34681024.04292825 -6.6176662 -1.7302539 4.3925586 -0.95789784 -0.20417076 0.17867905 0.0939147
34709170.04292825 -6.732026 -1.7027904 4.334918 -0.96099806 -0.19795865 0.16591261 0.09883402
34737312.04292825 -6.828706 -1.6769264 4.2815356 -0.96376234 -0.19214404 0.15306558 0.103989646
34765448.04292825 -6.937643 -1.6478639 4.215203 -0.96657854 -0.18500856 0.13955498 0.109646335
34793576.04292825 -7.0326023 -1.6235762 4.150463 -0.9688685 -0.17786148 0.12685162 0.11648129
34821697.04292825 -7.1275225 -1.5989172 4.085989 -0.9709365 -0.17082393 0.11386944 0.12302568
34849810.04292825 -7.215267 -1.5799621 4.0187874 -0.9726075 -0.16384529 0.10100151 0.13033871
34877916.04292825 -7.3162594 -1.5459899 3.9373145 -0.97441643 -0.15512873 0.08871265 0.13630036
34906014.04292825 -7.4003096 -1.5256196 3.8663416 -0.975442 -0.14849706 0.075816825 0.14392148
34934107.04292825 -7.479431 -1.500352 3.7952228 -0.9762886 -0.14194569 0.06342377 0.15063007
34962197.79292825 -7.5691195 -1.4750278 3.7132797 -0.97678035 -0.13642737 0.052686565 0.15656306
34990286.04292825 -7.642825 -1.4551444 3.6423852 -0.97711766 -0.13218044 0.042057846 0.16124707
35018370.04292825 -7.7209873 -1.4289346 3.5641673 -0.977272 -0.12789805 0.031662628 0.16606978
35046453.04292825 -7.7836313 -1.4089432 3.48758 -0.97704154 -0.12480066 0.02311793 0.1711148
35074534.04292825 -7.8712325 -1.3808773 3.3850222 -0.9768953 -0.121172555 0.0153303575 0.17537934
35102616.79292825 -7.9332237 -1.3658347 3.3101606 -0.97667587 -0.11788841 0.007846551 0.17929034
35130706.04292825 -7.9929156 -1.3455303 3.2224405 -0.97624403 -0.114862874 0.0011897772 0.18371917
35158806.04292825 -8.056585 -1.3254936 3.1330376 -0.9760036 -0.11167298 -0.004326307 0.18688908
35186917.79292825 -8.115053 -1.3086007 3.0507653 -0.97581244 -0.10874586 -0.010732475 0.18933909
35215048.79292825 -8.163976 -1.2926946 2.9621277 -0.9751635 -0.10663465 -0.0157127 0.19349013
35243207.04292825 -8.214317 -1.2834599 2.8773255 -0.9750489 -0.107278205 -0.020667963 0.19324583
35271397.04292825 -8.25867 -1.2596295 2.7866483 -0.9755034 -0.10714519 -0.025264816 0.19045949
35299629.04292825 -8.299659 -1.2370911 2.6780045 -0.9754083 -0.1089391 -0.026317446 0.18978487
35327907.79292825 -8.334967 -1.221714 2.5805721 -0.97561556 -0.11040693 -0.02816878 0.18759312
35356239.79292825 -8.369123 -1.1968746 2.4843798 -0.976175 -0.1097103 -0.028643962 0.18500167
35384624.04292825 -8.399924 -1.1875079 2.388248 -0.97683173 -0.11091074 -0.028771836 0.18075079
35413062.04292825 -8.429689 -1.1647968 2.2811658 -0.97883624 -0.10968722 -0.02748848 0.170566
35441554.04292825 -8.45709 -1.1586056 2.1832426 -0.9808814 -0.110000566 -0.026758637 0.15828967
35470092.79292825 -8.470778 -1.1457171 2.0780168 -0.9831252 -0.11027837 -0.025070794 0.14378825
35498673.04292825 -8.489037 -1.1260715 1.979734 -0.985114 -0.110939965 -0.023365518 0.12921631
35527293.04292825 -8.505371 -1.112263 1.8661268 -0.98711073 -0.11159305 -0.021720627 0.11263936
35555947.79292825 -8.510509 -1.0976841 1.7528851 -0.98888636 -0.1128754 -0.019601936 0.094756305
35584639.79292825 -8.520785 -1.0960914 1.6528528 -0.99034965 -0.11440373 -0.016422888 0.07648433
35613364.04292825 -8.531852 -1.0760945 1.5331221 -0.9915057 -0.11461369 -0.013118731 0.0600682
35642118.04292825 -8.535338 -1.0728683 1.4276286 -0.99226063 -0.11493779 -0.010570035 0.045788236
35670903.04292825 -8.543581 -1.0767356 1.3261392 -0.99275607 -0.11492148 -0.0080631785 0.034110967
35699719.04292825 -8.552228 -1.078321 1.2132653 -0.99310064 -0.1146497 -0.0061111194 0.023860969
35728560.04292825 -8.551881 -1.0813628 1.0983146 -0.9932897 -0.11454552 -0.0045250584 0.01531708
35757424.04292825 -8.549874 -1.07493 0.9948033 -0.99343467 -0.11402127 -0.0033434113 0.008694215
35786310.04292825 -8.553914 -1.0806962 0.8866414 -0.99353 -0.11346256 -0.0018171432 0.00460771
35815218.04292825 -8.563621 -1.0847436 0.7668711 -0.99368197 -0.11222533 -0.0011993506 0.00053584005
35844144.04292825 -8.573852 -1.090041 0.6401457 -0.99377733 -0.11133943 -0.001492065 -0.0028125746
35873088.04292825 -8.580972 -1.1029816 0.5244447 -0.99374056 -0.111502305 -0.00067943946 -0.006825204
35902046.04292825 -8.583568 -1.1049731 0.409423 -0.9937334 -0.11116866 0.00044991032 -0.011629715
35931016.04292825 -8.587809 -1.1183763 0.28819865 -0.9937354 -0.110851265 0.0011500457 -0.014169491
35959998.04292825 -8.585402 -1.1373316 0.16809627 -0.9937265 -0.11078458 0.0015802599 -0.015231904
35988990.04292825 -8.603308 -1.1481899 0.044601917 -0.99381524 -0.109949104 0.0008217442 -0.015553272
36017986.79292825 -8.609393 -1.1621981 -0.08152872 -0.99394614 -0.109029956 0.0011008616 -0.013505141
36046987.79292825 -8.60618 -1.1532042 -0.22358741 -0.99408245 -0.10779133 0.0020311573 -0.013304688
36075993.04292825 -8.619242 -1.1786914 -0.3298529 -0.9941489 -0.107332855 0.0013515964 -0.012073478
36105004.79292825 -8.629614 -1.1733093 -0.46898687 -0.9943224 -0.105885975 0.0015430545 -0.0104337465
36134020.04292825 -8.640906 -1.2390293 -0.5594397 -0.9941285 -0.107949555 0.0024401054 -0.0070387786
36163039.04292825 -8.660257 -1.2471064 -0.69315547 -0.99423534 -0.10705175 0.0024463905 -0.0054896637
36192062.04292825 -8.660277 -1.2681247 -0.8063691 -0.99419415 -0.10747309 0.0034268964 -0.003987832
36221087.04292825 -8.673828 -1.30283 -0.9402313 -0.99417305 -0.10772019 0.0038452751 -0.0012878309
36250120.04292825 -8.6788645 -1.3024241 -1.088989 -0.9942694 -0.10681129 0.0044629723 0.00014235407
36279161.04292825 -8.697465 -1.311867 -1.2284398 -0.9944042 -0.10553026 0.0040398645 0.0027040641
36308213.04292825 -8.715197 -1.3469895 -1.3289092 -0.9943376 -0.10592561 0.004494788 0.007237557
36337277.04292825 -8.726595 -1.3636857 -1.4581262 -0.9943058 -0.105797976 0.004369568 0.011990023
36366356.04292825 -8.741186 -1.377189 -1.5883142 -0.99430144 -0.105074964 0.0040304046 0.017538933
36395454.04292825 -8.7607 -1.3883427 -1.7227159 -0.99427086 -0.10418907 0.0041595683 0.023512838
36424575.04292825 -8.774516 -1.4037728 -1.8503265 -0.99414235 -0.103980444 0.003875025 0.029223619
36453725.79292825 -8.786488 -1.4148107 -1.9756267 -0.99407405 -0.10309867 0.0038045591 0.034249946
36482917.04292825 -8.796845 -1.4519882 -2.1058013 -0.99381864 -0.10392802 0.004064511 0.038820166
36512147.04292825 -8.805988 -1.4463123 -2.2386417 -0.99371046 -0.10331733 0.004056574 0.042994834
36541422.04292825 -8.822726 -1.4488745 -2.3744733 -0.9935181 -0.103729405 0.003932117 0.046330895
36570743.04292825 -8.839181 -1.4833753 -2.494346 -0.9930736 -0.106422074 0.0041769934 0.049616415
36600115.04292825 -8.837886 -1.4842409 -2.6477888 -0.99277234 -0.10920225 0.004230559 0.049600214
36629541.04292825 -8.848701 -1.5064448 -2.7754638 -0.99242514 -0.11183795 0.00500421 0.050591923
36659022.04292825 -8.856125 -1.5096337 -2.9165103 -0.9922622 -0.11312353 0.0050938143 0.05092159
36688564.04292825 -8.859686 -1.5210873 -3.0479746 -0.99212635 -0.11447098 0.005689681 0.05049102
36718170.04292825 -8.883011 -1.5381947 -3.1864057 -0.99215925 -0.114810765 0.0056949495 0.04905324
36747846.04292825 -8.889812 -1.5525936 -3.3358247 -0.99218655 -0.114105165 0.0059897425 0.050100658
36777596.04292825 -8.906334 -1.5295436 -3.4790967 -0.9922523 -0.11399277 0.0058721006 0.049056772
36807423.04292825 -8.915036 -1.5289241 -3.6332273 -0.99204403 -0.11590305 0.005814722 0.04879992
36837330.79292825 -8.925043 -1.5346594 -3.76916 -0.9914666 -0.120502114 0.005583544 0.049417567
36867323.04292825 -8.938592 -1.5376707 -3.9247742 -0.9908048 -0.12545982 0.0054630013 0.050358146
36897404.04292825 -8.937952 -1.5329379 -4.0861673 -0.99014735 -0.13088124 0.005712232 0.049454577
36927583.04292825 -8.948972 -1.5356984 -4.2290716 -0.9899123 -0.13309082 0.006170217 0.048193224
36957863.04292825 -8.949248 -1.5492795 -4.3631797 -0.9901261 -0.13233194 0.0060669687 0.045846786
36988253.04292825 -8.932316 -1.545075 -4.5305834 -0.9904329 -0.13050613 0.0069337613 0.044302702
37018757.04292825 -8.926145 -1.5474925 -4.692011 -0.9906399 -0.12970719 0.007872648 0.041793004
37049380.79292825 -8.931384 -1.5530314 -4.8381886 -0.9908286 -0.12896538 0.0091985725 0.03926926
37080123.04292825 -8.932872 -1.5333147 -5.0113316 -0.99108106 -0.12758945 0.011783636 0.036613278
37110979.79292825 -8.927542 -1.5437329 -5.173378 -0.99102026 -0.12829606 0.015666217 0.0342572
37141949.04292825 -8.932654 -1.5539865 -5.3152037 -0.9910495 -0.12810692 0.020921435 0.031175748
37173031.04292825 -8.939049 -1.5659657 -5.4722347 -0.99098134 -0.12815416 0.026107572 0.029172245
37204220.79292825 -8.942534 -1.5751833 -5.637243 -0.9909196 -0.12775967 0.03220308 0.026811725
37235513.04292825 -8.940588 -1.5711355 -5.815554 -0.99088883 -0.12694298 0.038526982 0.023247937
37266895.79292825 -8.946888 -1.5738226 -5.9761925 -0.9908453 -0.12603831 0.04425569 0.019529067
37298363.04292825 -8.934058 -1.5670278 -6.1640925 -0.99071914 -0.124886304 0.05165377 0.014528921
37329909.79292825 -8.947297 -1.5703045 -6.342348 -0.99042404 -0.124558404 0.05884532 0.009095768
37361528.04292825 -8.951017 -1.5722845 -6.5164995 -0.9899743 -0.12377557 0.06793866 0.003871371
37393204.04292825 -8.947159 -1.5678563 -6.7022038 -0.9893521 -0.12271569 0.07824459 -0.0010605172
37424935.04292825 -8.947746 -1.5735922 -6.88396 -0.9884298 -0.12245563 0.08928859 -0.006224697
37456718.04292825 -8.949083 -1.5704291 -7.063136 -0.9872968 -0.12212165 0.100800425 -0.013063733
37488551.04292825 -8.960655 -1.5746315 -7.239503 -0.98598534 -0.12181653 0.11201252 -0.021141317
37520434.04292825 -8.965912 -1.5605087 -7.407508 -0.984324 -0.12144558 0.12410728 -0.030900365
37552367.04292825 -8.964282 -1.5584991 -7.597353 -0.98210055 -0.12284963 0.13658255 -0.04161329
37584345.79292825 -8.969672 -1.5530059 -7.774605 -0.9796802 -0.12472126 0.14836751 -0.051559858
37616367.04292825 -8.9844055 -1.55036 -7.9558783 -0.9769332 -0.12731506 0.16029711 -0.060805663
37648420.79292825 -9.00198 -1.5505946 -8.134649 -0.9741151 -0.13026601 0.17138535 -0.06897657
37680502.04292825 -9.013683 -1.5442548 -8.313962 -0.9711527 -0.13149297 0.18418227 -0.07515948
37712605.04292825 -9.036808 -1.5469825 -8.486923 -0.9684204 -0.13245617 0.19627897 -0.07805123
37744726.04292825 -9.044038 -1.541415 -8.668781 -0.9655967 -0.1322474 0.20962085 -0.07869521
37776861.04292825 -9.067872 -1.5438261 -8.856224 -0.9628208 -0.13282228 0.22226009 -0.07703814
37809009.79292825 -9.09623 -1.5564971 -9.0306635 -0.95937896 -0.13387181 0.236085 -0.07703391
37841169.04292825 -9.136713 -1.552917 -9.209523 -0.95600986 -0.13436674 0.24879397 -0.07805356
37873336.79292825 -9.158953 -1.5460069 -9.410596 -0.95194143 -0.13478626 0.2631824 -0.07984485
37905511.04292825 -9.198854 -1.5374262 -9.577284 -0.9477648 -0.13570023 0.2770802 -0.080956586
37937689.79292825 -9.230043 -1.5509527 -9.76217 -0.94272935 -0.13745071 0.29230237 -0.08323558
37969875.79292825 -9.278167 -1.5408227 -9.935392 -0.9373588 -0.13760184 0.30866596 -0.08455534
38002069.04292825 -9.320329 -1.5396786 -10.114385 -0.9316809 -0.13857272 0.3248443 -0.085114405
38034268.04292825 -9.375527 -1.5190003 -10.300175 -0.92594653 -0.13772468 0.3416506 -0.083245106
38066469.04292825 -9.425704 -1.5004404 -10.4731245 -0.9196222 -0.13609274 0.35941157 -0.081222914
38098669.79292825 -9.468442 -1.4986458 -10.66754 -0.9122294 -0.13479768 0.37848967 -0.080079556
38130874.04292825 -9.530836 -1.4911256 -10.838315 -0.90490806 -0.1328885 0.3961803 -0.08076684
38163078.04292825 -9.5819235 -1.4774268 -11.025912 -0.89590955 -0.13237809 0.415567 -0.0844169
38195277.04292825 -9.638775 -1.4747736 -11.205997 -0.88651067 -0.13171335 0.43412906 -0.09100738
38227469.04292825 -9.711691 -1.4572301 -11.376956 -0.8766917 -0.13144669 0.45230883 -0.09772531
38259647.04292825 -9.770014 -1.4587946 -11.560548 -0.8660918 -0.1305019 0.4709925 -0.104977846
38291809.04292825 -9.843674 -1.4330742 -11.738379 -0.85531116 -0.12699634 0.4898455 -0.11120339
38323950.79292825 -9.929316 -1.4159836 -11.900449 -0.8449077 -0.12289143 0.50691694 -0.11859169
38356073.04292825 -9.987388 -1.4108536 -12.080374 -0.8328899 -0.11871206 0.52551997 -0.12661228
38388168.04292825 -10.056558 -1.4035156 -12.24998 -0.82100135 -0.114125706 0.5430933 -0.13409632
38420231.79292825 -10.137281 -1.3977981 -12.423469 -0.8086154 -0.109822795 0.5608054 -0.13991983
38452259.79292825 -10.211315 -1.3918492 -12.593189 -0.79560703 -0.10499761 0.5783761 -0.14651336
38484243.04292825 -10.301725 -1.3756036 -12.756477 -0.78239775 -0.100036785 0.5954854 -0.15245861
38516174.04292825 -10.39522 -1.3709304 -12.913914 -0.768676 -0.0937248 0.612037 -0.16051073
38548040.04292825 -10.486734 -1.3577678 -13.068078 -0.75440615 -0.08758506 0.6283115 -0.16859667
38579832.04292825 -10.58749 -1.354088 -13.220228 -0.73931795 -0.080753475 0.64453614 -0.17737257
38611542.04292825 -10.688707 -1.3368579 -13.358289 -0.72472733 -0.073466696 0.6596877 -0.18489245
38643164.04292825 -10.79035 -1.3340161 -13.504831 -0.70862865 -0.06614504 0.6752075 -0.19381736
38674691.04292825 -10.908373 -1.3220344 -13.6208315 -0.6931326 -0.057360597 0.68921936 -0.20311017
38706119.04292825 -11.009918 -1.3234334 -13.763343 -0.67578065 -0.048418894 0.70444125 -0.2115152
38737443.04292825 -11.124839 -1.3079848 -13.872608 -0.6592837 -0.040274616 0.71790826 -0.21984239
38768653.04292825 -11.228786 -1.3035145 -13.995766 -0.6418823 -0.032741517 0.73149216 -0.22767153
38799745.79292825 -11.343725 -1.2963362 -14.11265 -0.6240501 -0.02542178 0.74528503 -0.23337846
38830726.04292825 -11.456217 -1.2986846 -14.225859 -0.6064203 -0.01818567 0.7586816 -0.23733112
38861597.04292825 -11.573911 -1.2937214 -14.320655 -0.5892903 -0.0114461845 0.77164423 -0.23910478
38892356.04292825 -11.6892 -1.2928362 -14.409515 -0.5725588 -0.0058616996 0.7838992 -0.24009216
38923000.79292825 -11.80756 -1.2929814 -14.49004 -0.555332 -0.0017406131 0.7961248 -0.24039282
38953523.04292825 -11.921988 -1.2790606 -14.570811 -0.5394232 0.0019972182 0.80757284 -0.23842141
38983909.04292825 -12.049922 -1.2847114 -14.646937 -0.522665 0.0041587 0.81939316 -0.23536965
39014150.04292825 -12.174652 -1.2957747 -14.721074 -0.50667477 0.0058629597 0.83071804 -0.23055147
39044233.79292825 -12.294725 -1.288346 -14.791645 -0.48975608 0.0074612005 0.8427134 -0.22342217
39074152.04292825 -12.412054 -1.294316 -14.845459 -0.47344315 0.009331884 0.8536873 -0.21675454
39103895.04292825 -12.53545 -1.3010144 -14.9002905 -0.45601594 0.011204569 0.86462015 -0.21060842
39133456.04292825 -12.664727 -1.3068237 -14.949609 -0.4385175 0.013747727 0.87464356 -0.2061847
39162824.04292825 -12.774797 -1.3111069 -14.988075 -0.42074353 0.01831058 0.8838443 -0.20361444
39191999.04292825 -12.906145 -1.3065078 -15.035494 -0.4010976 0.024093308 0.89339006 -0.20098372
39220984.04292825 -13.026566 -1.3083099 -15.062784 -0.38235235 0.03061085 0.90188795 -0.19866489
39249785.04292825 -13.143635 -1.3104621 -15.088918 -0.3627646 0.036476154 0.9103092 -0.19598094
39278412.79292825 -13.256144 -1.3222322 -15.101322 -0.34337062 0.040860165 0.91829 -0.1927971
39306873.79292825 -13.372023 -1.3237451 -15.117983 -0.32334712 0.045078322 0.92608225 -0.18917252
39335177.04292825 -13.481918 -1.3288556 -15.128109 -0.3027932 0.04980271 0.9332986 -0.18652003
39363334.04292825 -13.591506 -1.3403709 -15.141799 -0.28202987 0.054757655 0.9398354 -0.18485154
39391353.04292825 -13.702253 -1.3475223 -15.150445 -0.2603794 0.058992807 0.9461952 -0.18285847
39419247.04292825 -13.804079 -1.3536992 -15.14995 -0.23933248 0.06298749 0.95185167 -0.18091726
39447024.04292825 -13.909774 -1.3630927 -15.160124 -0.21785675 0.06629546 0.95703775 -0.1795053
39474693.04292825 -14.008968 -1.3687378 -15.154729 -0.19744286 0.067764826 0.9615226 -0.17860194
39502268.04292825 -14.106201 -1.3892499 -15.150699 -0.17701629 0.06993244 0.9653181 -0.17870574
39529758.04292825 -14.208019 -1.3814551 -15.138326 -0.157434 0.07249632 0.96858454 -0.17833382
39557176.04292825 -14.294734 -1.3914273 -15.115021 -0.1388472 0.07500881 0.97116476 -0.17870128
39584534.04292825 -14.3868065 -1.4043972 -15.099708 -0.121118724 0.077744134 0.973187 -0.17942439
39611842.04292825 -14.477422 -1.4114037 -15.082297 -0.10401732 0.07896576 0.9749436 -0.1800832
39639110.04292825 -14.568011 -1.417078 -15.057116 -0.08770495 0.078527614 0.976447 -0.18081123
39666345.04292825 -14.657246 -1.4249649 -15.029734 -0.071962304 0.07942876 0.977472 -0.18182698
39693551.79292825 -14.740838 -1.4479933 -14.999889 -0.056382883 0.08106595 0.9779754 -0.18388428
39720739.04292825 -14.821895 -1.455467 -14.965317 -0.041518137 0.08225702 0.97832894 -0.1854253
39747912.04292825 -14.921454 -1.4829186 -14.939924 -0.026034212 0.08229449 0.97851235 -0.18725227
39775078.79292825 -14.999657 -1.4980855 -14.900361 -0.011856994 0.08315994 0.97858465 -0.18792552
39802245.04292825 -15.077811 -1.5325179 -14.8702 0.0024723997 0.08311015 0.97851264 -0.18867877
39829414.04292825 -15.13996 -1.5460033 -14.817233 0.015768768 0.08342551 0.97832364 -0.18887688
39856584.79292825 -15.219418 -1.5780103 -14.770059 0.030802583 0.08377424 0.977737 -0.18990384
39883756.04292825 -15.295233 -1.6107563 -14.71874 0.04512207 0.084462635 0.9769251 -0.19091256
39910929.04292825 -15.3551855 -1.6170164 -14.659924 0.0585893 0.086189136 0.9760076 -0.19117534
39938101.79292825 -15.418449 -1.6439968 -14.602774 0.07246834 0.08903711 0.9746614 -0.19197896
39965273.04292825 -15.476831 -1.6787672 -14.542186 0.086897776 0.092235565 0.9731217 -0.19229041
39992443.79292825 -15.5383 -1.7028911 -14.477812 0.10090958 0.09471971 0.97164744 -0.1916946
40019619.04292825 -15.581158 -1.7199552 -14.416465 0.113894634 0.09937557 0.96991396 -0.19083889
40046801.04292825 -15.640365 -1.748785 -14.336459 0.12814847 0.10257074 0.9680102 -0.1897723
40073991.04292825 -15.704219 -1.7842939 -14.2548 0.14364633 0.10567217 0.9657341 -0.188565
40101189.04292825 -15.737591 -1.8232956 -14.2023115 0.15759122 0.108966656 0.96335495 -0.18771958
40128397.04292825 -15.798926 -1.8373446 -14.109197 0.17259039 0.11227145 0.96080476 -0.18563959
40155617.04292825 -15.828902 -1.8756082 -14.018288 0.18704173 0.11630249 0.95786923 -0.1843248
40182851.04292825 -15.8726425 -1.9039632 -13.919436 0.20244029 0.120025426 0.9546979 -0.18210948
40210099.04292825 -15.900077 -1.9350271 -13.837275 0.21697259 0.12436711 0.95131546 -0.1801516
40237366.04292825 -15.933425 -1.962425 -13.750545 0.23159821 0.12827648 0.9478871 -0.1772497
40264650.04292825 -15.949101 -1.9860833 -13.668901 0.2447131 0.13370787 0.94444597 -0.17395279
40291951.04292825 -15.982025 -2.013608 -13.580671 0.2589167 0.13846296 0.94060487 -0.17044857
40319268.04292825 -16.00481 -2.0552094 -13.490539 0.27209458 0.14277561 0.9367148 -0.1677651
40346602.04292825 -16.023418 -2.082058 -13.399345 0.28527024 0.14816132 0.93247545 -0.16479902
40373953.79292825 -16.021822 -2.1128957 -13.293476 0.29779202 0.15327467 0.92809755 -0.16267079
40401323.79292825 -16.030828 -2.1433573 -13.200501 0.31047592 0.15759605 0.923624 -0.16027173
40428713.79292825 -16.039934 -2.1663356 -13.109939 0.3227204 0.161287 0.9191733 -0.15798278
40456131.04292825 -16.029266 -2.194887 -13.004535 0.3351307 0.16480753 0.9145016 -0.15560457
40483580.04292825 -16.033117 -2.2176535 -12.9010315 0.34785146 0.16869071 0.9094343 -0.15320605
40511066.04292825 -16.02885 -2.2390716 -12.812283 0.35972923 0.17224358 0.9045027 -0.151003
40538592.04292825 -16.016102 -2.2704918 -12.708898 0.37217107 0.17586038 0.8990113 -0.14946744
40566163.79292825 -16.001514 -2.299651 -12.617229 0.3841877 0.17992337 0.89348805 -0.14733149
40593784.04292825 -16.001163 -2.2818747 -12.508557 0.3965925 0.1836065 0.8878864 -0.14373888
40621456.04292825 -15.963174 -2.3144598 -12.414638 0.40807796 0.18717913 0.8823145 -0.14127108
40649181.04292825 -15.942467 -2.3491564 -12.308047 0.41979837 0.19124001 0.8763173 -0.13879673
40676960.04292825 -15.91459 -2.3558788 -12.208585 0.43152922 0.19466393 0.87047684 -0.13475408
40704799.04292825 -15.900146 -2.3641987 -12.108679 0.44306564 0.19881104 0.86449075 -0.12970284
40732698.04292825 -15.843744 -2.3839 -11.992321 0.45451128 0.2025788 0.8583761 -0.12478741
40760655.04292825 -15.810955 -2.3986044 -11.891265 0.46543378 0.20660853 0.8522193 -0.12002759
40788668.04292825 -15.765486 -2.4046974 -11.792834 0.4763386 0.21111362 0.84578043 -0.11483936
40816738.04292825 -15.709717 -2.4230397 -11.682165 0.48714802 0.21633838 0.8390062 -0.109330475
40844862.04292825 -15.679202 -2.439778 -11.575537 0.49797168 0.22179773 0.8318986 -0.10380107
40873043.79292825 -15.622511 -2.4297335 -11.471568 0.5083937 0.22707261 0.8248715 -0.09778004
40901284.04292825 -15.565035 -2.4435205 -11.386331 0.5177028 0.23258524 0.8181709 -0.09211025
40929583.04292825 -15.502319 -2.448651 -11.280615 0.5269382 0.23785217 0.8113445 -0.086502574
40957941.79292825 -15.435383 -2.4583883 -11.187877 0.53528935 0.2426394 0.80495465 -0.081483245
40986358.04292825 -15.354772 -2.4513211 -11.09315 0.54284483 0.245882 0.79941314 -0.076159805
41014830.04292825 -15.290573 -2.4695485 -11.005888 0.55000585 0.24847774 0.7941223 -0.07157013
41043357.04292825 -15.202418 -2.4728796 -10.921891 0.5553587 0.2486594 0.7906098 -0.068421654
41071939.04292825 -15.135725 -2.487312 -10.830045 0.5611688 0.2472322 0.78703547 -0.06738649
41100573.79292825 -15.047429 -2.4710016 -10.746355 0.566043 0.24384351 0.78463656 -0.066941865
41129263.04292825 -14.959471 -2.4704642 -10.662744 0.5709016 0.23965631 0.78231883 -0.06792241
41158003.04292825 -14.869422 -2.4550493 -10.578275 0.57519346 0.23664208 0.7799615 -0.0693759
41186788.79292825 -14.781437 -2.4591095 -10.493052 0.5792843 0.23488373 0.7773006 -0.07115603
41215623.04292825 -14.692463 -2.4555025 -10.409491 0.5829073 0.23370813 0.7747944 -0.07275428
41244501.04292825 -14.590982 -2.4476473 -10.340609 0.5866336 0.23416868 0.771762 -0.07354954
41273423.04292825 -14.474625 -2.4111896 -10.262637 0.59048545 0.23174018 0.7695043 -0.07407232
41302390.79292825 -14.372088 -2.413887 -10.185354 0.59393424 0.23099305 0.76705176 -0.07427
41331405.04292825 -14.259262 -2.40481 -10.120933 0.59682846 0.22963353 0.7651635 -0.074760206
41360469.04292825 -14.142911 -2.4043844 -10.056259 0.5995993 0.22900276 0.76311177 -0.0754911
41389584.79292825 -14.024701 -2.3840234 -9.984628 0.60204643 0.22788045 0.7615803 -0.0748741
41418754.04292825 -13.90262 -2.368549 -9.918956 0.6041612 0.22729169 0.7601561 -0.07409824
41447981.04292825 -13.771723 -2.3560457 -9.849225 0.60512507 0.2259911 0.759667 -0.07521878
41477270.04292825 -13.647503 -2.324935 -9.792738 0.6062951 0.22438335 0.7592387 -0.07493299
41506627.79292825 -13.51853 -2.303378 -9.723413 0.6071651 0.22035238 0.7594493 -0.07766643
41536060.04292825 -13.370009 -2.2797637 -9.659713 0.60751945 0.21536624 0.76040024 -0.0795555
41565576.04292825 -13.2525015 -2.2649815 -9.612582 0.6064879 0.2092948 0.76254773 -0.08300088
41595183.04292825 -13.108015 -2.2453768 -9.556571 0.6060918 0.20342992 0.7641451 -0.08574033
41624890.04292825 -12.962416 -2.2228503 -9.502269 0.6051128 0.19735765 0.76614445 -0.08894534
41654704.79292825 -12.827034 -2.2229552 -9.460791 0.60167587 0.19320698 0.76944256 -0.092819296
41684637.04292825 -12.679291 -2.2149205 -9.423265 0.5968326 0.18764511 0.77419186 -0.09595426
41714695.04292825 -12.517099 -2.197661 -9.379887 0.59133106 0.1826594 0.7793095 -0.09818294
41744885.04292825 -12.364565 -2.1780894 -9.318241 0.586055 0.17525 0.78455377 -0.10150096
41775214.04292825 -12.187036 -2.1621737 -9.26643 0.5794081 0.1676545 0.7906311 -0.105264194
41805610.04292825 -12.025848 -2.1524217 -9.229646 0.5717928 0.1599852 0.7972674 -0.108731866
41836136.04292825 -11.840075 -2.1276731 -9.175643 0.5648573 0.15043682 0.8036342 -0.11170134
41866857.79292825 -11.682014 -2.1175406 -9.127789 0.5570619 0.14168607 0.81013644 -0.115265705
41897705.79292825 -11.496835 -2.0901706 -9.07614 0.54975545 0.13284391 0.81607187 -0.118946396
41928667.04292825 -11.329268 -2.080661 -9.032987 0.54215795 0.1263491 0.8217326 -0.12188657
41959731.79292825 -11.148922 -2.0654247 -8.98314 0.53434926 0.1212234 0.8272558 -0.12419189
41990894.79292825 -10.978869 -2.0563061 -8.936045 0.5268286 0.11776832 0.8323365 -0.12569156
42022149.04292825 -10.792436 -2.0454311 -8.884724 0.5199515 0.113387756 0.83708405 -0.1268228
42053484.04292825 -10.614091 -2.026378 -8.829167 0.5132443 0.10780323 0.84166974 -0.1286499
42084891.04292825 -10.4126625 -2.0193858 -8.790268 0.5056558 0.102951385 0.8468062 -0.12896688
42116362.04292825 -10.216355 -2.000887 -8.729912 0.49956477 0.09606714 0.8512705 -0.12862639
42147885.79292825 -10.021182 -1.9973652 -8.666931 0.493078 0.08952592 0.85577184 -0.12850566
42179451.04292825 -9.825347 -1.9900367 -8.618004 0.48554364 0.08345239 0.86071956 -0.12823799
42211043.04292825 -9.630765 -1.9865608 -8.5662 0.47826222 0.0787391 0.8651609 -0.12869401
42242647.04292825 -9.432828 -1.964194 -8.501556 0.47118342 0.0733836 0.86943996 -0.12913235
42274249.04292825 -9.260474 -1.9816226 -8.456551 0.46345812 0.07001242 0.87341917 -0.13207556
42305838.04292825 -9.070725 -1.988945 -8.396191 0.4558896 0.06778808 0.87732583 -0.13367431
42337408.79292825 -8.858445 -1.9672154 -8.320041 0.4485295 0.062920846 0.88144827 -0.13383292
42368958.04292825 -8.660303 -1.983402 -8.252573 0.44009882 0.0572199 0.8858252 -0.13547204
42400489.04292825 -8.440176 -1.9792984 -8.186629 0.430538 0.0510683 0.89103276 -0.13449836
42432001.04292825 -8.227158 -1.9685199 -8.115116 0.42019248 0.044363044 0.8963187 -0.13447364
42463487.04292825 -8.035768 -1.9719734 -8.036087 0.40971798 0.03693849 0.9015482 -0.13408096
42494933.04292825 -7.848307 -1.9913201 -7.9693203 0.39849615 0.030092353 0.9068902 -0.13358673
42526330.04292825 -7.6396666 -1.9834162 -7.897283 0.3872169 0.021644507 0.9120843 -0.13302991
42557665.04292825 -7.450723 -2.009875 -7.8403106 0.37463826 0.014317313 0.9174119 -0.13340414
42588921.04292825 -7.2516003 -1.9961735 -7.744888 0.36428198 0.0051051937 0.9216318 -0.13366911
42620083.04292825 -7.0458364 -1.9833925 -7.657979 0.35265344 -0.0039011012 0.92613906 -0.13374163
42651138.04292825 -6.847471 -1.9795856 -7.5767097 0.34115735 -0.0131858215 0.9303721 -0.13358699
42682079.79292825 -6.6445103 -1.9688847 -7.493401 0.32931912 -0.023891956 0.9344868 -0.13308826
42712900.04292825 -6.4751563 -1.9827067 -7.4107265 0.31805632 -0.033912607 0.9380838 -0.13299957
42743591.04292825 -6.2657747 -1.9800062 -7.3207426 0.30635083 -0.044994988 0.9415949 -0.1323773
42774150.04292825 -6.0802264 -1.9752572 -7.235092 0.29487595 -0.056383654 0.9447983 -0.13124509
42804571.04292825 -5.899365 -1.9796345 -7.1452665 0.2836675 -0.06859792 0.9474123 -0.13129029
42834845.79292825 -5.7162614 -1.9819051 -7.058179 0.27316174 -0.07998541 0.949672 -0.1307984
42864977.04292825 -5.517748 -1.9681361 -6.963599 0.26200038 -0.092632115 0.9517252 -0.13036244
42894966.04292825 -5.3399334 -1.9726702 -6.8671517 0.2514908 -0.104232565 0.9534957 -0.12935984
42924822.04292825 -5.185505 -1.9707038 -6.7523375 0.24221998 -0.11597157 0.9546493 -0.12854867
42954553.04292825 -5.019848 -1.9601728 -6.653832 0.23115923 -0.12784968 0.9560701 -0.12708205
42984168.79292825 -4.8523664 -1.9508642 -6.544392 0.2204855 -0.13979812 0.9570909 -0.12577617
43013682.04292825 -4.692875 -1.9530354 -6.4501066 0.2102311 -0.15153287 0.9577415 -0.12478798
43043106.04292825 -4.5284185 -1.9492512 -6.3422446 0.19920541 -0.16261205 0.95838577 -0.12398063
43072452.79292825 -4.375507 -1.9535085 -6.2317533 0.1884795 -0.17442858 0.95856667 -0.123289235
43101736.04292825 -4.2270494 -1.925437 -6.132747 0.1779448 -0.18522674 0.9587594 -0.12168437
43130972.04292825 -4.0753784 -1.9284269 -6.0296564 0.16721623 -0.19232708 0.9592675 -0.121880665
43160170.79292825 -3.937533 -1.8955066 -5.9182196 0.1567494 -0.1943143 0.9607025 -0.12133587
43189345.04292825 -3.814244 -1.8726935 -5.7834096 0.1481822 -0.19314115 0.96192616 -0.124244034
43218504.04292825 -3.6710196 -1.8902028 -5.6845765 0.13770281 -0.18920155 0.9639695 -0.12650523
43247651.79292825 -3.5354187 -1.8553499 -5.552383 0.1274633 -0.18528804 0.966228 -0.12579738
43276793.04292825 -3.433148 -1.8168303 -5.4225993 0.118444465 -0.1827023 0.9679929 -0.12482229
43305931.79292825 -3.298986 -1.8271701 -5.309655 0.106266804 -0.17615405 0.97064376 -0.124610886
43335071.79292825 -3.1903253 -1.8165851 -5.177566 0.09533565 -0.16703789 0.97358036 -0.12308852
43364218.04292825 -3.083897 -1.790678 -5.0689044 0.08434072 -0.16046454 0.9759145 -0.12136222
43393372.04292825 -2.9717574 -1.7647513 -4.935363 0.07275168 -0.15354902 0.9781049 -0.12016976
43422534.04292825 -2.863979 -1.7678491 -4.8010826 0.059669346 -0.14818929 0.9798218 -0.12011981
43451703.79292825 -2.7659228 -1.734571 -4.6541586 0.04732059 -0.14463682 0.98124355 -0.11833106
43480879.79292825 -2.6643727 -1.7291838 -4.529986 0.033473663 -0.14261222 0.9822048 -0.11753758
43510065.04292825 -2.5584774 -1.7177972 -4.387931 0.019501328 -0.14215451 0.98279226 -0.11632385
43539261.04292825 -2.4479854 -1.6916546 -4.236304 0.0065024765 -0.14356154 0.98299176 -0.114346616
43568472.04292825 -2.3624606 -1.6818048 -4.098651 -0.0067570745 -0.14342009 0.98307544 -0.11378823
43597704.04292825 -2.2656498 -1.6682324 -3.959133 -0.020636868 -0.14454943 0.98285544 -0.11258268
43626964.04292825 -2.1865213 -1.6418428 -3.8174748 -0.033365116 -0.14720245 0.982344 -0.11053772
43656261.04292825 -2.1009524 -1.6319276 -3.6717107 -0.046809047 -0.15032646 0.98162764 -0.10778777
43685599.79292825 -2.0377033 -1.6046336 -3.5222187 -0.059273697 -0.1559493 0.98042744 -0.10453936
43714983.04292825 -1.9569073 -1.617108 -3.3868005 -0.073121086 -0.16150522 0.97881997 -0.10237593
43744409.79292825 -1.8867755 -1.5989484 -3.2378395 -0.085683785 -0.16799328 0.97708493 -0.098699525
43773878.79292825 -1.819683 -1.5909128 -3.0948737 -0.09914378 -0.17261778 0.9752484 -0.09625116
43803389.04292825 -1.764372 -1.5707066 -2.9408255 -0.1112627 -0.17482 0.9737578 -0.094097875
43832935.04292825 -1.7129371 -1.5503532 -2.7894495 -0.123553745 -0.17568745 0.97214246 -0.0938477
43862512.04292825 -1.6515565 -1.5543398 -2.6515858 -0.13686764 -0.1732912 0.9706752 -0.09501133
43892115.04292825 -1.609206 -1.5455933 -2.5086424 -0.14932163 -0.17052892 0.9691901 -0.09640299
43921739.04292825 -1.5603344 -1.5340598 -2.3594623 -0.16247414 -0.16813155 0.96745926 -0.09672939
43951377.04292825 -1.5187862 -1.5280341 -2.2101 -0.17597067 -0.16685572 0.96545345 -0.09535785
43981023.79292825 -1.4781657 -1.5072074 -2.0379605 -0.18900332 -0.16492261 0.96369004 -0.09154187
44010667.04292825 -1.4397794 -1.4947101 -1.8777004 -0.20276755 -0.16383132 0.96137655 -0.08831635
44040303.04292825 -1.4095246 -1.4872752 -1.720074 -0.21567637 -0.16189256 0.9591513 -0.08545989
44069919.04292825 -1.3866915 -1.486832 -1.5876739 -0.22858627 -0.16166492 0.9562867 -0.084430285
44099509.04292825 -1.3652135 -1.4735744 -1.4451615 -0.24187613 -0.16142365 0.953153 -0.08329353
44129068.04292825 -1.3407149 -1.4716082 -1.2915326 -0.25627908 -0.16385382 0.94915456 -0.08110875
44158589.04292825 -1.3232399 -1.464308 -1.1418468 -0.2704315 -0.16917494 0.9445059 -0.07845626
44188067.04292825 -1.3123945 -1.4629334 -0.9968198 -0.28528044 -0.17457715 0.9393365 -0.07605844
44217498.04292825 -1.2950059 -1.4502676 -0.83937323 -0.3002333 -0.18071043 0.93377644 -0.07256237
44246878.04292825 -1.2974801 -1.438169 -0.7086966 -0.31334528 -0.18779153 0.9282698 -0.069744445
44276207.04292825 -1.2874918 -1.4269334 -0.5513923 -0.32831496 -0.19283155 0.92226446 -0.066735305
44305477.04292825 -1.2935687 -1.4244967 -0.41350585 -0.34216627 -0.1980376 0.91620815 -0.06531481
44334687.04292825 -1.2973397 -1.4183744 -0.2765604 -0.35630834 -0.20248841 0.9099859 -0.06299622
44363835.04292825 -1.3081598 -1.4133642 -0.1355255 -0.3703136 -0.20646419 0.90362054 -0.060913093
44392926.04292825 -1.3219604 -1.407203 0.004120648 -0.38448998 -0.2087661 0.89728725 -0.05882056
44421964.04292825 -1.3330168 -1.401829 0.14729029 -0.39901346 -0.21047875 0.8906733 -0.05646392
44450954.04292825 -1.3580476 -1.3973463 0.27047676 -0.41188312 -0.21339451 0.8843341 -0.052614298
44479900.04292825 -1.3795851 -1.392129 0.40390688 -0.42595458 -0.21530037 0.877469 -0.047504622
44508804.79292825 -1.4255118 -1.3584443 0.5447265 -0.43929735 -0.21712478 0.87074393 -0.040983927
44537669.04292825 -1.4487472 -1.3698329 0.6582016 -0.4533942 -0.21767062 0.8635218 -0.03719212
44566487.79292825 -1.488797 -1.3744195 0.78355676 -0.46706852 -0.2187063 0.85608745 -0.033598963
44595256.79292825 -1.5167584 -1.3757657 0.913546 -0.48120376 -0.21862997 0.8483426 -0.030963285
44623972.04292825 -1.5543412 -1.3596566 1.0433202 -0.49377972 -0.2187544 0.8411734 -0.027484993
44652629.04292825 -1.6080534 -1.3630328 1.15803 -0.5067395 -0.21776183 0.8337451 -0.025769051
44681227.04292825 -1.653878 -1.3640475 1.2659137 -0.5200301 -0.21613398 0.82600236 -0.023980776
44709766.04292825 -1.6970029 -1.3693854 1.381354 -0.53318083 -0.21566932 0.81774116 -0.022459863
44738249.04292825 -1.7569926 -1.378674 1.4910575 -0.5453347 -0.21676058 0.80944026 -0.020772697
44766680.04292825 -1.8279884 -1.3727883 1.595376 -0.55803037 -0.21727453 0.80066335 -0.018225713
44795059.04292825 -1.8756678 -1.3859832 1.707994 -0.5704953 -0.2206084 0.7909771 -0.014910129
44823387.04292825 -1.936768 -1.3750088 1.8008629 -0.5820699 -0.22467688 0.78142357 -0.009606167
44851667.04292825 -2.0071368 -1.3783176 1.899289 -0.59402347 -0.22796841 0.7714555 -0.0047961436
44879905.04292825 -2.0735781 -1.3583345 1.9920789 -0.60574484 -0.23055372 0.761523 0.00095088244
44908106.79292825 -2.1400845 -1.3668671 2.0856047 -0.6184055 -0.23388502 0.7502292 0.005342271
44936278.04292825 -2.2144384 -1.3582265 2.174216 -0.6308382 -0.23685496 0.7388204 0.009344781
44964419.04292825 -2.2854445 -1.3597789 2.2585185 -0.6433376 -0.24012554 0.72682875 0.013288605
44992536.79292825 -2.367319 -1.3584027 2.3464189 -0.65562904 -0.24286994 0.7147473 0.017353632
45020640.04292825 -2.4421527 -1.3576381 2.4227376 -0.6677888 -0.24637048 0.70206594 0.02152197
45048736.04292825 -2.5155494 -1.3585145 2.4918056 -0.6797807 -0.2488857 0.6894115 0.025803762
45076829.04292825 -2.5974438 -1.3578215 2.570225 -0.6916151 -0.25093353 0.6766331 0.029470935
45104924.04292825 -2.6797087 -1.3542371 2.6331887 -0.70283186 -0.25247145 0.66426915 0.03212643
45133025.04292825 -2.763762 -1.351383 2.697974 -0.7141262 -0.25240543 0.65206313 0.03359897
45161134.04292825 -2.8508875 -1.3558912 2.7699592 -0.7253348 -0.25276786 0.63939464 0.034240637
45189256.04292825 -2.929925 -1.3587127 2.8275943 -0.73656654 -0.250875 0.6272598 0.032811835
45217390.04292825 -3.0305743 -1.3511782 2.8891177 -0.7473024 -0.24823168 0.61559165 0.031098984
45245538.04292825 -3.114089 -1.3481908 2.9329786 -0.7572411 -0.24577859 0.6044354 0.028927665
45273698.79292825 -3.2008266 -1.3501335 2.9829543 -0.7674148 -0.2432452 0.5926094 0.026841614
45301868.04292825 -3.3033068 -1.3456836 3.0335443 -0.77665854 -0.24138716 0.581244 0.026252849
45330047.04292825 -3.3916502 -1.3476517 3.0754797 -0.78601885 -0.23990893 0.56916696 0.025827788
45358239.04292825 -3.4971325 -1.3352644 3.114049 -0.7951079 -0.23762028 0.5573533 0.026404174
45386444.04292825 -3.5877256 -1.340441 3.15003 -0.8038454 -0.23723245 0.5448092 0.02713414
45414657.04292825 -3.6869264 -1.3372779 3.181476 -0.8120618 -0.23637447 0.53279334 0.028532913
45442874.04292825 -3.7874265 -1.3390379 3.2130044 -0.8203924 -0.23548043 0.52020806 0.029816395
45471095.04292825 -3.8887382 -1.3323652 3.2389414 -0.8278738 -0.23496035 0.5083442 0.031699333
45499322.04292825 -3.9858565 -1.3319676 3.2587318 -0.8359845 -0.23352334 0.4955531 0.0319974
45527555.04292825 -4.088369 -1.3277298 3.2793365 -0.8436257 -0.23312983 0.48251188 0.03359109
45555792.79292825 -4.190349 -1.3299658 3.2954388 -0.85195404 -0.23098819 0.46870345 0.033702698
45584035.04292825 -4.297627 -1.3190547 3.3058717 -0.85927105 -0.22974655 0.45554757 0.036690958
45612281.79292825 -4.398496 -1.3190893 3.3149118 -0.86709553 -0.22831963 0.4409447 0.039791234
45640540.04292825 -4.502466 -1.3163346 3.319938 -0.8741733 -0.22753508 0.4267568 0.043903153
45668806.79292825 -4.6063643 -1.3119695 3.3190546 -0.8813329 -0.22610456 0.4121187 0.04782645
45697086.04292825 -4.7024164 -1.3181635 3.3183627 -0.88831514 -0.22445586 0.39731586 0.05153545
45725380.04292825 -4.80553 -1.3152683 3.311604 -0.89514357 -0.22245651 0.38236615 0.05502103
45753688.79292825 -4.9089136 -1.3133202 3.2986908 -0.9016349 -0.21948683 0.36811894 0.058040246
45782017.04292825 -5.015381 -1.3052663 3.2829533 -0.90813977 -0.21569782 0.3534828 0.061698284
45810359.04292825 -5.11647 -1.311996 3.2756958 -0.9146394 -0.21148776 0.33868504 0.06324697
45838715.04292825 -5.2144494 -1.3093762 3.253619 -0.9208578 -0.20726621 0.32356143 0.0661045
45867086.04292825 -5.3223543 -1.3064201 3.2337518 -0.9264987 -0.20376426 0.30865663 0.06936483
45895469.04292825 -5.421202 -1.3009307 3.203046 -0.9316181 -0.20091492 0.29383203 0.07337362
45923864.04292825 -5.5182304 -1.3070841 3.1798224 -0.93633974 -0.19916435 0.27870482 0.07697511
45952269.04292825 -5.61212 -1.3048191 3.1495116 -0.94061375 -0.19773331 0.26338276 0.08232251
45980681.04292825 -5.7183423 -1.2980964 3.1151373 -0.9447314 -0.19587256 0.24822184 0.086617246
46009097.04292825 -5.811301 -1.3007134 3.08261 -0.94801617 -0.1956041 0.2334194 0.09230356
46037514.04292825 -5.9084115 -1.2954998 3.0436347 -0.9510676 -0.1953933 0.21829209 0.0981857
46065930.04292825 -6.003799 -1.295445 3.002694 -0.9538723 -0.19521938 0.20345128 0.10307576
46094344.04292825 -6.097024 -1.2931588 2.9530578 -0.9562708 -0.1950735 0.18908374 0.108350664
46122759.79292825 -6.1876907 -1.2879922 2.9108367 -0.95845217 -0.19499232 0.17465645 0.11332506
46151174.79292825 -6.2781806 -1.2852038 2.8615558 -0.96045446 -0.19466685 0.15984304 0.118668854
46179591.04292825 -6.36151 -1.285891 2.810653 -0.9617429 -0.19520311 0.146265 0.12471137
46208007.79292825 -6.444179 -1.2805824 2.7601187 -0.96322274 -0.1949649 0.13172571 0.12976523
46236427.79292825 -6.526997 -1.2800236 2.7028573 -0.9644178 -0.194814 0.11780747 0.13441445
46264853.04292825 -6.6061234 -1.2762727 2.6435118 -0.96527195 -0.19424969 0.10342789 0.14078312
46293285.04292825 -6.687001 -1.2739395 2.5789206 -0.96591634 -0.19435716 0.08920078 0.145857
46321725.04292825 -6.761757 -1.2659949 2.5100124 -0.9664583 -0.19382209 0.07535667 0.15070774
46350178.04292825 -6.8335166 -1.2633457 2.4465373 -0.966899 -0.1936909 0.06141715 0.15433183
46378646.04292825 -6.906228 -1.259855 2.3741467 -0.9671637 -0.19330971 0.047134917 0.15812688
46407132.04292825 -6.9728065 -1.2559781 2.3060918 -0.9671124 -0.19316238 0.033924963 0.1619598
46435639.04292825 -7.0361447 -1.2495656 2.2283258 -0.96713847 -0.19255762 0.02028247 0.16478306
46464175.04292825 -7.0969596 -1.2439088 2.1526234 -0.9668079 -0.19270891 0.007844417 0.16758366
46492745.04292825 -7.156241 -1.2393248 2.0749967 -0.9664502 -0.19217308 -0.0046123434 0.17035954
46521355.04292825 -7.209875 -1.2300985 1.993315 -0.9657658 -0.19293553 -0.015749833 0.17269723
46550007.79292825 -7.261292 -1.2235012 1.9089916 -0.9648924 -0.19428857 -0.02611467 0.17479333
46578705.04292825 -7.311372 -1.2122865 1.8258848 -0.96420026 -0.19537176 -0.035948057 0.17565766
46607449.79292825 -7.358485 -1.2103395 1.7401774 -0.9632459 -0.19670556 -0.044934534 0.17732766
46636247.04292825 -7.3979564 -1.2058094 1.65329 -0.9626603 -0.19698693 -0.052539468 0.17810374
46665094.04292825 -7.436787 -1.2018721 1.56495 -0.96211946 -0.19778188 -0.05967922 0.17789553
46693988.79292825 -7.4775257 -1.1878371 1.4645901 -0.9623516 -0.19719522 -0.06530123 0.17529751
46722930.04292825 -7.5060015 -1.1846652 1.3720169 -0.9619985 -0.19823298 -0.068603985 0.17480287
46751907.04292825 -7.5334845 -1.1772254 1.2750235 -0.96284646 -0.19777612 -0.07088291 0.16966729
46780906.04292825 -7.5647573 -1.1671205 1.1744108 -0.9638529 -0.19746347 -0.07141186 0.16400072
46809915.04292825 -7.587512 -1.1609602 1.0784523 -0.9651617 -0.1967165 -0.07094165 0.15726686
46838921.04292825 -7.608744 -1.1581707 0.98079205 -0.9666285 -0.19611013 -0.07008103 0.14919396
46867914.04292825 -7.6363454 -1.1587018 0.8803716 -0.9681504 -0.1948838 -0.06933664 0.14105882
46896881.79292825 -7.6558123 -1.1524882 0.76753426 -0.96971947 -0.19324218 -0.068715446 0.13258901
46925823.04292825 -7.671122 -1.1508082 0.6612396 -0.9712807 -0.19186842 -0.06671318 0.12389413
46954739.04292825 -7.685645 -1.1499022 0.54598117 -0.9728986 -0.19018793 -0.06539356 0.11410826
46983636.04292825 -7.6944127 -1.1363245 0.42856336 -0.97468275 -0.18729529 -0.06319802 0.10449906
47012514.04292825 -7.7038817 -1.1292245 0.31533504 -0.9761032 -0.18498951 -0.06160956 0.095946446
47041372.79292825 -7.7116942 -1.1217539 0.19435596 -0.97743833 -0.18297632 -0.059409045 0.08720449
47070221.04292825 -7.7177615 -1.1180074 0.08159673 -0.978593 -0.18118043 -0.057096243 0.0791804
47099064.04292825 -7.71472 -1.1024712 -0.053044915 -0.9797222 -0.17915991 -0.05445751 0.07127803
47127906.79292825 -7.716468 -1.1026863 -0.17967963 -0.98069996 -0.177524 -0.051058263 0.064077884
47156760.04292825 -7.7183514 -1.0944476 -0.3058312 -0.9816387 -0.17613825 -0.04796544 0.055318426
47185625.79292825 -7.7208567 -1.0927161 -0.4279716 -0.98247063 -0.17464231 -0.044905156 0.04727816
47214508.79292825 -7.7215757 -1.0795736 -0.5629394 -0.9833916 -0.17244561 -0.04132511 0.038675368
47243418.04292825 -7.7217507 -1.0687975 -0.69597286 -0.9841962 -0.17031093 -0.03817965 0.02990931
47272357.04292825 -7.7243347 -1.0737932 -0.82743645 -0.9847029 -0.16941379 -0.034969766 0.020890402
47301333.04292825 -7.71966 -1.074413 -0.95308983 -0.9851553 -0.16837144 -0.031201415 0.012109335
47330347.79292825 -7.7176538 -1.072222 -1.0851076 -0.9856334 -0.16652453 -0.028014686 0.003414152
47359399.04292825 -7.716017 -1.0600561 -1.229842 -0.986154 -0.16386783 -0.025124174 -0.0040461477
47388490.04292825 -7.717458 -1.0655934 -1.3563526 -0.9864695 -0.16191891 -0.02274236 -0.011963745
47417621.04292825 -7.710424 -1.0686121 -1.4977854 -0.9866864 -0.16018757 -0.0209042 -0.018784534
47446795.04292825 -7.7145247 -1.0729591 -1.6260688 -0.9867984 -0.15888578 -0.01977631 -0.024354931
47476014.04292825 -7.6920385 -1.0768616 -1.7728007 -0.98691005 -0.15772535 -0.017626256 -0.02864708
47505284.04292825 -7.704461 -1.0745556 -1.9083761 -0.98689514 -0.15694436 -0.017137298 -0.03335929
47534613.04292825 -7.7181616 -1.0708023 -2.0743604 -0.9868986 -0.15609659 -0.017725242 -0.03675428
47564010.04292825 -7.722465 -1.0721931 -2.2135906 -0.9867855 -0.15594603 -0.016868504 -0.04062835
47593479.04292825 -7.728022 -1.0817305 -2.3563457 -0.98666626 -0.15600003 -0.01674067 -0.043283634
47623017.04292825 -7.725798 -1.0861444 -2.5179424 -0.98664916 -0.15577613 -0.01647594 -0.044564024
47652630.79292825 -7.7222543 -1.0938455 -2.6734624 -0.9868031 -0.15483107 -0.016122209 -0.044577338
47682323.04292825 -7.7274504 -1.0931033 -2.8229516 -0.9871425 -0.15342681 -0.015670268 -0.042004593
47712099.04292825 -7.7341948 -1.1080412 -2.9674711 -0.98715067 -0.15336421 -0.015421257 -0.042133976
47741962.04292825 -7.7388544 -1.1197594 -3.1195576 -0.98732996 -0.15268794 -0.014376156 -0.04073484
47771916.04292825 -7.7499404 -1.1255897 -3.2798932 -0.98739254 -0.15267251 -0.014472797 -0.03921317
47801963.79292825 -7.7544136 -1.1393807 -3.4388666 -0.9873665 -0.15329716 -0.013862005 -0.037619665
47832111.04292825 -7.76351 -1.1497455 -3.5998733 -0.98737955 -0.15376285 -0.013064811 -0.035609007
47862355.04292825 -7.7844186 -1.1515143 -3.7594554 -0.9874771 -0.15358166 -0.012826262 -0.033721186
47892702.04292825 -7.790304 -1.1699885 -3.9252298 -0.9875371 -0.15391272 -0.010400508 -0.031196963
47923159.04292825 -7.807023 -1.171976 -4.0815344 -0.9876617 -0.15364297 -0.008823796 -0.028991405
47953736.79292825 -7.821991 -1.1734563 -4.251322 -0.98796046 -0.15251397 -0.005853578 -0.025287712
47984444.04292825 -7.8345733 -1.1760553 -4.4243765 -0.9882427 -0.15129346 -0.0026188907 -0.021908462
48015291.04292825 -7.851952 -1.1834445 -4.5899706 -0.9884552 -0.15051425 0.00034662377 -0.017372001
48046282.79292825 -7.8812027 -1.1871957 -4.7623487 -0.9885493 -0.15028818 0.0032352863 -0.01316391
48077426.04292825 -7.901523 -1.2009224 -4.9395714 -0.98853165 -0.15067199 0.0062933736 -0.007967012
48108727.04292825 -7.9209433 -1.2113789 -5.1207657 -0.9885287 -0.1507133 0.009625241 -0.0019486734
48140185.04292825 -7.9381943 -1.2088022 -5.296787 -0.9885828 -0.15003958 0.013209046 0.0042158193
48171794.04292825 -7.9570923 -1.2163713 -5.4927855 -0.98856884 -0.1494163 0.017536882 0.009954136
48203553.04292825 -7.977382 -1.2205395 -5.6782417 -0.98847634 -0.14899608 0.022055661 0.015113622
48235458.04292825 -7.992499 -1.2136954 -5.8711715 -0.9883844 -0.14828086 0.027027752 0.019455977
48267505.04292825 -8.020689 -1.2162342 -6.061781 -0.98805195 -0.14886011 0.03233184 0.023423754
48299680.04292825 -8.038931 -1.2065194 -6.2633514 -0.9877629 -0.14948274 0.03806647 0.023027299
48331972.04292825 -8.058356 -1.206939 -6.455904 -0.9871801 -0.1513287 0.045389216 0.022690218
48364374.04292825 -8.085999 -1.199293 -6.65971 -0.98671514 -0.15241829 0.052383613 0.020442434
48396887.04292825 -8.107391 -1.1946354 -6.8518105 -0.9861816 -0.15268926 0.0609958 0.020279337
48429508.04292825 -8.133394 -1.1757796 -7.0523787 -0.9857344 -0.15172252 0.07057287 0.018097278
48462240.04292825 -8.152983 -1.1449239 -7.2570276 -0.9852502 -0.14990398 0.08104775 0.015564711
48495083.79292825 -8.183405 -1.1393311 -7.4557295 -0.9844326 -0.14938429 0.09191038 0.011378395
48528035.04292825 -8.201799 -1.1173761 -7.66096 -0.9834341 -0.14759655 0.105104946 0.0050623803
48561088.79292825 -8.229193 -1.1014564 -7.867817 -0.9820724 -0.14657438 0.118516095 -0.0019366707
48594240.04292825 -8.256403 -1.0877669 -8.072569 -0.9802065 -0.14615221 0.13330162 -0.008092767
48627478.04292825 -8.287722 -1.0727823 -8.271641 -0.97820115 -0.14498106 0.1478133 -0.015949607
48660796.04292825 -8.310856 -1.0490451 -8.482655 -0.97580266 -0.14354236 0.16317268 -0.024072036
48694183.04292825 -8.3398 -1.0227857 -8.693945 -0.97308415 -0.14216202 0.1784502 -0.032448463
48727634.04292825 -8.369797 -1.0051839 -8.900914 -0.969938 -0.14033285 0.19438653 -0.04172572
48761138.04292825 -8.408949 -0.9750142 -9.110687 -0.96685857 -0.13599722 0.20995675 -0.051064674
48794691.04292825 -8.442577 -0.9405308 -9.317734 -0.9633046 -0.13155435 0.22615972 -0.0599142
48828288.79292825 -8.483879 -0.91455865 -9.520108 -0.9592613 -0.12782659 0.24242881 -0.068604015
48861940.04292825 -8.528839 -0.8968675 -9.721606 -0.9546421 -0.12450824 0.25913954 -0.07747813
48895648.04292825 -8.570172 -0.86474323 -9.932214 -0.949479 -0.120435014 0.2763838 -0.087161206
48929420.04292825 -8.605544 -0.850826 -10.144076 -0.94376075 -0.116131134 0.29394177 -0.09709533
48963254.04292825 -8.651447 -0.82778025 -10.354833 -0.937862 -0.11090017 0.31144002 -0.10545784
48997146.04292825 -8.702414 -0.8137145 -10.551595 -0.9316719 -0.10612957 0.32863402 -0.1127996
49031094.79292825 -8.751027 -0.7979882 -10.760202 -0.9248614 -0.101053305 0.3467467 -0.11910668
49065096.04292825 -8.803114 -0.78290725 -10.964459 -0.9178915 -0.09464072 0.36450118 -0.1251291
49099151.04292825 -8.871082 -0.7746117 -11.157614 -0.9107036 -0.08877386 0.38173833 -0.13043778
49133253.79292825 -8.938708 -0.7641108 -11.350226 -0.9027103 -0.08266454 0.399516 -0.13662954
49167405.04292825 -9.010742 -0.7487736 -11.54042 -0.89407724 -0.07650379 0.41755003 -0.14291678
49201595.04292825 -9.087175 -0.74235535 -11.711313 -0.88507247 -0.07016381 0.4352327 -0.1493195
49235811.04292825 -9.164738 -0.7343635 -11.899621 -0.8753164 -0.06252999 0.45357347 -0.15550685
49270038.04292825 -9.237126 -0.73061717 -12.081522 -0.86526847 -0.055134147 0.4718677 -0.16003624
49304253.79292825 -9.324154 -0.72933674 -12.257316 -0.8551126 -0.047048293 0.48940542 -0.16447286
49338441.04292825 -9.406192 -0.7326294 -12.418275 -0.8438043 -0.040291905 0.507752 -0.16899341
49372577.04292825 -9.49476 -0.7281649 -12.586309 -0.8318382 -0.03339919 0.52633053 -0.17293316
49406639.04292825 -9.589616 -0.7325966 -12.745409 -0.81979287 -0.026401425 0.5440052 -0.17692043
49440602.79292825 -9.690962 -0.7279506 -12.903456 -0.8072694 -0.01812501 0.561536 -0.18073435
49474450.04292825 -9.782236 -0.73689234 -13.051331 -0.7940625 -0.010545727 0.5790511 -0.18453558
49508166.04292825 -9.888094 -0.7481172 -13.204542 -0.7806093 -0.0042862566 0.5962831 -0.18728927
49541732.04292825 -9.988102 -0.77627325 -13.359707 -0.7661186 0.0016942058 0.61365885 -0.19100344
49575130.04292825 -10.101995 -0.7763293 -13.50464 -0.75135165 0.00916823 0.6305324 -0.19446227
49608346.04292825 -10.210513 -0.7792549 -13.63715 -0.73646706 0.015763046 0.6468283 -0.19743621
49641369.04292825 -10.324858 -0.79491305 -13.775415 -0.7202934 0.021717215 0.66329116 -0.20186767
49674189.79292825 -10.4321 -0.8243129 -13.88154 -0.7051001 0.026638275 0.67754674 -0.20749603
49706803.79292825 -10.53992 -0.830853 -14.006449 -0.6877537 0.031772327 0.692815 -0.21445951
49739211.04292825 -10.660729 -0.8406272 -14.10975 -0.6706229 0.037483715 0.7067235 -0.22226526
49771416.04292825 -10.778433 -0.85903263 -14.222103 -0.65302163 0.041603494 0.7208721 -0.22841944
49803434.04292825 -10.905346 -0.87101364 -14.307836 -0.63580406 0.046807162 0.7343513 -0.2330035
49835281.04292825 -11.01713 -0.88226366 -14.389175 -0.61794096 0.052305993 0.7476869 -0.23743914
49866968.04292825 -11.10742 -0.9081168 -14.429903 -0.60069364 0.05542268 0.76009685 -0.24155396
49898501.04292825 -11.218476 -0.93023014 -14.489096 -0.58289915 0.059409108 0.7725066 -0.2448118
49929884.04292825 -11.3426895 -0.94425106 -14.548444 -0.56432855 0.063435555 0.78524804 -0.2467685
49961121.79292825 -11.456824 -0.9485545 -14.606555 -0.5447391 0.06715824 0.79853356 -0.2471707
49992220.04292825 -11.582836 -0.9644151 -14.659187 -0.52556646 0.06922631 0.8111362 -0.24707448
50023178.79292825 -11.699909 -0.9838419 -14.692505 -0.506689 0.070134126 0.82314736 -0.24652782
50054001.04292825 -11.811004 -1.0060849 -14.727807 -0.4875551 0.070364915 0.834899 -0.24552503
50084683.04292825 -11.926823 -1.0168476 -14.7675 -0.46785468 0.06980771 0.8465368 -0.24416046
50115223.04292825 -12.041673 -1.0373781 -14.78719 -0.44949615 0.06886198 0.85649955 -0.24417162
50145619.04292825 -12.157398 -1.0555031 -14.780577 -0.4316365 0.066038065 0.8660137 -0.24361715
50175862.79292825 -12.267956 -1.0791054 -14.784346 -0.41444704 0.06288436 0.8743698 -0.24445201
50205954.04292825 -12.378117 -1.1000874 -14.788697 -0.39785287 0.058968462 0.8821185 -0.24515857
50235899.04292825 -12.489736 -1.1151371 -14.796725 -0.38092858 0.055242497 0.8896738 -0.24560577
50265706.04292825 -12.5961685 -1.1414971 -14.789355 -0.36573246 0.051805135 0.89590305 -0.24680735
50295388.04292825 -12.706956 -1.1607897 -14.77206 -0.3507152 0.04914967 0.9018582 -0.24745706
50324956.04292825 -12.8056135 -1.1781263 -14.760351 -0.33616742 0.04728585 0.9070617 -0.24898744
50354421.04292825 -12.914407 -1.1969037 -14.738123 -0.3224707 0.045667604 0.91180545 -0.2500762
50383789.79292825 -13.017168 -1.2210033 -14.701978 -0.3095312 0.045898188 0.9157363 -0.25201365
50413071.04292825 -13.119994 -1.2339935 -14.669188 -0.29581574 0.046300177 0.9197622 -0.25374582
50442276.04292825 -13.220205 -1.2641475 -14.631197 -0.2824186 0.04665934 0.9232512 -0.25626132
50471408.04292825 -13.328613 -1.2847829 -14.593515 -0.26835197 0.04756242 0.9268447 -0.25823244
50500472.79292825 -13.421139 -1.3069897 -14.547479 -0.25502852 0.049766824 0.929627 -0.2612993
50529477.04292825 -13.523681 -1.3242044 -14.497245 -0.24088085 0.05162212 0.93276626 -0.26317057
50558424.04292825 -13.625526 -1.3510555 -14.441882 -0.22651447 0.054242585 0.93537843 -0.26611325
50587317.04292825 -13.726423 -1.3766767 -14.384423 -0.21219525 0.056083612 0.9379708 -0.26840007
50616155.04292825 -13.820103 -1.4011885 -14.324884 -0.1982212 0.05692132 0.94031984 -0.27067888
50644938.04292825 -13.906215 -1.4283217 -14.255205 -0.18540066 0.058562297 0.9419487 -0.27373296
50673667.04292825 -14.000998 -1.4147242 -14.171493 -0.17295395 0.06100997 0.9440248 -0.27419323
50702345.04292825 -14.092254 -1.4485431 -14.095738 -0.15935217 0.06201245 0.94555664 -0.27691898
50730971.79292825 -14.185936 -1.462901 -14.014008 -0.14614289 0.06415359 0.9471956 -0.27811357
50759552.04292825 -14.258256 -1.4695961 -13.925794 -0.13426304 0.06779763 0.9482709 -0.27956966
50788082.04292825 -14.34495 -1.4948564 -13.838177 -0.1209152 0.071498774 0.949409 -0.2808737
50816559.79292825 -14.433066 -1.5134245 -13.736672 -0.10715585 0.07823775 0.95042497 -0.28122762
50844984.79292825 -14.509405 -1.52634 -13.636997 -0.092799574 0.08701949 0.9515152 -0.28006202
50873351.79292825 -14.584779 -1.5466442 -13.5392065 -0.0784251 0.09652266 0.9523834 -0.27838606
50901657.04292825 -14.656143 -1.5574934 -13.437787 -0.06450021 0.10783293 0.95302296 -0.27560684
50929896.04292825 -14.732923 -1.5672092 -13.327518 -0.049629796 0.11790806 0.95401984 -0.2710734
50958068.04292825 -14.807128 -1.5753496 -13.22389 -0.034318786 0.12833598 0.95518655 -0.26452005
50986167.04292825 -14.875275 -1.57758 -13.102877 -0.018613217 0.1395625 0.95598835 -0.2574141
51014195.04292825 -14.932062 -1.5858816 -12.989794 -0.002279931 0.15091866 0.95642096 -0.2499548
51042146.04292825 -15.003554 -1.5985844 -12.874517 0.015942693 0.16105366 0.95662117 -0.24224688
51070022.04292825 -15.057863 -1.5936233 -12.747084 0.03288769 0.17137285 0.95651543 -0.23372646
51097819.79292825 -15.125731 -1.604644 -12.625719 0.051933262 0.18168525 0.95561427 -0.22604164
51125538.04292825 -15.176984 -1.6036977 -12.497492 0.06932377 0.1926698 0.95423627 -0.21795824
51153176.79292825 -15.224198 -1.6013469 -12.370562 0.08712533 0.2033725 0.9524555 -0.20946907
51180748.04292825 -15.269013 -1.597756 -12.240346 0.10523434 0.21360847 0.9503204 -0.20047025
51208260.79292825 -15.311155 -1.5971785 -12.111422 0.12361056 0.22253846 0.9478188 -0.19192879
51235722.79292825 -15.345139 -1.5977979 -11.9768505 0.14226577 0.23232314 0.94461036 -0.18302393
51263137.79292825 -15.374326 -1.5775754 -11.837671 0.16045724 0.2438075 0.940578 -0.17356373
51290514.04292825 -15.409016 -1.5790088 -11.703318 0.17940784 0.252672 0.93642473 -0.16455534
51317859.04292825 -15.428324 -1.5603161 -11.561504 0.19718806 0.26161692 0.9319436 -0.15541753
51345176.04292825 -15.44438 -1.5580215 -11.429174 0.2154832 0.26998156 0.9267975 -0.14738858
51372468.04292825 -15.462455 -1.5486676 -11.296854 0.23387876 0.27907974 0.92096823 -0.13868256
51399746.04292825 -15.469983 -1.5401247 -11.158512 0.251538 0.2872647 0.914952 -0.13065463
51427019.04292825 -15.468993 -1.5382535 -11.032815 0.26903516 0.29478392 0.908622 -0.12299863
51454296.04292825 -15.464137 -1.5251293 -10.892421 0.28567377 0.30114633 0.9025048 -0.114832625
51481586.04292825 -15.459165 -1.5060005 -10.752053 0.3027079 0.3065947 0.8961682 -0.10606652
51508896.04292825 -15.44187 -1.4856791 -10.613461 0.31925347 0.31096604 0.88986015 -0.097602926
51536230.79292825 -15.428137 -1.4737546 -10.481382 0.33563912 0.3127756 0.8839706 -0.09007649
51563593.04292825 -15.396066 -1.4638903 -10.352398 0.3509323 0.31228185 0.8787402 -0.08451227
51590978.04292825 -15.373042 -1.4437797 -10.214367 0.3663815 0.31132278 0.87322366 -0.07951854
51618385.04292825 -15.3319435 -1.4318948 -10.089144 0.38143748 0.31085014 0.86729515 -0.075344995
51645815.04292825 -15.298692 -1.4103017 -9.963786 0.39584926 0.3116592 0.86090046 -0.07086945
51673268.04292825 -15.259456 -1.3892117 -9.836384 0.4104717 0.31237704 0.85411966 -0.06643239
51700746.04292825 -15.194397 -1.3656697 -9.718136 0.4237772 0.3133783 0.84758604 -0.061683692
51728253.04292825 -15.14854 -1.355207 -9.594966 0.43780476 0.31350777 0.8407033 -0.05707854
51755786.04292825 -15.0920725 -1.3352232 -9.474072 0.45156574 0.3137661 0.83363044 -0.051957414
51783345.04292825 -15.025383 -1.3145423 -9.358121 0.46498328 0.3134708 0.8266027 -0.04748311
51810934.04292825 -14.967177 -1.2991223 -9.239665 0.47790128 0.31376857 0.819349 -0.04274236
51838553.04292825 -14.886056 -1.288383 -9.137682 0.48931423 0.31405136 0.81264883 -0.039308984
51866198.04292825 -14.8182955 -1.2645211 -9.025385 0.50069493 0.31236282 0.8064437 -0.037185874
51893865.04292825 -14.738819 -1.2441831 -8.922989 0.5110704 0.3093537 0.80111 -0.036471047
51921552.04292825 -14.657097 -1.2287722 -8.817671 0.52022696 0.3063022 0.79634255 -0.037167255
51949253.79292825 -14.568953 -1.2060618 -8.712163 0.5280788 0.30374426 0.7921364 -0.03731238
51976969.04292825 -14.47201 -1.191308 -8.617195 0.53299785 0.30131575 0.7897074 -0.0385271
52004695.04292825 -14.371742 -1.1724219 -8.530536 0.5357383 0.30077752 0.78802407 -0.039186284
52032432.04292825 -14.263948 -1.1471925 -8.42489 0.5381976 0.29577336 0.78817576 -0.040503476
52060182.79292825 -14.157944 -1.1334615 -8.342092 0.5390869 0.2896681 0.7896716 -0.04355018
52087948.79292825 -14.056898 -1.1289859 -8.275686 0.53983825 0.2814993 0.79183173 -0.0483262
52115738.04292825 -13.948784 -1.1018734 -8.196296 0.5401199 0.27183142 0.79476345 -0.052243024
52143557.79292825 -13.81571 -1.0867302 -8.099775 0.5420883 0.26081815 0.7968099 -0.05664132
52171415.79292825 -13.699591 -1.0736761 -8.023633 0.5422207 0.24993841 0.799848 -0.06140661
52199323.04292825 -13.576562 -1.0602617 -7.968523 0.54214483 0.23792095 0.80308074 -0.067335546
52227292.79292825 -13.455208 -1.0551193 -7.9022703 0.541691 0.2266354 0.8061199 -0.0733349
52255340.04292825 -13.32984 -1.049432 -7.8361845 0.5414803 0.21530253 0.8087945 -0.07934379
52283472.79292825 -13.186007 -1.0366404 -7.758106 0.54091763 0.20486854 0.8113823 -0.08423647
52311701.04292825 -13.041869 -1.0318341 -7.692313 0.5397171 0.1967744 0.81372225 -0.08855201
52340030.04292825 -12.912746 -1.0287163 -7.637501 0.5374813 0.18944615 0.81648797 -0.09258173
52368462.04292825 -12.7728 -1.037823 -7.5726585 0.5348144 0.18368103 0.8192088 -0.09556007
52397005.04292825 -12.613928 -1.0316784 -7.505788 0.53230405 0.17698757 0.8219118 -0.09893843
52425665.04292825 -12.465353 -1.0417403 -7.4488115 0.52860874 0.170331 0.82520527 -0.102939
52454450.04292825 -12.308901 -1.0396688 -7.3822556 0.52517885 0.16270302 0.8284143 -0.10697947
52483365.04292825 -12.14685 -1.0469204 -7.320958 0.52131164 0.15400665 0.8318875 -0.111711286
52512419.04292825 -11.982949 -1.0591613 -7.2569675 0.5170838 0.14587896 0.8353503 -0.11633449
52541621.04292825 -11.814826 -1.0698961 -7.197076 0.51258165 0.13801946 0.8387452 -0.12131509
52570975.79292825 -11.650594 -1.0885397 -7.139179 0.50817955 0.13077828 0.8419575 -0.12553173
52600489.04292825 -11.489815 -1.1064564 -7.071691 0.50322837 0.12361661 0.8453861 -0.12962446
52630155.79292825 -11.308229 -1.1258105 -7.007427 0.49743855 0.11653526 0.84925324 -0.13320448
52659975.79292825 -11.135627 -1.1433635 -6.940737 0.49149767 0.10931763 0.8532084 -0.13607045
52689943.79292825 -10.962328 -1.1651394 -6.87444 0.48478624 0.10197507 0.8573585 -0.139713
52720055.04292825 -10.777476 -1.1907771 -6.803125 0.47822574 0.094428554 0.8612203 -0.14381608
52750301.04292825 -10.6044855 -1.21625 -6.7413917 0.47134784 0.08678133 0.86524385 -0.14715073
52780669.04292825 -10.4247465 -1.244638 -6.675086 0.46442112 0.078417346 0.8692025 -0.1505018
52811144.04292825 -10.235452 -1.278064 -6.604345 0.45652306 0.07081561 0.8734141 -0.15401208
52841710.79292825 -10.057869 -1.3115842 -6.5411434 0.4481633 0.061948955 0.87760645 -0.15848984
52872350.04292825 -9.874487 -1.3297049 -6.4565725 0.44008616 0.05276762 0.8814721 -0.16293173
52903042.04292825 -9.694913 -1.3656744 -6.3812027 0.43032193 0.044324223 0.8858508 -0.16771035
52933767.79292825 -9.501599 -1.4008175 -6.3095627 0.41964668 0.03633552 0.89060897 -0.17144145
52964511.04292825 -9.316817 -1.4445381 -6.235194 0.40842122 0.030509174 0.89529 -0.1752632
52995253.79292825 -9.121815 -1.476476 -6.153902 0.39641777 0.024973292 0.9002743 -0.17814504
53025983.79292825 -8.944963 -1.5050863 -6.0670047 0.38369766 0.019700607 0.90531904 -0.18106775
53056682.04292825 -8.758639 -1.5324876 -5.981889 0.3703042 0.015950847 0.91056657 -0.18299966
53087330.79292825 -8.569342 -1.5537043 -5.893278 0.3561357 0.011248793 0.9159212 -0.1847411
53117916.04292825 -8.376054 -1.5840901 -5.800316 0.34114534 0.0072633303 0.92130864 -0.18643372
53148423.04292825 -8.198145 -1.6126992 -5.7094665 0.32564244 0.0014317938 0.92648584 -0.18862401
53178844.04292825 -8.017937 -1.6396122 -5.6090293 0.30977786 -0.005341114 0.9314711 -0.19071122
53209171.79292825 -7.823142 -1.6731821 -5.5193276 0.29151675 -0.012587319 0.9367349 -0.19335802
53239407.79292825 -7.651266 -1.7025857 -5.4095836 0.27381065 -0.02076442 0.9412761 -0.19645858
53269558.04292825 -7.479435 -1.7160054 -5.3104305 0.25500694 -0.02965486 0.9457081 -0.1993196
53299631.04292825 -7.2792187 -1.7585597 -5.205271 0.23564562 -0.03830512 0.94957995 -0.20322841
53329636.04292825 -7.114865 -1.7841523 -5.101512 0.21606022 -0.04653167 0.95312756 -0.20664148
53359584.79292825 -6.921523 -1.8096225 -5.004 0.19536284 -0.05436545 0.9566324 -0.20912266
53389488.04292825 -6.7616577 -1.8167334 -4.88992 0.1751689 -0.06400371 0.95936275 -0.21176067
53419356.04292825 -6.5792727 -1.8506379 -4.782637 0.15435262 -0.07383894 0.96137106 -0.21561268
53449199.04292825 -6.4021564 -1.8629068 -4.6680713 0.13279694 -0.085245974 0.9631224 -0.21792974
53479024.04292825 -6.2463946 -1.8766578 -4.546649 0.11189572 -0.09933742 0.9640003 -0.21980684
53508837.04292825 -6.0787883 -1.8809433 -4.420931 0.090193965 -0.11470819 0.96428627 -0.22104095
53538641.04292825 -5.9136143 -1.8928001 -4.290045 0.06891049 -0.12938996 0.96396947 -0.22197422
53568441.04292825 -5.7677736 -1.9124637 -4.1690884 0.047368143 -0.14419192 0.96293414 -0.2229865
53598244.04292825 -5.5980473 -1.9038426 -4.0494103 0.026016375 -0.1581697 0.9618244 -0.22180942
53628060.79292825 -5.4592266 -1.9046249 -3.9187148 0.0055470495 -0.16922978 0.96032596 -0.2215956
53657900.79292825 -5.296206 -1.9206274 -3.7949777 -0.015561927 -0.17898 0.95825255 -0.22243229
53687771.79292825 -5.1560125 -1.9225824 -3.6633458 -0.035867106 -0.18672797 0.95624864 -0.2223394
53717682.04292825 -5.0364814 -1.9358947 -3.5324543 -0.05618046 -0.19318704 0.9538941 -0.22272997
53747631.79292825 -4.888505 -1.9312612 -3.3918478 -0.07823286 -0.19968525 0.95127285 -0.22155234
53777625.04292825 -4.749583 -1.9250779 -3.2572489 -0.100006044 -0.20723476 0.9479825 -0.2199586
53807659.04292825 -4.6147285 -1.9170957 -3.1130588 -0.12201382 -0.21531998 0.94408125 -0.21785434
53837727.04292825 -4.5011563 -1.9220322 -2.9689503 -0.14276747 -0.22363819 0.9395124 -0.21661016
53867821.04292825 -4.383548 -1.9291155 -2.8287766 -0.16411935 -0.23132613 0.9344317 -0.21538487
53897936.04292825 -4.267844 -1.9093026 -2.6787255 -0.18513648 -0.23679926 0.92970586 -0.21283227
53928065.79292825 -4.170096 -1.9051418 -2.522773 -0.2064363 -0.24059878 0.92485565 -0.21009117
53958207.04292825 -4.0685596 -1.8923545 -2.3706112 -0.22777908 -0.24339141 0.9198461 -0.20678581
53988352.04292825 -3.9735267 -1.8829124 -2.2164934 -0.25099462 -0.24240044 0.91495574 -0.2027307
54018495.04292825 -3.894365 -1.8822911 -2.0574117 -0.2733756 -0.24123248 0.90972877 -0.19866134
54048628.04292825 -3.8120193 -1.8696735 -1.910578 -0.29633555 -0.24102518 0.9035308 -0.1942273
54078748.04292825 -3.7287834 -1.8604589 -1.755347 -0.32030892 -0.24196856 0.8960846 -0.18943566
54108843.79292825 -3.6591742 -1.8486495 -1.6010196 -0.34431326 -0.2448615 0.88748115 -0.18403387
54138906.04292825 -3.594044 -1.8308703 -1.4446763 -0.3686299 -0.25022215 0.8778181 -0.17588732
54168930.79292825 -3.5282185 -1.8307166 -1.2991931 -0.39295486 -0.2566056 0.86706 -0.16717373
54198911.04292825 -3.4666853 -1.8002925 -1.121008 -0.41836476 -0.26328954 0.855224 -0.15569669
54228841.04292825 -3.4123676 -1.7948244 -0.9661894 -0.44260377 -0.27033827 0.8423408 -0.14656442
54258717.79292825 -3.3878918 -1.7720301 -0.8320942 -0.46510395 -0.27449167 0.83017594 -0.1383494
54288536.04292825 -3.3415868 -1.7967117 -0.6792318 -0.4884501 -0.2804845 0.81562454 -0.1322932
54318293.04292825 -3.3034668 -1.7968073 -0.5308944 -0.5107991 -0.28456873 0.8012743 -0.12674555
54347989.04292825 -3.2777948 -1.7833904 -0.3831303 -0.5319943 -0.2882107 0.78706014 -0.12022128
54377625.04292825 -3.251147 -1.7912424 -0.23440015 -0.55376244 -0.2903634 0.77184063 -0.11531858
54407199.04292825 -3.23682 -1.7811494 -0.09780693 -0.5738597 -0.29177976 0.7572203 -0.110304184
54436715.04292825 -3.2392159 -1.7559158 0.031745195 -0.59294575 -0.29093802 0.7434726 -0.104971506
54466178.04292825 -3.2270732 -1.7551962 0.16798282 -0.6115178 -0.29132634 0.72859484 -0.10160982
54495591.04292825 -3.23817 -1.7372569 0.3001821 -0.6283121 -0.2918419 0.7144704 -0.09789958
54524959.04292825 -3.2447095 -1.714636 0.4191196 -0.64365757 -0.28920895 0.70196706 -0.09646428
54554288.04292825 -3.2549624 -1.6950182 0.53806686 -0.6583343 -0.28578967 0.68973225 -0.09586319
54583582.04292825 -3.2647805 -1.6915994 0.6488967 -0.67273134 -0.28156713 0.6774217 -0.09618952
54612847.79292825 -3.2858157 -1.6815202 0.771471 -0.68602514 -0.2772562 0.6656348 -0.097102344
54642095.04292825 -3.307016 -1.6632361 0.8926196 -0.6999397 -0.27234593 0.65313965 -0.09654354
54671327.04292825 -3.3327508 -1.6498356 1.007065 -0.7122973 -0.26871955 0.6413457 -0.09538341
54700549.04292825 -3.3585382 -1.6499572 1.112772 -0.72454715 -0.26583812 0.629007 -0.093337476
54729762.04292825 -3.3994668 -1.6315706 1.2233787 -0.7366222 -0.26435405 0.6160955 -0.08905676
54758967.04292825 -3.4359741 -1.6213464 1.3211832 -0.7478984 -0.26389349 0.603236 -0.084348105
54788168.04292825 -3.4733353 -1.6328645 1.4221551 -0.75872606 -0.2644456 0.58965594 -0.08190997
54817369.04292825 -3.518065 -1.6197267 1.5153236 -0.7689764 -0.26568577 0.57619274 -0.07802768
54846574.04292825 -3.559457 -1.6197231 1.6038318 -0.77780044 -0.268285 0.56343335 -0.0747826
54875783.04292825 -3.615261 -1.6062963 1.696538 -0.787272 -0.26951495 0.5501019 -0.07037397
54905000.04292825 -3.669478 -1.6108111 1.7837131 -0.79628444 -0.272007 0.5362912 -0.065842085
54934230.04292825 -3.724567 -1.603848 1.8595815 -0.8041082 -0.27549127 0.5234756 -0.059059303
54963477.04292825 -3.7863727 -1.6041758 1.9446352 -0.81221956 -0.2774593 0.510391 -0.053074278
54992744.04292825 -3.845164 -1.6062826 2.0151982 -0.8195135 -0.28042176 0.4975752 -0.04669327
55022025.04292825 -3.9113967 -1.6049399 2.0849664 -0.82541955 -0.28261045 0.48687935 -0.04198191
55051317.04292825 -3.9772604 -1.6059139 2.1529143 -0.8314211 -0.28275773 0.47667715 -0.03957209
55080622.04292825 -4.0506563 -1.5881455 2.2038093 -0.83625543 -0.28239077 0.46868467 -0.035596192
55109939.04292825 -4.1161594 -1.6114601 2.265278 -0.8421704 -0.2802746 0.45911843 -0.03749089
55139265.79292825 -4.200657 -1.6151834 2.3259413 -0.8471964 -0.27925047 0.45040646 -0.037570734
55168600.04292825 -4.2732887 -1.6157712 2.3719902 -0.8516629 -0.27728558 0.4431098 -0.037905797
55197939.04292825 -4.3575506 -1.6144025 2.4136138 -0.8561511 -0.2758515 0.43514866 -0.039456923
55227280.04292825 -4.4448614 -1.6107424 2.4545178 -0.860756 -0.27361333 0.42739213 -0.03963588
55256617.04292825 -4.523307 -1.6208291 2.4928071 -0.86507744 -0.27163023 0.41978082 -0.040523663
55285950.04292825 -4.6073494 -1.6302459 2.5276933 -0.8700339 -0.26986933 0.41053516 -0.040895917
55315276.04292825 -4.697078 -1.6382372 2.5591636 -0.87526983 -0.26890242 0.39998412 -0.040088203
55344594.04292825 -4.7902994 -1.6369684 2.5814953 -0.88061756 -0.2687547 0.38829103 -0.038905527
55373900.04292825 -4.8806715 -1.6514528 2.6019127 -0.8868113 -0.2687782 0.374166 -0.036383763
55403196.79292825 -4.9721456 -1.6626697 2.6165285 -0.8928262 -0.26880667 0.35986692 -0.033171058
55432483.04292825 -5.0763144 -1.6687987 2.6251383 -0.8991281 -0.26925156 0.3440044 -0.027081283
55461757.04292825 -5.1724615 -1.6812723 2.6305163 -0.9053881 -0.26941934 0.32749632 -0.020779738
55491026.04292825 -5.27503 -1.6850135 2.6307817 -0.9115382 -0.269552 0.31025377 -0.013514347
55520290.04292825 -5.3706846 -1.6985251 2.6337142 -0.91730136 -0.27009743 0.2925238 -0.0059585227
55549549.79292825 -5.4782104 -1.702013 2.6291046 -0.92282456 -0.2706284 0.27413693 0.002030488
55578806.04292825 -5.573312 -1.7249516 2.619233 -0.9274124 -0.2724269 0.2560876 0.010439728
55608056.79292825 -5.6781235 -1.7332256 2.612129 -0.9318555 -0.2731866 0.23804566 0.018673502
55637303.04292825 -5.7777157 -1.7427099 2.5867565 -0.9353928 -0.27510303 0.22059299 0.026408391
55666538.04292825 -5.8781595 -1.7474545 2.5703487 -0.93845 -0.27691925 0.20349953 0.03486127
55695764.04292825 -5.9698944 -1.7722645 2.5470557 -0.94084793 -0.2794883 0.18682195 0.04229763
55724978.04292825 -6.0737343 -1.7767133 2.51581 -0.9430041 -0.28084716 0.17120595 0.05056437
55754182.04292825 -6.168568 -1.7905064 2.4842486 -0.94439965 -0.28280807 0.1569887 0.05902157
55783377.04292825 -6.262339 -1.8003728 2.4502676 -0.94577736 -0.2839245 0.14284313 0.06699246
55812560.79292825 -6.3666897 -1.8143034 2.409252 -0.9465666 -0.28588593 0.12919056 0.07477137
55841731.04292825 -6.4591055 -1.8247404 2.3643677 -0.94716233 -0.28692117 0.11695714 0.08295091
55870881.79292825 -6.5559535 -1.8325759 2.3147314 -0.94759893 -0.28751588 0.10530152 0.09111842
55900016.04292825 -6.6491313 -1.846315 2.2613416 -0.94754595 -0.28858215 0.09472954 0.09951593
55929135.04292825 -6.7398562 -1.8526562 2.2030613 -0.94747615 -0.28922212 0.08433163 0.10736781
55958244.79292825 -6.827798 -1.8691443 2.1394434 -0.94720346 -0.29007354 0.07502504 0.114167705
55987343.79292825 -6.912987 -1.8676648 2.0696714 -0.9471066 -0.29006982 0.06652928 0.120093964
56016436.79292825 -7.0011883 -1.8811499 2.0018916 -0.9469145 -0.290463 0.057915803 0.12501995
56045527.04292825 -7.079257 -1.8904421 1.9300113 -0.9466579 -0.29076403 0.05055328 0.12938105
56074617.04292825 -7.16026 -1.8950285 1.8507717 -0.9462812 -0.29084662 0.043621864 0.1343777
56103710.04292825 -7.234701 -1.8997481 1.7696347 -0.9459574 -0.29111937 0.036325805 0.1381828
56132810.04292825 -7.310869 -1.907593 1.6802368 -0.9460685 -0.29062372 0.029064074 0.14016967
56161915.79292825 -7.378311 -1.919021 1.5959175 -0.9456244 -0.29148105 0.022127397 0.14263159
56191041.04292825 -7.445909 -1.9296663 1.4998697 -0.94529843 -0.29211658 0.014175809 0.1444916
56220199.04292825 -7.5098386 -1.931492 1.405525 -0.9453219 -0.2914693 0.0052204607 0.14623569
56249386.79292825 -7.5731483 -1.9422264 1.3100717 -0.9448884 -0.29129222 -0.0039245714 0.14939673
56278607.04292825 -7.6322026 -1.9502723 1.2052066 -0.9445687 -0.29018214 -0.014173257 0.1529168
56307864.04292825 -7.6931925 -1.9648064 1.1036545 -0.94387674 -0.28920123 -0.023422716 0.15783173
56337158.04292825 -7.744771 -1.9680343 0.99260116 -0.9429976 -0.28851599 -0.032022014 0.16275384
56366489.04292825 -7.8006372 -1.9735024 0.8728037 -0.9420254 -0.28855672 -0.039707303 0.16657275
56395851.04292825 -7.8495126 -1.9741586 0.7529211 -0.94134116 -0.28813714 -0.04573456 0.16959427
56425238.04292825 -7.893132 -1.9708521 0.6317003 -0.94146854 -0.28774518 -0.050074264 0.16832177
56454646.04292825 -7.9328656 -1.9678507 0.50076365 -0.9413626 -0.2881402 -0.05356006 0.16716142
56484068.04292825 -7.972907 -1.988916 0.3684013 -0.9412656 -0.2896925 -0.057143085 0.16380534
56513496.04292825 -8.014893 -1.9901851 0.238374 -0.9415345 -0.28997433 -0.061412085 0.16017565
56542926.79292825 -8.043103 -2.003521 0.09939313 -0.94155115 -0.2907306 -0.06460362 0.1574281
56572354.04292825 -8.06833 -2.0055418 -0.041165352 -0.94135046 -0.29169038 -0.0675013 0.15562692
56601782.04292825 -8.099193 -2.006432 -0.17773199 -0.941757 -0.291659 -0.07129728 0.15147804
56631210.79292825 -8.121995 -2.0178401 -0.33098102 -0.9413614 -0.2930765 -0.074203335 0.149796
56660649.04292825 -8.14922 -2.0071554 -0.48369408 -0.94204646 -0.29160553 -0.07701525 0.14691283
56690092.79292825 -8.16381 -2.0091817 -0.6418439 -0.94253707 -0.29036185 -0.079469614 0.1449086
56719550.04292825 -8.186658 -1.996515 -0.8040854 -0.9430244 -0.28919086 -0.082727015 0.14223222
56749020.79292825 -8.201985 -1.9945669 -0.9575981 -0.94376093 -0.2878429 -0.08412831 0.13922743
56778510.04292825 -8.189329 -1.9834926 -1.1352756 -0.94426906 -0.28798702 -0.083512776 0.13581249
56808026.04292825 -8.20938 -1.9933087 -1.2983078 -0.94449747 -0.28862867 -0.0843077 0.13232638
56837577.79292825 -8.196265 -1.9673476 -1.469225 -0.94543993 -0.28813964 -0.08337425 0.12715209
56867172.04292825 -8.205301 -1.9459507 -1.6456645 -0.9463848 -0.28780738 -0.082561076 0.12127026
56896815.79292825 -8.204376 -1.9435828 -1.8359902 -0.9471736 -0.28840193 -0.081195414 0.11442821
56926515.79292825 -8.201003 -1.9250427 -2.0058973 -0.94839656 -0.28787196 -0.07953901 0.10652409
56956280.04292825 -8.200196 -1.9200947 -2.1872036 -0.9495288 -0.287334 -0.07690403 0.09959933
56986117.04292825 -8.198131 -1.9148846 -2.3646998 -0.95041245 -0.28725243 -0.07559188 0.09213124
57016037.04292825 -8.187032 -1.894458 -2.5470204 -0.9517602 -0.2855853 -0.0736177 0.08469973
57046050.04292825 -8.181804 -1.8829582 -2.7326941 -0.9528897 -0.28414634 -0.072438404 0.077554755
57076162.04292825 -8.165858 -1.8589555 -2.9241707 -0.95447785 -0.28122634 -0.0701431 0.07045372
57106382.04292825 -8.156568 -1.8517172 -3.1192532 -0.95593226 -0.27832663 -0.06736923 0.06472432
57136717.79292825 -8.144528 -1.8394382 -3.30308 -0.9575004 -0.275047 -0.06316964 0.059596512
57167177.04292825 -8.127112 -1.8189209 -3.5039964 -0.95930547 -0.2710656 -0.058395986 0.053351928
57197766.04292825 -8.112201 -1.7990886 -3.7148628 -0.9610223 -0.26732013 -0.05242942 0.047193144
57228493.04292825 -8.104184 -1.7804388 -3.9250665 -0.96264154 -0.26399738 -0.04662691 0.03811372
57259360.79292825 -8.092253 -1.7695708 -4.128026 -0.96423936 -0.26086205 -0.037688646 0.027806828
57290373.79292825 -8.080825 -1.7435926 -4.3418207 -0.9657924 -0.25746936 -0.027138969 0.014770354
57321541.79292825 -8.065381 -1.7298005 -4.551121 -0.96680987 -0.2550318 -0.015179891 0.0026678524
57352868.79292825 -8.049432 -1.7004213 -4.770712 -0.96786344 -0.2512766 -0.0026452614 -0.009671112
57384367.04292825 -8.04039 -1.6699352 -4.9929724 -0.9686753 -0.24718967 0.009834739 -0.021652333
57416037.79292825 -8.026242 -1.6530776 -5.214204 -0.9689177 -0.24397926 0.023432098 -0.033518996
57447887.04292825 -8.016594 -1.6310902 -5.439139 -0.96872437 -0.24061294 0.039010894 -0.046440788
57479916.79292825 -8.00831 -1.6085925 -5.6664915 -0.96808857 -0.2369014 0.056089368 -0.059466574
57512128.04292825 -8.0071125 -1.5798194 -5.8943787 -0.96699506 -0.23278269 0.07335984 -0.07315094
57544514.04292825 -8.001446 -1.5600133 -6.1249123 -0.9652042 -0.22857055 0.09194239 -0.08765284
57577061.04292825 -7.998822 -1.5233426 -6.3589478 -0.9631902 -0.22278284 0.110713914 -0.10185724
57609749.79292825 -7.99692 -1.4987926 -6.596245 -0.9601162 -0.21802318 0.13003796 -0.11718751
57642564.79292825 -8.00293 -1.4760451 -6.8274126 -0.95661396 -0.21218844 0.14944725 -0.13240613
57675499.04292825 -8.012815 -1.4444919 -7.0749493 -0.95244443 -0.2053196 0.16948202 -0.14822076
57708548.04292825 -8.02587 -1.4162598 -7.304599 -0.9473775 -0.19827558 0.19030449 -0.1641554
57741714.04292825 -8.043623 -1.3994379 -7.5402126 -0.94102496 -0.19150648 0.21259458 -0.18055697
57774998.04292825 -8.064289 -1.3762927 -7.7714596 -0.93369627 -0.18370049 0.23607042 -0.19681522
57808399.04292825 -8.091201 -1.348906 -8.01638 -0.92545396 -0.17474306 0.26020038 -0.21282762
57841911.79292825 -8.126789 -1.325975 -8.255118 -0.91601586 -0.16514197 0.28476638 -0.2292406
57875530.04292825 -8.167765 -1.2937279 -8.492026 -0.906126 -0.15469176 0.3089238 -0.24407414
57909249.79292825 -8.210149 -1.2814469 -8.725258 -0.89468354 -0.14542337 0.33343744 -0.25925466
57943075.04292825 -8.278789 -1.248483 -8.949963 -0.8832398 -0.13441685 0.35706332 -0.27262685
57977003.79292825 -8.322574 -1.2316058 -9.186494 -0.8699181 -0.12277594 0.38264912 -0.2859165
58011030.04292825 -8.387153 -1.2156533 -9.413716 -0.85574204 -0.11063039 0.4077666 -0.29865175
58045147.04292825 -8.454641 -1.1968012 -9.632467 -0.8406971 -0.09747617 0.43258473 -0.310801
58079351.04292825 -8.531649 -1.1768053 -9.852322 -0.8250663 -0.08419645 0.4571723 -0.32120103
58113634.04292825 -8.618289 -1.1506454 -10.057156 -0.8096094 -0.07026741 0.48049724 -0.32972333
58147986.04292825 -8.710682 -1.135359 -10.262465 -0.79285675 -0.054556467 0.5040134 -0.33818978
58182392.04292825 -8.806747 -1.1202321 -10.467022 -0.77544355 -0.038625035 0.52694994 -0.34571534
58216834.04292825 -8.911148 -1.1065664 -10.664557 -0.757223 -0.022898167 0.54936945 -0.35253698
58251290.79292825 -9.0272 -1.0901208 -10.84787 -0.7389759 -0.007616297 0.57089925 -0.3576741
58285744.04292825 -9.142818 -1.0812597 -11.029011 -0.7195372 0.0072251456 0.5923905 -0.36233625
58320172.79292825 -9.262599 -1.0659175 -11.201742 -0.699299 0.021369446 0.6134349 -0.36636305
58354560.04292825 -9.396191 -1.0504751 -11.349747 -0.67873055 0.034753054 0.63330597 -0.37019014
58388888.04292825 -9.53623 -1.0437698 -11.502198 -0.6571587 0.047555756 0.6531104 -0.37326652
58423138.04292825 -9.668351 -1.0259309 -11.632626 -0.6354081 0.060352564 0.67259663 -0.37447032
58457297.04292825 -9.805229 -1.0266361 -11.7647295 -0.6122953 0.073262095 0.69293827 -0.3735823
58491347.04292825 -9.953882 -1.0148983 -11.865456 -0.589116 0.08710208 0.7126091 -0.37086907
58525277.04292825 -10.100159 -1.0104952 -11.9751835 -0.5638979 0.099169716 0.7344111 -0.3644514
58559071.04292825 -10.244377 -0.99888945 -12.063235 -0.53898245 0.1098521 0.7560888 -0.3546266
58592711.04292825 -10.388355 -0.9936261 -12.149299 -0.5139683 0.11715885 0.7777852 -0.34228745
58626182.79292825 -10.531911 -0.99108315 -12.211199 -0.490118 0.120060265 0.7982591 -0.32886526
58659465.79292825 -10.670142 -0.991992 -12.28241 -0.46587673 0.11741719 0.81849426 -0.31502268
58692541.04292825 -10.81192 -0.98713446 -12.3228245 -0.44267988 0.113792054 0.8356139 -0.3046891
58725392.79292825 -10.952545 -0.97961044 -12.369934 -0.4190712 0.109097086 0.8512487 -0.29639992
58758008.04292825 -11.0794735 -0.9819672 -12.40502 -0.3951984 0.10363214 0.86516976 -0.29079178
58790382.04292825 -11.213658 -0.97761846 -12.4269285 -0.37254408 0.09917386 0.87705654 -0.2866134
58822519.79292825 -11.3460655 -0.97540784 -12.445175 -0.34944406 0.09305701 0.8889807 -0.2809672
58854432.04292825 -11.472843 -0.97261095 -12.448778 -0.3276826 0.0869358 0.8989002 -0.27756938
58886134.04292825 -11.601334 -0.9762893 -12.443846 -0.30551687 0.0796357 0.9080209 -0.27534652
58917636.04292825 -11.721224 -0.9798236 -12.441142 -0.2836362 0.07255579 0.9162164 -0.27355772
58948947.04292825 -11.845753 -0.9874885 -12.433795 -0.25987765 0.06631528 0.9240184 -0.2724995
58980076.04292825 -11.959175 -0.99533844 -12.408332 -0.23776053 0.0627274 0.9301031 -0.27284333
59011035.04292825 -12.076529 -1.0053606 -12.381638 -0.21472536 0.058477994 0.93575084 -0.27357572
59041842.04292825 -12.187444 -1.0102049 -12.342094 -0.19329241 0.054758362 0.9406605 -0.27349123
59072512.04292825 -12.302183 -1.019816 -12.302856 -0.17115024 0.04835063 0.9458618 -0.27150562
59103053.79292825 -12.403761 -1.0279648 -12.2584095 -0.15057208 0.042682447 0.9503367 -0.2690101
59133480.79292825 -12.506046 -1.042108 -12.209847 -0.13012548 0.03589997 0.95418125 -0.267052
59163803.79292825 -12.604169 -1.0627788 -12.163608 -0.11035324 0.026947476 0.95704174 -0.26677164
59194031.04292825 -12.699935 -1.0819167 -12.111482 -0.09183125 0.019378752 0.9587882 -0.26817292
59224173.04292825 -12.791161 -1.0998813 -12.050232 -0.07447708 0.012365054 0.9597213 -0.27062032
