29474375.48841515 -0.0 -0.0 -0.0 -0.0 -0.0 1.0 -0.0
29503999.48841515 -0.00081215263 0.0002276221 0.0027174992 0.00038054178 -0.00031356828 0.9999993 -0.0010732043
29533623.73841515 -0.00081215263 0.0002276221 0.0027174992 0.00038054178 -0.00031356828 0.9999993 -0.0010732043
29563248.73841515 -0.00081215263 0.0002276221 0.0027174992 0.00038054178 -0.00031356828 0.9999993 -0.0010732043
29592871.73841515 -0.00081215263 0.0002276221 0.0027174992 0.00038054178 -0.00031356828 0.9999993 -0.0010732043
29622489.73841515 -0.0010821894 0.000747194 0.004901439 -0.001956961 -0.0028969615 0.99990106 -0.013625337
29652104.73841515 -0.0010821894 0.000747194 0.004901439 -0.001956961 -0.0028969615 0.99990106 -0.013625337
29681712.73841515 -0.0023252473 0.0030571304 0.01150254 -0.002831017 -0.004337956 0.9995303 -0.030204473
29711314.73841515 -0.0023252473 0.0030571306 0.01150254 -0.0028310171 -0.0043379567 0.9995304 -0.030204475
29740909.48841515 -0.0026752043 0.0055895 0.019537332 -0.0013166773 -0.0036829934 0.99849725 -0.05466189
29770497.48841515 -0.0026752043 0.0055895005 0.019537332 -0.0013166774 -0.0036829936 0.9984973 -0.054661892
29800079.48841515 0.000352237 0.005163213 0.034426585 0.003231583 0.0011258643 0.99693286 -0.07818712
29829658.48841515 0.000352237 0.005163213 0.034426585 0.003231583 0.0011258643 0.99693286 -0.07818712
29859239.48841515 0.0040262854 -0.0037244111 0.05645111 0.009231535 0.016202074 0.99601567 -0.087207496
29888829.48841515 0.0040262854 -0.0037244111 0.05645111 0.009231535 0.016202074 0.99601567 -0.087207496
29918434.73841515 0.00888825 -0.017893078 0.08782191 0.007880241 0.02820812 0.9959625 -0.08485867
29948059.48841515 0.010273041 -0.028285898 0.10318671 0.0059380224 0.03526774 0.9957344 -0.0850533
29977707.73841515 0.01494836 -0.042386338 0.13043842 0.0039485083 0.04105453 0.9956287 -0.08379963
30007384.48841515 0.019374846 -0.060238354 0.15750408 0.0014616867 0.043411367 0.9959161 -0.07914809
30037089.48841515 0.025944429 -0.08261231 0.18860403 -0.0020048984 0.044957966 0.9964816 -0.07070602
30066818.48841515 0.03299525 -0.111200064 0.22237924 -0.007536298 0.044581335 0.9971498 -0.060398597
30096570.48841515 0.04287181 -0.14358318 0.24934548 -0.014297507 0.043809917 0.9975671 -0.052308638
30126345.73841515 0.05854065 -0.17830993 0.2770363 -0.021652004 0.042870887 0.9977215 -0.047384325
30156147.48841515 0.07155035 -0.22039197 0.31825387 -0.028701557 0.04168624 0.9976982 -0.04513135
30185974.48841515 0.08652985 -0.25768852 0.34394756 -0.035311855 0.038499255 0.99766994 -0.043881603
30215823.73841515 0.101957396 -0.30107188 0.38603276 -0.04090589 0.03408017 0.9977178 -0.041527804
30245689.73841515 0.120948546 -0.34705245 0.4240736 -0.04607472 0.027161162 0.9978323 -0.038342573
30275571.48841515 0.14259264 -0.4012095 0.46631727 -0.0507552 0.019241614 0.99790525 -0.035197824
30305461.73841515 0.16595203 -0.45838758 0.49805987 -0.05589282 0.010324412 0.99782974 -0.033247244
30335348.48841515 0.1872766 -0.5195346 0.54053944 -0.060245514 -9.058551e-05 0.99764925 -0.032656867
30365227.73841515 0.21027502 -0.5790816 0.5850945 -0.06435692 -0.010251188 0.99733895 -0.03268346
30395094.73841515 0.23481318 -0.64495206 0.6269486 -0.06857806 -0.020074373 0.9968991 -0.03295864
30424945.48841515 0.25855988 -0.7135613 0.6678901 -0.0729768 -0.027310582 0.9963781 -0.034046963
30454774.73841515 0.27769732 -0.78374213 0.7089533 -0.077953644 -0.03411361 0.9956098 -0.038997047
30484581.48841515 0.29630622 -0.84896654 0.7543968 -0.08276886 -0.037976608 0.99468786 -0.047992542
30514361.73841515 0.31698397 -0.9174932 0.80025667 -0.088872604 -0.04077079 0.9932775 -0.061961688
30544107.73841515 0.33156106 -0.9755489 0.84897697 -0.09431407 -0.045090027 0.99126244 -0.08043936
30573811.48841515 0.35037464 -1.0346187 0.8982633 -0.099192776 -0.04995715 0.9887313 -0.100376725
30603470.48841515 0.36353388 -1.0808562 0.94681597 -0.10249225 -0.052551627 0.9859388 -0.1210722
30633081.73841515 0.38530096 -1.134567 0.9950888 -0.10685661 -0.05381147 0.98200446 -0.14612745
30662649.73841515 0.40126842 -1.1760008 1.0480728 -0.110810876 -0.053724844 0.97734404 -0.17214324
30692190.73841515 0.40928283 -1.2089908 1.1035715 -0.11393832 -0.055224095 0.9719039 -0.19842184
30721721.73841515 0.41745967 -1.2385445 1.1614164 -0.11650579 -0.054577515 0.96529996 -0.22725277
30751261.48841515 0.42848164 -1.2667619 1.217598 -0.118906006 -0.05280231 0.95794564 -0.25576052
30780828.48841515 0.43625927 -1.2856753 1.2769085 -0.121293455 -0.049143247 0.95022124 -0.2827588
30810435.48841515 0.44640553 -1.306747 1.3342483 -0.123536766 -0.046607226 0.9430115 -0.3054436
30840089.48841515 0.45149618 -1.3185288 1.3950602 -0.12732689 -0.041957863 0.93793106 -0.31986374
30869805.48841515 0.45453477 -1.3339136 1.4613552 -0.13338311 -0.042476438 0.93604577 -0.322836
30899591.73841515 0.46016902 -1.3424302 1.5418174 -0.1421004 -0.039371517 0.9351347 -0.32214978
30929454.48841515 0.4604606 -1.3507892 1.6328813 -0.15038618 -0.038034543 0.93420035 -0.32125863
30959393.48841515 0.46613657 -1.3718059 1.7255325 -0.15913795 -0.036488093 0.9330813 -0.3204731
30989399.73841515 0.4584251 -1.3681262 1.8317682 -0.16831046 -0.0340594 0.93195605 -0.31932673
31019466.73841515 0.45273158 -1.3661256 1.9413958 -0.17771658 -0.03225177 0.9307143 -0.31803706
31049585.48841515 0.44879302 -1.3535738 2.053414 -0.18722662 -0.031693503 0.9296201 -0.3158296
31079749.48841515 0.44334397 -1.3448263 2.1582272 -0.19739315 -0.03530483 0.9288234 -0.31157118
31109957.73841515 0.4370713 -1.3384916 2.281719 -0.20757543 -0.0428883 0.92816234 -0.30592132
31140206.48841515 0.43076965 -1.3303194 2.3992038 -0.21861601 -0.053762943 0.92754143 -0.29830098
31170493.48841515 0.4117589 -1.3084104 2.546566 -0.2298127 -0.065767415 0.9266889 -0.2900147
31200809.48841515 0.39239612 -1.3006477 2.6737506 -0.24156168 -0.07713401 0.9253014 -0.28198546
31231146.48841515 0.3641097 -1.2947438 2.807709 -0.2548109 -0.08762707 0.9231464 -0.27421457
31261495.48841515 0.34419966 -1.2740815 2.9643018 -0.27053267 -0.09739771 0.92034304 -0.26513103
31291845.48841515 0.31224114 -1.2610106 3.1386266 -0.28720433 -0.107223734 0.9169937 -0.2552243
31322185.48841515 0.2658093 -1.2555921 3.289192 -0.30384645 -0.11739873 0.91356516 -0.2435028
31352501.73841515 0.22259486 -1.2351947 3.4585178 -0.32143587 -0.12748553 0.909839 -0.22938925
31382777.73841515 0.17283738 -1.2165198 3.6323333 -0.33966777 -0.13792849 0.9053152 -0.21448997
31413001.48841515 0.1321348 -1.2051277 3.7847471 -0.3582014 -0.14929916 0.8997412 -0.19966824
31443164.48841515 0.078867674 -1.1900251 3.9554565 -0.37670696 -0.16067886 0.8933196 -0.18507902
31473263.48841515 0.02203536 -1.1678809 4.1366863 -0.39546147 -0.16966432 0.8863079 -0.17112143
31503296.73841515 -0.04627824 -1.14956 4.3111997 -0.41408348 -0.1765684 0.8785741 -0.15958121
31533256.48841515 -0.11734414 -1.1416029 4.476539 -0.4326599 -0.18137705 0.8701603 -0.15076111
31563134.73841515 -0.1928345 -1.1374737 4.647103 -0.4511127 -0.18474807 0.86137533 -0.14282183
31592921.48841515 -0.28433263 -1.1283005 4.82481 -0.47063497 -0.18760093 0.8517485 -0.13354097
31622607.48841515 -0.36720777 -1.119925 4.9844933 -0.48991117 -0.19209214 0.84152895 -0.12213444
31652185.73841515 -0.44934344 -1.1201072 5.1453123 -0.50971615 -0.19794913 0.83014905 -0.108895555
31681648.48841515 -0.5399926 -1.1233472 5.3076105 -0.5298189 -0.20429496 0.81762284 -0.09512333
31710990.73841515 -0.6468861 -1.125041 5.481165 -0.549738 -0.21021323 0.8044239 -0.080627486
31740206.48841515 -0.75129485 -1.142347 5.6366243 -0.570149 -0.21596566 0.78975374 -0.06766112
31769296.73841515 -0.85914755 -1.1464409 5.792862 -0.5909441 -0.22139104 0.7738356 -0.054309934
31798263.48841515 -0.96389174 -1.1627371 5.9374447 -0.61093676 -0.22688746 0.75727755 -0.042533938
31827111.48841515 -1.0742903 -1.188896 6.082012 -0.6294497 -0.23416893 0.74027777 -0.030772032
31855849.48841515 -1.194202 -1.2075932 6.2197056 -0.64699906 -0.2416524 0.72295636 -0.018181283
31884489.48841515 -1.3261724 -1.2295101 6.358577 -0.6638094 -0.2506827 0.70462394 -0.0045245327
31913036.48841515 -1.4503527 -1.2557262 6.4878263 -0.6802245 -0.2602189 0.6851855 0.010085577
31941499.48841515 -1.5811348 -1.2759495 6.6123114 -0.6957057 -0.26953587 0.66536677 0.02512126
31969885.48841515 -1.7124729 -1.3030539 6.7255774 -0.7099393 -0.27918133 0.6453783 0.03912594
31998194.73841515 -1.840066 -1.3291572 6.838346 -0.72304404 -0.28815028 0.62581646 0.05030371
32026432.48841515 -1.9856286 -1.3466892 6.9532046 -0.73544115 -0.29367313 0.60801345 0.056587476
32054603.48841515 -2.1217809 -1.369792 7.0502186 -0.7458918 -0.29756734 0.5929329 0.059412234
32082718.48841515 -2.2527218 -1.4002204 7.144955 -0.75672597 -0.29949588 0.57831687 0.056725685
32110789.48841515 -2.3893495 -1.4167328 7.2324233 -0.76665235 -0.3006581 0.5648091 0.05328888
32138826.48841515 -2.5400105 -1.4353492 7.309958 -0.77631897 -0.30101773 0.5518147 0.04709464
32166838.73841515 -2.6809998 -1.4662194 7.3866158 -0.7864002 -0.3010201 0.53774995 0.042268712
32194835.73841515 -2.8264952 -1.4838748 7.4491453 -0.7949545 -0.30299076 0.5239319 0.041706055
32222823.73841515 -2.96764 -1.5000341 7.4988546 -0.8031607 -0.30580798 0.5094002 0.043884896
32250811.48841515 -3.117344 -1.5241339 7.552763 -0.811292 -0.31004536 0.4932879 0.048417374
32278805.48841515 -3.2705202 -1.5494235 7.5989265 -0.8197543 -0.3135203 0.4762467 0.053823404
32306808.48841515 -3.416709 -1.5620376 7.638155 -0.8281129 -0.31636843 0.45904073 0.058496114
32334822.73841515 -3.5655804 -1.5844288 7.668811 -0.83658856 -0.31932965 0.44042942 0.06457654
32362846.73841515 -3.7180176 -1.6075922 7.697106 -0.84545135 -0.3213807 0.42021465 0.073117256
32390869.73841515 -3.8707218 -1.6284877 7.71341 -0.85372114 -0.32407248 0.39843825 0.0859312
32418883.48841515 -4.020772 -1.647402 7.7255564 -0.8606383 -0.326303 0.37729633 0.102350466
32446879.73841515 -4.1717606 -1.6623702 7.7247534 -0.865992 -0.3285582 0.35728568 0.12022568
32474845.73841515 -4.320945 -1.6811347 7.7216024 -0.8696553 -0.33146638 0.33850595 0.13872078
32502774.48841515 -4.460473 -1.6948376 7.7132287 -0.8712468 -0.3344754 0.32266724 0.15792787
32530662.48841515 -4.603799 -1.7091353 7.700317 -0.8714521 -0.33822095 0.30839753 0.17626384
32558503.73841515 -4.7472315 -1.7206666 7.684667 -0.87076813 -0.34165925 0.29615712 0.19319128
32586296.48841515 -4.8844805 -1.7298014 7.6643066 -0.86909723 -0.3451078 0.28560704 0.20976016
32614042.48841515 -5.0214396 -1.7382374 7.634233 -0.8665377 -0.34847516 0.27706054 0.22564335
32641748.73841515 -5.1435614 -1.7381196 7.599354 -0.86323744 -0.3519645 0.2705444 0.24030785
32669418.48841515 -5.2735033 -1.7354503 7.566415 -0.86093783 -0.3539382 0.26672393 0.24974433
32697054.73841515 -5.3918085 -1.7308645 7.510027 -0.85824114 -0.35776517 0.266223 0.25407016
32724659.73841515 -5.513893 -1.7226915 7.4662447 -0.85888964 -0.35706452 0.26868433 0.25024456
32752236.48841515 -5.6511517 -1.6763515 7.417939 -0.86285406 -0.35182557 0.2717853 0.24048801
32779791.48841515 -5.766694 -1.6617999 7.3574624 -0.86540836 -0.34980646 0.27463204 0.23082678
32807329.73841515 -5.868929 -1.6383934 7.292342 -0.86855704 -0.34807453 0.27623537 0.21942396
32834856.48841515 -5.973462 -1.6168334 7.2272654 -0.8723183 -0.3451065 0.27716595 0.20770499
32862377.73841515 -6.0682163 -1.5983126 7.1571126 -0.8757833 -0.34251136 0.2775358 0.19663025
32889898.48841515 -6.1711864 -1.5759265 7.0781326 -0.8794065 -0.33986953 0.27805638 0.18389572
32917426.48841515 -6.2666645 -1.5504398 6.996615 -0.8834359 -0.3368583 0.27814677 0.16941665
32944967.48841515 -6.363166 -1.5255706 6.9083986 -0.88822615 -0.33312777 0.27770093 0.15153365
32972520.48841515 -6.450513 -1.4998033 6.812113 -0.89275473 -0.32991254 0.27558705 0.1349013
33000093.73841515 -6.5438185 -1.4704249 6.709758 -0.8969857 -0.32715443 0.27136564 0.121439
33027683.48841515 -6.63554 -1.440826 6.601315 -0.90085053 -0.32550663 0.26508918 0.110642016
33055289.48841515 -6.724867 -1.4136485 6.4889784 -0.90499336 -0.3238915 0.25697982 0.10021323
33082903.73841515 -6.8191767 -1.3841383 6.3682175 -0.9089713 -0.32257536 0.24858099 0.089015946
33110520.48841515 -6.907072 -1.3533431 6.2409563 -0.9125956 -0.321513 0.24030519 0.07779544
33138136.73841515 -6.9992285 -1.3264699 6.105996 -0.9167413 -0.31942698 0.23155761 0.06271259
33165752.73841515 -7.0938587 -1.2998762 5.9697847 -0.9219018 -0.3146987 0.22172236 0.04359976
33193371.48841515 -7.18987 -1.2751186 5.811042 -0.92615616 -0.30977672 0.21382748 0.02347502
33221003.48841515 -7.279743 -1.2503418 5.64891 -0.92969155 -0.30515316 0.20613386 0.0080092745
33248667.48841515 -7.3784733 -1.2341248 5.4715085 -0.9326166 -0.30188888 0.19768587 -0.0031168403
33276382.73841515 -7.4698153 -1.2159978 5.2944922 -0.9351567 -0.29856095 0.19036354 -0.010250345
33304161.48841515 -7.580431 -1.199101 5.10751 -0.93748814 -0.2954381 0.1832473 -0.015895799
33332009.48841515 -7.6836452 -1.1887611 4.9230027 -0.938775 -0.29337096 0.1794555 -0.020757608
33359926.48841515 -7.789317 -1.1930494 4.7366424 -0.9395813 -0.29201823 0.17672099 -0.026119193
33387913.48841515 -7.9052086 -1.1943514 4.53778 -0.93985367 -0.29126334 0.17559713 -0.03172337
33415969.48841515 -8.0071745 -1.1982157 4.3510423 -0.9396678 -0.29123494 0.17559853 -0.037037995
33444098.48841515 -8.127806 -1.2043489 4.1451902 -0.93974805 -0.29064426 0.17500985 -0.042084556
33472305.48841515 -8.242849 -1.2009794 3.9384854 -0.93975353 -0.28977206 0.17607209 -0.043521225
33500593.73841515 -8.355823 -1.2096179 3.7296207 -0.93985176 -0.29006928 0.17545025 -0.04190213
33528952.48841515 -8.484326 -1.2301415 3.5093403 -0.9397156 -0.2911904 0.17445451 -0.04133237
33557364.48841515 -8.611242 -1.238132 3.2806919 -0.9395888 -0.2918562 0.17481716 -0.037840266
33585791.48841515 -8.727346 -1.2427825 3.0473175 -0.939241 -0.29316112 0.17614497 -0.029257206
33614193.73841515 -8.851115 -1.2514808 2.820535 -0.93908095 -0.2959593 0.17391056 -0.017036049
33642534.48841515 -8.971149 -1.259761 2.5771916 -0.93876904 -0.29884642 0.1714707 -0.0011575978
33670794.48841515 -9.103889 -1.2655131 2.3495283 -0.93837655 -0.30191785 0.16744591 0.016032355
33698966.48841515 -9.231526 -1.2742591 2.1103134 -0.9375679 -0.30486465 0.16453503 0.03085838
33727044.48841515 -9.365479 -1.2740793 1.8654175 -0.9370204 -0.30592987 0.16352189 0.040746
33755027.48841515 -9.497533 -1.269483 1.6259532 -0.93667644 -0.30623522 0.16442713 0.042672627
33782916.48841515 -9.629978 -1.273465 1.3873358 -0.93656796 -0.3066222 0.16537985 0.038378093
33810712.48841515 -9.764377 -1.2600305 1.1255271 -0.9364551 -0.3055863 0.16901566 0.03320719
33838423.48841515 -9.8849 -1.2532082 0.8794379 -0.93649495 -0.30447108 0.17200838 0.02622497
33866065.48841515 -10.0142 -1.23526 0.62024546 -0.9364513 -0.30291903 0.17591213 0.018815134
33893651.48841515 -10.1400385 -1.2151822 0.3689227 -0.9362764 -0.30142316 0.18005396 0.010546794
33921204.48841515 -10.26618 -1.1993113 0.11849451 -0.93627787 -0.2995528 0.18344146 0.0010972553
33948746.73841515 -10.385805 -1.1761348 -0.13839626 -0.93620473 -0.29671928 0.1881935 -0.007850703
33976283.48841515 -10.510713 -1.1490908 -0.39385986 -0.93637335 -0.29331994 0.19203205 -0.01708916
34003819.48841515 -10.636737 -1.1233542 -0.65122986 -0.93657833 -0.28970894 0.19564065 -0.024789764
34031359.73841515 -10.755247 -1.0884671 -0.91825914 -0.9369634 -0.2850684 0.19960926 -0.03149336
34058911.48841515 -10.890566 -1.0573611 -1.1886134 -0.937616 -0.28047788 0.20197563 -0.037607715
34086473.48841515 -11.010305 -1.0302856 -1.4433165 -0.9386373 -0.27579537 0.20279509 -0.042084567
34114041.48841515 -11.13866 -0.9910574 -1.7224455 -0.940061 -0.2705387 0.20360322 -0.040497318
34141615.73841515 -11.266035 -0.955987 -1.9970284 -0.9413083 -0.26687726 0.20328672 -0.037279356
34169198.48841515 -11.408015 -0.9153669 -2.282174 -0.94341093 -0.26199478 0.20079353 -0.03188289
34196792.48841515 -11.533937 -0.88416386 -2.5634565 -0.9455366 -0.25673878 0.19852339 -0.025184456
34224406.48841515 -11.664214 -0.84710026 -2.85001 -0.94828975 -0.25053802 0.19382949 -0.020187521
34252045.73841515 -11.78767 -0.81724644 -3.1261673 -0.9514784 -0.24440016 0.18633984 -0.0153258825
34279719.48841515 -11.924707 -0.78631616 -3.4136963 -0.955092 -0.23735073 0.17698376 -0.011865308
34307446.48841515 -12.0557785 -0.761709 -3.6972828 -0.9590712 -0.22965969 0.16535556 -0.009817614
34335239.73841515 -12.186854 -0.751946 -3.9728956 -0.9631301 -0.22121197 0.1528614 -0.0088912975
34363105.48841515 -12.31194 -0.745785 -4.256963 -0.9672227 -0.21208337 0.13954993 -0.0051677865
34391039.48841515 -12.42489 -0.7367704 -4.54292 -0.9711457 -0.20370091 0.12400138 0.0023877283
34419013.48841515 -12.527536 -0.7232821 -4.810833 -0.97449064 -0.19566849 0.10942492 0.010398779
34446981.73841515 -12.667947 -0.7184253 -5.0961304 -0.9775102 -0.18809512 0.093393795 0.019277504
34474898.48841515 -12.768593 -0.72813535 -5.3683653 -0.97978264 -0.18172741 0.078630656 0.028605765
34502737.48841515 -12.903726 -0.7280959 -5.661687 -0.9817554 -0.1751914 0.062536284 0.039416663
34530480.73841515 -13.006068 -0.740507 -5.948447 -0.9831431 -0.1701033 0.046145055 0.048633583
34558116.73841515 -13.11996 -0.75291926 -6.234253 -0.98411053 -0.1659757 0.029626342 0.055685554
34585648.48841515 -13.234377 -0.7901554 -6.5189857 -0.98436284 -0.16451842 0.013711412 0.06144553
34613084.48841515 -13.34968 -0.8354449 -6.7970514 -0.9839103 -0.16540137 -0.002481063 0.06750363
34640430.73841515 -13.469725 -0.8836418 -7.083555 -0.9828318 -0.16658868 -0.019307995 0.07692312
34667675.48841515 -13.58141 -0.9260155 -7.377203 -0.9811169 -0.16718458 -0.03701589 0.08993825
34694806.48841515 -13.672874 -0.96082455 -7.6823936 -0.97873044 -0.16561094 -0.054659564 0.108037636
34721833.48841515 -13.770155 -1.0004046 -7.976259 -0.97563344 -0.16200785 -0.07298413 0.12870976
34748790.48841515 -13.875208 -1.0342826 -8.277634 -0.9718526 -0.15598056 -0.09290087 0.15014018
34775711.48841515 -13.968328 -1.0677128 -8.581621 -0.967619 -0.14752115 -0.112149574 0.17138745
34802630.73841515 -14.057869 -1.1138039 -8.876384 -0.96293116 -0.13882458 -0.1314556 0.19029142
34829579.48841515 -14.133484 -1.158854 -9.164098 -0.9579234 -0.12972282 -0.14967738 0.2077295
34856581.73841515 -14.207596 -1.2069039 -9.454478 -0.9523221 -0.12066982 -0.16813017 0.22417332
34883659.48841515 -14.275253 -1.255374 -9.739818 -0.9454974 -0.110579565 -0.18633005 0.24308024
34910833.48841515 -14.341801 -1.3141217 -10.024598 -0.93647385 -0.10015955 -0.20563994 0.26588917
34938062.73841515 -14.401506 -1.3662157 -10.319679 -0.92397004 -0.08767478 -0.2262903 0.29560998
34965416.73841515 -14.445999 -1.4120293 -10.610878 -0.907777 -0.07226482 -0.2476201 0.33076113
34992973.48841515 -14.490332 -1.4686832 -10.888737 -0.8879181 -0.055679563 -0.271079 0.36744726
35020683.48841515 -14.522176 -1.5160961 -11.167338 -0.8662305 -0.036891516 -0.29407242 0.40225014
35048540.48841515 -14.550418 -1.5793991 -11.438553 -0.84278744 -0.018327242 -0.31711233 0.43452647
35076540.48841515 -14.566422 -1.632988 -11.703206 -0.81864893 -0.0011417506 -0.34059057 0.4623967
35104685.48841515 -14.561247 -1.6732464 -11.961167 -0.793324 0.014895306 -0.36393848 0.4878155
35132978.73841515 -14.5494995 -1.7207966 -12.213295 -0.7657099 0.029400583 -0.3893592 0.5111002
35161426.48841515 -14.528295 -1.7738647 -12.451459 -0.7377051 0.041327436 -0.4166487 0.5296103
35190036.48841515 -14.501328 -1.8182945 -12.680111 -0.7096332 0.05021638 -0.44614106 0.54300773
35218814.48841515 -14.455473 -1.8532753 -12.887303 -0.6809179 0.056149695 -0.47753832 0.5524086
35247764.48841515 -14.402998 -1.9032011 -13.097816 -0.6518715 0.060427934 -0.5111908 0.5568628
35276888.48841515 -14.347003 -1.9312124 -13.289993 -0.62552243 0.061710704 -0.542011 0.557797
35306180.48841515 -14.277679 -1.959178 -13.473621 -0.60306245 0.054415148 -0.570021 0.55536544
35335632.48841515 -14.207818 -1.9819088 -13.652591 -0.58317935 0.039460957 -0.596282 0.55026585
35365239.73841515 -14.115516 -2.028985 -13.807495 -0.56202394 0.023167983 -0.6247713 0.5415286
35394996.73841515 -14.024498 -2.0582418 -13.956433 -0.54211193 0.011986589 -0.6567982 0.5240108
35424901.48841515 -13.922346 -2.0758696 -14.096394 -0.52182066 0.0049214466 -0.688402 0.50376743
35454957.48841515 -13.813646 -2.093873 -14.226835 -0.505185 -0.0023897632 -0.7186334 0.47785822
35485161.48841515 -13.695024 -2.104618 -14.341956 -0.4935086 -0.009910476 -0.7482608 0.44323444
35515504.48841515 -13.574124 -2.1257997 -14.441614 -0.48205322 -0.01525735 -0.77629226 0.40590918
35545976.73841515 -13.446716 -2.1542733 -14.524323 -0.4691777 -0.014801639 -0.7988342 0.37618768
35576559.48841515 -13.305572 -2.1807396 -14.605003 -0.45672557 -0.0137727605 -0.8169373 0.3518885
35607245.73841515 -13.173162 -2.2175574 -14.670511 -0.44390258 -0.013193268 -0.8308635 0.33532444
35638031.48841515 -13.03605 -2.2899284 -14.740013 -0.4298748 -0.013164754 -0.8406189 0.32923272
35668922.73841515 -12.890884 -2.3166494 -14.782716 -0.41836867 -0.011495516 -0.8481905 0.32466677
35699932.48841515 -12.7324095 -2.3776932 -14.829562 -0.40540606 -0.006607838 -0.8544981 0.32470807
35731073.73841515 -12.5871105 -2.419159 -14.870364 -0.39251563 0.0016602926 -0.8592287 0.328108
35762353.73841515 -12.433652 -2.4448402 -14.895842 -0.37926263 0.016519535 -0.8613475 0.3375909
35793783.73841515 -12.2843 -2.4837515 -14.913562 -0.36653033 0.032178875 -0.8623896 0.34771273
35825369.48841515 -12.135405 -2.5142205 -14.935369 -0.35387775 0.051512077 -0.862554 0.35793528
35857119.48841515 -11.995133 -2.5485258 -14.952846 -0.34141105 0.071555324 -0.86250985 0.36659956
35889041.73841515 -11.841003 -2.587217 -14.967596 -0.33083928 0.09107893 -0.8621648 0.37272236
35921143.48841515 -11.699837 -2.593411 -14.968313 -0.32363558 0.109949104 -0.86053485 0.3776918
35953421.48841515 -11.549075 -2.6152205 -14.966547 -0.31765816 0.12533881 -0.85860366 0.38233924
35985869.73841515 -11.376281 -2.6139994 -14.973898 -0.3125522 0.13708942 -0.85849404 0.38276055
36018475.48841515 -11.226793 -2.6370018 -14.9709015 -0.3090261 0.1440709 -0.8590672 0.3817722
36051234.48841515 -11.092915 -2.644528 -14.9517565 -0.3058895 0.15013479 -0.8605023 0.37871772
36084137.73841515 -10.940194 -2.6587908 -14.932592 -0.30170387 0.15678217 -0.8618037 0.37641546
36117176.48841515 -10.799562 -2.643029 -14.909752 -0.29734945 0.16484949 -0.8628701 0.3739829
36150344.48841515 -10.681789 -2.611632 -14.871475 -0.29482082 0.17279348 -0.8625032 0.37324455
36183632.73841515 -10.531142 -2.599251 -14.856239 -0.29042527 0.17546415 -0.86334276 0.37350348
36217038.73841515 -10.33891 -2.5754786 -14.805141 -0.28585652 0.1675049 -0.86578196 0.37503308
36250557.73841515 -10.199601 -2.539048 -14.752647 -0.28259277 0.16402148 -0.86756414 0.37492785
36284189.48841515 -10.070511 -2.512889 -14.70179 -0.2765288 0.15706024 -0.87083 0.37485886
36317932.48841515 -9.922016 -2.4424992 -14.659044 -0.26768175 0.14758246 -0.87556446 0.37410274
36351787.48841515 -9.8045225 -2.3983867 -14.590881 -0.2555357 0.13549826 -0.8810606 0.37426466
36385753.73841515 -9.695659 -2.355167 -14.525987 -0.24216434 0.11746912 -0.8875838 0.37383485
36419827.48841515 -9.553237 -2.2936227 -14.449911 -0.23048393 0.09318021 -0.8947612 0.3709407
36454007.73841515 -9.4152 -2.2415326 -14.361034 -0.21973783 0.06306342 -0.90180475 0.36672395
36488286.48841515 -9.279918 -2.1785083 -14.272585 -0.2092786 0.03062788 -0.90797573 0.3617244
36522653.48841515 -9.160253 -2.0858247 -14.171017 -0.20125219 0.0014276964 -0.9126905 0.3556565
36557097.73841515 -9.032426 -1.9946837 -14.05007 -0.19271289 -0.020264857 -0.916274 0.3505611
36591604.48841515 -8.9038925 -1.9251665 -13.921982 -0.18265499 -0.027960144 -0.918965 0.34836587
36626161.48841515 -8.756961 -1.8535916 -13.789236 -0.17335838 -0.030179564 -0.9210789 0.34734666
36660751.48841515 -8.644063 -1.7920141 -13.660753 -0.16862738 -0.024912992 -0.9219512 0.34777895
36695361.73841515 -8.509821 -1.7291068 -13.546002 -0.16231772 -0.020804394 -0.92302364 0.34820622
36729978.48841515 -8.364985 -1.6535162 -13.384762 -0.15722458 -0.011220356 -0.9235961 0.34946382
36764596.48841515 -8.227633 -1.5881932 -13.233437 -0.15080746 0.0012969965 -0.92390835 0.35163754
36799214.48841515 -8.073838 -1.5077306 -13.074313 -0.14478087 0.016968941 -0.9242923 0.3527525
36833832.48841515 -7.9326596 -1.4269097 -12.902319 -0.14090264 0.030017627 -0.9249221 0.3518019
36868453.48841515 -7.7696915 -1.3323878 -12.714142 -0.13935274 0.034811493 -0.9265193 0.34775144
36903086.73841515 -7.66428 -1.282154 -12.553061 -0.14071698 0.036170755 -0.92679065 0.3463373
36937736.48841515 -7.5251856 -1.2018126 -12.3557625 -0.14174081 0.040720955 -0.9277307 0.34288076
36972401.73841515 -7.380366 -1.1491933 -12.170695 -0.14000694 0.05178531 -0.9277936 0.3419289
37007087.48841515 -7.23481 -1.0780728 -11.9665785 -0.13724883 0.070884 -0.9267551 0.34243727
37041796.73841515 -7.110569 -1.0083777 -11.753365 -0.13508485 0.09113779 -0.92453605 0.34449843
37076526.73841515 -6.97712 -0.9343606 -11.549509 -0.13320929 0.10732655 -0.9224484 0.34615794
37111268.48841515 -6.8243055 -0.86032116 -11.294912 -0.13474658 0.11153946 -0.9215951 0.34650382
37146008.48841515 -6.709082 -0.7792221 -11.064717 -0.14038412 0.10648998 -0.9228848 0.34239712
37180739.73841515 -6.5584106 -0.7008499 -10.788837 -0.1446988 0.093229495 -0.92492855 0.33893636
37215456.48841515 -6.4359794 -0.6585408 -10.55227 -0.14603747 0.07730392 -0.9276176 0.33499667
37250158.48841515 -6.3127856 -0.5893227 -10.258842 -0.14320165 0.0697392 -0.9321252 0.32522663
37284852.48841515 -6.1959043 -0.5470046 -9.976147 -0.13843259 0.06846867 -0.93607605 0.3160856
37319542.73841515 -6.078989 -0.5062436 -9.680602 -0.13105766 0.0713046 -0.93902344 0.30979759
37354223.48841515 -5.961835 -0.46777648 -9.369188 -0.12114629 0.07309872 -0.9417501 0.30510142
37388885.48841515 -5.854687 -0.43675843 -9.048971 -0.11120797 0.07863445 -0.9440189 0.3004625
37423527.48841515 -5.751726 -0.41744366 -8.729421 -0.1013414 0.08432378 -0.94574964 0.29694647
37458153.48841515 -5.6480184 -0.40310562 -8.399451 -0.09114505 0.08631056 -0.94819176 0.29184842
37492787.48841515 -5.557443 -0.40653628 -8.078879 -0.080955274 0.08459442 -0.95132935 0.28506598
37527413.48841515 -5.4557457 -0.3944906 -7.7111354 -0.0716247 0.07975079 -0.9546946 0.27761102
37561936.73841515 -5.374955 -0.38762563 -7.330319 -0.06181581 0.0711908 -0.95793825 0.27104437
37596247.73841515 -5.282768 -0.3791815 -6.9832144 -0.047638692 0.053024307 -0.96098554 0.2672562
37630254.48841515 -5.21251 -0.40225327 -6.6429486 -0.031618938 0.027185565 -0.9630864 0.26594323
37663886.48841515 -5.135774 -0.44655162 -6.335531 -0.014184706 0.002653083 -0.9648091 0.26255524
37697127.48841515 -5.0416403 -0.48560682 -6.0067077 0.0025713267 -0.009529424 -0.9664927 0.2565044
37730024.48841515 -4.962569 -0.5125421 -5.671297 0.0193167 -0.011157037 -0.9686595 0.24738868
37762644.48841515 -4.893124 -0.5398454 -5.3260603 0.034316037 -0.010292417 -0.97018915 0.23968619
37795012.48841515 -4.821789 -0.5579208 -4.9639125 0.045798913 -0.008429765 -0.97083235 0.23519374
37827118.73841515 -4.7529345 -0.60471094 -4.642027 0.05544068 -0.0012308657 -0.9702626 0.23561722
37858939.73841515 -4.6925273 -0.64434254 -4.306209 0.064175695 0.0082961945 -0.96913344 0.23789299
37890453.48841515 -4.6296616 -0.6802423 -3.976128 0.072679445 0.01663696 -0.96787554 0.24012078
37921673.48841515 -4.5695124 -0.71894497 -3.6312973 0.08048762 0.02393753 -0.9667703 0.24146235
37952634.48841515 -4.507205 -0.7530801 -3.2837305 0.08828883 0.031572137 -0.9660143 0.24088295
37983384.48841515 -4.4488754 -0.7859813 -2.9373097 0.095620625 0.038881984 -0.9656328 0.23853347
38013959.73841515 -4.392872 -0.82434565 -2.61968 0.10434143 0.04715708 -0.96521527 0.23505026
38044383.48841515 -4.348582 -0.84071213 -2.2892766 0.11337807 0.05935985 -0.96484107 0.22957265
38074666.48841515 -4.2830544 -0.8540901 -1.9499377 0.12416592 0.07467512 -0.96379256 0.22385341
38104809.48841515 -4.234634 -0.8706022 -1.6311977 0.13601801 0.0925971 -0.96192783 0.21821983
38134816.73841515 -4.187749 -0.88380665 -1.3225238 0.15065737 0.113345005 -0.95890296 0.21203886
38164689.48841515 -4.1350465 -0.89251214 -0.9841454 0.16902679 0.13756628 -0.9545244 0.20344193
38194440.48841515 -4.097432 -0.9058261 -0.6365827 0.1893841 0.16472128 -0.9487061 0.19224295
38224084.73841515 -4.071397 -0.90548205 -0.29191858 0.21165669 0.19378106 -0.9413546 0.17748782
38253636.48841515 -4.046978 -0.9093235 0.04860252 0.23612195 0.22366087 -0.931953 0.16026789
38283104.73841515 -4.0142756 -0.90760803 0.37535918 0.26148376 0.2567882 -0.9197225 0.14070028
38312481.73841515 -3.9863563 -0.90432584 0.69852054 0.2878818 0.29571047 -0.9032247 0.11774848
38341769.73841515 -3.9832244 -0.9123912 1.0067122 0.31592906 0.33777672 -0.8816339 0.09390096
38370968.48841515 -3.980334 -0.91179085 1.3210152 0.34705126 0.37701836 -0.8560008 0.0683758
38400085.73841515 -3.999049 -0.91913223 1.629651 0.37809098 0.41143477 -0.828225 0.042568143
38429126.48841515 -4.0255136 -0.93481135 1.9239573 0.40961468 0.4399655 -0.79896754 0.01723672
38458090.48841515 -4.047796 -0.94787025 2.2229967 0.44266212 0.4597958 -0.76981264 -0.0051547876
38486974.48841515 -4.0799084 -0.95806956 2.5080354 0.47606093 0.47515842 -0.7395765 -0.024840612
38515776.73841515 -4.12119 -0.9756055 2.771887 0.5111846 0.48652807 -0.70730424 -0.041250613
38544493.73841515 -4.175965 -0.9817858 3.023194 0.5480154 0.48991752 -0.6757443 -0.055041447
38573124.73841515 -4.240303 -0.998369 3.2615943 0.58441263 0.4893722 -0.6440233 -0.06489095
38601676.48841515 -4.303413 -1.0092022 3.5045671 0.62003875 0.48556724 -0.611733 -0.07456033
38630164.73841515 -4.3757787 -1.0140294 3.7310135 0.64923626 0.48352924 -0.5813757 -0.08181736
38658609.73841515 -4.4555597 -1.0163996 3.9365244 0.6719909 0.48120663 -0.5570408 -0.081080616
38687027.73841515 -4.5420227 -1.0182182 4.128953 0.691934 0.4776254 -0.5362155 -0.07466098
38715432.73841515 -4.6273556 -1.0225856 4.3079963 0.7129232 0.4712562 -0.514973 -0.06679076
38743836.73841515 -4.7207265 -1.024831 4.4716396 0.73397046 0.4651777 -0.49090174 -0.06255033
38772253.48841515 -4.815173 -1.0249175 4.6248884 0.7539386 0.4590208 -0.46552724 -0.06450551
38800691.48841515 -4.907368 -1.0337725 4.7608757 0.7725332 0.45281193 -0.4392626 -0.072127126
38829158.48841515 -4.998349 -1.0325644 4.888375 0.7912078 0.44510752 -0.4103308 -0.086591676
38857650.48841515 -5.098577 -1.0451021 5.002807 0.8076235 0.43935332 -0.37940496 -0.10375369
38886163.48841515 -5.196666 -1.0518093 5.115818 0.8221882 0.43198258 -0.34984455 -0.12250066
38914688.48841515 -5.303677 -1.0577747 5.2228007 0.8340568 0.42625484 -0.32205588 -0.13760889
38943212.48841515 -5.3997235 -1.0620979 5.3114634 0.8421682 0.42486256 -0.29657793 -0.14928555
38971722.48841515 -5.494981 -1.065963 5.3900385 0.84969497 0.4229025 -0.27216277 -0.15842824
39000210.48841515 -5.598265 -1.0786986 5.4754934 0.8572021 0.42078644 -0.24379848 -0.1694275
39028669.48841515 -5.694459 -1.0856721 5.53846 0.86306167 0.417803 -0.2172836 -0.18262862
39057101.48841515 -5.7901635 -1.0868943 5.5923295 0.8683857 0.4133451 -0.19138113 -0.19602427
39085504.48841515 -5.8758984 -1.0858431 5.6334677 0.87206876 0.41072616 -0.17154017 -0.20340657
39113876.48841515 -5.971167 -1.0782537 5.6747923 0.8779287 0.40726018 -0.15921713 -0.19501388
39142217.73841515 -6.073719 -1.0936317 5.7239995 0.8836602 0.4044338 -0.15280479 -0.17952348
39170524.48841515 -6.1578274 -1.0984116 5.7477007 0.88814193 0.4021702 -0.1514113 -0.16290389
39198795.48841515 -6.237583 -1.0985599 5.753908 0.8916052 0.4001686 -0.15421198 -0.14534086
39227027.73841515 -6.3159285 -1.0997953 5.7564325 0.89502245 0.3969621 -0.15957081 -0.12606794
39255217.48841515 -6.389717 -1.1005812 5.7470174 0.89847976 0.39260805 -0.16572413 -0.10549226
39283367.73841515 -6.4648952 -1.0993867 5.729066 0.90133333 0.38756815 -0.17091219 -0.090433456
39311478.73841515 -6.5240736 -1.1213009 5.6963396 0.90205514 0.38434315 -0.17574157 -0.087702766
39339553.48841515 -6.602515 -1.1258578 5.658942 0.9040979 0.3793967 -0.17984368 -0.07950754
39367607.48841515 -6.678318 -1.1284633 5.6235666 0.90592265 0.37410742 -0.18486513 -0.07192205
39395627.48841515 -6.752781 -1.1322403 5.576476 0.90666527 0.37094703 -0.19020307 -0.064647526
39423591.73841515 -6.8269796 -1.1359982 5.521948 0.9067073 0.36995983 -0.19372852 -0.05900039
39451510.73841515 -6.8995075 -1.141081 5.4525685 0.90633684 0.3700081 -0.19532861 -0.059112985
39479387.48841515 -6.9788923 -1.1424981 5.3900194 0.90690124 0.36841327 -0.19505335 -0.061286777
39507224.48841515 -7.051216 -1.1472921 5.318215 0.906708 0.3683544 -0.19556351 -0.06285356
39535020.48841515 -7.1313505 -1.1546547 5.2388687 0.9068786 0.36776054 -0.19513673 -0.06515452
39562777.48841515 -7.2043514 -1.1584622 5.1557055 0.9069119 0.36647683 -0.1970875 -0.066045865
39590493.73841515 -7.281187 -1.1631835 5.0596695 0.9064452 0.36657575 -0.19873239 -0.06696912
39618171.73841515 -7.361084 -1.1697417 4.969617 0.9069867 0.36547932 -0.19862978 -0.06592639
39645817.48841515 -7.4322605 -1.1706367 4.870026 0.9068466 0.3644948 -0.20127076 -0.06529196
39673436.73841515 -7.504012 -1.1713738 4.760745 0.9064983 0.36385182 -0.20440945 -0.06394855
39701037.73841515 -7.57979 -1.1736832 4.657236 0.9064138 0.36313012 -0.20713207 -0.060390554
39728626.48841515 -7.656087 -1.1740671 4.543624 0.9063436 0.3618927 -0.21090077 -0.055641625
39756215.48841515 -7.7292204 -1.1640496 4.4271607 0.90666044 0.3595638 -0.21425276 -0.052693367
39783814.73841515 -7.8038683 -1.1584122 4.310423 0.90693516 0.35798255 -0.21621858 -0.050662793
39811432.48841515 -7.8763075 -1.1503084 4.189702 0.90733695 0.35636625 -0.21703765 -0.051355615
39839077.48841515 -7.9518375 -1.1401725 4.069488 0.90809625 0.35448268 -0.2164779 -0.053296816
39866754.48841515 -8.029764 -1.1320357 3.943071 0.90781736 0.35558966 -0.21544705 -0.054829
39894461.73841515 -8.107174 -1.1163071 3.818478 0.90865874 0.35389948 -0.21441087 -0.05587922
39922193.48841515 -8.184264 -1.1057909 3.6813138 0.90816355 0.35510626 -0.2147897 -0.05480776
39949940.73841515 -8.255254 -1.0798414 3.5482116 0.909052 0.35333133 -0.21432774 -0.053339064
39977698.48841515 -8.342826 -1.0496774 3.4025216 0.910341 0.35166013 -0.2135465 -0.044858404
40005472.73841515 -8.418387 -1.0193348 3.259934 0.9121477 0.3483274 -0.21338296 -0.033502426
40033269.73841515 -8.494358 -0.9877493 3.1077013 0.9144307 0.34355882 -0.2130346 -0.020004826
40061100.48841515 -8.563638 -0.9626894 2.9544585 0.9162 0.33996445 -0.21196848 -0.008434943
40088977.48841515 -8.636623 -0.9365672 2.7936902 0.9184902 0.33559978 -0.20916173 0.00020352165
40116909.48841515 -8.7126875 -0.9143312 2.634201 0.920966 0.3315947 -0.20453376 0.005711663
40144905.48841515 -8.788514 -0.891217 2.4688761 0.92323655 0.32834688 -0.1993999 0.007894417
40172974.48841515 -8.870892 -0.8632474 2.2943754 0.92516726 0.32590026 -0.19444153 0.0068681603
40201124.73841515 -8.958962 -0.84451133 2.110201 0.92654884 0.32404763 -0.1909509 0.0061755497
40229356.48841515 -9.03985 -0.8195927 1.9104838 0.9278016 0.3207244 -0.190524 0.004549301
40257673.48841515 -9.132047 -0.80971634 1.7270377 0.92924696 0.3179504 -0.18806164 0.0063662897
40286070.48841515 -9.221894 -0.7906648 1.5357957 0.9305587 0.31409732 -0.18797976 0.008188781
40314538.48841515 -9.318056 -0.7801763 1.3463917 0.93157583 0.31090516 -0.18788254 0.014306102
40343051.73841515 -9.407165 -0.76882327 1.1496234 0.93212694 0.3073264 -0.19028005 0.021987632
40371574.73841515 -9.500513 -0.75221586 0.9424429 0.9326037 0.303282 -0.19300292 0.031941857
40400067.48841515 -9.595042 -0.73546433 0.746809 0.93322796 0.29812202 -0.19615377 0.04162465
40428498.48841515 -9.688314 -0.714411 0.5315852 0.934202 0.29162246 -0.19940975 0.049586628
40456847.73841515 -9.783623 -0.6981361 0.3210988 0.935226 0.28526232 -0.20177166 0.057148557
40485106.48841515 -9.869551 -0.6841798 0.12057972 0.93567675 0.2803582 -0.20472126 0.06322625
40513274.73841515 -9.966284 -0.6724186 -0.08768511 0.93605137 0.2777441 -0.20586677 0.065459095
40541347.48841515 -10.067146 -0.6535258 -0.29542398 0.9368366 0.27451512 -0.20664337 0.06540032
40569326.73841515 -10.157115 -0.62996674 -0.50154686 0.9375349 0.2718101 -0.20774813 0.06315314
40597218.48841515 -10.265867 -0.6093619 -0.71862555 0.9379409 0.2709082 -0.20788236 0.060502894
40625035.48841515 -10.363764 -0.5891247 -0.9313898 0.9382835 0.27001637 -0.20815848 0.058184613
40652791.48841515 -10.472094 -0.5794821 -1.1516876 0.93861496 0.26858747 -0.2085956 0.05788579
40680511.48841515 -10.591255 -0.55709004 -1.3815746 0.9393977 0.26483724 -0.2098698 0.057861224
40708218.48841515 -10.701784 -0.5385668 -1.6102381 0.93993914 0.25992462 -0.21253896 0.06148894
40735915.73841515 -10.813131 -0.52517796 -1.8362103 0.9403337 0.25414425 -0.21564531 0.06841375
40763612.48841515 -10.923876 -0.50573015 -2.0644379 0.9410413 0.24599819 -0.21952608 0.07572665
40791317.48841515 -11.039402 -0.49619818 -2.2961102 0.9415949 0.23696277 -0.2236014 0.085148245
40819035.48841515 -11.15625 -0.48116255 -2.5288477 0.94229424 0.22668411 -0.22728196 0.09507294
40846765.48841515 -11.278185 -0.47382116 -2.7578077 0.9432284 0.21689898 -0.22937928 0.10324806
40874509.48841515 -11.404047 -0.46521044 -2.9871464 0.94487053 0.20910339 -0.22926341 0.10456477
40902270.48841515 -11.527225 -0.45820665 -3.2181416 0.9472791 0.20332773 -0.22703737 0.0988646
40930046.48841515 -11.658823 -0.44625235 -3.4661446 0.9502273 0.19814754 -0.22314714 0.089503765
40957844.48841515 -11.7918 -0.43648052 -3.704442 0.95394665 0.19278608 -0.21676438 0.07637133
40985672.48841515 -11.916897 -0.43391752 -3.9354734 0.95769006 0.18801755 -0.21009329 0.05779338
41013544.48841515 -12.045484 -0.437531 -4.1689253 0.9617194 0.1832825 -0.20059119 0.035590447
41041475.48841515 -12.172266 -0.45524955 -4.3918753 0.9652507 0.17893712 -0.19012386 0.011208907
41069437.48841515 -12.302624 -0.47428155 -4.6194706 0.9681553 0.17547952 -0.17789975 -0.015295922
41097455.48841515 -12.404802 -0.48402143 -4.8417873 0.9701853 0.17311637 -0.16457914 -0.04104797
41125530.48841515 -12.527763 -0.50344956 -5.0701714 0.9713109 0.1726715 -0.15108699 -0.06254995
41153576.73841515 -12.648127 -0.5328113 -5.302828 0.9718155 0.17324838 -0.13793261 -0.0808344
41181541.73841515 -12.764995 -0.5596312 -5.535796 0.9720772 0.17398773 -0.12403587 -0.097001724
41209396.48841515 -12.865586 -0.58641136 -5.766739 0.97214806 0.17544103 -0.11054639 -0.10921614
41237125.73841515 -12.978402 -0.61257726 -6.0061035 0.97217894 0.17744946 -0.09551312 -0.11940341
41264724.48841515 -13.089597 -0.6504668 -6.236951 0.9717597 0.18013105 -0.07993591 -0.12979348
41292202.48841515 -13.186215 -0.67400074 -6.474723 0.97091436 0.18122809 -0.0646676 -0.14247756
41319575.48841515 -13.292864 -0.7155824 -6.705803 0.96946037 0.18224207 -0.047464374 -0.15710388
41346850.73841515 -13.388404 -0.72888637 -6.947418 0.96758103 0.1803081 -0.029238215 -0.17441636
41374020.48841515 -13.482274 -0.76180935 -7.184822 0.9648355 0.1777026 -0.008784228 -0.19348662
41401078.48841515 -13.577653 -0.7881577 -7.4259653 0.9611892 0.17332521 0.012765684 -0.21426824
41428035.48841515 -13.665946 -0.8208673 -7.6630535 0.9567177 0.1680842 0.03353374 -0.23519017
41454920.48841515 -13.746455 -0.84840775 -7.8971467 0.9514729 0.16032645 0.054411314 -0.25697148
41481764.48841515 -13.827742 -0.8796463 -8.13357 0.9458396 0.15074018 0.07633829 -0.2771956
41508593.48841515 -13.904687 -0.9233136 -8.373739 0.93879616 0.14064942 0.09907433 -0.2984357
41535439.48841515 -13.970929 -0.97698593 -8.608941 0.9309789 0.12921886 0.12204237 -0.31888318
41562329.48841515 -14.023867 -1.0216312 -8.844719 0.9223128 0.115286075 0.1449684 -0.3391642
41589289.73841515 -14.064593 -1.066576 -9.0645685 0.9130764 0.10034419 0.16706902 -0.35820457
41616342.48841515 -14.099442 -1.1197252 -9.292154 0.90275306 0.08514483 0.1896751 -0.37657756
41643510.48841515 -14.123827 -1.1783867 -9.510889 0.89140564 0.07006448 0.21159802 -0.39460522
41670806.73841515 -14.137914 -1.2337179 -9.728794 0.87911123 0.054944154 0.23285235 -0.41221893
41698237.73841515 -14.146006 -1.2972631 -9.939362 0.86634713 0.0405167 0.2539712 -0.42813513
41725806.48841515 -14.144072 -1.3551912 -10.147155 0.8529035 0.02588211 0.27508113 -0.44296297
41753518.48841515 -14.129594 -1.4247341 -10.35103 0.8383864 0.011298762 0.29665053 -0.4571423
41781374.73841515 -14.108307 -1.4988279 -10.548902 0.82187706 -0.004760005 0.31990972 -0.47133127
41809382.73841515 -14.070869 -1.5614176 -10.746155 0.80368316 -0.02182122 0.34291267 -0.48582742
41837552.48841515 -14.025728 -1.6251335 -10.930859 0.78493446 -0.037592188 0.366533 -0.49811485
41865893.48841515 -13.976366 -1.6959686 -11.111749 0.76693064 -0.04883608 0.393136 -0.50485295
41894415.73841515 -13.921569 -1.7617645 -11.284431 0.75231844 -0.051196083 0.4213205 -0.50386995
41923128.48841515 -13.858217 -1.830555 -11.455458 0.73911 -0.046060655 0.44985905 -0.49922106
41952039.48841515 -13.784374 -1.8897352 -11.612387 0.7259387 -0.038759172 0.47784927 -0.49312365
41981153.48841515 -13.706196 -1.9579 -11.770282 0.71142477 -0.0326593 0.50416446 -0.48849413
42010477.48841515 -13.6299095 -2.0110416 -11.926093 0.6948639 -0.028122943 0.52934325 -0.48597232
42040014.48841515 -13.57 -2.0897808 -12.092205 0.6741684 -0.02153789 0.5514879 -0.4908097
42069769.73841515 -13.494078 -2.1362314 -12.252341 0.6517667 -0.014337461 0.5703677 -0.4996752
42099745.48841515 -13.400472 -2.1860542 -12.4033785 0.6265257 -0.0063188192 0.5845251 -0.51551545
42129947.73841515 -13.309986 -2.2187319 -12.547346 0.6013242 0.0010305033 0.59829146 -0.52958053
42160386.48841515 -13.208368 -2.2687073 -12.688601 0.5747933 0.010209849 0.6127494 -0.5422607
42191071.48841515 -13.106599 -2.2993126 -12.823355 0.55023366 0.020643715 0.6279393 -0.55000824
42222020.73841515 -12.994919 -2.322754 -12.947656 0.52591074 0.03049805 0.6438576 -0.5549192
42253253.73841515 -12.885176 -2.3304968 -13.073298 0.50114006 0.037151728 0.66104984 -0.5572178
42284792.73841515 -12.78512 -2.3242664 -13.197753 0.47376248 0.037412595 0.68077564 -0.5573993
42316656.48841515 -12.677818 -2.319458 -13.310087 0.44027618 0.026805129 0.7005523 -0.56095004
42348861.73841515 -12.566509 -2.3090725 -13.429929 0.4008193 0.01015227 0.7208562 -0.56533813
42381421.48841515 -12.448766 -2.3000221 -13.532793 0.35707918 -0.010356819 0.7391865 -0.57095575
42414344.48841515 -12.334646 -2.279286 -13.631846 0.3131322 -0.028939286 0.7548967 -0.575536
42447628.48841515 -12.203042 -2.2696414 -13.744055 0.27244067 -0.036663827 0.7718768 -0.5732695
42481271.48841515 -12.084871 -2.2456217 -13.821589 0.24080318 -0.03501376 0.78589505 -0.56846887
42515275.48841515 -11.943986 -2.236868 -13.908456 0.21259707 -0.025625614 0.8062751 -0.55142206
42549640.73841515 -11.825513 -2.1937785 -13.966366 0.18696454 -0.022043474 0.82512903 -0.53265417
42584360.48841515 -11.707071 -2.137039 -14.017428 0.16037412 -0.023438595 0.8418862 -0.5147412
42619414.48841515 -11.5906105 -2.0857623 -14.057171 0.13612102 -0.026377609 0.8543374 -0.5008822
42654770.73841515 -11.448935 -2.0446308 -14.09346 0.11393515 -0.03344551 0.86487615 -0.48773918
42690389.73841515 -11.315817 -2.0007532 -14.112139 0.09559008 -0.043621954 0.8730803 -0.47612026
42726233.48841515 -11.189057 -1.9402735 -14.11282 0.08351213 -0.05463362 0.8806267 -0.463182
42762272.48841515 -11.055084 -1.8986403 -14.101112 0.07460976 -0.06098643 0.8866355 -0.45231804
42798475.48841515 -10.933985 -1.8424373 -14.079422 0.07196437 -0.066228114 0.8926627 -0.43998668
42834812.73841515 -10.788709 -1.7921317 -14.057573 0.06743202 -0.072478384 0.8995565 -0.42543852
42871245.73841515 -10.693372 -1.7401539 -13.9909935 0.07237131 -0.08194612 0.90420175 -0.41287586
42907737.48841515 -10.57551 -1.6902537 -13.9269285 0.07931806 -0.0856824 0.9079697 -0.40244043
42944250.48841515 -10.477719 -1.6435689 -13.848686 0.09113043 -0.087109156 0.91006255 -0.3948333
42980747.48841515 -10.364306 -1.605215 -13.7700405 0.09920806 -0.0905598 0.9127716 -0.38575223
43017194.48841515 -10.261859 -1.5569645 -13.671143 0.10644569 -0.09683481 0.9153241 -0.3761306
43053575.48841515 -10.163099 -1.5219057 -13.560505 0.112686664 -0.0999529 0.91679096 -0.36987236
43089868.48841515 -10.057108 -1.4798008 -13.444196 0.118720666 -0.0993919 0.9174828 -0.36640424
43126059.48841515 -9.956889 -1.4452602 -13.324559 0.12518987 -0.09646338 0.9177972 -0.36423984
43162136.48841515 -9.879248 -1.3880664 -13.19009 0.13247395 -0.088926926 0.9180644 -0.36290535
43198102.48841515 -9.798113 -1.3547466 -13.054912 0.1389889 -0.07939854 0.91805565 -0.36270076
43233967.48841515 -9.718338 -1.3257258 -12.918695 0.14369547 -0.0693446 0.9190848 -0.36031404
43269742.48841515 -9.630173 -1.2730988 -12.7564945 0.14832665 -0.059199944 0.9206741 -0.35616547
43305446.73841515 -9.547363 -1.2469153 -12.605341 0.15292268 -0.04360061 0.9220393 -0.3529266
43341085.73841515 -9.469157 -1.2173687 -12.442896 0.15981133 -0.022502674 0.92282134 -0.34979248
43376658.73841515 -9.395293 -1.1847925 -12.269525 0.16825557 0.0041829525 0.9229959 -0.34605083
43412162.48841515 -9.313057 -1.1424336 -12.088375 0.1774999 0.031336132 0.9223616 -0.341703
43447591.48841515 -9.228258 -1.105698 -11.900911 0.18785487 0.056903075 0.9205603 -0.3377002
43482946.73841515 -9.139176 -1.0680029 -11.717865 0.2007426 0.085317716 0.9174484 -0.3327339
43518239.48841515 -9.054254 -1.0274507 -11.530048 0.21796982 0.118199155 0.9120031 -0.32675445
43553476.48841515 -8.9727745 -0.9809221 -11.335312 0.23694609 0.15540072 0.90428567 -0.31933466
43588665.48841515 -8.872405 -0.92861533 -11.139254 0.25426796 0.19328907 0.8952422 -0.31069046
43623809.48841515 -8.79004 -0.86912537 -10.960252 0.26822004 0.22137399 0.8872625 -0.30301288
43658909.48841515 -8.707086 -0.79645276 -10.73329 0.27683482 0.22837268 0.8841975 -0.2990038
43693969.48841515 -8.606363 -0.74415183 -10.556671 0.2800578 0.2303094 0.8834289 -0.29678056
43728993.73841515 -8.5076885 -0.6830356 -10.35638 0.28483158 0.23077871 0.88284624 -0.29358938
43763983.48841515 -8.405517 -0.6314411 -10.165013 0.2877476 0.23514974 0.88192296 -0.29003087
43798937.48841515 -8.289277 -0.583539 -9.977276 0.2876923 0.23740189 0.88137305 -0.2899226
43833860.73841515 -8.170871 -0.5276654 -9.786732 0.28365156 0.2290481 0.8847599 -0.29030803
43868758.73841515 -8.043927 -0.47707295 -9.597637 0.27682534 0.21402843 0.89025277 -0.29156396
43903638.48841515 -7.902916 -0.4110682 -9.3700695 0.26904964 0.1866569 0.898593 -0.29206517
43938507.48841515 -7.761091 -0.358155 -9.130275 0.25605828 0.15159318 0.90895224 -0.29199228
43973371.48841515 -7.609294 -0.3006147 -8.879133 0.23533575 0.109903544 0.9217545 -0.28793594
44008228.48841515 -7.4446263 -0.24133652 -8.621385 0.21389037 0.06965318 0.9331829 -0.2803018
44043067.73841515 -7.2766147 -0.18524912 -8.359037 0.19149852 0.035688706 0.94278336 -0.27058133
44077870.48841515 -7.1207404 -0.13776334 -8.104305 0.17144486 0.00725465 0.9496721 -0.262063
44112635.73841515 -6.966256 -0.10136849 -7.8477254 0.15500692 -0.016767496 0.9553479 -0.25100246
44147338.73841515 -6.82059 -0.065813676 -7.566809 0.14245866 -0.036722522 0.9600827 -0.23790397
44181894.48841515 -6.682531 -0.0492685 -7.2947607 0.13115723 -0.05630543 0.9635981 -0.226067
44216215.48841515 -6.5409527 -0.045580953 -7.0253286 0.11719608 -0.07899417 0.9662048 -0.21557693
44250225.48841515 -6.390273 -0.065171674 -6.7619586 0.10307334 -0.10599637 0.9669958 -0.20750861
44283837.48841515 -6.244772 -0.08798203 -6.4922976 0.088025555 -0.13541025 0.96652186 -0.19937699
44316994.73841515 -6.1243973 -0.11213723 -6.2226067 0.073436946 -0.16513997 0.96462226 -0.19193676
44349714.48841515 -6.0052133 -0.13407063 -5.9063854 0.060148288 -0.19220087 0.9617434 -0.18571645
44382066.48841515 -5.9071016 -0.16525963 -5.6167054 0.04755007 -0.2144969 0.95856994 -0.18131156
44414114.48841515 -5.8137593 -0.19660339 -5.3403616 0.035680402 -0.22952245 0.9560525 -0.17891367
44445897.48841515 -5.7206674 -0.23614573 -5.032002 0.024429757 -0.23607983 0.9552478 -0.17655379
44477443.73841515 -5.6349044 -0.28641984 -4.751945 0.01258247 -0.23883103 0.95519286 -0.17437916
44508756.73841515 -5.566155 -0.32260635 -4.461727 0.0005645898 -0.23845501 0.9558182 -0.17190273
44539838.48841515 -5.4991198 -0.35656565 -4.190797 -0.012902346 -0.23476782 0.9567275 -0.17143558
44570694.73841515 -5.443711 -0.40335166 -3.8962562 -0.026696282 -0.2299856 0.95764244 -0.17121634
44601342.73841515 -5.400433 -0.44137615 -3.6144788 -0.039936557 -0.22577055 0.95861894 -0.16876744
44631811.73841515 -5.3576646 -0.4923441 -3.3394372 -0.055137485 -0.22205798 0.95896983 -0.16741283
44662133.73841515 -5.324303 -0.5365881 -3.0636504 -0.07179124 -0.21572444 0.9593499 -0.16720285
44692338.48841515 -5.286042 -0.5680243 -2.780876 -0.08840417 -0.20607992 0.9597935 -0.16885592
44722450.48841515 -5.2552915 -0.60704386 -2.4978766 -0.10448595 -0.18994607 0.96072876 -0.17321506
44752479.48841515 -5.23295 -0.6495158 -2.2223284 -0.11721051 -0.16653351 0.9622365 -0.18063551
44782425.73841515 -5.217558 -0.6898237 -1.9503912 -0.1288339 -0.13909847 0.96331865 -0.18992268
44812287.48841515 -5.203999 -0.7268744 -1.6787796 -0.14053996 -0.11652228 0.962775 -0.19933751
44842065.48841515 -5.2076554 -0.756689 -1.4156156 -0.15241937 -0.10391664 0.96107113 -0.20569858
44871756.48841515 -5.2030716 -0.79005986 -1.1509788 -0.16623664 -0.10149912 0.9581564 -0.20976081
44901371.48841515 -5.2030854 -0.8299122 -0.891276 -0.18188383 -0.10459587 0.9545117 -0.2118619
44930920.48841515 -5.1990457 -0.85293216 -0.6492529 -0.19963647 -0.110474266 0.9503938 -0.21140583
44960410.48841515 -5.1953077 -0.88835746 -0.37561005 -0.22004335 -0.11941165 0.945179 -0.20966296
44989871.48841515 -5.202686 -0.89979845 -0.106879234 -0.24380293 -0.12799735 0.9396703 -0.20296901
45019272.48841515 -5.20859 -0.9227964 0.14307106 -0.27136716 -0.13928095 0.93261117 -0.19286543
45048579.73841515 -5.215764 -0.9429599 0.39444292 -0.30405384 -0.15415455 0.9237914 -0.17434722
45077822.73841515 -5.2171774 -0.96381426 0.6549195 -0.33798096 -0.17252295 0.9131518 -0.1488573
45107001.48841515 -5.2286487 -0.9678656 0.9120929 -0.37006918 -0.19447249 0.90060693 -0.11889711
45136112.73841515 -5.263568 -0.9688813 1.1542803 -0.40140784 -0.21956883 0.8848065 -0.08819752
45165148.48841515 -5.283583 -0.9897907 1.394654 -0.43477145 -0.24788524 0.8639028 -0.056556858
45194098.48841515 -5.3159914 -1.0274428 1.6324787 -0.46738416 -0.27993593 0.8382843 -0.02162067
45222946.73841515 -5.348924 -1.0757036 1.8711102 -0.49847183 -0.3149497 0.8075092 0.016171739
45251682.48841515 -5.4009123 -1.1039097 2.0851085 -0.5256303 -0.35098562 0.7728548 0.05672251
45280358.48841515 -5.439161 -1.1548898 2.3051953 -0.55103946 -0.38964874 0.7315314 0.096908584
45308906.48841515 -5.496944 -1.1968293 2.5165563 -0.571439 -0.42933846 0.68561256 0.13806282
45337252.73841515 -5.5602393 -1.2338259 2.708619 -0.5896278 -0.4629438 0.6387388 0.17330557
45365455.73841515 -5.6237354 -1.2642124 2.8851166 -0.6061012 -0.49022135 0.59287715 0.20204245
45393528.48841515 -5.694147 -1.2920988 3.046362 -0.6217303 -0.5117194 0.5492192 0.2235017
45421482.48841515 -5.763428 -1.3097938 3.189528 -0.636682 -0.52827436 0.5071794 0.24151874
45449338.73841515 -5.8321257 -1.3397216 3.335446 -0.6538051 -0.5396679 0.46581012 0.2536109
45477117.48841515 -5.8958006 -1.3514724 3.4671993 -0.6674045 -0.5501032 0.42956644 0.2596737
45504836.48841515 -5.963014 -1.3781441 3.5865903 -0.6810988 -0.5594067 0.39560854 0.2581907
45532509.48841515 -6.0354996 -1.3845723 3.6765335 -0.6952297 -0.5651914 0.3657432 0.2518855
45560151.48841515 -6.108891 -1.3959717 3.7665267 -0.7102132 -0.5681279 0.33699697 0.2434357
45587780.48841515 -6.1689596 -1.4081343 3.8485556 -0.72554475 -0.56673735 0.31679744 0.22810753
45615418.73841515 -6.239994 -1.4101036 3.917964 -0.73888916 -0.56546104 0.30145738 0.20837483
45643082.73841515 -6.306238 -1.4211377 3.9718885 -0.7534381 -0.56072253 0.2881321 0.18681861
45670788.48841515 -6.373247 -1.4360893 4.0059686 -0.76755655 -0.55388784 0.27696165 0.16540097
45698544.48841515 -6.455734 -1.4471029 4.04342 -0.78219223 -0.5451653 0.26426825 0.14537023
45726360.48841515 -6.5232897 -1.4396315 4.0629063 -0.7933881 -0.53763056 0.2544221 0.12945324
45754237.73841515 -6.592945 -1.437607 4.064168 -0.80131 -0.5337986 0.24331963 0.11729013
45782174.48841515 -6.6654954 -1.4354507 4.0690646 -0.8083295 -0.5316084 0.22887664 0.10775669
45810165.73841515 -6.742265 -1.4414139 4.064829 -0.81349415 -0.53081363 0.21349236 0.104332775
45838211.48841515 -6.8228607 -1.435678 4.045865 -0.8186366 -0.52749217 0.19970551 0.108184785
45866306.48841515 -6.9004717 -1.4336413 4.022569 -0.82371885 -0.5238429 0.18636699 0.11110073
45894446.48841515 -6.9710245 -1.4246213 3.9896426 -0.8284375 -0.5185125 0.1768533 0.1164435
45922625.48841515 -7.042739 -1.4147334 3.9388194 -0.83047676 -0.51642746 0.16998246 0.12131407
45950837.48841515 -7.116352 -1.4076455 3.8806915 -0.83167064 -0.51567364 0.16597517 0.12188884
45979063.48841515 -7.189163 -1.3946013 3.8183045 -0.83291465 -0.51411337 0.16561998 0.12046062
46007306.48841515 -7.267626 -1.3852127 3.7545638 -0.83444196 -0.5121781 0.1675107 0.11541368
46035569.73841515 -7.3398933 -1.3706295 3.675915 -0.83620226 -0.5093751 0.1722766 0.10781253
46063838.48841515 -7.4138327 -1.3567331 3.5876384 -0.8387012 -0.5050048 0.1790942 0.097343974
46092105.73841515 -7.47993 -1.3370209 3.4857433 -0.84188956 -0.4980895 0.1897909 0.08431081
46120365.73841515 -7.5491323 -1.3128847 3.3819587 -0.8465 -0.48832572 0.20044328 0.06926972
46148614.73841515 -7.624297 -1.2926092 3.2695272 -0.851475 -0.47725764 0.21061154 0.0534634
46176848.73841515 -7.6962595 -1.2706673 3.150362 -0.8556279 -0.4670402 0.21945173 0.040191047
46205066.73841515 -7.779725 -1.2501428 3.0307794 -0.86070955 -0.45555997 0.22544001 0.028652847
46233272.48841515 -7.8634443 -1.2326627 2.9034753 -0.86532074 -0.44486836 0.23012793 0.018799469
46261467.73841515 -7.947295 -1.2137921 2.7704563 -0.87000847 -0.43413648 0.2334622 0.010305865
46289659.48841515 -8.028797 -1.1967211 2.6290734 -0.8732374 -0.42678314 0.23517169 0.0026426648
46317854.73841515 -8.109994 -1.1810881 2.4782712 -0.87538046 -0.4220486 0.23575565 -0.0018263288
46346057.73841515 -8.204244 -1.1635154 2.32628 -0.87750053 -0.41832706 0.23448077 -0.0037507066
46374278.48841515 -8.29131 -1.1502334 2.1660857 -0.8790307 -0.41595504 0.23295929 -0.004063734
46402525.73841515 -8.387487 -1.1335042 2.0025263 -0.8808137 -0.41322482 0.23104118 -0.0057019303
46430797.48841515 -8.483248 -1.1157569 1.8401186 -0.8825785 -0.4098343 0.23015139 -0.011024
46459103.48841515 -8.573526 -1.09209 1.6617861 -0.8827629 -0.4081767 0.23200497 -0.017177757
46487460.73841515 -8.668642 -1.0674958 1.487381 -0.88383055 -0.4048933 0.23308608 -0.023996387
46515885.48841515 -8.768738 -1.0410695 1.3096066 -0.8854181 -0.40012613 0.2344501 -0.031098325
46544389.48841515 -8.867934 -1.0149064 1.131752 -0.8877489 -0.39275077 0.23696221 -0.038698908
46572975.73841515 -8.971518 -0.9838815 0.9439335 -0.88965225 -0.3851152 0.24116623 -0.045210805
46601647.73841515 -9.080818 -0.95465446 0.7472863 -0.8920587 -0.37695238 0.2441907 -0.050090976
46630403.48841515 -9.18832 -0.91868854 0.5547075 -0.8949729 -0.3671674 0.2480012 -0.052028447
46659242.73841515 -9.295973 -0.8796406 0.34985638 -0.89863616 -0.35510057 0.25211963 -0.052843403
46688155.73841515 -9.410152 -0.8496082 0.15383387 -0.90187967 -0.34224108 0.2568762 -0.059150387
46717112.48841515 -9.529938 -0.82014704 -0.04702711 -0.9044041 -0.33095655 0.2607612 -0.06726557
46746066.48841515 -9.64633 -0.7891536 -0.25319624 -0.9065253 -0.32084796 0.26416466 -0.07406484
46774962.73841515 -9.759067 -0.7528801 -0.4677477 -0.90848786 -0.31220934 0.26703513 -0.076598935
46803754.48841515 -9.884694 -0.7194567 -0.6876917 -0.91068465 -0.30463508 0.26827487 -0.07667837
46832421.48841515 -10.004633 -0.691154 -0.9105339 -0.9119182 -0.29997066 0.26948985 -0.07614498
46860966.73841515 -10.1244335 -0.6485977 -1.129735 -0.9122715 -0.29870278 0.27081642 -0.07208218
46889387.48841515 -10.252392 -0.6145563 -1.3486986 -0.9124863 -0.2986426 0.27038014 -0.07124619
46917687.73841515 -10.376952 -0.57880306 -1.567646 -0.9128444 -0.2974654 0.2706546 -0.07053751
46945884.48841515 -10.504925 -0.52910566 -1.7971439 -0.9135995 -0.29552335 0.27081499 -0.06827357
46973989.48841515 -10.622049 -0.4982586 -1.996108 -0.91543996 -0.2927897 0.2675726 -0.068182394
47002028.48841515 -10.7557955 -0.45090294 -2.2211008 -0.9188609 -0.2848405 0.264769 -0.06676786
47030022.73841515 -10.8888645 -0.410882 -2.4474869 -0.9236396 -0.27454147 0.26055422 -0.06023639
47057977.73841515 -11.017829 -0.37469912 -2.681569 -0.93006694 -0.26027596 0.25536934 -0.044928156
47085906.48841515 -11.14101 -0.34450197 -2.908 -0.9365598 -0.24672018 0.24792033 -0.022812333
47113819.48841515 -11.28282 -0.3134868 -3.1399956 -0.94223034 -0.23409358 0.23958354 0.0014527441
47141717.73841515 -11.42345 -0.2782805 -3.3874578 -0.9466998 -0.22279379 0.23094514 0.02804983
47169601.73841515 -11.53152 -0.2606287 -3.6202898 -0.9499488 -0.21237661 0.22283192 0.0532867
47197465.73841515 -11.660488 -0.2477423 -3.8624592 -0.9526967 -0.20119251 0.21410166 0.07778934
47225295.48841515 -11.80964 -0.23185992 -4.130555 -0.95430356 -0.19013001 0.2056303 0.10426655
47253092.48841515 -11.937023 -0.22585058 -4.366502 -0.9553481 -0.17935024 0.19698706 0.12782681
47280873.48841515 -12.062432 -0.22334215 -4.6202583 -0.95577157 -0.16799818 0.18801817 0.15141518
47308677.73841515 -12.176148 -0.23452297 -4.8751984 -0.95528287 -0.15900691 0.17843145 0.1741084
47336533.48841515 -12.318974 -0.24239111 -5.1502705 -0.9544384 -0.15069607 0.16710159 0.19599786
47364444.48841515 -12.418837 -0.25869524 -5.390237 -0.95253336 -0.14670405 0.15669687 0.21588011
47392402.73841515 -12.507861 -0.2843325 -5.66308 -0.95035076 -0.14356881 0.14700444 0.23369016
47420378.73841515 -12.616741 -0.31277514 -5.939827 -0.9485232 -0.14017312 0.13436441 0.25020307
47448352.48841515 -12.699096 -0.34070325 -6.2215557 -0.9463021 -0.13517484 0.12108706 0.26754084
47476267.48841515 -12.778636 -0.37085366 -6.496397 -0.9436602 -0.13027589 0.10602657 0.28511766
47504075.48841515 -12.880224 -0.40553617 -6.753664 -0.9408001 -0.12685098 0.08768425 0.30185333
47531793.48841515 -12.960526 -0.4359517 -7.0240755 -0.93793863 -0.12329465 0.068235636 0.31688106
47559436.48841515 -13.029485 -0.46336842 -7.2873707 -0.9348741 -0.119720295 0.048591215 0.33063027
47587016.48841515 -13.108439 -0.4735198 -7.563386 -0.9316803 -0.11336697 0.02707809 0.34407347
47614522.73841515 -13.180415 -0.49488354 -7.8458805 -0.92876524 -0.10814948 0.0009838473 0.35453907
47641928.73841515 -13.243668 -0.5193682 -8.110433 -0.9269435 -0.10285175 -0.029608557 0.35961184
47669228.48841515 -13.313621 -0.54480696 -8.3858795 -0.9263606 -0.09673344 -0.05935861 0.3591312
47696442.48841515 -13.362518 -0.5635843 -8.656782 -0.9257 -0.088358425 -0.084307365 0.35800081
47723609.73841515 -13.401953 -0.6029129 -8.916308 -0.9251564 -0.07499396 -0.10792942 0.3561079
47750764.48841515 -13.428491 -0.6590233 -9.169473 -0.9238872 -0.058169294 -0.13156393 0.35459802
47777940.48841515 -13.457171 -0.70510864 -9.429218 -0.9223369 -0.03833613 -0.1533418 0.3525781
47805172.73841515 -13.469587 -0.7434664 -9.685273 -0.9200932 -0.01817167 -0.17098941 0.351939
47832493.48841515 -13.478821 -0.8111181 -9.929888 -0.91754085 -0.0017260337 -0.18747868 0.35066733
47859921.73841515 -13.481499 -0.8820791 -10.167141 -0.9146621 0.013962655 -0.20347847 0.34899116
47887474.48841515 -13.473116 -0.9619446 -10.396813 -0.91081774 0.026821075 -0.21901894 0.34888747
47915158.48841515 -13.454233 -1.0456419 -10.620945 -0.90612847 0.036601633 -0.2337093 0.35067293
47942978.73841515 -13.430867 -1.1330156 -10.844209 -0.89976645 0.045782145 -0.24682087 0.35693666
47970942.48841515 -13.395016 -1.2191982 -11.067383 -0.8920577 0.054846395 -0.25851345 0.36660022
47999056.48841515 -13.344776 -1.3010025 -11.262753 -0.88148534 0.05935141 -0.2695416 0.38315585
48027323.48841515 -13.289543 -1.3798552 -11.471212 -0.8700973 0.061370406 -0.27935874 0.40140155
48055744.73841515 -13.240998 -1.4665728 -11.664648 -0.85675406 0.06062255 -0.29096204 0.42147192
48084318.73841515 -13.185697 -1.5534086 -11.854923 -0.84075814 0.05448556 -0.30773377 0.44210517
48113043.48841515 -13.125794 -1.6277723 -12.046366 -0.82255006 0.043258533 -0.3318133 0.4598262
48141920.48841515 -13.058308 -1.6973677 -12.2347355 -0.7998913 0.029515635 -0.36354798 0.47658753
48170956.48841515 -12.985501 -1.757925 -12.418437 -0.7738939 0.015809791 -0.4023312 0.4888435
48200165.48841515 -12.903181 -1.8100748 -12.5907955 -0.7456531 0.0025348405 -0.44450298 0.49639925
48229580.73841515 -12.819497 -1.8632879 -12.747709 -0.715928 -0.009606911 -0.48613995 0.50102174
48259240.73841515 -12.723801 -1.895566 -12.893496 -0.6839438 -0.016418675 -0.5252183 0.50606036
48289188.73841515 -12.626623 -1.9312067 -13.029493 -0.64887357 -0.016715994 -0.5605634 0.51424944
48319458.48841515 -12.533203 -1.9675846 -13.176443 -0.6104833 -0.010981772 -0.59339464 0.52447337
48350070.48841515 -12.44128 -1.9915438 -13.327701 -0.57134545 -0.0022944473 -0.6233703 0.53382444
48381039.73841515 -12.3430805 -2.0221157 -13.459453 -0.53227687 0.0059551494 -0.64950395 0.5429461
48412372.48841515 -12.245029 -2.0576353 -13.60688 -0.48657775 0.018209228 -0.6749844 0.5543525
48444080.48841515 -12.137877 -2.0953865 -13.734039 -0.43553022 0.03597163 -0.69820195 0.5670392
48476171.48841515 -12.029451 -2.119801 -13.86811 -0.381549 0.060275428 -0.71810687 0.5788867
48508644.48841515 -11.910851 -2.1415052 -13.983993 -0.32948667 0.0860983 -0.7345076 0.5869618
48541495.48841515 -11.809553 -2.149033 -14.088764 -0.27916577 0.111499734 -0.74914485 0.59026796
48574725.73841515 -11.709816 -2.1518822 -14.197813 -0.22733939 0.13711996 -0.761445 0.5913683
48608326.73841515 -11.607675 -2.136877 -14.30658 -0.17512017 0.16386689 -0.7716222 0.58913475
48642284.73841515 -11.4900675 -2.130103 -14.412129 -0.12779038 0.18335709 -0.77980614 0.58476675
48676582.48841515 -11.419206 -2.0920467 -14.556891 -0.11047386 0.18078144 -0.7861985 0.58052176
48711224.48841515 -11.325893 -2.0657973 -14.6523 -0.09319293 0.17574123 -0.78657067 0.5845825
48746216.48841515 -11.248161 -2.019462 -14.71789 -0.08647194 0.16687791 -0.7857927 0.5892404
48781571.73841515 -11.151014 -1.9832993 -14.801298 -0.07744495 0.15708394 -0.7908658 0.5863943
48817295.48841515 -11.056626 -1.9483151 -14.86046 -0.07301853 0.14545307 -0.8000408 0.57744825
48853397.48841515 -10.96344 -1.8865495 -14.921244 -0.07185493 0.13608816 -0.8103744 0.5653409
48889874.73841515 -10.882796 -1.8286085 -14.954233 -0.07608173 0.124964744 -0.81571966 0.5596399
48926712.48841515 -10.781767 -1.771338 -15.006807 -0.08433757 0.10644431 -0.8231928 0.5512808
48963886.48841515 -10.722238 -1.702169 -15.010466 -0.09851511 0.08566752 -0.82813793 0.5451086
49001374.48841515 -10.652751 -1.6303663 -15.017351 -0.11115878 0.066457495 -0.83601296 0.5332069
49039152.73841515 -10.573098 -1.5635386 -15.017919 -0.12147023 0.047571328 -0.8457299 0.5174196
49077191.48841515 -10.496425 -1.4857798 -14.997009 -0.13397714 0.029923752 -0.85455847 0.50088376
49115450.73841515 -10.402757 -1.4066846 -14.955484 -0.14898662 0.010378665 -0.864268 0.48035005
49153887.48841515 -10.312382 -1.3363564 -14.9148855 -0.16048822 -0.008858983 -0.8752827 0.4561197
49192448.73841515 -10.235577 -1.2620134 -14.836072 -0.17205226 -0.021277398 -0.88391346 0.43432975
49231068.48841515 -10.134054 -1.1843796 -14.7575245 -0.17678648 -0.02896349 -0.8932778 0.4122651
49269676.73841515 -10.046276 -1.120835 -14.6553955 -0.17864199 -0.025377119 -0.9003603 0.395973
49308218.48841515 -9.948679 -1.0585171 -14.538173 -0.17914651 -0.018871447 -0.9045196 0.386516
49346644.73841515 -9.844364 -1.0078672 -14.408607 -0.17923309 -0.014937548 -0.90707004 0.3806262
49384920.48841515 -9.732227 -0.965749 -14.264669 -0.1799302 -0.012031756 -0.9093764 0.37485337
49423028.48841515 -9.625772 -0.9255054 -14.097482 -0.18246867 -0.011208326 -0.9109328 0.36983922
49460963.48841515 -9.516949 -0.89663315 -13.927324 -0.18464969 -0.011813326 -0.91089284 0.36883485
49498735.73841515 -9.412061 -0.8771832 -13.75593 -0.18597063 -0.014270608 -0.9092195 0.3721978
49536366.48841515 -9.308425 -0.8470826 -13.57442 -0.18750994 -0.015127564 -0.90747756 0.37562716
49573892.48841515 -9.204627 -0.82382214 -13.383835 -0.18675552 -0.01591352 -0.9061661 0.37912026
49611349.48841515 -9.0968075 -0.79580855 -13.191873 -0.18076728 -0.012145035 -0.90670717 0.38086456
49648765.48841515 -8.999065 -0.76342905 -12.999498 -0.17501682 0.0029759016 -0.9087116 0.37895054
49686168.73841515 -8.881309 -0.74100554 -12.7787 -0.16457589 0.02575413 -0.91058964 0.37825653
49723565.48841515 -8.786116 -0.714418 -12.558789 -0.15406322 0.052334946 -0.91236687 0.37564915
49760954.73841515 -8.674506 -0.680347 -12.343957 -0.14505456 0.07180497 -0.91389483 0.37228945
49798307.73841515 -8.582231 -0.65279496 -12.138477 -0.14240927 0.07978202 -0.9141165 0.3711409
49835580.48841515 -8.470665 -0.6151953 -11.918465 -0.14357628 0.07247616 -0.91463745 0.37090617
49872746.48841515 -8.348929 -0.56513584 -11.686271 -0.14600234 0.056671515 -0.9172806 0.3661529
49909804.48841515 -8.235674 -0.52405304 -11.449675 -0.15127745 0.03217543 -0.919726 0.36081016
49946768.48841515 -8.133952 -0.47694767 -11.197975 -0.15835711 0.000222869 -0.9212586 0.35525417
49983643.48841515 -8.040246 -0.42263663 -10.938693 -0.166693 -0.03451416 -0.9215408 0.3489769
50020420.48841515 -7.9421587 -0.38208115 -10.701149 -0.17546299 -0.07300172 -0.91964096 0.343721
50057083.48841515 -7.842511 -0.3276341 -10.444972 -0.18608922 -0.11646585 -0.9159256 0.33598638
50093624.48841515 -7.7423534 -0.27473092 -10.170845 -0.19359404 -0.15572663 -0.91238326 0.3253111
50130038.48841515 -7.622128 -0.20744777 -9.884574 -0.19065218 -0.17232686 -0.91496366 0.3111219
50166321.48841515 -7.496666 -0.14234865 -9.5752535 -0.18135583 -0.16738437 -0.92248297 0.29684645
50202477.73841515 -7.3746614 -0.08257568 -9.258819 -0.17050058 -0.15532294 -0.9315527 0.28109428
50238522.48841515 -7.248095 -0.042711735 -8.957582 -0.15609112 -0.14089492 -0.9409117 0.2654609
50274460.48841515 -7.1286473 -0.0087111 -8.633538 -0.14348216 -0.121500164 -0.9507574 0.24639598
50310292.48841515 -6.9918776 0.026236296 -8.266863 -0.12894674 -0.095885046 -0.9614403 0.22318469
50346002.48841515 -6.850064 0.02959174 -7.925994 -0.11257463 -0.06294482 -0.9711131 0.20075943
50381527.73841515 -6.6938677 0.028927177 -7.608379 -0.0928069 -0.02389301 -0.97842467 0.18303332
50416744.48841515 -6.5536265 0.027423453 -7.1862 -0.075351395 0.010120214 -0.9826667 0.16907404
50451497.48841515 -6.4157443 -0.014333248 -6.860725 -0.063709676 0.032413874 -0.9836003 0.1655925
50485648.73841515 -6.284535 -0.04778874 -6.52921 -0.05566125 0.044214696 -0.98338413 0.16704057
50519160.48841515 -6.16495 -0.086732924 -6.21764 -0.048990678 0.05403371 -0.98229885 0.17253818
50552127.48841515 -6.0513287 -0.14152259 -5.892434 -0.040365484 0.062339284 -0.98120546 0.17810206
50584663.73841515 -5.937047 -0.20183428 -5.5850844 -0.030836606 0.07044185 -0.98059297 0.18034555
50616833.73841515 -5.8384995 -0.2524599 -5.271664 -0.021441203 0.07800121 -0.98020196 0.1807214
50648663.48841515 -5.737535 -0.30797416 -4.961381 -0.012114709 0.08418269 -0.97979003 0.18104695
50680158.73841515 -5.643727 -0.354043 -4.655437 -0.0014236871 0.09155238 -0.979027 0.18199545
50711324.73841515 -5.5435815 -0.39885938 -4.349441 0.012380994 0.10053364 -0.977935 0.1827096
50742194.73841515 -5.460125 -0.44952846 -4.062006 0.029149918 0.11158566 -0.9765557 0.18176349
50772823.48841515 -5.3726535 -0.5047039 -3.7548625 0.047883224 0.12441672 -0.9752119 0.17660517
50803260.48841515 -5.2966585 -0.55490506 -3.4684021 0.06896496 0.14276169 -0.9730639 0.16736074
50833547.48841515 -5.221919 -0.5883704 -3.183108 0.090948954 0.16589697 -0.9696586 0.1548184
50863714.73841515 -5.1479526 -0.62291986 -2.904769 0.11263609 0.1908335 -0.96473897 0.14203703
50893771.73841515 -5.088803 -0.6559023 -2.6303346 0.13451302 0.2141006 -0.95839936 0.13243079
50923716.48841515 -5.034953 -0.692812 -2.3616266 0.15726045 0.23384231 -0.95127475 0.12515306
50953548.73841515 -4.9679966 -0.72089094 -2.0964656 0.18282226 0.25028113 -0.94323134 0.11937338
50983269.73841515 -4.9095645 -0.76618886 -1.8261514 0.21045782 0.26560694 -0.93385684 0.114332385
51012886.48841515 -4.849935 -0.7899662 -1.5588682 0.23994038 0.27971298 -0.92351 0.10638844
51042411.48841515 -4.81009 -0.82976604 -1.2912542 0.26973295 0.29545885 -0.9114073 0.096359126
51071855.48841515 -4.772075 -0.8598939 -1.0248609 0.30103087 0.3162665 -0.8960514 0.08029882
51101218.48841515 -4.751612 -0.8921658 -0.7852946 0.33358294 0.34167147 -0.8766243 0.05926985
51130493.73841515 -4.710236 -0.90570927 -0.5311532 0.3670958 0.36936972 -0.8529808 0.035079606
51159666.48841515 -4.690886 -0.92142475 -0.28345633 0.39956567 0.39633086 -0.8265016 0.012815599
51188731.73841515 -4.6732173 -0.93614244 -0.035815477 0.4305562 0.42031136 -0.798703 -0.0057717008
51217682.48841515 -4.67107 -0.96274066 0.1919179 0.4581597 0.44119662 -0.7714087 -0.019079141
51246522.73841515 -4.68887 -0.9846442 0.41935205 0.48398483 0.45874423 -0.7445977 -0.029779598
51275259.48841515 -4.7006397 -1.0143583 0.63442683 0.50885063 0.47292662 -0.7182361 -0.039349638
51303903.48841515 -4.7227755 -1.036814 0.83700347 0.53313667 0.48294953 -0.69278705 -0.050706845
51332472.48841515 -4.7586274 -1.0564682 1.0358803 0.5565313 0.49108148 -0.6670841 -0.06411563
51360984.48841515 -4.7933636 -1.0809424 1.235652 0.5807595 0.4966581 -0.64036685 -0.07732699
51389455.48841515 -4.834816 -1.0943503 1.4190807 0.6024132 0.50250036 -0.61376685 -0.08878042
51417907.48841515 -4.887119 -1.1031084 1.5935125 0.62010294 0.50960815 -0.58850753 -0.097111836
51446338.73841515 -4.9382534 -1.1139953 1.7556796 0.63286746 0.518407 -0.56607777 -0.101435214
51474743.48841515 -4.9895797 -1.11432 1.9189982 0.64383984 0.5238282 -0.5490569 -0.09803516
51503143.48841515 -5.0486956 -1.1405897 2.0709758 0.65648305 0.5263814 -0.5341036 -0.08176868
51531550.73841515 -5.1150017 -1.1526415 2.1988368 0.66989905 0.52544075 -0.5201633 -0.06765709
51559978.48841515 -5.183929 -1.1648097 2.3203363 0.68573976 0.5214929 -0.5043194 -0.058891498
51588441.48841515 -5.260582 -1.1712329 2.4359417 0.705258 0.5108964 -0.48867336 -0.05286264
51616949.48841515 -5.3402443 -1.187887 2.5449114 0.7238892 0.5027844 -0.46967456 -0.05097317
51645510.73841515 -5.421155 -1.1783713 2.6425228 0.7425008 0.49285975 -0.45064738 -0.051950045
51674128.48841515 -5.510506 -1.180415 2.7245839 0.75870407 0.48622024 -0.42987868 -0.056235563
51702799.48841515 -5.6037984 -1.1920897 2.8001504 0.776336 0.47818536 -0.40565687 -0.06390355
51731516.48841515 -5.704433 -1.200177 2.867353 0.79406357 0.46926916 -0.3790939 -0.07441376
51760269.73841515 -5.8022985 -1.2050027 2.918409 0.80980694 0.46101266 -0.3518421 -0.088809945
51789048.73841515 -5.89546 -1.213093 2.9555657 0.82128817 0.45655257 -0.32356262 -0.11114278
51817841.48841515 -5.9995503 -1.2194264 2.9974818 0.8321837 0.45134255 -0.2917917 -0.13644733
51846639.73841515 -6.104591 -1.2221949 3.0272973 0.8401854 0.4466641 -0.25958586 -0.16490877
51875429.73841515 -6.2028537 -1.2269441 3.0424798 0.84509724 0.44363156 -0.22860609 -0.19167943
51904199.48841515 -6.3044195 -1.2356522 3.0524879 0.8479813 0.44120795 -0.20318931 -0.21207882
51932935.48841515 -6.3996387 -1.2426252 3.0605514 0.8508069 0.43842244 -0.18631148 -0.22181414
51961631.48841515 -6.4925914 -1.2479317 3.0472887 0.8513947 0.43865478 -0.17625745 -0.22724964
51990283.48841515 -6.5822988 -1.2504086 3.0296335 0.8535665 0.4344676 -0.16644056 -0.23443466
52018888.48841515 -6.676689 -1.2579238 3.0058112 0.8571182 0.42650524 -0.1561577 -0.24301544
52047443.73841515 -6.761878 -1.2677755 2.9655979 0.86064446 0.41761267 -0.1480433 -0.2509462
52075950.73841515 -6.8408957 -1.2782717 2.923472 0.8644865 0.40962744 -0.14374897 -0.25338662
52104407.48841515 -6.9156446 -1.2869906 2.8683157 0.8671852 0.40569296 -0.14460146 -0.24998705
52132818.73841515 -6.9925923 -1.2949696 2.812897 0.8708148 0.40320328 -0.14906034 -0.23851563
52161183.48841515 -7.064161 -1.2959187 2.7495804 0.87499577 0.39953434 -0.15606958 -0.22449288
52189502.48841515 -7.127396 -1.3018789 2.67014 0.8791089 0.3957394 -0.16353476 -0.20931886
52217777.48841515 -7.1959047 -1.3047643 2.589572 0.88380843 0.39010164 -0.17139506 -0.1932025
52246012.73841515 -7.2484245 -1.304713 2.5024657 0.8874633 0.38532963 -0.17852302 -0.17905207
52274209.48841515 -7.305297 -1.3069894 2.4118404 0.8911499 0.3810137 -0.18711449 -0.16021456
52302373.73841515 -7.362012 -1.305562 2.3203053 0.89491206 0.3767314 -0.19742355 -0.13501772
52330509.73841515 -7.422616 -1.2994969 2.226638 0.89805293 0.37265217 -0.20789915 -0.10681453
52358621.48841515 -7.4803705 -1.294163 2.1285117 0.9001278 0.36910698 -0.21711035 -0.0799562
52386717.48841515 -7.5378056 -1.2851985 2.0294895 0.90181935 0.36581317 -0.2222262 -0.059313547
52414799.73841515 -7.5970864 -1.2759216 1.9243097 0.9035743 0.3629722 -0.22307846 -0.045174576
52442875.73841515 -7.6514907 -1.261378 1.8161337 0.90533644 0.35966933 -0.22271785 -0.03742538
52470952.48841515 -7.7106576 -1.2481616 1.7069314 0.90758103 0.35533944 -0.22144267 -0.031524584
52499028.73841515 -7.7710304 -1.2380025 1.5914893 0.90909904 0.35221538 -0.22095118 -0.02576675
52527109.73841515 -7.83169 -1.2243887 1.4801099 0.9104432 0.34800664 -0.22293487 -0.016870873
52555202.48841515 -7.8965 -1.214037 1.364068 0.9109986 0.344533 -0.22664623 -0.0031788223
52583317.48841515 -7.96591 -1.1973679 1.2419953 0.9114482 0.3403175 -0.23090963 0.011266867
52611467.48841515 -8.027019 -1.175191 1.1168752 0.91149855 0.336611 -0.23519218 0.023411486
52639669.73841515 -8.099288 -1.1536689 0.990129 0.91127354 0.3333391 -0.23917517 0.035507806
52667938.48841515 -8.165805 -1.1341653 0.86181355 0.91092896 0.32932267 -0.24369965 0.048636258
52696278.48841515 -8.236797 -1.1089463 0.7312465 0.9102657 0.32441568 -0.24932556 0.0633058
52724693.48841515 -8.310787 -1.0877161 0.598505 0.90880597 0.31937277 -0.25578773 0.08151986
52753186.48841515 -8.388607 -1.0553968 0.46624947 0.90671885 0.31223515 -0.2630947 0.10559986
52781757.48841515 -8.466911 -1.0239258 0.32887602 0.90364647 0.3051869 -0.27079934 0.13019897
52810404.48841515 -8.534078 -0.99999285 0.19903898 0.901455 0.3003534 -0.27515894 0.14647318
52839127.48841515 -8.613861 -0.9572749 0.0467 0.9016881 0.29703638 -0.2759598 0.15024725
52867931.48841515 -8.69727 -0.9334364 -0.07785463 0.9044207 0.29743338 -0.2700545 0.14362201
52896814.48841515 -8.788121 -0.8974352 -0.2316289 0.9067636 0.2979811 -0.2667036 0.13362733
52925766.48841515 -8.873812 -0.8664708 -0.37187624 0.90906507 0.2988562 -0.26302782 0.12289046
52954767.48841515 -8.968023 -0.8387213 -0.5124402 0.91156656 0.3003835 -0.25811237 0.110427536
52983784.73841515 -9.063244 -0.8016262 -0.66880083 0.91431165 0.30102664 -0.2535595 0.09552375
53012777.48841515 -9.160604 -0.77800226 -0.8142624 0.9164315 0.3025572 -0.2491245 0.08092819
53041702.48841515 -9.25881 -0.7545543 -0.9609332 0.918388 0.30382875 -0.24455959 0.066649735
53070584.48841515 -9.360886 -0.7299795 -1.1122675 0.92019606 0.3044336 -0.24064414 0.051475853
53099341.73841515 -9.457867 -0.7070334 -1.2647247 0.92180866 0.3049888 -0.23672444 0.034816734
53127902.48841515 -9.562922 -0.68608904 -1.4207029 0.9233049 0.30534935 -0.23228493 0.017709177
53156334.73841515 -9.669754 -0.6716776 -1.5771818 0.92425436 0.30681407 -0.22719805 0.00014528661
53184643.48841515 -9.779877 -0.6536441 -1.7435741 0.9245319 0.30785432 -0.22414353 -0.015043684
53212833.73841515 -9.8874445 -0.635206 -1.9087391 0.92492944 0.30710998 -0.22282743 -0.023175746
53240917.73841515 -9.997976 -0.6180775 -2.0804634 0.92497414 0.30655402 -0.22294617 -0.027247602
53268907.48841515 -10.108232 -0.60352397 -2.251524 0.92495495 0.30629784 -0.22306417 -0.029706454
53296850.73841515 -10.211075 -0.5960195 -2.421462 0.92518204 0.30540612 -0.22278415 -0.03365456
53324749.48841515 -10.321114 -0.59218764 -2.5940351 0.9258555 0.3028945 -0.22281927 -0.037392672
53352585.48841515 -10.442752 -0.58486104 -2.7742052 0.92699194 0.2989222 -0.22266868 -0.041835073
53380397.48841515 -10.558708 -0.5798876 -2.9606447 0.92814404 0.29506248 -0.22189775 -0.047414947
53408196.73841515 -10.674272 -0.5782645 -3.1558256 0.92876446 0.29285064 -0.2207634 -0.053838946
53435992.48841515 -10.785757 -0.57872343 -3.3547544 0.92868453 0.29235977 -0.21994218 -0.0607981
53463783.48841515 -10.910784 -0.57682896 -3.56258 0.9287294 0.29303458 -0.21757908 -0.06520665
53491575.48841515 -11.030915 -0.578109 -3.767971 0.9279145 0.29617178 -0.2159099 -0.068116754
53519367.73841515 -11.144199 -0.5775945 -3.9723158 0.9277125 0.29796702 -0.21410792 -0.06872395
53547158.48841515 -11.264645 -0.5746455 -4.18388 0.92835855 0.2986652 -0.2105786 -0.06786936
53574950.73841515 -11.376249 -0.5766506 -4.386587 0.93046886 0.2969144 -0.20485836 -0.06405179
53602754.48841515 -11.486429 -0.5787833 -4.5941334 0.9339769 0.29120973 -0.19767398 -0.061717685
53630595.73841515 -11.5954075 -0.58316875 -4.8100023 0.9377017 0.28304148 -0.19080953 -0.06476727
53658501.73841515 -11.692498 -0.5985725 -5.0241385 0.94242054 0.27174193 -0.18136762 -0.071454614
53686488.73841515 -11.803722 -0.61289954 -5.257736 0.9474158 0.25730595 -0.16941074 -0.08658487
53714554.48841515 -11.918979 -0.62107277 -5.5006876 0.95191485 0.24111506 -0.15633658 -0.10620976
53742662.73841515 -12.0257015 -0.6498133 -5.7192335 0.95477855 0.22760876 -0.14255933 -0.1275504
53770756.48841515 -12.130032 -0.6698587 -5.956669 0.95614785 0.21587947 -0.12972742 -0.14949337
53798776.73841515 -12.241365 -0.69581 -6.1980553 0.9564348 0.20673126 -0.116099305 -0.17034008
53826685.73841515 -12.34042 -0.7207256 -6.429981 0.95504797 0.20202012 -0.10324802 -0.19081709
53854464.48841515 -12.434077 -0.7538536 -6.6572466 0.95257837 0.2000176 -0.09051104 -0.2107016
53882119.73841515 -12.530305 -0.7755797 -6.893235 0.9497881 0.19639157 -0.07766689 -0.23087002
53909666.48841515 -12.611063 -0.8294413 -7.1154776 0.94657505 0.1948143 -0.06444431 -0.24877702
53937107.48841515 -12.701159 -0.85845995 -7.355242 0.943255 0.19016372 -0.051114436 -0.26738557
53964429.73841515 -12.780782 -0.89907885 -7.5910225 0.9396124 0.18694618 -0.0369197 -0.28428262
53991635.48841515 -12.847206 -0.92371917 -7.822961 0.9354112 0.1831898 -0.023179581 -0.30151308
54018747.48841515 -12.927971 -0.95435953 -8.060883 0.93017316 0.1799005 -0.0056812004 -0.31997117
54045797.48841515 -12.998067 -0.98763466 -8.301947 0.92388374 0.17476188 0.013819881 -0.34015623
54072817.48841515 -13.055762 -1.0153217 -8.542342 0.9156609 0.1666147 0.034497306 -0.36416295
54099836.48841515 -13.106856 -1.0471544 -8.784378 0.9061686 0.15347561 0.056734357 -0.38998082
54126883.48841515 -13.150959 -1.0790024 -9.017448 0.89590055 0.13773973 0.08065106 -0.41459063
54153985.48841515 -13.186065 -1.1147833 -9.246652 0.88449585 0.12197672 0.10696707 -0.43743217
54181169.48841515 -13.210101 -1.154088 -9.4665785 0.87195784 0.1049798 0.13425384 -0.4589605
54208454.48841515 -13.231872 -1.1917019 -9.697888 0.8576342 0.08522838 0.162313 -0.48047298
54235850.48841515 -13.245693 -1.2354631 -9.929003 0.8407731 0.062223826 0.19067396 -0.502864
54263362.73841515 -13.241778 -1.2780724 -10.149436 0.8201761 0.037086412 0.21855742 -0.5274167
54290995.48841515 -13.230204 -1.3194361 -10.374309 0.79612356 0.008097228 0.24829102 -0.551791
54318763.48841515 -13.210939 -1.3544369 -10.591581 0.76797867 -0.023717573 0.27806112 -0.57647926
54346680.73841515 -13.179758 -1.389987 -10.797445 0.7371341 -0.053516455 0.30651838 -0.5998466
54374764.73841515 -13.140154 -1.4253082 -10.991471 0.706081 -0.07991061 0.33385122 -0.61936045
54403025.73841515 -13.089142 -1.4614887 -11.179816 0.6775649 -0.10062451 0.35877302 -0.634084
54431471.48841515 -13.030029 -1.4932022 -11.360446 0.651381 -0.11542996 0.38097844 -0.6459367
54460109.48841515 -12.958378 -1.5191231 -11.53012 0.6300692 -0.12242634 0.40075943 -0.65377104
54488942.73841515 -12.8821125 -1.5370951 -11.692621 0.61626315 -0.12268508 0.4212758 -0.6539838
54517965.48841515 -12.799101 -1.5462818 -11.8461685 0.6073571 -0.11712685 0.44587287 -0.64699
54547177.48841515 -12.714583 -1.5559921 -11.988484 0.5974878 -0.108457044 0.47557953 -0.6364507
54576578.73841515 -12.626552 -1.5548906 -12.128202 0.5855011 -0.097189605 0.5099615 -0.6226411
54606175.73841515 -12.533483 -1.5482578 -12.260034 0.5693529 -0.086833514 0.5449941 -0.6093264
54635980.48841515 -12.439567 -1.5422087 -12.386181 0.5486465 -0.07844423 0.5801582 -0.5968668
54666015.73841515 -12.341244 -1.5287371 -12.499171 0.52492195 -0.0725583 0.612355 -0.5866972
54696307.73841515 -12.245645 -1.5097561 -12.614973 0.5001217 -0.068388276 0.64250934 -0.57652676
54726882.73841515 -12.151724 -1.4877577 -12.721343 0.47371495 -0.064128615 0.6721509 -0.5654156
54757775.48841515 -12.052622 -1.4583082 -12.810706 0.44582134 -0.061332706 0.70134264 -0.55281115
54789027.73841515 -11.951329 -1.4390621 -12.901936 0.41637334 -0.05848698 0.7308938 -0.53759366
54820664.73841515 -11.846578 -1.4099379 -12.981016 0.3854075 -0.05700478 0.7585278 -0.5223477
54852699.48841515 -11.735506 -1.3830013 -13.070713 0.3506975 -0.05870231 0.7829359 -0.5104671
54885118.48841515 -11.626619 -1.356024 -13.134945 0.31326878 -0.06808502 0.80065733 -0.50613725
54917900.48841515 -11.508425 -1.3290758 -13.193657 0.27610397 -0.07970092 0.81486213 -0.5034026
54951022.73841515 -11.394437 -1.2956104 -13.235239 0.2427185 -0.09111654 0.8250871 -0.50201285
54984467.48841515 -11.275794 -1.2590175 -13.268813 0.21448806 -0.097624965 0.83499795 -0.49723512
55018219.48841515 -11.157667 -1.2030184 -13.274998 0.19476694 -0.10126565 0.84435505 -0.48874912
55052267.48841515 -11.0446 -1.1713741 -13.27115 0.17598532 -0.10234876 0.85421216 -0.47840932
55086592.73841515 -10.922346 -1.1226426 -13.267929 0.16034807 -0.104140356 0.8673441 -0.45951885
55121171.48841515 -10.818617 -1.0662593 -13.249634 0.15106174 -0.108910486 0.8807421 -0.43544504
55155970.48841515 -10.715988 -1.0282395 -13.218187 0.14471403 -0.11315984 0.8940707 -0.40852213
55190944.73841515 -10.608537 -0.9893228 -13.178471 0.1413596 -0.112886444 0.90742844 -0.37927273
55226037.48841515 -10.498067 -0.9514056 -13.129345 0.14020598 -0.108639196 0.9193592 -0.35116747
55261197.48841515 -10.408441 -0.9139575 -13.061719 0.14446151 -0.09795006 0.9286578 -0.32730925
55296366.73841515 -10.316054 -0.88616586 -12.996345 0.1475618 -0.08496559 0.93694115 -0.3052012
55331498.73841515 -10.237268 -0.8584007 -12.923706 0.1510407 -0.075795956 0.944025 -0.28329936
55366559.48841515 -10.146059 -0.8355017 -12.84361 0.15356018 -0.06804424 0.9499405 -0.26344323
55401521.73841515 -10.066172 -0.803851 -12.744623 0.15798381 -0.06423231 0.9523733 -0.25278527
55436355.48841515 -9.980182 -0.7821798 -12.641635 0.16201572 -0.05302797 0.9532947 -0.2493355
55471042.73841515 -9.900256 -0.7873098 -12.549522 0.16931891 -0.030133689 0.9519648 -0.25334987
55505574.48841515 -9.818464 -0.7684325 -12.453908 0.17667201 -0.0071102134 0.9510687 -0.25338677
55539958.48841515 -9.742492 -0.74485815 -12.363404 0.18242073 0.0061235013 0.94965184 -0.2546501
55574200.73841515 -9.672526 -0.7223565 -12.263973 0.18507367 0.0027184268 0.9490028 -0.25521386
55608315.48841515 -9.588331 -0.69862264 -12.161249 0.18420005 -0.0032169623 0.9491056 -0.25545746
55642315.73841515 -9.510655 -0.6760607 -12.058529 0.18369375 -0.012432393 0.9485487 -0.25759974
55676208.48841515 -9.442705 -0.64855814 -11.949398 0.18353327 -0.020844039 0.94792974 -0.25944242
55710008.73841515 -9.373943 -0.61548835 -11.836727 0.18528286 -0.024847154 0.947186 -0.2605603
55743727.73841515 -9.306901 -0.59156615 -11.732241 0.1874086 -0.024357297 0.9465523 -0.2613876
55777381.73841515 -9.231679 -0.56332815 -11.6208515 0.18966852 -0.021445485 0.9464063 -0.2605399
55810981.48841515 -9.161016 -0.53080374 -11.504293 0.19247031 -0.012744954 0.94660336 -0.2583309
55844529.73841515 -9.098572 -0.49744177 -11.38382 0.19614442 0.0030257944 0.94704705 -0.25420472
55878033.73841515 -9.034369 -0.46188694 -11.258905 0.20058928 0.02231712 0.9472198 -0.24907956
55911492.48841515 -8.966616 -0.43092424 -11.126467 0.20251842 0.0401862 0.9473249 -0.24484089
55944904.48841515 -8.906764 -0.39078876 -10.990925 0.20326367 0.05352233 0.9474594 -0.24112232
55978265.48841515 -8.841089 -0.36292323 -10.86235 0.20224845 0.06646759 0.9474048 -0.2389597
56011577.48841515 -8.772978 -0.3230676 -10.718891 0.20307347 0.08316995 0.9463405 -0.23724183
56044842.48841515 -8.704124 -0.28370273 -10.577736 0.20591035 0.10881011 0.94350535 -0.23570974
56078059.73841515 -8.6247225 -0.24427342 -10.429819 0.2105286 0.14244565 0.93875897 -0.23263411
56111233.48841515 -8.552293 -0.20072281 -10.277113 0.21307021 0.16913237 0.9345361 -0.22942917
56144376.48841515 -8.485281 -0.15374148 -10.13438 0.2140045 0.17701095 0.9335908 -0.22644523
56177496.73841515 -8.4133415 -0.114169 -9.992126 0.21323624 0.1703068 0.935493 -0.22445223
56210599.73841515 -8.337246 -0.08271849 -9.853731 0.21065934 0.16189258 0.93811315 -0.22216466
56243683.48841515 -8.247817 -0.05840218 -9.711086 0.2082498 0.15691605 0.9395773 -0.22181971
56276744.48841515 -8.15906 -0.03581786 -9.565114 0.20644908 0.15284371 0.94054526 -0.22224364
56309784.73841515 -8.061772 -0.016843677 -9.410464 0.20449041 0.1458064 0.94190913 -0.22300524
56342807.48841515 -7.9604034 0.0022628307 -9.239759 0.20271792 0.13235842 0.94427 -0.22302675
56375816.48841515 -7.8592725 0.014838755 -9.075396 0.19981696 0.113480374 0.94719696 -0.2236368
56408809.73841515 -7.759497 0.023713708 -8.91177 0.19615117 0.090378374 0.95067364 -0.22265694
56441778.73841515 -7.656621 0.02848813 -8.742859 0.18929309 0.06179368 0.9543767 -0.22251943
56474714.48841515 -7.5568023 0.030783206 -8.567573 0.178732 0.029660922 0.95778865 -0.22319515
56507622.48841515 -7.455526 0.03364624 -8.400246 0.16383459 -0.00043756914 0.9606909 -0.22412279
56540491.48841515 -7.3565803 0.037775885 -8.226692 0.14422885 -0.024578108 0.96314883 -0.22569525
56573267.73841515 -7.257355 0.039298225 -8.04939 0.12113028 -0.043067165 0.9652148 -0.22766885
56605886.73841515 -7.1627154 0.031896267 -7.874097 0.0975743 -0.0602757 0.96671796 -0.22869734
56638327.48841515 -7.071858 0.026848856 -7.6969633 0.07275675 -0.076853745 0.9675973 -0.22924973
56670585.73841515 -6.990877 0.020802684 -7.5286784 0.049602203 -0.093397 0.9671153 -0.23131087
56702654.48841515 -6.899537 0.01022397 -7.35575 0.027254289 -0.10284025 0.96631646 -0.23433654
56734528.48841515 -6.8212 -0.008726701 -7.1964154 0.007484816 -0.10304281 0.965617 -0.23855813
56766207.73841515 -6.7532673 -0.024894834 -7.021673 -0.009442855 -0.098575346 0.9651372 -0.24228911
56797707.48841515 -6.67619 -0.041597515 -6.8340273 -0.025062865 -0.09216487 0.9645254 -0.24610615
56829059.48841515 -6.602063 -0.05910179 -6.6438994 -0.03884177 -0.08522563 0.9640314 -0.24873967
56860288.73841515 -6.5444922 -0.072155535 -6.453278 -0.050171465 -0.08002992 0.96358824 -0.25015137
56891403.73841515 -6.485271 -0.09029636 -6.278507 -0.060130842 -0.07466303 0.96315527 -0.25128022
56922404.48841515 -6.4242654 -0.10653028 -6.0878415 -0.06619355 -0.06844083 0.96292275 -0.25241655
56953284.48841515 -6.3717065 -0.12893543 -5.9137387 -0.069594935 -0.05955485 0.9628003 -0.25421506
56984032.73841515 -6.3176913 -0.14349234 -5.7239876 -0.07023169 -0.050765656 0.96285737 -0.2557267
57014633.73841515 -6.265624 -0.15836996 -5.5428452 -0.07118724 -0.044401295 0.96300334 -0.25609684
57045087.48841515 -6.2186966 -0.17892203 -5.361349 -0.07233699 -0.044027463 0.96328056 -0.25479308
57075397.48841515 -6.1764526 -0.19453177 -5.1888413 -0.07261684 -0.047234032 0.96369785 -0.25255153
57105578.73841515 -6.137219 -0.19636708 -5.015006 -0.07413142 -0.05203909 0.9644602 -0.24821962
57135648.48841515 -6.091447 -0.21583246 -4.8429737 -0.07576103 -0.058917634 0.964508 -0.2459946
57165627.48841515 -6.0496397 -0.23568629 -4.671232 -0.07739476 -0.065889925 0.9646713 -0.24305941
57195533.48841515 -6.0122247 -0.2465754 -4.492838 -0.08024883 -0.072921276 0.96509135 -0.23841414
57225376.48841515 -5.969134 -0.25427535 -4.30754 -0.08630945 -0.08109089 0.9657731 -0.23077546
57255161.48841515 -5.9367337 -0.26682085 -4.1308174 -0.0950797 -0.09211767 0.9665453 -0.21969181
57284894.48841515 -5.898122 -0.27304667 -3.9450512 -0.1070196 -0.10706854 0.96681005 -0.20581909
57314574.48841515 -5.876093 -0.28669518 -3.7743106 -0.12136373 -0.12513226 0.96597505 -0.19106282
57344195.48841515 -5.852145 -0.29607388 -3.5937948 -0.13903688 -0.14636798 0.96361035 -0.1752149
57373751.73841515 -5.8215594 -0.30541316 -3.4219377 -0.1603512 -0.16816363 0.9594692 -0.15945949
57403240.73841515 -5.8012733 -0.3072766 -3.2390742 -0.18385217 -0.19049479 0.95367694 -0.14286496
57432663.73841515 -5.784869 -0.31230128 -3.0486362 -0.21166092 -0.21326603 0.94530064 -0.12698042
57462025.73841515 -5.7653003 -0.31449166 -2.859429 -0.24257138 -0.23705268 0.93416345 -0.11092299
57491325.73841515 -5.763107 -0.3283394 -2.6918797 -0.27279124 -0.26288113 0.92058986 -0.094830565
57520556.73841515 -5.7549458 -0.33233845 -2.507852 -0.302898 -0.2881484 0.9052341 -0.07599084
57549750.48841515 -5.7453556 -0.3434406 -2.3332775 -0.3313446 -0.31212077 0.8884776 -0.058300845
57578857.73841515 -5.740057 -0.3541813 -2.166458 -0.35747254 -0.3333917 0.8713454 -0.042669255
57607825.48841515 -5.740524 -0.3636273 -1.9979936 -0.38230696 -0.34702805 0.85580736 -0.031727724
57636695.73841515 -5.749516 -0.3739109 -1.8341348 -0.40436462 -0.35203153 0.84361285 -0.029673902
57665472.48841515 -5.769115 -0.3881048 -1.6786945 -0.42379165 -0.35288206 0.833587 -0.031743478
57694163.48841515 -5.7829623 -0.4035151 -1.5304979 -0.44268298 -0.35294846 0.82356095 -0.03473555
57722773.48841515 -5.803357 -0.41084146 -1.3782464 -0.46144524 -0.35099137 0.81397605 -0.03628213
57751312.48841515 -5.829359 -0.417629 -1.2362994 -0.4793801 -0.3495615 0.8041069 -0.03759796
57779792.48841515 -5.8650465 -0.4135785 -1.0903943 -0.49742562 -0.3480943 0.79378676 -0.03606705
57808227.48841515 -5.906408 -0.40566635 -0.9531982 -0.51665854 -0.34915292 0.7811639 -0.030646842
57836624.73841515 -5.946954 -0.40422368 -0.8248315 -0.5363787 -0.35550058 0.7652005 -0.019634426
57864989.48841515 -5.9885116 -0.40683484 -0.69743776 -0.5584439 -0.36523166 0.74480903 -0.0024173064
57893324.73841515 -6.033466 -0.41346383 -0.5747819 -0.5807137 -0.3770097 0.72125953 0.02049327
57921633.48841515 -6.084622 -0.41625333 -0.45596933 -0.60219586 -0.3908662 0.6945043 0.04740908
57949921.48841515 -6.1354713 -0.41719055 -0.34326267 -0.6239914 -0.4028064 0.66541326 0.07488014
57978186.48841515 -6.189962 -0.43050957 -0.2387371 -0.6440332 -0.41678783 0.6332873 0.10225611
58006421.48841515 -6.2477617 -0.43533587 -0.13921928 -0.6623181 -0.4288852 0.60002285 0.13177603
58034618.73841515 -6.3057623 -0.44804358 -0.04157734 -0.67961115 -0.43965068 0.5648386 0.16060318
58062776.48841515 -6.3650856 -0.45065308 0.047845364 -0.6933634 -0.4498474 0.53070784 0.1877063
58090897.48841515 -6.4257636 -0.46001482 0.13143206 -0.7048096 -0.4606764 0.49663004 0.21066388
58118979.73841515 -6.4900866 -0.46037364 0.20852375 -0.7138355 -0.47057033 0.4636449 0.23245658
58147041.48841515 -6.550376 -0.46340132 0.27477646 -0.72231424 -0.4784677 0.43067914 0.2526782
58175057.73841515 -6.612119 -0.45955825 0.33384705 -0.731989 -0.4813101 0.399977 0.26935303
58203004.48841515 -6.67284 -0.45904684 0.38595533 -0.74338794 -0.4804063 0.3712287 0.28066605
58230908.73841515 -6.7328844 -0.45320904 0.43281317 -0.7561721 -0.4762926 0.3448267 0.28713015
58258777.73841515 -6.7901173 -0.45329368 0.47010946 -0.7678493 -0.47308913 0.32062396 0.28947258
58286619.73841515 -6.8479586 -0.44739157 0.5019083 -0.78059894 -0.4680394 0.29854164 0.28718865
58314440.48841515 -6.902509 -0.442309 0.524055 -0.79351413 -0.4625369 0.27782023 0.28144425
58342247.48841515 -6.9551334 -0.43996295 0.5467839 -0.8070265 -0.45489654 0.256892 0.27528864
58370042.48841515 -7.005111 -0.4322765 0.55253077 -0.8182464 -0.44852185 0.23801383 0.26953736
58397829.48841515 -7.060048 -0.42486972 0.55639315 -0.82830787 -0.44247216 0.2196278 0.26436377
58425609.48841515 -7.106229 -0.4148531 0.55012894 -0.8354221 -0.4378694 0.20498818 0.26138127
58453381.48841515 -7.1562963 -0.4100713 0.54051924 -0.8436397 -0.4311981 0.19183958 0.2560039
58481148.48841515 -7.20251 -0.4028495 0.5241871 -0.85138303 -0.4236601 0.18200804 0.25006446
58508912.48841515 -7.2509933 -0.39478332 0.48578978 -0.85731715 -0.41779527 0.17673235 0.24335188
58536670.73841515 -7.2930145 -0.38788116 0.45412636 -0.8629873 -0.41293398 0.1774302 0.23077497
58564420.48841515 -7.332161 -0.38243097 0.41769123 -0.86862445 -0.40898925 0.1819432 0.21240565
58592164.48841515 -7.3692546 -0.37404794 0.37520313 -0.8744379 -0.40423524 0.18962158 0.18972604
58619899.48841515 -7.404385 -0.36649865 0.32896852 -0.8800761 -0.39807025 0.19698589 0.16793658
