1115348.0 -0.0 -0.0 -0.0 -0.0 -0.0 1.0 -0.0
1155778.858 0.0027376995 -0.0053807525 0.003513953 0.0021640998 0.0006293809 0.99999744 -0.00022899311
1215352.873 0.0069896556 -0.01594206 0.0098082265 0.008523382 0.0011207815 0.9999623 -0.0012832
1255783.9810000001 0.0090179145 -0.023815397 0.014161906 0.0129452525 0.0010009151 0.99991256 -0.0025252113
1315358.246 0.009159103 -0.035490587 0.020608092 0.01663394 -0.00010745092 0.9998527 -0.0042286264
1355789.104 0.00762894 -0.04365438 0.02448657 0.018532991 -0.0011243429 0.9998137 -0.0052880123
1415363.3690000002 0.0037683465 -0.05414195 0.029139679 0.020493587 -0.0024597007 0.9997691 -0.0059772665
1455794.477 0.00079553487 -0.060074 0.030421536 0.020548241 -0.0033940715 0.99976736 -0.0056198873
1515368.4919999999 -0.0052132 -0.065196715 0.03246096 0.019674959 -0.0048279474 0.99977684 -0.0060018497
1555799.851 -0.008997931 -0.06722944 0.033489008 0.018729309 -0.0049882685 0.99978745 -0.0070278947
1615373.8649999998 -0.0119038625 -0.067530006 0.03666844 0.017803418 -0.0056411834 0.9997763 -0.009930429
1655804.974 -0.011777658 -0.06771172 0.03838709 0.018672165 -0.0050581205 0.9997604 -0.01024943
1715379.239 -0.011981624 -0.06889085 0.04013774 0.019628903 -0.004721756 0.9997478 -0.009838651
1755810.0969999998 -0.013409139 -0.06879445 0.040017053 0.019269003 -0.0042749783 0.9997552 -0.010002747
1815384.362 -0.013306937 -0.06871134 0.03989746 0.018459903 -0.0025616782 0.9997662 -0.0109688705
1855815.7200000002 -0.014077506 -0.067710355 0.04074374 0.018040914 -0.003007105 0.99976975 -0.011221286
1915389.735 -0.01413569 -0.066336215 0.04116939 0.017629119 -0.0029879701 0.99977696 -0.011237829
1955820.8429999999 -0.014531234 -0.06495146 0.041522793 0.016821032 -0.0020612893 0.99979335 -0.011229793
2015395.1080000002 -0.014773446 -0.06353858 0.042329382 0.015444948 -0.0012894606 0.9997935 -0.013146073
2056903.989 -0.014348111 -0.061455023 0.0431505 0.015384602 -0.0006879716 0.9997818 -0.0141138835
2106384.04 -0.0125879515 -0.059435226 0.04385593 0.01578108 -0.0005235164 0.99976796 -0.014655751
2156449.853 -0.010894206 -0.05925336 0.043746233 0.015518425 0.0002125863 0.99975556 -0.01574756
2207070.927 -0.010943463 -0.05750339 0.043820843 0.014923492 0.0006465961 0.9997565 -0.016244775
2258064.51 -0.010023019 -0.055680633 0.04403852 0.013815461 0.0008419073 0.9997752 -0.016067471
2308027.571 -0.009631646 -0.05500783 0.042887345 0.013873841 0.00027127747 0.9997687 -0.016435683
2357300.867 -0.009563917 -0.054048125 0.041770663 0.01354365 0.000390695 0.9997721 -0.016498156
2406819.4179999996 -0.009242905 -0.05388065 0.041271128 0.0129479235 0.00094769493 0.9997694 -0.017108014
2456687.477 -0.008955047 -0.053145353 0.04081098 0.012606638 0.002363489 0.9997759 -0.016840713
2506848.792 -0.009379356 -0.053171095 0.040140416 0.012447294 0.0018685939 0.9997785 -0.016870592
2557223.361 -0.007485064 -0.051922377 0.04116563 0.01240783 0.0017741509 0.9997791 -0.016871085
2607416.9269999997 -0.0064033503 -0.05261873 0.041475717 0.01295883 0.0015425042 0.9997752 -0.016711168
2657292.486 -0.005287048 -0.053302795 0.04072932 0.013761676 0.000801291 0.99976933 -0.016471175
2707041.542 -0.0041428427 -0.05518082 0.040914405 0.015399693 -0.00013850087 0.9997394 -0.01685628
2756893.35 -0.0032573675 -0.058148514 0.041309264 0.017498164 -0.0015029368 0.9996944 -0.017399257
2806911.912 -0.0031189066 -0.062490813 0.042564746 0.020354306 -0.002646878 0.9996092 -0.018979538
2857049.477 -0.0040418305 -0.06772472 0.045124087 0.023029119 -0.0029847426 0.9995174 -0.020636363
2907202.541 -0.008287933 -0.07547467 0.047574352 0.025683863 -0.0031166764 0.99939096 -0.023419308
2957229.3540000003 -0.014238776 -0.083422154 0.05028563 0.02760154 -0.0034986802 0.99930674 -0.02473957
3007144.413 -0.022488171 -0.0918689 0.053428248 0.030269181 -0.005689633 0.99919975 -0.02552111
3057059.973 -0.033115875 -0.10088169 0.05617595 0.03181475 -0.0083754035 0.99915177 -0.024768999
3107054.784 -0.04783622 -0.11064371 0.05855166 0.032224134 -0.012096962 0.9991285 -0.023613906
3157128.3479999998 -0.066125765 -0.118634835 0.062190816 0.031193882 -0.016320642 0.99910754 -0.023342842
3207297.663 -0.08724288 -0.12607482 0.06728302 0.030669352 -0.020683937 0.9990556 -0.022792159
3257366.7260000003 -0.109653585 -0.1308961 0.07159605 0.02954046 -0.02051379 0.99912596 -0.02130649
3307350.537 -0.13257201 -0.13100588 0.07362306 0.022702476 -0.015529023 0.99935216 -0.023210442
3357313.0979999998 -0.15627098 -0.12874672 0.07380556 0.011318539 -0.008395198 0.99961674 -0.023832744
3407284.658 -0.17662084 -0.12418901 0.07185946 -0.0013609971 -0.00027096103 0.99975234 -0.022214025
3457294.97 -0.19378598 -0.116507865 0.06733419 -0.011275448 0.0059956852 0.9997304 -0.019396216
3507345.2830000003 -0.20794028 -0.10580096 0.060939997 -0.020306867 0.008551471 0.9996462 -0.014903736
3557395.345 -0.21878956 -0.09253515 0.052152097 -0.03109312 0.008713212 0.99942344 -0.010497878
3607397.907 -0.22412711 -0.07522644 0.042535692 -0.040098175 0.0077123665 0.99912864 -0.008646264
3657368.968 -0.22360191 -0.057351116 0.032217924 -0.047201425 0.0068807243 0.99882644 -0.008401733
3707334.7789999996 -0.21631832 -0.039756212 0.021899533 -0.051532794 0.005363187 0.9986153 -0.009115106
3757286.839 -0.20332791 -0.023653585 0.01201203 -0.05090326 0.0057258545 0.99865466 -0.00806697
3807257.9 -0.18382414 -0.008788292 0.0034598403 -0.0459288 0.005512038 0.9989048 -0.007020129
3857212.961 -0.16272758 0.006481587 -0.0046726773 -0.041253936 0.0026607306 0.9991039 -0.009082331
3907160.271 -0.14154686 0.021089882 -0.012415255 -0.038088843 -0.0011710522 0.99916947 -0.014432581
3957099.3310000002 -0.11903761 0.0346021 -0.018873187 -0.032783896 -0.005338553 0.99917877 -0.023208076
4007030.3910000003 -0.09396862 0.044648584 -0.02437254 -0.024855914 -0.00675106 0.9991932 -0.030816482
4056945.9510000004 -0.069340415 0.049388357 -0.029285124 -0.019344524 -0.008112717 0.9991927 -0.03426294
4106853.011 -0.044514585 0.04960005 -0.03290225 -0.01282621 -0.00949857 0.9992345 -0.03571669
4156808.071 -0.02101625 0.045687776 -0.03432508 -0.0052977204 -0.011035095 0.9991731 -0.03877389
4206818.883 0.0014016209 0.036409955 -0.03431478 0.0027756803 -0.0098529495 0.9991089 -0.040946424
4256861.194999999 0.021326087 0.022587098 -0.033171862 0.012111303 -0.01221143 0.99894375 -0.042609286
4306895.758 0.03667051 0.003965688 -0.03096139 0.020361925 -0.014881349 0.99879855 -0.04201691
4356906.319 0.047262166 -0.017004356 -0.027118484 0.02589883 -0.01731352 0.9986901 -0.040590126
4406900.881 0.053405263 -0.037230063 -0.02206022 0.02904901 -0.018190445 0.9986298 -0.039545804
4456918.943 0.05610304 -0.05845081 -0.01638553 0.03093541 -0.016340865 0.99860907 -0.039446827
4506953.505 0.058138356 -0.07896303 -0.008620235 0.036254488 -0.012280757 0.99854547 -0.037970737
4557012.068 0.057558224 -0.0979362 -0.00029693585 0.043355495 -0.007093345 0.99833465 -0.037389666
4607069.88 0.050143536 -0.11401915 0.0078013698 0.045544498 -0.005853661 0.9982249 -0.037928097
4657120.193 0.037253723 -0.12732017 0.016293084 0.041673854 -0.006063297 0.9984035 -0.037642717
4707154.005 0.018105267 -0.13892299 0.024366824 0.03538271 -0.006599622 0.99865097 -0.03742837
4757188.818 -0.003604224 -0.14569709 0.031443957 0.027498495 -0.006054663 0.9989253 -0.03681603
4807230.880000001 -0.027839342 -0.14635518 0.034234826 0.018024713 -0.0061397697 0.9991317 -0.037058555
4857273.442 -0.0514638 -0.13832639 0.033881117 0.0072174305 -0.0059233806 0.99913067 -0.040629998
4907338.505 -0.073707774 -0.12653026 0.031529885 -0.003029899 -0.0024933042 0.9989271 -0.046144668
4957318.066 -0.09609091 -0.114246875 0.028190253 -0.012964174 0.002147499 0.9986668 -0.049919523
5007249.375999999 -0.1185111 -0.10221146 0.023980984 -0.026032567 0.0049980157 0.9983951 -0.05004694
5057164.936 -0.13816155 -0.08924917 0.01799813 -0.039346494 0.0027331063 0.99814206 -0.046442688
5107119.747 -0.15330462 -0.07388407 0.011229793 -0.04896836 -0.0030859292 0.9979329 -0.0415027
5157138.309 -0.16333008 -0.056996748 0.004229321 -0.05507704 -0.009413101 0.997741 -0.037294194
5207204.372 -0.16953692 -0.039710794 -0.003405298 -0.060574383 -0.012838682 0.9975139 -0.033646125
5257246.433999999 -0.17292057 -0.022977646 -0.012580869 -0.06832733 -0.014121755 0.99709153 -0.03066779
5307233.495 -0.17178634 -0.0072100796 -0.022649728 -0.07578349 -0.014844954 0.99667597 -0.02595388
5357164.805 -0.16441187 0.008778221 -0.031379778 -0.079326466 -0.014383594 0.99651897 -0.02122309
5407112.116 -0.15279564 0.024553474 -0.038967177 -0.079218954 -0.01253204 0.9965545 -0.021131158
5457090.677 -0.13610886 0.0400328 -0.045645207 -0.07826919 -0.008687352 0.99664986 -0.022080185
5507085.238 -0.115424916 0.054790996 -0.05064461 -0.07425844 -0.002759644 0.99693215 -0.024586767
5557103.55 -0.09097289 0.06816719 -0.053640854 -0.06504299 0.0018396681 0.99743277 -0.029898878
5607021.109999999 -0.06391719 0.07714219 -0.053966176 -0.05382374 0.0036113954 0.997966 -0.033969004
5656950.67 -0.034622915 0.08137069 -0.052649025 -0.040443733 0.0042440663 0.9984667 -0.03755869
5706873.48 -0.0035753255 0.07974855 -0.051578697 -0.02407716 0.0055068918 0.9988928 -0.04003962
5756836.541 0.027455095 0.0715106 -0.05180456 -0.010059115 0.00868553 0.9991713 -0.038471688
5806831.352 0.057145853 0.05890675 -0.053071365 0.0018770262 0.009126153 0.99933183 -0.035343066
5856873.914 0.08546857 0.04296539 -0.05374405 0.014664964 0.009380566 0.99937576 -0.030741757
5906939.727 0.109744325 0.022979371 -0.054008696 0.025801884 0.009408891 0.9992978 -0.025490707
5956997.79 0.12833254 0.0028685704 -0.051866405 0.034651615 0.007936061 0.9991191 -0.022299744
6007024.352 0.14076124 -0.016708812 -0.046225797 0.039725594 0.00528966 0.9989657 -0.021481615
6057034.914 0.14688872 -0.036076702 -0.03676664 0.040899027 0.0026929541 0.9988442 -0.025106475
6107045.476000001 0.14686298 -0.05387915 -0.023382995 0.038548347 0.0025688324 0.998774 -0.03095038
6157056.2870000005 0.14116204 -0.07087379 -0.006869098 0.032991517 0.0012613575 0.99880916 -0.035919845
6207074.348999999 0.13215426 -0.08674699 0.011659606 0.027505238 -0.0017042658 0.99886453 -0.038862236
6257084.910999999 0.12178284 -0.100016125 0.03136205 0.022791885 -0.004610782 0.99886537 -0.04155939
6307103.473 0.10953419 -0.1108636 0.05015873 0.017884662 -0.005485958 0.99881417 -0.044948798
6357145.785 0.09606016 -0.119283356 0.06976226 0.014168675 -0.004799754 0.998699 -0.04875098
6407203.848 0.082016535 -0.12644592 0.089602634 0.01193072 -0.003127097 0.9985934 -0.05156827
6457253.911 0.06649817 -0.1310537 0.11033033 0.009306321 -0.003326186 0.998467 -0.054461606
6507280.472999999 0.04894414 -0.1337848 0.13223022 0.004973298 -0.0056249485 0.9982733 -0.058258485
6557291.284999999 0.031424742 -0.13483827 0.15504178 0.0019299458 -0.008765899 0.99797106 -0.06303396
6607309.346 0.014885862 -0.1338031 0.17894752 0.00091639074 -0.010953845 0.9976602 -0.06747767
6657327.908 -0.0014851261 -0.13073602 0.20209348 0.00059998967 -0.011088115 0.9971894 -0.07409433
6707346.72 -0.016125517 -0.12658858 0.22412157 0.0015376726 -0.009856676 0.9966897 -0.0806866
6757357.282 -0.029023346 -0.12282552 0.244158 0.0022164856 -0.009663794 0.99611187 -0.08753753
6807359.8440000005 -0.041860994 -0.11786462 0.26185414 0.0008987767 -0.009799466 0.9954138 -0.095155485
6857346.405 -0.05362386 -0.111973554 0.27693492 -0.000901853 -0.01066635 0.99476427 -0.101634644
6907340.966 -0.06560442 -0.10520716 0.2890604 -0.004808642 -0.012006928 0.99413353 -0.10738423
6957327.528 -0.077470295 -0.09770237 0.2978385 -0.010868798 -0.0127774235 0.99344575 -0.11306727
7007322.839000001 -0.087842636 -0.0921937 0.3046671 -0.015010452 -0.013017873 0.9928463 -0.11773484
7057309.4 -0.096841745 -0.08871989 0.30819663 -0.016467884 -0.01330506 0.99295384 -0.11659579
7107296.211 -0.10598757 -0.083690904 0.3062236 -0.020393493 -0.012663487 0.9930292 -0.1153989
7157290.773 -0.115294114 -0.07480277 0.30048233 -0.026552785 -0.0108683 0.9926856 -0.1172698
7207301.335 -0.1214972 -0.06237991 0.29130092 -0.028845942 -0.009634544 0.99199694 -0.122544736
7257295.896000001 -0.1247596 -0.050844472 0.2778117 -0.029727936 -0.006557667 0.99186 -0.12364109
7307250.9569999995 -0.12801291 -0.040904835 0.26069996 -0.03331466 -0.00109194 0.99182475 -0.123177566
7357158.766 -0.12827308 -0.031849544 0.241599 -0.034111224 0.0053884774 0.9921085 -0.12053255
7407081.825999999 -0.12772426 -0.022181505 0.22099982 -0.03239746 0.00719731 0.99267334 -0.1161819
7457038.637 -0.12841156 -0.0104192635 0.19786221 -0.033328533 0.0068788067 0.99307895 -0.11241097
7507039.448 -0.13149576 0.0026471876 0.17220587 -0.039264474 0.0048469277 0.9932225 -0.10928857
7557058.26 -0.13497028 0.014810972 0.14480063 -0.049723737 0.002535857 0.993316 -0.10413702
7607036.821 -0.13583754 0.025178557 0.117298625 -0.056626696 0.0004890754 0.9936995 -0.096719444
7656992.132 -0.13385625 0.034605443 0.0894318 -0.06096157 -0.0023165022 0.9940746 -0.08996706
7706947.192 -0.12974204 0.045153067 0.061219305 -0.06562685 -0.0064382902 0.9944193 -0.08235368
7756941.754000001 -0.12416963 0.054789495 0.032229327 -0.072235726 -0.008859989 0.99454904 -0.07467106
7806960.316000001 -0.11619522 0.06553878 0.0041394746 -0.078770995 -0.010557629 0.9943954 -0.06972484
7856994.628 -0.104781955 0.07630156 -0.021040773 -0.08153463 -0.011145265 0.99440664 -0.06620642
7907026.4399999995 -0.09031541 0.084448114 -0.04300602 -0.080701254 -0.011454872 0.9947518 -0.061846957
7956976.251 -0.073422365 0.089114234 -0.061626658 -0.07667275 -0.011572806 0.9953171 -0.05771745
8006938.811 -0.05379573 0.09190729 -0.07853178 -0.07206992 -0.0122479545 0.9958292 -0.05459089
8056917.872 -0.032615412 0.09182984 -0.093483396 -0.06703892 -0.010201562 0.9962657 -0.053445507
8106912.434 -0.008307521 0.08772041 -0.10668751 -0.06105611 -0.006308327 0.99666864 -0.053703234
8156938.996 0.019047877 0.0783736 -0.11666653 -0.051074658 0.00065666175 0.9972562 -0.053582437
8206973.307999999 0.04800305 0.06484346 -0.12480194 -0.037765868 0.008577655 0.99785393 -0.05279957
8256992.12 0.07628283 0.047852468 -0.1311844 -0.023963215 0.016297182 0.9984311 -0.047912452
8306994.682 0.103042 0.029879387 -0.13622119 -0.010226102 0.018541133 0.99881697 -0.043776307
8357005.243000001 0.12608229 0.011126458 -0.14021377 0.0029727207 0.019406812 0.9989167 -0.04219124
8407031.305 0.14436477 -0.009087181 -0.14312993 0.010764032 0.018085618 0.99892735 -0.041246362
8457089.368 0.15755552 -0.029218422 -0.1441884 0.012913355 0.015330289 0.99895763 -0.04101151
8507131.431 0.16695566 -0.05013529 -0.14355704 0.011736728 0.011256843 0.9989985 -0.041684445
8557142.242 0.17356324 -0.07048986 -0.14007021 0.010518194 0.0048965663 0.99889284 -0.04559107
8607147.304 0.17775911 -0.0919976 -0.1340072 0.008627935 -0.00018365249 0.9987891 -0.048435215
8657107.865 0.17857918 -0.11475043 -0.12653449 0.006627381 -0.002781231 0.998574 -0.05290016
8707102.676 0.17811564 -0.13815835 -0.11677945 0.007224654 -0.0025765907 0.9983113 -0.057584025
8757129.238 0.17513429 -0.16225146 -0.103348695 0.008935339 -0.002268093 0.99808896 -0.06110345
8807155.3 0.16964988 -0.187074 -0.08907214 0.009347651 -0.0014053566 0.9979213 -0.06374789
8857189.863 0.16089886 -0.20993602 -0.073933 0.008325926 -0.0012083612 0.9977944 -0.06584521
8907223.924999999 0.14592941 -0.22986639 -0.05783358 0.0057767467 -0.0028637433 0.99724704 -0.073870376
8957266.237 0.12703557 -0.24729934 -0.0414065 0.0003183913 -0.0035499937 0.996514 -0.083349764
9007317.05 0.10494209 -0.26417717 -0.024069812 -0.0053551304 -0.002105775 0.9959733 -0.08946656
9057327.112 0.082744546 -0.27850947 -0.007377254 -0.008829834 -0.00097135245 0.995586 -0.09343291
9107401.424999999 0.058165714 -0.28982326 0.009958119 -0.0122713065 -0.0011677007 0.99544907 -0.09449511
9157324.735 0.0328819 -0.29957762 0.026869643 -0.01683638 -0.00062507536 0.9954366 -0.09392661
9207366.797 0.009682924 -0.30675995 0.04441245 -0.016971653 0.0016794261 0.9954574 -0.093668565
9257440.86 -0.011618554 -0.31145015 0.061134458 -0.013704614 0.002265503 0.995656 -0.09206642
9307514.423 -0.034110256 -0.31061187 0.07817512 -0.010760233 -0.0019926098 0.99618095 -0.086623974
9357557.236000001 -0.056164365 -0.3034654 0.09554614 -0.009551551 -0.0072053876 0.9962018 -0.08624846
9407567.797 -0.076864235 -0.2907314 0.113336444 -0.0071719764 -0.009421946 0.9958445 -0.09029781
9457562.609000001 -0.0949865 -0.27494302 0.13218392 -0.00312883 -0.010089474 0.99556965 -0.093431994
9507549.17 -0.11212862 -0.26064295 0.15357797 0.0032428624 -0.009184012 0.9956291 -0.09288605
9557535.731 -0.12829167 -0.24335712 0.17382011 0.007969674 -0.0073584663 0.99534696 -0.09574348
9607566.043 -0.14441966 -0.2233336 0.19476776 0.010305571 -0.0075437245 0.9945323 -0.10364604
9657548.855 -0.16069716 -0.20466052 0.21433161 0.008345978 -0.009734271 0.99438894 -0.10500625
9707551.666 -0.17666845 -0.18588893 0.23078407 0.0035214564 -0.012227098 0.9946379 -0.1026335
9757538.227 -0.19126953 -0.16570692 0.24488385 0.00035610222 -0.011269605 0.9945867 -0.103296645
9807525.288999999 -0.20621248 -0.1419523 0.25196 -0.004682651 -0.010296636 0.99353445 -0.11296646
9857543.6 -0.22069287 -0.11883003 0.25067917 -0.010905621 -0.013491405 0.9925324 -0.12074132
9907538.661999999 -0.23452361 -0.09981438 0.24116145 -0.021610841 -0.01806775 0.99214727 -0.12186197
9957477.722000001 -0.24410981 -0.08477001 0.22637102 -0.026935587 -0.021374658 0.9925885 -0.1165577
10007376.782 -0.24831197 -0.07168746 0.20598893 -0.028943116 -0.02193764 0.9929697 -0.11265996
10057323.842 -0.24817866 -0.0605163 0.18516769 -0.026035914 -0.02157945 0.99397403 -0.10426966
10107310.903 -0.24520516 -0.05074191 0.16450448 -0.025344735 -0.02310343 0.99495125 -0.09431782
10157329.215 -0.24251968 -0.04260669 0.14358753 -0.028163081 -0.023476686 0.99589646 -0.08274025
10207347.776999999 -0.2385804 -0.033217683 0.12359344 -0.031250343 -0.022528557 0.996655 -0.07207479
10257362.089 -0.23256324 -0.02125738 0.10564842 -0.033268303 -0.020973528 0.9972412 -0.06295564
10307337.149999999 -0.22496781 -0.0059018354 0.08940817 -0.033067595 -0.022334594 0.9975327 -0.05776113
10357324.211000001 -0.2165644 0.012041909 0.07316621 -0.033809543 -0.02407481 0.99762654 -0.054942474
10407310.772 -0.20729998 0.031770904 0.057646267 -0.033768687 -0.025656486 0.9977718 -0.051505886
10457273.832999999 -0.19827719 0.05095639 0.041711804 -0.038872406 -0.024164712 0.9978169 -0.047607012
10507213.143000001 -0.18713231 0.070010595 0.02670586 -0.042161137 -0.021849675 0.9978709 -0.04470588
10557160.204 -0.17509192 0.0867096 0.012018483 -0.045990683 -0.02097297 0.9978661 -0.041331865
10607138.764999999 -0.16048324 0.10103593 -3.8979662e-05 -0.046496652 -0.020131407 0.99803865 -0.03676568
10657141.326 -0.14428362 0.11406082 -0.011631672 -0.048215333 -0.019206945 0.9980187 -0.035568997
10707144.137999998 -0.12716529 0.12759976 -0.02223137 -0.049052414 -0.017280675 0.99790144 -0.038573638
10757131.199000001 -0.10865859 0.1391658 -0.0325005 -0.051336877 -0.014359528 0.9977287 -0.04118119
10807101.760000002 -0.08778903 0.1495417 -0.04157565 -0.053259626 -0.012208718 0.99753404 -0.04404856
10857056.820999999 -0.06315891 0.15704088 -0.04822357 -0.052001826 -0.008353621 0.99752903 -0.046495646
10907027.632 -0.03586029 0.16066627 -0.052603092 -0.048378088 -0.006503329 0.99775 -0.04595862
10957037.943 -0.007968847 0.16192019 -0.055837967 -0.04676396 -0.008594724 0.99789715 -0.044052236
11007080.756 0.021422844 0.159028 -0.0578469 -0.04382754 -0.009405973 0.9982095 -0.0396044
11057123.318 0.04913955 0.15312174 -0.059448283 -0.04437049 -0.01008491 0.9983707 -0.034433007
11107149.629999999 0.07670308 0.14576313 -0.059330825 -0.045447897 -0.011115906 0.99843687 -0.030575076
11157136.191 0.10379075 0.13664997 -0.055949833 -0.045840856 -0.014668702 0.99847615 -0.026998533
11207122.753 0.12722768 0.12598221 -0.048757207 -0.04709952 -0.018810812 0.9983929 -0.02528779
11257125.314000001 0.14691953 0.11311595 -0.038377337 -0.048747305 -0.019316738 0.9983052 -0.025244562
11307144.126 0.16088483 0.098893225 -0.025839189 -0.05406788 -0.01754119 0.9980781 -0.02468093
11357162.688 0.17088963 0.08515339 -0.010600603 -0.0604446 -0.015230689 0.99773544 -0.025269102
11407172.75 0.177917 0.07025712 0.006906672 -0.0677643 -0.015364451 0.99731416 -0.023160422
11457227.313 0.1842869 0.056311406 0.02744141 -0.07147627 -0.018377751 0.9970349 -0.021791495
11507170.623 0.19097157 0.042404015 0.051171914 -0.07346354 -0.019832864 0.9968722 -0.021348955
11557188.685 0.19717152 0.02805439 0.07545517 -0.075094976 -0.018009536 0.99674845 -0.023001831
11607223.247 0.20329437 0.015303291 0.09925266 -0.077121645 -0.015904704 0.9965176 -0.02742524
11657265.309 0.20998794 0.0031652711 0.12204049 -0.07673513 -0.016555617 0.9964795 -0.029433375
11707307.372 0.21545537 -0.008311832 0.14268255 -0.07673357 -0.01828058 0.9964277 -0.030158924
11757326.184 0.21935143 -0.01732772 0.16053338 -0.07628465 -0.020661894 0.99627393 -0.034526505
11807344.746000001 0.2226748 -0.022892056 0.17650148 -0.07668058 -0.022448692 0.99595016 -0.041224767
11857362.808 0.22641757 -0.027273476 0.19110504 -0.074316606 -0.025462786 0.99573547 -0.04836902
11907381.62 0.2277011 -0.029233705 0.2026164 -0.07089493 -0.030621493 0.9954577 -0.055679243
11957376.181 0.22580265 -0.03119205 0.21184464 -0.06836518 -0.033305395 0.99518925 -0.06176894
12007355.242 0.21821098 -0.03456157 0.21944863 -0.06852281 -0.033632178 0.9949046 -0.06586607
12057333.803 0.20714211 -0.03855337 0.22702955 -0.07077 -0.03275861 0.99460524 -0.06840259
12107368.865 0.19449194 -0.043684635 0.23439524 -0.07317385 -0.02987916 0.99445635 -0.069349684
12157347.176 0.18068121 -0.05006636 0.24174464 -0.07446396 -0.029505271 0.99448884 -0.0676495
12207405.239 0.16518131 -0.05490446 0.24915516 -0.07784303 -0.03230255 0.9941161 -0.06804511
12257471.302 0.14764808 -0.057983715 0.25623167 -0.082534395 -0.033927135 0.99356014 -0.06982381
12307521.615 0.12891974 -0.059669126 0.26314065 -0.08822119 -0.03689702 0.9928116 -0.07197726
12357532.176 0.109170415 -0.059084017 0.26940677 -0.094238855 -0.040463794 0.9920518 -0.07290434
12407526.738 0.08724735 -0.053858884 0.27337858 -0.10068984 -0.048017632 0.9910477 -0.07335104
12457529.549 0.0653982 -0.043074034 0.27306134 -0.10864005 -0.060485736 0.9893871 -0.07517981
12507555.861000001 0.04463099 -0.027830776 0.268184 -0.115800865 -0.07597622 0.987322 -0.07754435
12557566.423 0.025893416 -0.009076523 0.2606303 -0.119705915 -0.09631362 0.98470736 -0.082132325
12607538.734 0.010719655 0.009306143 0.25232086 -0.122767396 -0.11878244 0.9815484 -0.085916735
12657428.793 -0.0008477031 0.026861131 0.24266434 -0.123522855 -0.1403652 0.97828 -0.089487225
12707328.603 -0.010014703 0.042794302 0.23200978 -0.117552176 -0.15719007 0.9764933 -0.08907153
12757251.663 -0.017422106 0.055418562 0.21926002 -0.1125822 -0.1631827 0.9764878 -0.08466601
12807222.724 -0.025267836 0.06711778 0.20289144 -0.10742518 -0.15928337 0.9782465 -0.07824588
12857241.285 -0.0341475 0.0801035 0.1845076 -0.105075516 -0.14966509 0.9802548 -0.07523311
12907267.348000001 -0.042584307 0.091991484 0.16608371 -0.09769426 -0.13572492 0.9831328 -0.074057564
12957278.159 -0.0491731 0.1011505 0.14896744 -0.08551276 -0.1212444 0.9865563 -0.06851391
13007241.22 -0.055632625 0.107662335 0.13195005 -0.07425927 -0.10544711 0.98968047 -0.06244284
13057188.53 -0.06323078 0.112154454 0.11489649 -0.06633324 -0.08737772 0.9923694 -0.0562845
13107167.092 -0.07244514 0.11469617 0.09848442 -0.06183306 -0.06652726 0.9944512 -0.053080548
13157193.654 -0.082265675 0.11644945 0.082554676 -0.05994985 -0.04604326 0.99592584 -0.0491718
13207235.716 -0.09030054 0.11532227 0.06836992 -0.054358836 -0.021981077 0.99723595 -0.045634188
13257269.778 -0.09682899 0.11212647 0.055735618 -0.04818579 0.0068175164 0.99790704 -0.042583585
13307264.84 -0.100942895 0.10579493 0.04407242 -0.044174854 0.03979293 0.9974562 -0.039324176
13357269.900999999 -0.10305683 0.09903513 0.034052707 -0.03851351 0.069366656 0.9962483 -0.034558825
13407245.962 -0.10365162 0.09427752 0.02473742 -0.031981885 0.08840376 0.99507326 -0.031482294
13457280.525 -0.105810754 0.09400716 0.015870774 -0.027068812 0.09127428 0.99489224 -0.033552542
13507338.337000001 -0.10875178 0.095553115 0.0060685584 -0.024749974 0.08138841 0.9956182 -0.03883062
13557365.149 -0.113230065 0.09855248 -0.0020172328 -0.024115214 0.05839101 0.99700296 -0.044655837
13607328.209999999 -0.11817324 0.10244521 -0.0066667437 -0.023501132 0.027052829 0.9979515 -0.052997515
13657259.27 -0.1212741 0.107709244 -0.005605118 -0.019622192 -0.0073123774 0.99784714 -0.06215038
13707206.331 -0.123839855 0.11109188 -0.00017441157 -0.013574831 -0.048083093 0.99622583 -0.070978746
13757184.892 -0.12745751 0.11077375 0.009540871 -0.011252916 -0.08586094 0.99337304 -0.07557331
13807233.454 -0.13355364 0.10544826 0.021740023 -0.013356836 -0.11147528 0.9904566 -0.07994167
13857214.265 -0.14001587 0.09703148 0.03609479 -0.016733069 -0.123483025 0.9883099 -0.08783775
13907225.077 -0.14588693 0.08614021 0.05227427 -0.017234258 -0.13391775 0.98613113 -0.09651178
13957235.889 -0.1505395 0.071434416 0.06943491 -0.017298792 -0.1400436 0.98478746 -0.10140138
14007222.2 -0.15546381 0.05036562 0.086150974 -0.0184116 -0.13527822 0.9851871 -0.10376516
14057224.762 -0.15926196 0.026651837 0.10226487 -0.019500254 -0.122268304 0.9865096 -0.10709347
14107250.824000001 -0.16006634 0.0024153853 0.118586525 -0.015338042 -0.1032511 0.98824185 -0.111723356
14157316.887 -0.15840462 -0.024618458 0.13502479 -0.009495592 -0.08168484 0.9904091 -0.11102899
14207383.2 -0.15500091 -0.051025067 0.15169829 -0.0043807263 -0.0596338 0.9923372 -0.10812731
14257433.512 -0.14992148 -0.07611312 0.16724683 -4.9547576e-05 -0.034035087 0.99384034 -0.10546535
14307476.075 -0.14503598 -0.09995282 0.18016174 0.0013497764 -0.0049624573 0.99456775 -0.10396499
14357526.137 -0.1390405 -0.12273485 0.19106202 0.0007119493 0.029049985 0.9943986 -0.10162271
14407607.700000001 -0.13349764 -0.14589354 0.20013078 -0.0039713783 0.062714316 0.9935652 -0.09423101
14457705.764 -0.12791319 -0.16633138 0.20492934 -0.011025942 0.097346246 0.9917262 -0.08295375
14507811.578000002 -0.124525085 -0.17994344 0.20435071 -0.022264937 0.12941417 0.9884381 -0.07580493
14557901.391 -0.12557015 -0.18637456 0.20042162 -0.03845546 0.15182726 0.98492897 -0.07337992
14607943.704000002 -0.12517297 -0.18640195 0.19698757 -0.050163116 0.16430137 0.982523 -0.07167517
14657906.264 -0.12136609 -0.18070847 0.19485973 -0.05029549 0.17123488 0.98154306 -0.06871913
14707846.075 -0.11586272 -0.16977179 0.1897715 -0.039803132 0.17172195 0.9819387 -0.0687289
14757808.635 -0.11130176 -0.15075912 0.17742206 -0.028775172 0.15768534 0.98447186 -0.07157162
14807827.197 -0.10593677 -0.12794368 0.16030228 -0.017434413 0.13084845 0.98872036 -0.07075891
14857853.759 -0.09892204 -0.10602287 0.14094199 -0.0060019386 0.1039066 0.9922421 -0.06799281
14907832.32 -0.09162445 -0.0853287 0.11977691 0.0014381396 0.07975402 0.99473315 -0.06436815
14957755.63 -0.08471453 -0.06627393 0.097471386 0.006706319 0.06076335 0.9963687 -0.059264798
15007647.190000001 -0.07964094 -0.047593378 0.07390553 0.008172986 0.04210326 0.99768466 -0.05278249
15057571.0 -0.07414791 -0.028536664 0.049211953 0.007943873 0.024472727 0.9985176 -0.047965396
15107526.06 -0.06920078 -0.008747229 0.025058577 0.005343773 0.008324541 0.99892306 -0.045332436
15157520.621000001 -0.06481391 0.011855015 0.0025441176 0.0009656298 -0.0032205107 0.99888533 -0.04708267
15207515.183 -0.060881916 0.031568233 -0.018475741 -0.0010026874 -0.012158624 0.9985967 -0.051534157
15257478.244 -0.056236036 0.049148433 -0.038237277 -0.0030043947 -0.018822866 0.998333 -0.0544789
15307409.554 -0.05084165 0.06518725 -0.056239363 -0.0023999447 -0.028647207 0.9980774 -0.054910127
15357348.614 -0.044763546 0.07975478 -0.07258152 -0.0006640467 -0.039630335 0.99770844 -0.05483517
15407319.175 -0.03961398 0.093930304 -0.08846371 -0.0014828665 -0.051177226 0.99705017 -0.057181615
15457337.737 -0.035791773 0.10744535 -0.10135515 -0.0031027603 -0.06351819 0.9961071 -0.061045244
15507372.549 -0.02970589 0.118747726 -0.1078484 7.7259916e-05 -0.080494545 0.9947894 -0.06256719
15557398.611000001 -0.021857372 0.12416077 -0.10895913 0.005402948 -0.09940324 0.9931074 -0.06186686
15607417.173 -0.013283578 0.12320838 -0.10434391 0.0110704275 -0.11276764 0.99166864 -0.06127272
15657419.735 -0.004319122 0.11767697 -0.09476898 0.016979275 -0.12523887 0.9900339 -0.062127627
15707430.296 0.0044626347 0.10727596 -0.08272446 0.024083257 -0.1388315 0.9880102 -0.0631006
15757432.858000001 0.011056327 0.09547649 -0.068859234 0.027605832 -0.15271492 0.9857233 -0.06531258
15807419.669 0.014560042 0.08159743 -0.05355374 0.026752042 -0.16589127 0.98350674 -0.06692526
15857398.73 0.017066767 0.06696969 -0.03731353 0.022173477 -0.18215847 0.9807851 -0.06623702
15907369.791 0.018687323 0.0509881 -0.018450007 0.017987851 -0.20012538 0.9776238 -0.062274225
15957356.102 0.017530542 0.036576994 0.0012936285 0.0096403705 -0.21556313 0.97456056 -0.06059169
16007390.665 0.015592085 0.027474059 0.02205176 -0.0003484476 -0.22516361 0.9720063 -0.06711954
16057464.728 0.0130951125 0.020862205 0.042794034 -0.0106630195 -0.22499177 0.97104853 -0.0795606
16107569.541000001 0.010718776 0.015484757 0.06419258 -0.019351935 -0.21770589 0.97138053 -0.09300311
16157518.852 0.005193742 0.009600939 0.08469137 -0.032025337 -0.2097157 0.971639 -0.104457974
16207417.410999998 -0.0042953575 0.0031602662 0.104162835 -0.050010946 -0.20045732 0.9721157 -0.110936515
16257340.221 -0.017231824 -0.0035935561 0.11980383 -0.073850915 -0.18812229 0.97211754 -0.11892706
16307327.032000002 -0.03182043 -0.0123330895 0.1324642 -0.09833177 -0.16872244 0.9726092 -0.12607542
16357401.096 -0.04619663 -0.023972042 0.14594255 -0.1183463 -0.1427856 0.97417504 -0.12880006
16407498.658999998 -0.05698138 -0.037481822 0.1617241 -0.13109668 -0.11349116 0.97609144 -0.13106863
16457556.722000001 -0.06423616 -0.05078239 0.17858997 -0.13242134 -0.08523737 0.9788066 -0.13090767
16507559.283 -0.0663334 -0.06367366 0.19829595 -0.12087001 -0.058270235 0.9826329 -0.12817052
16557546.344999999 -0.06756158 -0.07213913 0.21637748 -0.10704189 -0.037264716 0.98550016 -0.12626517
16607580.657 -0.06819526 -0.07676112 0.23187105 -0.089423954 -0.018735759 0.9877839 -0.1262354
16657686.220999999 -0.06791208 -0.07883582 0.24466889 -0.07375826 -0.0015924487 0.98952794 -0.12406349
16707801.534999998 -0.06694234 -0.08035477 0.25374532 -0.059562445 0.018209083 0.99118686 -0.116916165
16757818.597000001 -0.06576247 -0.08152403 0.2596261 -0.044371247 0.039104387 0.99230343 -0.108793534
16807781.657 -0.063344456 -0.080100186 0.26147673 -0.028969994 0.06168034 0.9922877 -0.1035446
16857760.218 -0.06027581 -0.07784403 0.2611788 -0.0078064683 0.08347896 0.9918026 -0.0964268
16907786.779999997 -0.05921539 -0.07271857 0.2566776 0.0072061135 0.09576015 0.99139744 -0.0889341
16957837.093 -0.061552096 -0.06443706 0.24860366 0.015605899 0.1063731 0.99073607 -0.082965806
17007863.155 -0.06416312 -0.055671606 0.23794422 0.021004792 0.116550595 0.99004394 -0.07607783
17057842.466000002 -0.066483915 -0.045536768 0.22435951 0.024668403 0.12149988 0.98968405 -0.071797095
17107781.526 -0.06731452 -0.033536658 0.2087573 0.029472359 0.12042365 0.98988885 -0.068917945
17157728.586999997 -0.067045756 -0.02024636 0.19173877 0.034783978 0.10998611 0.99113244 -0.065952495
17207691.648000002 -0.06349076 -0.004959414 0.17542344 0.04329444 0.09295896 0.9927875 -0.062106874
17257670.209000003 -0.05332464 0.008162265 0.16174471 0.061637163 0.07676038 0.9936261 -0.054916997
17307641.52 -0.039676543 0.02111676 0.1508734 0.084789574 0.05760771 0.9935304 -0.04888296
17357603.83 -0.029609658 0.034201615 0.14135624 0.1000845 0.036281582 0.99322987 -0.046488326
17407559.141000003 -0.025801849 0.04764997 0.13328722 0.09601124 0.016286133 0.9941203 -0.047344543
17457530.202000003 -0.029228974 0.058669355 0.124674104 0.07643054 -0.0008419713 0.9958199 -0.05000432
17507516.763 -0.031957712 0.06600362 0.11820856 0.05683341 -0.01698537 0.99699336 -0.04985733
17557519.575000003 -0.03282153 0.072397865 0.1137872 0.040875588 -0.03689755 0.99713767 -0.051809613
17607530.136 -0.033294816 0.07842195 0.10923149 0.028160138 -0.057314325 0.9963979 -0.055797905
17657548.698 -0.034474727 0.0829785 0.10470737 0.014136347 -0.074907154 0.99520975 -0.061210513
17707543.51 -0.03678252 0.08262265 0.10277359 -0.0023953838 -0.08355809 0.99426806 -0.06665912
17757513.821000002 -0.037929837 0.07474973 0.10541303 -0.01689028 -0.08132186 0.99436176 -0.06592576
17807477.131 -0.036566123 0.06095411 0.11615277 -0.025052324 -0.0724574 0.9953248 -0.058744922
17857471.693 -0.033473108 0.048465066 0.13071826 -0.028676314 -0.06263371 0.99613726 -0.054454293
17907514.005 -0.03273194 0.041364737 0.14561655 -0.03371262 -0.056355942 0.9960585 -0.05962405
17957612.069000002 -0.035176773 0.03907708 0.15942669 -0.0429315 -0.05652609 0.99524677 -0.0666748
18007693.632 -0.03764588 0.037955396 0.17152797 -0.049644094 -0.064621806 0.9940584 -0.07216346
18057696.194 -0.038697746 0.03624969 0.1839541 -0.05163061 -0.0797659 0.99276906 -0.073356934
18107619.753 -0.03682691 0.031544358 0.19506489 -0.049803752 -0.09015173 0.99214476 -0.071000665
18157567.064 -0.033508524 0.024062948 0.20495021 -0.043195758 -0.09325002 0.9922366 -0.0700364
18207577.626 -0.028550578 0.015319633 0.21184897 -0.03154704 -0.09012904 0.9929943 -0.0695987
18257667.439 -0.026471172 0.008143409 0.21304692 -0.024530418 -0.087205455 0.99374694 -0.0652739
18307765.003000002 -0.03109027 0.0046287216 0.20787674 -0.03349972 -0.08545844 0.9939152 -0.06088756
18357799.565 -0.041173566 0.007918926 0.19702773 -0.05006028 -0.08577075 0.9932295 -0.060270756
18407778.126000002 -0.049731407 0.0139243025 0.18474859 -0.06094201 -0.08788545 0.9924822 -0.059508823
18457769.937 -0.055231247 0.021032343 0.17210007 -0.061639458 -0.087982684 0.99268055 -0.055181067
18507704.746999998 -0.057108045 0.02792423 0.15906698 -0.05586905 -0.08257132 0.99385357 -0.048121832
18557706.809 -0.05926192 0.03719552 0.14386357 -0.052434284 -0.07584555 0.99461657 -0.04728652
18607725.121 -0.06403276 0.04947216 0.12604386 -0.05384825 -0.069440916 0.9948844 -0.049834035
18657735.683 -0.06971429 0.06145536 0.1063821 -0.056296133 -0.065968476 0.9949433 -0.050663088
18707698.992999997 -0.07442272 0.07300806 0.085946076 -0.056080475 -0.063553095 0.99527997 -0.047262665
18757622.053 -0.07800295 0.08248252 0.065890886 -0.05236273 -0.05935481 0.99597913 -0.041962784
18807569.114 -0.08078128 0.09041051 0.044629715 -0.048839554 -0.055437397 0.99647385 -0.03976582
18857563.925 -0.084284626 0.09836589 0.022195717 -0.047910035 -0.053565983 0.99670404 -0.037635006
18907606.487999998 -0.088501506 0.10535566 -0.0011906219 -0.049388085 -0.051952574 0.9968094 -0.035110626
18957640.55 -0.09200476 0.11221835 -0.023363298 -0.048498366 -0.050770395 0.99698204 -0.033123583
19007635.111 -0.09377292 0.1174259 -0.042737007 -0.0452693 -0.05013619 0.9971762 -0.03281434
19057598.422 -0.09474819 0.12140306 -0.057459686 -0.042615715 -0.048347227 0.99733615 -0.034163035
19107569.233 -0.09418235 0.123377405 -0.06626417 -0.038495217 -0.046126127 0.9975872 -0.034789495
19157548.044 -0.09195135 0.12280347 -0.07074284 -0.03337612 -0.043444194 0.9979639 -0.032660898
19207606.357 -0.08983688 0.121606715 -0.07312915 -0.030264162 -0.041278098 0.99822533 -0.030439248
19257577.168 -0.0880993 0.12028014 -0.07358895 -0.030052142 -0.038146693 0.9984384 -0.027612764
19307603.48 -0.08705508 0.118716426 -0.07269487 -0.029758696 -0.035244655 0.99862087 -0.02507311
19357613.791 -0.08584369 0.11667153 -0.07048119 -0.028988222 -0.033119794 0.99876225 -0.023168858
19407608.853 -0.08388297 0.11620675 -0.06701619 -0.029387623 -0.031931676 0.9988015 -0.022634214
19457611.164 -0.08464559 0.11712809 -0.06478877 -0.02858348 -0.030703325 0.9988227 -0.024364127
19507613.976 -0.0844427 0.11835691 -0.063051246 -0.027895782 -0.029609408 0.99882114 -0.026487969
19557616.538 -0.08286045 0.11798233 -0.060356207 -0.02646461 -0.028190285 0.99889016 -0.026895959
19607619.099000003 -0.08117811 0.11697063 -0.058699835 -0.02459432 -0.02727501 0.99898314 -0.026151707
19657699.162 -0.07946264 0.11559871 -0.05717788 -0.022611948 -0.026641112 0.9990565 -0.025789592
19707600.972 -0.07786906 0.11439943 -0.056288335 -0.020721626 -0.025106806 0.99915266 -0.025186097
19757611.034 -0.07668891 0.11298282 -0.0560101 -0.020022318 -0.023090236 0.9992337 -0.024453903
19807621.595000003 -0.07684411 0.11404287 -0.054298062 -0.020828534 -0.0224913 0.9992375 -0.02418485
19857640.156999998 -0.076554 0.114107385 -0.05307071 -0.022302218 -0.021850932 0.99920887 -0.0246348
19907642.719 -0.07718673 0.11452709 -0.052776534 -0.023650577 -0.022071702 0.9991662 -0.024908276
19957637.53 -0.07750062 0.11554311 -0.05189896 -0.023273662 -0.022839202 0.9991599 -0.024827402
20007624.091000002 -0.07690459 0.1147915 -0.051302228 -0.022349628 -0.022646423 0.999187 -0.02476033
20057626.653 -0.07592546 0.114315785 -0.05077641 -0.022078238 -0.022684805 0.99922216 -0.023518771
20107629.215 -0.0750467 0.11351436 -0.04923073 -0.02139917 -0.022773411 0.9992677 -0.022083985
20157647.777 -0.07434615 0.11293391 -0.04835693 -0.020594858 -0.022832492 0.9992921 -0.021678265
20207658.588000003 -0.07335104 0.11200759 -0.047342695 -0.020308124 -0.02286671 0.9993001 -0.021542244
20257669.15 -0.07361013 0.113077894 -0.04472827 -0.020890554 -0.023276037 0.99927855 -0.021547249
20307663.961 -0.072900005 0.112365 -0.04590679 -0.021136843 -0.023158053 0.99928343 -0.021201177
20357658.523 -0.07289593 0.111441165 -0.046565287 -0.021469433 -0.021888664 0.9993049 -0.021210205
20407661.084000003 -0.071887024 0.11098057 -0.046675194 -0.021719523 -0.020288086 0.9993447 -0.020660507
20457663.646 -0.07087621 0.11052924 -0.045786615 -0.0204592 -0.018492768 0.99942917 -0.019514104
20507674.208 -0.06997202 0.10979216 -0.04502504 -0.01930981 -0.017570632 0.99948937 -0.018423405
