943929.4789999999 -0.0 -0.0 -0.0 -0.0 -0.0 1.0 -0.0
984360.358 -0.0 -0.0 -0.0 -0.0 -0.0 1.0 -0.0
1043934.0360000001 0.0026842316 0.0009902903 0.001841315 0.00087749545 -0.0010306952 0.9999987 -0.00095671543
1084364.9149999998 0.0026842316 0.0009902903 0.001841315 0.00087749545 -0.0010306952 0.9999987 -0.00095671543
1143938.8429999999 0.0026842316 0.0009902903 0.001841315 0.00087749545 -0.0010306952 0.9999987 -0.00095671543
1184369.722 0.0026842316 0.0009902903 0.001841315 0.00087749545 -0.0010306952 0.9999987 -0.00095671543
1243943.4000000001 0.0035814403 0.0012047398 0.0028478657 -0.0025460133 0.0006016619 0.99999374 -0.0023886142
1284374.5289999999 0.0035814403 0.0012047398 0.0028478657 -0.0025460133 0.0006016619 0.99999374 -0.0023886142
1343948.207 0.0035814403 0.0012047398 0.0028478657 -0.0025460133 0.0006016619 0.99999374 -0.0023886142
1384379.0860000001 0.0035814403 0.0012047398 0.0028478657 -0.0025460133 0.0006016619 0.99999374 -0.0023886142
1443952.764 0.00419305 0.0026289795 0.004285699 0.0007960181 0.0022355567 0.9999967 -0.0009715355
1484383.643 0.00419305 0.0026289795 0.004285699 0.0007960181 0.0022355567 0.9999967 -0.0009715355
1543957.571 0.00419305 0.0026289795 0.004285699 0.0007960181 0.0022355567 0.9999967 -0.0009715355
1584388.45 0.00419305 0.0026289795 0.004285699 0.0007960181 0.0022355567 0.9999967 -0.0009715355
1643962.1279999998 0.003815562 0.005245684 0.0067215976 0.00097628316 0.0035747245 0.9999881 -0.0031988092
1684415.257 0.003815562 0.005245684 0.0067215976 0.00097628316 0.0035747245 0.9999881 -0.0031988092
1744049.6860000002 0.0064049065 0.010343933 0.011457779 0.0050552087 0.0028268204 0.9999759 -0.0038395459
1784397.814 0.0064049065 0.010343933 0.011457779 0.0050552087 0.0028268204 0.9999759 -0.0038395459
1843971.4919999999 0.0064049065 0.010343933 0.011457779 0.0050552087 0.0028268204 0.9999759 -0.0038395459
1884402.371 0.0055402913 0.019423325 0.013696511 0.006009863 0.0018861472 0.9999693 -0.004665995
1943976.2989999999 0.0073484397 0.01764848 0.010190968 0.007128518 0.0018974305 0.99996394 -0.0042291824
1984406.928 0.009297382 0.020255206 0.008878887 0.007997952 0.0019818044 0.999961 -0.0031735962
2043980.8549999997 0.01358404 0.01588312 0.0035830177 0.008165816 0.0023340972 0.9999617 -0.0021401178
2085974.0089999996 0.011929606 0.013001938 -0.003381957 0.007884666 0.0028382957 0.99996376 -0.0015014329
2135310.2770000002 0.008566 0.0076872953 -0.008379253 0.0074678594 0.002493356 0.99996835 -0.0011978031
2185280.555 -0.0021514362 0.0065788263 -0.0062533813 0.009140728 0.0012983575 0.99995714 -0.0007797331
2235687.34 -0.0032698393 0.005787158 -0.0059339404 0.010928727 0.00024882762 0.9999399 -0.00085004466
2286292.128 -0.0036404433 0.0064342236 -0.0018980773 0.011781604 -0.0007813024 0.9999294 -0.0013566309
2336548.6599999997 -0.0019037129 0.006280088 0.00054636376 0.011416766 -0.0010787734 0.99993026 -0.0028298262
2386249.434 -0.002331831 0.00887787 0.002485452 0.012344227 -0.0015043055 0.99991244 -0.0045322776
2435887.2070000004 -0.00079159957 0.012842979 0.004850394 0.012149661 -0.0017239727 0.99991786 -0.0037086
2485706.983 0.00051087805 0.013791864 0.006256553 0.011678211 -0.0006451555 0.99992853 -0.0024913868
2535733.512 -0.00046336144 0.013158391 0.006972463 0.012437681 -0.00077784003 0.999919 -0.0026074941
2585902.293 -0.0009081386 0.015826773 0.008829509 0.0126494225 -0.0023255802 0.99991655 -0.0012015473
2636078.574 -0.00012977832 0.01792953 0.011823349 0.013222625 -0.00214942 0.99990875 -0.001736429
2686105.1029999997 -0.0015861192 0.022672625 0.014674433 0.014081284 -0.0011600831 0.99988085 -0.0062182494
2736012.38 -0.0002242078 0.02550814 0.01770369 0.012886541 -0.0003241864 0.9998419 -0.01224823
2785903.656 -0.00012320244 0.02622829 0.017805845 0.011922462 -0.0010068069 0.99980927 -0.015440119
2835850.434 0.0007380775 0.024982633 0.018183261 0.013113756 -0.0019858938 0.999801 -0.014902594
2885868.4630000005 0.0030299847 0.022697255 0.016940583 0.016727697 -0.001934998 0.9997975 -0.011015672
2935980.743 0.005352962 0.01947214 0.015766855 0.020625863 -0.0011162274 0.99976 -0.007305772
2985976.521 0.0073384396 0.01582133 0.015323175 0.023171995 -0.00073405803 0.99971837 -0.0050838105
3036010.3 0.009770466 0.010057341 0.01346478 0.023197051 0.00050277315 0.99972147 -0.0043288628
3085988.5790000004 0.009529856 0.0023486249 0.013525574 0.023659067 0.0029295115 0.9996998 -0.005662951
3135951.856 0.008441224 -0.0039751423 0.015501668 0.024123505 0.0064235204 0.99966407 -0.006973576
3185930.3850000002 0.0049380413 -0.013635781 0.016481772 0.024841001 0.009911918 0.99960476 -0.008659402
3235940.1629999997 0.0033457964 -0.021458874 0.017177891 0.029479383 0.011907226 0.999471 -0.0068486133
3285974.442 0.0024089094 -0.03187319 0.019135222 0.035752207 0.014111482 0.99925935 -0.0018355098
3336029.471 -0.00054056366 -0.04071571 0.02099308 0.040677447 0.017376196 0.99901783 0.002617689
3385987.2490000003 -0.0066772103 -0.047994375 0.022180965 0.042353883 0.019332351 0.9989006 0.0054799677
3435965.527 -0.014370988 -0.05518358 0.023738649 0.04195168 0.018334191 0.9989231 0.007517639
3485944.305 -0.02383689 -0.06087381 0.025502326 0.039863635 0.015392202 0.9990372 0.009936953
3535962.334 -0.032550022 -0.06572971 0.027661148 0.03682907 0.013154841 0.9991641 0.011907037
3585996.613 -0.041032758 -0.06892871 0.031314187 0.035397403 0.011055249 0.99925166 0.011000306
3636046.3919999995 -0.050077662 -0.07106472 0.035937242 0.03452998 0.0073864306 0.9993414 0.0083627105
3686080.421 -0.061295304 -0.07540381 0.040720873 0.03456308 0.003217611 0.9993835 0.005269882
3736082.7 -0.07325357 -0.077482656 0.04591398 0.033040006 0.0007961796 0.9994362 0.0059242817
3786061.478 -0.08727549 -0.07979035 0.049571674 0.02531915 0.0026342813 0.99964565 0.0077852644
3836047.756 -0.10030959 -0.08097355 0.05173011 0.015859136 0.005851144 0.9998232 0.008232624
3886058.0349999997 -0.11245711 -0.07825479 0.054747246 0.008916545 0.009073489 0.9998862 0.00810976
3936100.064 -0.123488665 -0.07308618 0.05760036 0.00489769 0.01189258 0.9998889 0.0075368755
3986149.843 -0.13406302 -0.06588107 0.06020477 0.0032179172 0.012257506 0.9998964 0.006826454
4036176.1220000004 -0.14401399 -0.056261864 0.063295454 -0.0015244527 0.012121071 0.9999135 0.0048811394
4086178.4000000004 -0.15225975 -0.044838727 0.06615575 -0.007903844 0.01343375 0.99987614 0.0022155084
4136191.1789999995 -0.15887266 -0.032496095 0.06904283 -0.013627972 0.01587181 0.99977785 -0.002606224
4186159.2070000004 -0.16337702 -0.01850944 0.07270112 -0.016193362 0.01748745 0.99968183 -0.0082622655
4236185.486 -0.16596413 -0.0037822053 0.07570763 -0.016207738 0.01964746 0.9996051 -0.011873362
4286219.515 -0.16575141 0.010454485 0.07894416 -0.016445812 0.023322811 0.9994787 -0.015096002
4336245.794 -0.1649782 0.022228157 0.080889806 -0.017724492 0.028737659 0.99927765 -0.017438803
4386256.072 -0.16349688 0.033949472 0.08208728 -0.019754622 0.033159975 0.99910575 -0.017259885
4436275.101000001 -0.16277692 0.044475965 0.08203915 -0.02012818 0.03496936 0.9990536 -0.016244762
4486237.129 -0.1591142 0.05651564 0.08103475 -0.021959582 0.035244647 0.9990523 -0.013046182
4536231.157000001 -0.15412766 0.0678417 0.08004425 -0.025113182 0.034324463 0.999042 -0.010318728
4586233.436000001 -0.14806207 0.07789239 0.078921944 -0.027539235 0.032332055 0.9990551 -0.009232336
4636243.714 -0.13920024 0.08873981 0.078587644 -0.029937143 0.029879123 0.9990585 -0.009659172
4686254.243000001 -0.12839447 0.09818478 0.0771871 -0.032312702 0.026626673 0.9990465 -0.012375659
4736248.521 -0.112420276 0.10772116 0.0766385 -0.029669289 0.025299607 0.99913293 -0.014598287
4786227.3 -0.09213804 0.116488956 0.076850615 -0.0177691 0.022897763 0.9994604 -0.015458515
4836197.578 -0.06921687 0.12484922 0.07846892 -0.00040994844 0.020839568 0.9996258 -0.017719181
4886152.3549999995 -0.0437235 0.13269232 0.08110139 0.01832967 0.019852942 0.99936724 -0.023129452
4936083.383 -0.019065777 0.14032154 0.08282393 0.034714725 0.019580591 0.99873966 -0.030506663
4986006.66 0.0034222135 0.14687064 0.08369952 0.047477636 0.018059786 0.9980497 -0.03628432
5035937.437 0.025666006 0.15185967 0.083367355 0.058832355 0.016662627 0.9972227 -0.04252071
5085939.716 0.04848294 0.15521559 0.08278095 0.07266679 0.015024201 0.9960904 -0.047934905
5135973.495 0.06944156 0.15665536 0.08192462 0.08489662 0.015739365 0.9949255 -0.051654346
5186000.024 0.08877242 0.15560941 0.08035224 0.095449455 0.016535955 0.9938249 -0.05411153
5235970.801999999 0.105354495 0.15192941 0.07830583 0.10346904 0.016318215 0.992921 -0.055998266
5285945.08 0.12017403 0.14713195 0.076125085 0.10969009 0.014282834 0.9921507 -0.05831865
5335864.607 0.13256441 0.13950749 0.07354615 0.11490474 0.012919973 0.9915166 -0.059370756
5385851.135 0.14270085 0.12956676 0.07095579 0.11871416 0.012913518 0.9911156 -0.058565937
5435861.164 0.15119345 0.117550984 0.06848313 0.11900973 0.01474696 0.99124897 -0.0551792
5485871.442000001 0.15810896 0.104170725 0.06557334 0.117601395 0.016520938 0.9915239 -0.052700605
5535849.97 0.16416271 0.09005258 0.06312935 0.11710269 0.017294114 0.9917075 -0.0500414
5585804.748 0.1689363 0.07479152 0.060510144 0.1182192 0.018060343 0.9916707 -0.047825363
5635775.026 0.17352314 0.059792798 0.057322476 0.12048248 0.018008104 0.991507 -0.04553645
5685793.305 0.17451103 0.044439066 0.055003867 0.12028457 0.016304336 0.9916614 -0.043283783
5735835.334 0.17366241 0.028028347 0.052100807 0.1171292 0.014436082 0.9921775 -0.04069673
5785885.613 0.17172174 0.011635727 0.048228376 0.113825455 0.013632854 0.99266785 -0.038321916
5835919.392 0.16853753 -0.0057349633 0.04482651 0.111557275 0.01291109 0.9930173 -0.036124658
5885921.671 0.16331533 -0.02373579 0.04121374 0.105167545 0.013474328 0.9937929 -0.033675045
5935915.949 0.15744987 -0.040265452 0.038707264 0.0991664 0.014732503 0.9944083 -0.03318382
5985926.478 0.15261844 -0.056044184 0.037217606 0.096867055 0.0159706 0.9946852 -0.031034492
6035944.756 0.14694391 -0.071043044 0.036663774 0.09980129 0.0141416015 0.9945099 -0.028104838
6085962.785 0.1422404 -0.084031604 0.035804722 0.104141235 0.010690357 0.99418217 -0.025340954
6135981.064 0.13296291 -0.09372598 0.03602559 0.105567425 0.005951047 0.99412704 -0.023055725
6185991.343 0.1209857 -0.102709785 0.035799406 0.101069905 0.003403632 0.99461764 -0.022564387
6236001.620999999 0.105784684 -0.10867514 0.036620297 0.09220585 0.0014595944 0.99547756 -0.022814026
6286011.9 0.09012495 -0.112980716 0.03749714 0.08195533 -0.00096007105 0.9963477 -0.023951441
6336022.428 0.07450733 -0.11703479 0.039894175 0.07704397 -0.00464663 0.9966851 -0.025721526
6386040.2069999995 0.05977894 -0.12009067 0.042681042 0.07528118 -0.008182861 0.99675816 -0.027185658
6436066.736 0.04357651 -0.122466855 0.04544548 0.07220228 -0.009120783 0.9969548 -0.028014425
6486113.015 0.025668714 -0.12434465 0.048161168 0.06577096 -0.01052428 0.9973589 -0.028959498
6536118.794 0.007913093 -0.12556098 0.049736798 0.056588285 -0.011709358 0.99787706 -0.030033885
6586137.322 -0.008729195 -0.12531795 0.051351544 0.0490295 -0.01263545 0.9982751 -0.029720852
6636154.851 -0.024413345 -0.124815784 0.054122794 0.04353467 -0.0145540135 0.99851173 -0.029448371
6686173.38 -0.038555592 -0.12409419 0.056972608 0.039538044 -0.015195465 0.99865574 -0.029877653
6736199.659 -0.051634643 -0.1214793 0.060065895 0.035709307 -0.014552985 0.9987819 -0.030785497
6786225.437999999 -0.06455708 -0.11861877 0.06356477 0.03162822 -0.013078919 0.9988517 -0.033525184
6836235.716 -0.07776942 -0.11486716 0.067036904 0.026490381 -0.011476976 0.99888265 -0.03741618
6886257.245 -0.09012506 -0.11005296 0.07053516 0.022976372 -0.011337891 0.9988831 -0.039699305
6936224.523 -0.10029328 -0.10699723 0.07433253 0.0208836 -0.009862634 0.9989107 -0.040545423
6986219.551 -0.11222538 -0.10177752 0.07734402 0.017908243 -0.007859448 0.9990766 -0.038256716
7036221.58 -0.120450884 -0.09750094 0.07949489 0.014707665 -0.003236597 0.99927443 -0.0349831
7086247.359 -0.12610433 -0.088529095 0.08175553 0.012790124 0.0027551334 0.9993844 -0.032555282
7136273.886999999 -0.13250364 -0.07786272 0.08366869 0.009145313 0.007437364 0.99939394 -0.03275477
7186291.665999999 -0.13931575 -0.066273674 0.085151285 0.0040554106 0.010826099 0.9993476 -0.03421663
7236286.445 -0.14653227 -0.05455565 0.08577614 -0.0001515392 0.011643637 0.9992991 -0.03557697
7286288.723 -0.15099008 -0.041603167 0.08586275 -0.0049734553 0.012217843 0.99929726 -0.03508637
7336314.751999999 -0.15635559 -0.028689254 0.08561049 -0.011040532 0.01365149 0.999215 -0.035513375
7386341.0309999995 -0.15995504 -0.014815118 0.08433027 -0.019842051 0.013355684 0.99901986 -0.037247173
7436374.81 -0.16281414 0.0006882368 0.08321133 -0.025544418 0.012672495 0.9988323 -0.03900154
7486409.339000001 -0.16372767 0.0155318985 0.081699416 -0.028574228 0.012355841 0.99871844 -0.039904326
7536427.117000001 -0.16251567 0.029046511 0.08044845 -0.028464895 0.011337588 0.99873453 -0.03988082
7586421.896 -0.15970676 0.041905712 0.078811675 -0.02431095 0.008693859 0.99889743 -0.039210685
7636392.174 -0.15352787 0.052715138 0.077814765 -0.02102982 0.0062363083 0.9990031 -0.038880445
7686361.2020000005 -0.14654683 0.06464501 0.07644714 -0.019022632 0.007701307 0.999085 -0.037523217
7736325.48 -0.13960952 0.07526051 0.07464553 -0.020918116 0.011510719 0.999049 -0.036482934
7786312.507999999 -0.13234136 0.087022915 0.07208184 -0.020091077 0.013839383 0.99901974 -0.036938395
7836314.785999999 -0.12309625 0.09924545 0.07159907 -0.01693839 0.014726389 0.9990518 -0.037306793
7886332.5649999995 -0.11188579 0.11213926 0.07136667 -0.011372997 0.014994786 0.9990842 -0.038427956
7936343.0940000005 -0.101388454 0.12507305 0.07116365 -0.010275161 0.015647663 0.9989311 -0.0422641
7986329.1219999995 -0.09110946 0.13971649 0.0717416 -0.011836478 0.016318582 0.9986445 -0.047987677
8036331.4 -0.080604196 0.15359546 0.07201104 -0.010617038 0.015172277 0.9983278 -0.05476114
8086381.68 -0.06738527 0.16770142 0.07352328 -0.007648355 0.012634047 0.9978968 -0.06311834
8136495.21 -0.054961268 0.18124029 0.07495442 -0.004919698 0.011075279 0.9972744 -0.07278012
8186639.991 -0.041097157 0.19392672 0.07634221 -0.001328162 0.009535448 0.9965352 -0.082613505
8236761.271 -0.026461223 0.20458272 0.0779122 0.0037512598 0.009900802 0.9958489 -0.09040423
8286835.301000001 -0.012379872 0.21248925 0.07876558 0.008787665 0.009640006 0.99534196 -0.09552093
8336837.579 0.0025799233 0.21646164 0.07844573 0.013828585 0.009864085 0.99512184 -0.0971805
8386760.356000001 0.017123815 0.21777222 0.077500194 0.022449825 0.00849997 0.99506956 -0.09623105
8436675.633000001 0.033297375 0.21691109 0.07606141 0.03273 0.0046559675 0.99488807 -0.095419124
8486606.410999998 0.04986322 0.21390662 0.074274875 0.043246098 0.0019428469 0.9946222 -0.09408959
8536577.439 0.06691063 0.20871049 0.07256868 0.05421756 0.0020990823 0.99414635 -0.09343032
8586555.717 0.08276026 0.20089741 0.070476875 0.062519364 0.003933369 0.99376637 -0.09221876
8636502.495 0.097707346 0.19115938 0.06816977 0.069106 0.0060418216 0.9934841 -0.09042862
8686410.022 0.11244429 0.17961383 0.0666211 0.075626776 0.0079862 0.9933346 -0.0866213
8736316.799 0.1267779 0.16739382 0.064756334 0.083611496 0.008407414 0.9929669 -0.08339789
8786248.076000001 0.14028807 0.15534104 0.062930174 0.09050873 0.009677406 0.99255013 -0.080986924
8836218.354 0.15331432 0.14284115 0.061720032 0.099512994 0.010471034 0.99189216 -0.07834201
8886197.382 0.16487357 0.13031538 0.060138967 0.108499266 0.010439942 0.9910547 -0.07700355
8936159.66 0.17531288 0.11863048 0.059028905 0.116057135 0.01073002 0.9902471 -0.07633078
8986114.438000001 0.18372822 0.106707394 0.058497205 0.11964775 0.013082828 0.98978794 -0.07637531
9036069.215 0.1906346 0.09536384 0.057549734 0.122286625 0.014359332 0.9895285 -0.07532095
9086031.992999999 0.19722465 0.08281482 0.05692233 0.12832808 0.014028014 0.9889988 -0.07222681
9136026.272 0.20175038 0.070284024 0.05658187 0.13496651 0.011816849 0.98837054 -0.06905178
9186028.799999999 0.20228468 0.05962168 0.05740743 0.13835724 0.010428758 0.98805106 -0.06710966
9236031.079 0.19939403 0.04807123 0.056199405 0.13725334 0.009444779 0.9883068 -0.06574251
9286041.356999999 0.1938418 0.037498377 0.056255274 0.13346334 0.008357272 0.9889647 -0.06377075
9336059.386 0.18676119 0.026783595 0.055372328 0.12904073 0.008349037 0.98969406 -0.06151806
9386085.665000001 0.17731595 0.01466157 0.054868773 0.123062834 0.007361034 0.99063015 -0.058765244
9436095.943 0.16651778 0.0025117635 0.053887926 0.11583322 0.0059830593 0.9916701 -0.0560124
9486106.222000001 0.15532914 -0.009619971 0.052823156 0.10824234 0.006111534 0.992606 -0.054585617
9536108.751 0.14414103 -0.021454882 0.05248913 0.10075275 0.007632908 0.9934349 -0.053644344
9586126.529000001 0.13308176 -0.033205472 0.052822586 0.09372016 0.0081148725 0.9941266 -0.053506028
9636136.808 0.12295806 -0.044217996 0.053503208 0.08840163 0.006784277 0.9947151 -0.051778734
9686155.087 0.11355278 -0.05450056 0.055131666 0.083721474 0.0054888325 0.99516773 -0.05100776
9736157.615 0.10425122 -0.062467508 0.056851897 0.0800112 0.004176039 0.99541754 -0.052198768
9786167.894000001 0.095214374 -0.06853439 0.058570173 0.07705419 0.002078186 0.99560446 -0.053199355
9836186.172 0.084383376 -0.0737472 0.05995715 0.07337917 -0.00070405286 0.99586594 -0.053535607
9886211.951000001 0.07165298 -0.07803153 0.060857777 0.066818245 -0.0014213999 0.9963219 -0.05362923
9936238.48 0.05698313 -0.08032004 0.060460303 0.057020877 -0.0020823728 0.9968857 -0.0544352
9986256.259 0.042072892 -0.083066724 0.059616443 0.04629932 -0.002395589 0.9973369 -0.056301266
10036282.538 0.027033849 -0.086007684 0.058606863 0.038593575 -0.0040486273 0.99770814 -0.05543098
10086398.318 0.012303772 -0.0884086 0.057931308 0.03297193 -0.0074212602 0.9979673 -0.05402978
10136342.846 -0.0032839873 -0.08956355 0.0572047 0.027513707 -0.009307104 0.99818224 -0.052808143
10186408.625 -0.020389792 -0.08974657 0.056131665 0.019083431 -0.010193622 0.99839896 -0.052263036
10236427.154 -0.037628405 -0.09021231 0.055132817 0.009602936 -0.011129951 0.9985229 -0.05230669
10286405.432 -0.054193296 -0.08910664 0.054356586 0.0017946649 -0.012208203 0.9986763 -0.04993465
10336376.209999999 -0.07041007 -0.08751561 0.054449856 -0.0053535546 -0.013922145 0.99872065 -0.04831915
10386385.989 -0.086207315 -0.08412163 0.054347094 -0.012261201 -0.015739718 0.99865896 -0.04777323
10436428.268 -0.10024941 -0.08000078 0.054614685 -0.018028637 -0.017894791 0.9985655 -0.04713503
10486494.047 -0.11421434 -0.07500243 0.05458035 -0.024381319 -0.0183766 0.9984855 -0.04576778
10536544.076 -0.1282208 -0.069301836 0.053780314 -0.03367612 -0.016392792 0.9983625 -0.04324007
10586569.854999999 -0.14033374 -0.06326295 0.052787483 -0.042941276 -0.014336895 0.9980861 -0.042128213
10636580.134 -0.15162134 -0.0555045 0.05267356 -0.05109594 -0.014123466 0.9977469 -0.04112086
10686598.663 -0.1614499 -0.046061456 0.052684996 -0.05820096 -0.014642107 0.9973761 -0.040487535
10736632.442 -0.17031235 -0.035500962 0.053304553 -0.065541536 -0.0145916995 0.9968414 -0.042412076
10786666.721 -0.17804936 -0.023586776 0.054315105 -0.07187456 -0.014552025 0.9962902 -0.045034308
10836692.499 -0.18518937 -0.01204099 0.05504015 -0.07861267 -0.013378134 0.9956842 -0.047476873
10886695.028 -0.19076861 0.0012244665 0.05543536 -0.08640337 -0.011476759 0.99503714 -0.047999755
10936689.806 -0.19462644 0.016382309 0.05515148 -0.091320604 -0.012046223 0.9945135 -0.04958157
10986684.084999999 -0.19351652 0.031659495 0.05682457 -0.090058215 -0.015560827 0.99437577 -0.053519104
11036694.363 -0.19033994 0.04934117 0.059790187 -0.085993126 -0.016182598 0.99453884 -0.056884088
11086712.391999999 -0.18602851 0.065552436 0.061800443 -0.08376925 -0.013393708 0.9945219 -0.061070386
11136722.671 -0.17990822 0.08170571 0.06488758 -0.08230812 -0.011387427 0.9944414 -0.06466884
11186716.949 -0.17100304 0.09562822 0.06710036 -0.07758263 -0.011869133 0.99465734 -0.06705821
11236735.228 -0.16047719 0.10955654 0.0698711 -0.06845873 -0.014502195 0.9952416 -0.067803584
11286845.008 -0.14862552 0.12216109 0.0716691 -0.0592772 -0.01660682 0.9957038 -0.06916869
11336851.036 -0.13686153 0.13372193 0.072981484 -0.05462453 -0.017264476 0.9957181 -0.072550684
11386900.816 -0.12553269 0.14550784 0.07359231 -0.052254137 -0.016290545 0.9955341 -0.07691566
11436935.095 -0.112900354 0.157407 0.07528531 -0.049075607 -0.015884867 0.9951313 -0.083982386
11486976.874 -0.09811662 0.16662462 0.077164054 -0.04379931 -0.013940848 0.99470544 -0.091915585
11537058.902999999 -0.08257973 0.17498425 0.080400184 -0.038664054 -0.0106573375 0.99421066 -0.099683195
11587179.684 -0.065627486 0.18045652 0.08301048 -0.032318857 -0.007110207 0.99405515 -0.10372759
11637237.463000001 -0.048647083 0.18347664 0.08501685 -0.024999563 -0.0040397495 0.99419206 -0.10459915
11687208.491 -0.030306695 0.18541852 0.08621777 -0.015629964 -0.002622291 0.9941936 -0.106432885
11737115.768 -0.012743878 0.18511912 0.08665624 -0.004547823 -0.0023668816 0.9941886 -0.10753075
11786983.044 0.0040264656 0.181364 0.08592271 0.0041245637 -0.0021505642 0.99425596 -0.10692698
11836842.821 0.02082462 0.17487516 0.084331594 0.0118823415 -0.0014247199 0.99451506 -0.10390684
11886710.097000001 0.036469948 0.1656881 0.08251371 0.020759545 -0.0010448506 0.9947318 -0.100382715
11936633.124000002 0.05213229 0.15507887 0.08084769 0.030434024 -0.0017866738 0.9947488 -0.09770088
11986603.901999999 0.06617043 0.14329608 0.0789006 0.038847912 -0.0026072583 0.99457836 -0.09642605
12036614.181 0.078845635 0.13063575 0.077258036 0.04594779 -0.0021475735 0.9943913 -0.09523691
12086592.458999999 0.090296134 0.11774897 0.075625524 0.051355246 -0.0022003443 0.9941915 -0.09455742
12136515.986 0.100214384 0.10477748 0.07431266 0.05542666 -0.0020769814 0.9940474 -0.09377327
12186399.262999998 0.10915245 0.090452164 0.07282829 0.062158234 -0.0025185857 0.99384 -0.09171741
12236306.04 0.11653592 0.07611736 0.07140517 0.069568336 -0.005029922 0.9936975 -0.087751225
12286260.818 0.122288056 0.06209561 0.06953108 0.07553634 -0.006534188 0.9935812 -0.08395272
12336247.596 0.12413603 0.04894228 0.067559615 0.07797938 -0.006424809 0.9936345 -0.08104568
12386242.124 0.1251818 0.035250913 0.065200664 0.07744773 -0.0061183013 0.9939853 -0.07718617
12436236.402999999 0.12585436 0.021710161 0.06286511 0.07609044 -0.0047958572 0.9944461 -0.07255527
12486276.932 0.12553234 0.008502589 0.062069073 0.07571929 -0.002220553 0.9946849 -0.0697399
12536272.709999999 0.124799445 -0.0026880838 0.06173637 0.07825256 -0.0002820419 0.99460703 -0.06806862
12586307.239 0.123298995 -0.012720641 0.062100463 0.08063388 0.000493246 0.99453115 -0.066376366
12636317.268 0.11974166 -0.022140492 0.062632985 0.08246702 0.0009027135 0.9943827 -0.06634467
12686319.546 0.1138534 -0.029461043 0.063595995 0.08100387 1.4036907e-05 0.99454916 -0.065654285
12736306.074000001 0.103060156 -0.038576055 0.06445749 0.07616008 -0.00199363 0.99499077 -0.06472249
12786308.353 0.090277955 -0.045587394 0.063860305 0.070233114 -0.0038391757 0.9956427 -0.06122221
12836334.132 0.07647256 -0.05154047 0.063318275 0.06392245 -0.0057650623 0.9962194 -0.05854634
12886368.411 0.061526872 -0.055586807 0.063015975 0.05697525 -0.00819786 0.9966797 -0.057586305
12936418.44 0.04574523 -0.059154127 0.06266616 0.0480406 -0.010089814 0.99720144 -0.05638821
12986452.218999999 0.029255364 -0.06453252 0.06273186 0.036973737 -0.0104732495 0.9977315 -0.05527323
13036470.498000002 0.012632326 -0.06908533 0.06297778 0.02488217 -0.010411593 0.99817294 -0.054067027
13086480.776 -0.004220265 -0.07321793 0.06327693 0.013214747 -0.011247165 0.9984431 -0.05301131
13136522.805 -0.019797975 -0.07618924 0.06444023 0.005934805 -0.014663262 0.998553 -0.05139939
13186572.584999999 -0.03274596 -0.08049708 0.065914966 0.0023861465 -0.018678142 0.9985937 -0.049559135
13236590.863 -0.045176025 -0.08514245 0.0680597 -0.0003250193 -0.02223866 0.99857223 -0.048568424
13286593.391999999 -0.058187414 -0.08712907 0.07053262 -0.0045475555 -0.025750559 0.9984992 -0.048120953
13336579.67 -0.06973084 -0.08869133 0.07260248 -0.009446275 -0.027556036 0.99838006 -0.048873693
13386581.949000001 -0.08200547 -0.088491276 0.07488473 -0.013027991 -0.02822683 0.99833184 -0.048653044
13436616.228 -0.09477976 -0.08747097 0.07669682 -0.017328434 -0.027548788 0.9983003 -0.048346903
13486658.257 -0.10708249 -0.085111134 0.07915706 -0.023899315 -0.025147878 0.99822146 -0.04848137
13536700.536 -0.119626105 -0.08109979 0.081609234 -0.032242555 -0.023074115 0.99801356 -0.04895954
13586726.315000001 -0.13201994 -0.07628785 0.084715985 -0.039928142 -0.021788616 0.997717 -0.049918156
13636781.344 -0.14370856 -0.07069173 0.08966494 -0.045284946 -0.019629207 0.9974883 -0.05080481
13686771.122 -0.15656678 -0.062397495 0.093775615 -0.051469777 -0.017157903 0.9971834 -0.05178671
13736804.901 -0.1696634 -0.054381266 0.09683734 -0.061393045 -0.01357165 0.9965441 -0.054283172
13786823.18 -0.182602 -0.04337321 0.09869338 -0.07322182 -0.008144202 0.99574465 -0.05536188
13836840.959 -0.19348758 -0.03188334 0.10000843 -0.08199078 -0.0038475897 0.9950553 -0.055925947
13886859.237 -0.20144123 -0.017860794 0.10005918 -0.086214304 -0.00450963 0.9946736 -0.056314304
13936885.766 -0.20519648 -0.0013701741 0.09968727 -0.089610055 -0.0043764343 0.99441063 -0.055664435
13986911.545 -0.20751613 0.014211873 0.09868361 -0.09278289 -0.0012894054 0.9940772 -0.05657001
14036905.824000001 -0.20764406 0.030862875 0.09735007 -0.09586456 0.00048870756 0.99369264 -0.058178432
14086892.602 -0.20553032 0.04592395 0.09657649 -0.09697608 0.0013657813 0.99339867 -0.061260626
14136879.129999999 -0.2016355 0.061875936 0.09802151 -0.09387181 0.0019886245 0.9935866 -0.0630076
14186881.409 -0.19524348 0.075195394 0.098454125 -0.09065394 0.0024301172 0.9937538 -0.065033905
14236891.687 -0.1871438 0.087416366 0.099481754 -0.086986706 0.0022741582 0.9939577 -0.06690462
14286909.466 -0.17637798 0.09874845 0.10079321 -0.08003303 0.0017028177 0.9943809 -0.06927124
14336927.995000001 -0.16368037 0.10874194 0.10168916 -0.06832718 0.0005992067 0.9952124 -0.069882154
14386954.273 -0.14911267 0.11711696 0.10235588 -0.054838527 -0.00036366144 0.996094 -0.06920588
14436972.052000001 -0.13524069 0.12544885 0.10148787 -0.044341996 -0.0013316758 0.9966277 -0.0690312
14486958.83 -0.12438072 0.13302763 0.09988476 -0.037523884 -0.0019857818 0.9967911 -0.0706793
14536929.358000001 -0.112854235 0.14031151 0.09774212 -0.035053592 -0.002445944 0.9965603 -0.07505289
14586900.136 -0.102667585 0.14721514 0.09616932 -0.03346549 -0.00261383 0.9962138 -0.0801959
14636933.915000001 -0.09104894 0.15317191 0.09555948 -0.03041901 -0.0028709143 0.9958373 -0.085876174
14687015.945 -0.07657712 0.15814318 0.09547462 -0.023382783 -0.0026708548 0.9955864 -0.09085088
14737105.225 -0.058571756 0.16160323 0.096570626 -0.012847081 -0.00046690833 0.9955369 -0.09349362
14787155.003999999 -0.040955022 0.16450463 0.096093185 -0.0018765494 0.00094599853 0.99552625 -0.09446184
14837131.532 -0.023911059 0.16586065 0.094914466 0.006595026 0.002508516 0.9954384 -0.095145814
14886993.309 -0.0088401865 0.16512462 0.0924236 0.012479619 0.0033058478 0.9953619 -0.09533103
14936869.085 0.0049536247 0.16307077 0.08871658 0.017059365 0.0023683852 0.9952456 -0.09586294
14986783.862 0.017665822 0.15918067 0.0837761 0.017525703 0.002293223 0.9949377 -0.09892732
15036770.639999999 0.028962469 0.15210484 0.07651177 0.016422022 0.0012744248 0.9950549 -0.09795145
15086812.42 0.042538587 0.14311762 0.07046167 0.023656335 0.000633718 0.99527043 -0.09421729
15136870.449000001 0.055589367 0.13330759 0.06586498 0.033980407 0.00027835573 0.99536985 -0.08991175
15186880.727999998 0.0677176 0.12243932 0.060386218 0.042189986 -0.00077335397 0.9954143 -0.08584779
15236803.505 0.07823323 0.11160833 0.054995555 0.046795852 0.00029836077 0.9954772 -0.08267558
15286655.531 0.08773206 0.10100463 0.050148893 0.048902728 0.0017912114 0.9955852 -0.08009689
15336522.807 0.095971994 0.09065432 0.04577799 0.051452283 0.0035177837 0.99545896 -0.08001178
15386461.585 0.10607685 0.081213 0.04351322 0.05562623 0.005223824 0.99517983 -0.08059514
15436479.864 0.116853885 0.06997585 0.042637497 0.0635877 0.0062008463 0.9947314 -0.08017203
15486537.893000001 0.12707566 0.05733058 0.042087246 0.074454226 0.006931684 0.99403644 -0.07937296
15536532.171 0.13634047 0.04294701 0.041499816 0.08298007 0.008543427 0.993544 -0.07688732
15586462.949000001 0.14261103 0.028091231 0.03881765 0.08760228 0.012122353 0.99338704 -0.073220216
15636370.226 0.14833741 0.009883819 0.035502356 0.09075074 0.015345659 0.99347 -0.067425735
15686333.253 0.15270655 -0.01033596 0.031187959 0.092329904 0.01948389 0.9937449 -0.05972182
15736391.033 0.15722607 -0.029679535 0.027912462 0.09511591 0.024431111 0.9937566 -0.05295326
15786504.313000001 0.16144562 -0.05020401 0.023805335 0.10086361 0.02801488 0.9934376 -0.046080764
15836585.593 0.16439408 -0.07088809 0.019763514 0.10650526 0.031405255 0.9930609 -0.03873535
15886572.621 0.16547014 -0.09027843 0.016434712 0.11178921 0.034223914 0.9926345 -0.031760484
15936503.648 0.16444294 -0.1078613 0.012937272 0.117666386 0.032290593 0.9922102 -0.025118576
15986466.426 0.15955123 -0.122997046 0.012034812 0.12074913 0.029098216 0.9920618 -0.019657306
16036491.205000002 0.15121998 -0.1355124 0.010713562 0.11964892 0.024714528 0.99238944 -0.015382741
16086557.985 0.13976069 -0.14714435 0.010955144 0.11450226 0.021347707 0.9930916 -0.014239344
16136623.764 0.12283535 -0.15429647 0.0130693335 0.107319176 0.018113682 0.9939457 -0.015047597
16186642.043 0.10438829 -0.15997204 0.0148910405 0.095508404 0.013533031 0.9951892 -0.017132416
16236612.570999999 0.08419746 -0.16328673 0.0174224 0.08204492 0.009161059 0.99635994 -0.021249888
16286575.349 0.064034805 -0.16702001 0.019551435 0.07089882 0.0059237033 0.99716294 -0.02458427
16336585.626999998 0.04348142 -0.1686914 0.02202663 0.06301821 0.002954075 0.9976824 -0.025493704
16386659.407 0.02308042 -0.16830376 0.023648199 0.05596462 0.0013515641 0.99809164 -0.026062831
16436756.686999999 0.0030309716 -0.16715676 0.024843954 0.047410954 0.0007584924 0.99852014 -0.026632054
16486806.716000002 -0.01733409 -0.16443013 0.026283419 0.039723217 -0.00012390042 0.9988315 -0.02752838
16536784.993999999 -0.0375333 -0.15845048 0.02814448 0.031661324 -0.0027126234 0.9990169 -0.030911827
16586755.772 -0.05728244 -0.15157 0.030565238 0.024687646 -0.0048586074 0.99900347 -0.036865126
16636742.049999999 -0.07621881 -0.14580494 0.0328862 0.020118106 -0.0092024505 0.9988642 -0.04220262
16686776.329000002 -0.09226216 -0.13898493 0.036077436 0.016636893 -0.010786982 0.9986578 -0.047849752
16736818.359000001 -0.10858842 -0.13174735 0.038983732 0.013733458 -0.010286479 0.99846154 -0.052727588
16786836.637000002 -0.12283978 -0.12534282 0.042143635 0.0115808435 -0.012366181 0.99828565 -0.05602434
16836822.915 -0.13619363 -0.11658213 0.044219743 0.008377836 -0.014483149 0.99817884 -0.057958376
16886801.444000002 -0.1488416 -0.10715586 0.04544441 0.004762952 -0.013166592 0.9982771 -0.056980092
16936819.722 -0.16100518 -0.09819231 0.04536299 -0.002078393 -0.012564604 0.99841434 -0.05483395
16986854.001000002 -0.17321119 -0.085393056 0.044559877 -0.012324984 -0.01291607 0.9983066 -0.055365548
17036895.779999997 -0.18171611 -0.07051132 0.044112887 -0.021535113 -0.011137149 0.99806726 -0.057218093
17086937.81 -0.18872918 -0.05500806 0.044161934 -0.02796915 -0.009226951 0.9978205 -0.059049528
17136964.088 -0.19289389 -0.038430512 0.04555763 -0.03322596 -0.010827405 0.9975836 -0.060048297
17186966.367000002 -0.19568196 -0.022207515 0.04637501 -0.03804117 -0.01236353 0.99738103 -0.060259707
17236952.895 -0.19692278 -0.0060054576 0.04736045 -0.04175206 -0.01092649 0.99724364 -0.06035434
17286931.673 -0.19519915 0.010570742 0.04758492 -0.04416863 -0.009059127 0.9971183 -0.061010502
17336925.952 -0.19251421 0.029099341 0.05026643 -0.044149917 -0.009733181 0.99688065 -0.06469262
17386951.73 -0.18759377 0.049967863 0.05172452 -0.045324847 -0.014230715 0.99640477 -0.070147894
17436978.009 -0.182108 0.06876775 0.05452804 -0.045033984 -0.019597623 0.99590135 -0.07594997
17487039.538999997 -0.17385927 0.08473041 0.05783578 -0.041539527 -0.019451968 0.9957495 -0.07986996
17537054.316999998 -0.16377252 0.09829713 0.061232314 -0.034783676 -0.015768884 0.995962 -0.08124724
17587135.597 -0.15291083 0.11209783 0.065268576 -0.029516455 -0.013886012 0.9959964 -0.083229125
17637217.627 -0.14210463 0.12575662 0.06754298 -0.029098388 -0.01143311 0.99560773 -0.08824894
17687259.156 -0.13205944 0.13834704 0.06936041 -0.031372137 -0.008473367 0.9949936 -0.094507866
17737293.185 -0.121792056 0.14955513 0.07139663 -0.032510724 -0.0064301677 0.99449015 -0.09945367
17787382.965 -0.1080461 0.15772015 0.073872626 -0.027695723 -0.004824792 0.9941461 -0.104322426
17837504.244999997 -0.09190957 0.16422968 0.07691954 -0.01880901 -0.0035090363 0.99394685 -0.10818316
17887578.275 -0.07499949 0.1683542 0.07960389 -0.008245199 -0.0029123772 0.9936835 -0.11187791
17937556.553 -0.05719435 0.17069422 0.08138727 0.0002209928 -0.0025978612 0.99357146 -0.11317732
17987431.829 -0.04022699 0.1716351 0.08153972 0.0071704276 -0.0024959657 0.99352103 -0.11339432
18037275.604999997 -0.023471816 0.17066014 0.080632254 0.014803444 -0.0018878317 0.9933837 -0.11386914
18087135.632 -0.0061249626 0.16844538 0.07890983 0.023772258 -0.0018009847 0.9933262 -0.1128485
18137050.409 0.011128463 0.16400489 0.07616142 0.03155702 -0.00071526004 0.99336284 -0.11060684
18187013.187 0.028714797 0.15911832 0.07366562 0.04017597 0.0012813176 0.9931058 -0.11011447
18237031.465 0.04492972 0.15408203 0.07198501 0.049365524 0.0027098444 0.9926027 -0.110885374
18287049.244 0.060290806 0.14733988 0.070354484 0.056583565 0.005285537 0.99201167 -0.11261998
18337020.272 0.07473311 0.13944687 0.06906064 0.06438937 0.00825128 0.99140394 -0.11359697
18386927.549 0.087712884 0.1313663 0.06718062 0.07142391 0.010727379 0.99070656 -0.115256764
18436910.077 0.09905943 0.122035146 0.06503603 0.075420305 0.015191935 0.9901604 -0.11689053
18486741.603 0.10863447 0.11159493 0.062718906 0.076650366 0.019642837 0.99016494 -0.11537919
18536736.130999997 0.11901452 0.10028761 0.059909325 0.07963085 0.022210032 0.99019307 -0.11262083
18586769.91 0.13024487 0.08913308 0.05697743 0.08902147 0.018925702 0.9899293 -0.108429514
18636812.19 0.13973829 0.07685588 0.05286149 0.09858385 0.015723854 0.9894838 -0.10467059
18686782.968 0.14864105 0.06274749 0.048469782 0.105739765 0.019916814 0.98920685 -0.09946008
18736697.995 0.15419842 0.046622504 0.04384459 0.10604845 0.025217634 0.9897497 -0.09226822
18786605.272 0.16087925 0.02944933 0.038775 0.10347564 0.032065168 0.99038434 -0.08604407
18836559.549000002 0.16664355 0.013011489 0.034915607 0.1054794 0.035684336 0.9905797 -0.079703145
18886562.078 0.17435677 -0.004012802 0.031801306 0.11331011 0.040072434 0.98999393 -0.07393935
18936612.356999997 0.18099466 -0.022623237 0.029148765 0.12523733 0.045407653 0.9888357 -0.0667668
18986677.637000002 0.18545151 -0.04084618 0.026991993 0.13586678 0.050890125 0.98765063 -0.059133455
19036711.915999997 0.18373366 -0.057929367 0.026582211 0.13694328 0.05354341 0.9877158 -0.052888308
19086706.444000002 0.1756193 -0.07270841 0.024981976 0.12657462 0.052736226 0.9892893 -0.050044615
19136684.722 0.16328278 -0.08792736 0.022889946 0.1138979 0.050824333 0.9909808 -0.04900286
19186679.5 0.14970264 -0.10027431 0.021798857 0.10586155 0.04551575 0.99222475 -0.04702934
19236705.279 0.13509844 -0.11326761 0.021157226 0.1004796 0.03766263 0.9931948 -0.045271397
19286739.808000002 0.11898757 -0.12542808 0.020186089 0.09648876 0.03092103 0.9939289 -0.042885594
19336765.586999997 0.10128848 -0.13706563 0.020004204 0.08892746 0.023041815 0.9949424 -0.040628463
19386775.866 0.08276675 -0.14718416 0.019754225 0.081724815 0.016062537 0.9957508 -0.03928682
19436778.143999998 0.063396685 -0.15445589 0.020312529 0.07617967 0.009204777 0.9963311 -0.037899647
19486796.673 0.04285382 -0.15996765 0.021278018 0.06770737 0.0023840219 0.9970169 -0.036978498
19536838.452 0.021612821 -0.16356017 0.022635506 0.056590717 -0.004141198 0.9976585 -0.038183033
19586904.481999997 4.100264e-06 -0.16608284 0.02498415 0.04525504 -0.010253266 0.9981364 -0.03963224
19637000.511 -0.019996507 -0.16782339 0.027643628 0.0364698 -0.01494819 0.9983554 -0.041630827
19686956.539 -0.03838189 -0.1679784 0.031689543 0.032131687 -0.018626805 0.9983676 -0.043390475
19736958.818 -0.05685358 -0.16718876 0.035500087 0.028412586 -0.021508392 0.99836206 -0.044760153
19786969.096 -0.07379383 -0.1644429 0.03991791 0.024626113 -0.023044378 0.99834734 -0.046530545
19836987.625 -0.09164712 -0.16051827 0.0441444 0.018525936 -0.022021648 0.9983787 -0.049111202
19887005.154000003 -0.10957016 -0.15614907 0.04835313 0.013308055 -0.023111824 0.99827546 -0.052296385
19937023.683000002 -0.12562871 -0.15004495 0.052515406 0.007800281 -0.021958835 0.9982109 -0.055062734
19987017.961 -0.14165968 -0.14201856 0.056745436 0.002685673 -0.02097862 0.9981509 -0.0569875
20037028.740000002 -0.1575179 -0.13384703 0.06045497 -0.003560682 -0.019927122 0.9979648 -0.060469214
20087055.018000003 -0.17262739 -0.12503785 0.063991375 -0.009571127 -0.017894465 0.9977717 -0.06356025
20137104.548 -0.18670337 -0.11670503 0.06789001 -0.01431811 -0.018801272 0.99760723 -0.064971484
20187146.327 -0.20102632 -0.10733856 0.07152474 -0.017617367 -0.01736758 0.9975601 -0.06528359
20237164.605 -0.21308072 -0.09689367 0.07330797 -0.022962956 -0.016530907 0.9974717 -0.065189935
20287175.134 -0.2241462 -0.08459945 0.074573696 -0.028114742 -0.01570542 0.99732673 -0.06559251
20337177.413 -0.23414384 -0.071885325 0.07431534 -0.03306367 -0.01416837 0.99719507 -0.06563584
20387195.191 -0.24382271 -0.057978775 0.07367928 -0.038379516 -0.015048368 0.9969494 -0.06627646
20437205.72 -0.25130647 -0.042026564 0.07171711 -0.04398537 -0.013489286 0.996709 -0.066743
20487215.999 -0.2566283 -0.026379716 0.068996884 -0.048708927 -0.01209637 0.99644446 -0.06767353
20537218.277000003 -0.2595957 -0.0096227685 0.066344835 -0.052504953 -0.012690603 0.9962103 -0.06817114
20587204.555 -0.26005846 0.005905687 0.064967565 -0.053329036 -0.014265439 0.9961941 -0.06745306
20637199.584 -0.25876778 0.01998522 0.06295171 -0.052469943 -0.0150404135 0.9963673 -0.06536879
20687209.362 -0.25380337 0.033987164 0.060747735 -0.0513253 -0.015694674 0.9965077 -0.063966915
20737227.641000003 -0.24607036 0.04735063 0.059995957 -0.04866592 -0.016065309 0.9966614 -0.06355795
20787246.17 -0.23459141 0.0623366 0.060291756 -0.045614824 -0.016041646 0.9968014 -0.063631766
20837288.948999997 -0.22207692 0.076848105 0.060820166 -0.03834181 -0.017824184 0.9969307 -0.06588885
20887266.727 -0.20700844 0.090106495 0.062293198 -0.031015074 -0.017545084 0.9970008 -0.068699755
20937269.005000003 -0.19291541 0.10213156 0.06446817 -0.025325969 -0.018156085 0.99694484 -0.071623735
20987295.033999998 -0.17905715 0.11412857 0.0671388 -0.020996293 -0.019740246 0.9967354 -0.07541937
21037336.813 -0.16397174 0.12512973 0.070244215 -0.018464139 -0.018808838 0.99631757 -0.08158902
21087402.593000002 -0.14662503 0.13381195 0.07299961 -0.0134310685 -0.015608518 0.99581075 -0.08909073
21137468.372 -0.12775034 0.140559 0.0767622 -0.0063055116 -0.013572629 0.9954512 -0.09409018
21187526.152000003 -0.10626278 0.14610636 0.07952985 0.005298983 -0.012159806 0.99509245 -0.098056324
21237560.680999998 -0.08499665 0.14956236 0.081568465 0.015013347 -0.0092407055 0.9947402 -0.10090182
21287538.959 -0.06511749 0.1499008 0.0825614 0.024772216 -0.0059030415 0.99417514 -0.10472505
21337446.235999998 -0.045110982 0.14767727 0.082627505 0.03533934 -0.003959169 0.99361855 -0.10704046
21387313.512 -0.025680987 0.14391331 0.08194244 0.046079304 -0.003690554 0.9930441 -0.10828898
21437196.788999997 -0.00571498 0.13841906 0.08001048 0.056839168 -0.0038073654 0.99229366 -0.11003724
21487128.316 0.013063481 0.13068497 0.07766937 0.067243166 -0.0032470033 0.99166584 -0.10984884
21537114.594 0.03144569 0.12055355 0.074916594 0.07653163 -0.0010492681 0.9911554 -0.10841073
21587100.873 0.0471123 0.109143816 0.07268144 0.08360696 0.0016002851 0.99070907 -0.10725207
21637047.65 0.060286503 0.09653348 0.069771856 0.08698682 0.005137198 0.9904142 -0.10717574
21686947.177 0.071712464 0.08204375 0.06727423 0.091481514 0.007702945 0.9901853 -0.105380304
21736861.954 0.082322426 0.06607987 0.06441967 0.097259834 0.008418201 0.99000514 -0.10178145
21786816.732 0.092483446 0.048752077 0.061700426 0.10710065 0.008609733 0.989381 -0.09788049
21836803.759999998 0.098984 0.031601217 0.058562648 0.1119994 0.010537722 0.98907197 -0.09529835
21886782.038 0.10264335 0.012083154 0.05394391 0.113806844 0.010148524 0.98909336 -0.09294817
21936752.816 0.10542535 -0.0058192452 0.050442785 0.11313287 0.010303119 0.9894288 -0.09014138
21986760.845 0.10784449 -0.026007459 0.047715023 0.115108386 0.011932581 0.9895601 -0.08589743
22036744.373 0.108723186 -0.045811262 0.045523617 0.11741525 0.0142186275 0.98968357 -0.08085821
22086791.402 0.10657211 -0.06350617 0.045416135 0.11659244 0.01683119 0.98986727 -0.079283215
22136857.182 0.10249458 -0.07732047 0.047408897 0.11196631 0.015924511 0.99009794 -0.08316288
22186890.961 0.0955892 -0.088252805 0.04946339 0.10741412 0.014395275 0.99028945 -0.08707383
22236877.989 0.088253036 -0.098625295 0.05172067 0.107532315 0.01274997 0.9901424 -0.08883873
22286840.267 0.08251002 -0.10911133 0.053712923 0.113935255 0.010603986 0.98963284 -0.08679427
