28361871.689590443 -0.0 -0.0 -0.0 -0.0 -0.0 1.0 -0.0
28386138.689590443 -0.0 -0.0 -0.0 -0.0 -0.0 1.0 -0.0
28410404.689590443 -0.0 -0.0 -0.0 -0.0 -0.0 1.0 -0.0
28434673.689590443 0.0042244857 -0.0026949171 -0.0015789659 0.00017588539 -0.0022325995 0.9999919 0.003360473
28458943.689590443 0.0042244857 -0.0026949171 -0.0015789659 0.00017588539 -0.0022325995 0.9999919 0.003360473
28483215.689590443 0.0042244857 -0.0026949171 -0.0015789659 0.00017588539 -0.0022325995 0.9999919 0.003360473
28507492.689590443 0.0042244857 -0.0026949171 -0.0015789659 0.00017588539 -0.0022325995 0.9999919 0.003360473
28531774.439590443 0.0042244857 -0.0026949171 -0.0015789659 0.00017588539 -0.0022325995 0.9999919 0.003360473
28556061.439590443 0.004561908 -0.011024223 -0.002231555 0.0029101653 -0.005713247 0.99990433 0.012262494
28580353.439590443 0.004561908 -0.011024223 -0.002231555 0.0029101653 -0.005713247 0.99990433 0.012262494
28604653.689590443 0.004561908 -0.011024223 -0.002231555 0.0029101653 -0.005713247 0.99990433 0.012262494
28628961.689590443 0.004561908 -0.011024223 -0.002231555 0.0029101653 -0.005713247 0.99990433 0.012262494
28653279.689590443 0.0023106819 -0.02176358 -0.012850394 0.0039422894 -0.0124507975 0.99974734 0.018294709
28677609.689590443 0.0023106819 -0.02176358 -0.012850394 0.0039422894 -0.0124507975 0.99974734 0.018294709
28701949.689590443 0.0023106819 -0.02176358 -0.012850394 0.0039422894 -0.0124507975 0.99974734 0.018294709
28726301.689590443 0.0023106819 -0.02176358 -0.012850394 0.0039422894 -0.0124507975 0.99974734 0.018294709
28750665.689590443 0.0023106819 -0.02176358 -0.012850394 0.0039422894 -0.0124507975 0.99974734 0.018294709
28775041.689590443 0.0017361889 -0.03528502 -0.029557543 0.0033316552 -0.013541189 0.99972147 0.019044418
28799427.439590443 0.00044036866 -0.044804465 -0.038121074 0.0009968567 -0.01383912 0.9997835 0.015507554
28823824.689590443 0.00044036866 -0.044804465 -0.038121074 0.0009968567 -0.01383912 0.9997835 0.015507554
28848232.439590443 0.00044036866 -0.044804465 -0.038121074 0.0009968567 -0.01383912 0.9997835 0.015507554
28872646.689590443 -0.009332239 -0.051888946 -0.0598694 -0.007729656 -0.015262142 0.99983734 0.0057284264
28897062.689590443 -0.009332239 -0.051888946 -0.0598694 -0.007729656 -0.015262142 0.99983734 0.0057284264
28921477.689590443 -0.009332239 -0.051888946 -0.0598694 -0.007729656 -0.015262142 0.99983734 0.0057284264
28945888.439590443 -0.009332239 -0.051888946 -0.0598694 -0.007729656 -0.015262142 0.99983734 0.0057284264
28970290.689590443 -0.018055826 -0.059926692 -0.08424906 -0.022109363 -0.013332471 0.9996549 -0.004850948
28994681.689590443 -0.023923498 -0.060988683 -0.09372668 -0.026450273 -0.01251141 0.9995632 -0.004159897
29019059.689590443 -0.024526358 -0.06734526 -0.09265258 -0.028886886 -0.011728082 0.9994896 -0.0069696927
29043426.439590443 -0.02871997 -0.071626134 -0.09760665 -0.031640757 -0.011947869 0.99939895 -0.0076135746
29067779.689590443 -0.03432916 -0.08352681 -0.10561823 -0.033021804 -0.012358443 0.9993206 -0.010732913
29092117.689590443 -0.03495403 -0.096783936 -0.117371 -0.03651277 -0.010854728 0.99921364 -0.011010616
29116440.439590443 -0.036874242 -0.105406776 -0.10741646 -0.03521799 -0.010590436 0.99920887 -0.015138945
29140751.689590443 -0.03887121 -0.113599315 -0.11186268 -0.0379855 -0.009703677 0.99914455 -0.013157278
29165049.689590443 -0.042083487 -0.12462171 -0.11927684 -0.038088374 -0.010763659 0.9991507 -0.011461733
29189337.439590443 -0.044519175 -0.1430756 -0.12753114 -0.03980199 -0.010362875 0.99908876 -0.011405156
29213617.689590443 -0.04712943 -0.15041117 -0.13199453 -0.040204693 -0.0109767215 0.9991026 -0.0075659053
29237893.689590443 -0.048240848 -0.1682925 -0.14193575 -0.04188552 -0.007321419 0.9990672 -0.007541109
29262166.439590443 -0.04947549 -0.18115465 -0.14644265 -0.042508475 -0.005367571 0.99906087 -0.006458537
29286441.689590443 -0.056516524 -0.1956989 -0.15234601 -0.041562427 -0.0029577375 0.9991132 -0.0060646343
29310720.689590443 -0.05562311 -0.2167384 -0.15772869 -0.042577993 0.0018560011 0.99905694 -0.008301679
29335004.689590443 -0.05990777 -0.23371007 -0.16577394 -0.042830404 0.002355026 0.9990549 -0.0070252065
29359290.689590443 -0.06318237 -0.24138741 -0.16200371 -0.04046589 0.0016354137 0.99909925 -0.012670343
29383589.439590443 -0.06665112 -0.26202765 -0.16590878 -0.040745653 0.0021112997 0.99908686 -0.012685471
29407908.689590443 -0.07607486 -0.27494428 -0.17281507 -0.038175877 -0.00014838422 0.99921584 -0.010504045
29432243.689590443 -0.07509542 -0.28838295 -0.177017 -0.039084528 -0.0006891833 0.9991984 -0.00863072
29456595.689590443 -0.08018788 -0.30702123 -0.18646693 -0.038789023 0.0006592971 0.9992056 -0.009118369
29480965.689590443 -0.07759044 -0.323599 -0.18555857 -0.03927691 0.0023176342 0.9991775 -0.009813711
29505354.689590443 -0.07801215 -0.3346522 -0.19415683 -0.040126752 0.00045193636 0.9991561 -0.008758729
29529752.439590443 -0.08307991 -0.35321876 -0.19927752 -0.038530547 -0.00040014295 0.99920994 -0.0097373845
29554170.689590443 -0.078196995 -0.37003064 -0.20527148 -0.040278718 0.0018363866 0.9990794 -0.014650063
29578618.439590443 -0.095496826 -0.38860828 -0.20159654 -0.037240956 0.0013972142 0.99909276 -0.020609844
29603085.439590443 -0.09762531 -0.40815422 -0.20326479 -0.038224075 0.004170319 0.99895436 -0.024733966
29627568.689590443 -0.094654314 -0.4268481 -0.20453994 -0.040718812 0.0029269736 0.99876916 -0.02817126
29652065.439590443 -0.100374095 -0.4407147 -0.20388968 -0.04053013 0.003761951 0.9987397 -0.029363023
29676574.689590443 -0.09322823 -0.46418226 -0.21410336 -0.043828726 0.0051299026 0.99849176 -0.032666042
29701093.689590443 -0.10054852 -0.48126817 -0.20467456 -0.04208896 0.002816708 0.99835324 -0.038878053
29725621.689590443 -0.1002541 -0.50283426 -0.19813372 -0.042519372 0.003581184 0.99818575 -0.04248069
29750157.689590443 -0.10113418 -0.5217392 -0.20723614 -0.042803463 0.0036978845 0.998035 -0.04561057
29774702.689590443 -0.103397414 -0.5407551 -0.20506757 -0.043315742 0.0035456808 0.9978682 -0.048686147
29799254.689590443 -0.101824105 -0.5620288 -0.20180276 -0.044097986 0.0032257426 0.99768716 -0.05162758
29823815.689590443 -0.10316838 -0.58034587 -0.2000366 -0.043308668 0.0012511561 0.9976226 -0.05359091
29848381.439590443 -0.10278576 -0.59784174 -0.19410875 -0.044248667 0.0022544514 0.99750423 -0.054975823
29872957.689590443 -0.10759028 -0.6248447 -0.19261912 -0.041806657 0.0025782832 0.9974738 -0.05737296
29897543.689590443 -0.11807471 -0.6466174 -0.1854939 -0.039667126 -0.0023498575 0.9976043 -0.05662698
29922139.689590443 -0.11507334 -0.69474524 -0.16852184 -0.04037147 -0.0016614395 0.9970362 -0.06546966
29946748.439590443 -0.11334321 -0.71686363 -0.15959525 -0.040446766 -0.0008667249 0.9970027 -0.06594565
29971374.439590443 -0.110778525 -0.7348416 -0.14848818 -0.04257251 -0.00020614888 0.9969727 -0.065061994
29996015.689590443 -0.10195564 -0.7608825 -0.1347143 -0.04373258 0.0022120103 0.9966849 -0.068570025
30020678.439590443 -0.10603477 -0.7859189 -0.1226607 -0.0443313 0.00060917746 0.99650663 -0.07077348
30045363.689590443 -0.10227988 -0.81846553 -0.1256511 -0.04436469 0.0010450933 0.9961851 -0.075140186
30070074.689590443 -0.09961023 -0.834666 -0.107519545 -0.04622889 0.0023767576 0.99597454 -0.07675975
30094814.689590443 -0.09177007 -0.86368906 -0.10108379 -0.048012294 0.0044924556 0.9956373 -0.079881065
30119583.689590443 -0.09521748 -0.8778603 -0.08060975 -0.049340967 0.002703929 0.99548644 -0.081024125
30144382.689590443 -0.09792932 -0.89918816 -0.06531275 -0.050353285 0.0038915088 0.99528867 -0.082765095
30169209.689590443 -0.097510144 -0.9175574 -0.0585447 -0.0519548 0.0020047447 0.9952302 -0.082544096
30194066.439590443 -0.092867434 -0.9459197 -0.040735938 -0.054803144 0.0016642928 0.9947793 -0.08607003
30218951.689590443 -0.09008559 -0.9701694 -0.025856225 -0.05738377 0.0011619738 0.9943009 -0.08984208
30243851.689590443 -0.09398485 -1.000954 -0.0028231568 -0.059233576 0.0008192265 0.9937137 -0.09499414
30268779.439590443 -0.09061375 -1.0171924 0.026165904 -0.062126707 0.00085685035 0.99304646 -0.099991724
30293751.689590443 -0.089947775 -1.052676 0.04381851 -0.06485928 0.0014475011 0.99224377 -0.10603558
30318750.689590443 -0.090386435 -1.0734919 0.079633236 -0.0675935 0.0010425847 0.9915492 -0.1107259
30343776.689590443 -0.089108095 -1.1032943 0.10619467 -0.06994628 0.00044182022 0.99083525 -0.11555523
30368827.689590443 -0.0877725 -1.1269143 0.14682963 -0.07205335 0.0013215941 0.99006605 -0.120730445
30393903.439590443 -0.0848261 -1.1552083 0.18128848 -0.07446147 -0.0016421827 0.9893809 -0.12481328
30419004.689590443 -0.0832032 -1.1861408 0.21428464 -0.07733439 -0.0050898255 0.9887618 -0.1278423
30444133.439590443 -0.0827556 -1.2123561 0.255867 -0.079647325 -0.010324301 0.9882156 -0.13030605
30469288.689590443 -0.08097212 -1.2395647 0.30004433 -0.082667045 -0.015197513 0.9876566 -0.13217303
30494473.689590443 -0.07953468 -1.2620821 0.34938043 -0.08606102 -0.018812777 0.9870835 -0.13381232
30519688.689590443 -0.07936909 -1.2926943 0.39220607 -0.0889353 -0.023219401 0.986562 -0.13508104
30544934.439590443 -0.07835206 -1.3217977 0.44007874 -0.091216296 -0.02404735 0.9860315 -0.1372707
30570213.689590443 -0.07913779 -1.3483933 0.48912704 -0.09401625 -0.02381344 0.98542887 -0.13972828
30595525.439590443 -0.0818851 -1.3803786 0.53543615 -0.0967092 -0.0244338 0.9847544 -0.14251032
30620871.689590443 -0.088269845 -1.4122471 0.5882691 -0.09885461 -0.024804981 0.98402244 -0.14598742
30646254.689590443 -0.08403374 -1.4457464 0.63503724 -0.101188526 -0.024571922 0.98330915 -0.14919889
30671675.689590443 -0.08811374 -1.4616358 0.6944033 -0.10417835 -0.025615582 0.98270065 -0.15096399
30697134.439590443 -0.09195638 -1.489826 0.7532441 -0.106615245 -0.026583996 0.982176 -0.15250178
30722630.439590443 -0.100535825 -1.5190053 0.81530136 -0.10902152 -0.026335528 0.98172796 -0.15372396
30748168.689590443 -0.09832738 -1.5546863 0.8759771 -0.11256865 -0.02554592 0.9813241 -0.15387915
30773749.689590443 -0.105323195 -1.5742804 0.9477657 -0.11470612 -0.024639068 0.98123395 -0.15302093
30799376.439590443 -0.11743993 -1.603929 1.0146433 -0.11680851 -0.024966508 0.9811919 -0.15164107
30825051.689590443 -0.12804282 -1.622656 1.0907778 -0.11889433 -0.024045968 0.9811453 -0.15046574
30850779.439590443 -0.13256702 -1.6372547 1.1645875 -0.12153882 -0.02357166 0.98116523 -0.148282
30876560.689590443 -0.14127976 -1.6724348 1.2431754 -0.123588905 -0.023000652 0.98079395 -0.14913066
30902396.689590443 -0.14970398 -1.7035192 1.3236114 -0.12634337 -0.019435057 0.9805124 -0.1491817
30928290.689590443 -0.15597066 -1.7213951 1.4127829 -0.12853903 -0.01676589 0.980319 -0.14890003
30954244.689590443 -0.15980929 -1.7441452 1.5016078 -0.13034828 -0.014105719 0.9801601 -0.1486492
30980263.689590443 -0.16920102 -1.7660487 1.5924747 -0.13329667 -0.012511997 0.97986805 -0.14810176
31006348.689590443 -0.18394738 -1.7826899 1.6836289 -0.135564 -0.009841988 0.9796826 -0.1474706
31032506.689590443 -0.19207257 -1.8038981 1.7688999 -0.13847989 -0.00847843 0.9793893 -0.14679268
31058740.689590443 -0.19997042 -1.8241539 1.8544865 -0.14056207 -0.009917976 0.97924256 -0.14569835
31085053.689590443 -0.21850032 -1.8373438 1.9572172 -0.14274842 -0.009705322 0.9791382 -0.14428172
31111448.439590443 -0.23097259 -1.8615443 2.0509813 -0.14581166 -0.010040297 0.97879696 -0.14350866
31137924.689590443 -0.24807248 -1.8818259 2.150878 -0.14903039 -0.00977541 0.97841746 -0.14280657
31164443.439590443 -0.2525062 -1.9087955 2.242498 -0.15300816 -0.009987816 0.97793794 -0.14186661
31191047.689590443 -0.2537261 -1.9410328 2.3500173 -0.15702133 -0.010849342 0.97734517 -0.14150295
31217785.689590443 -0.2766974 -1.9391099 2.465655 -0.16177958 -0.012253982 0.97677577 -0.1399514
31244613.689590443 -0.3034947 -1.9596343 2.5724583 -0.166113 -0.015396813 0.9762284 -0.13837475
31271526.689590443 -0.30393583 -1.9843466 2.6966748 -0.17196141 -0.01804774 0.9753116 -0.13737117
31298520.689590443 -0.325628 -2.0057535 2.8130665 -0.17720596 -0.022506706 0.97445905 -0.1360921
31325592.439590443 -0.34965903 -2.0107613 2.9304178 -0.18275996 -0.027291005 0.97359204 -0.13406192
31352739.689590443 -0.37370455 -2.0050154 3.063962 -0.18836167 -0.031794436 0.9727558 -0.13135919
31379959.689590443 -0.3830704 -2.024635 3.185853 -0.19462083 -0.036574855 0.97154784 -0.12992284
31407246.689590443 -0.39606994 -2.0328164 3.3045537 -0.20066762 -0.04164849 0.97034687 -0.12815948
31434596.689590443 -0.43038177 -2.0460637 3.4233994 -0.20670213 -0.046367068 0.9690554 -0.12671259
31462004.689590443 -0.44232363 -2.046313 3.5610545 -0.21348208 -0.050468188 0.96767354 -0.124444336
31489465.689590443 -0.48189247 -2.0700486 3.6732688 -0.219881 -0.05563716 0.9661435 -0.122978225
31516974.689590443 -0.51049197 -2.0643783 3.814905 -0.2270872 -0.060619544 0.96450555 -0.12035683
31544525.689590443 -0.5453849 -2.08154 3.9501183 -0.23437667 -0.06550275 0.9625719 -0.11929944
31572114.689590443 -0.561736 -2.111931 4.0732484 -0.24229987 -0.0712252 0.9603473 -0.11811382
31599736.689590443 -0.57551795 -2.102479 4.258613 -0.25028938 -0.0779078 0.958061 -0.11577921
31627385.689590443 -0.6497252 -2.1111288 4.371795 -0.25763458 -0.08365034 0.9558195 -0.11417618
31655054.689590443 -0.7037257 -2.0979815 4.512457 -0.26579618 -0.08874172 0.9534253 -0.11161376
31682741.689590443 -0.7034815 -2.1153562 4.6625633 -0.27523935 -0.094800755 0.95035946 -0.10987717
31710443.439590443 -0.77028567 -2.0870974 4.8239903 -0.2847878 -0.09994917 0.94736487 -0.10679832
31738151.689590443 -0.81842 -2.102095 4.9478884 -0.29446086 -0.10461112 0.94401723 -0.1057398
31765863.689590443 -0.84985584 -2.1422012 5.107799 -0.3049113 -0.110745504 0.94009095 -0.10485047
31793573.689590443 -0.9159653 -2.1345499 5.2572856 -0.31553546 -0.1158087 0.93624496 -0.10232855
31821274.439590443 -0.9824531 -2.143861 5.404766 -0.3262378 -0.12087283 0.9320766 -0.10095566
31848963.439590443 -1.0235467 -2.1455326 5.5567336 -0.33772117 -0.12483326 0.92762214 -0.09938941
31876638.689590443 -1.0844204 -2.16716 5.697128 -0.34906846 -0.12891722 0.92288834 -0.099039026
31904296.689590443 -1.1534213 -2.1481555 5.8543386 -0.3601802 -0.13217825 0.9183329 -0.09728326
31931933.689590443 -1.2236336 -2.1442575 6.01108 -0.37102595 -0.13552013 0.91370463 -0.095487624
31959548.689590443 -1.2811681 -2.1541262 6.1707845 -0.38220525 -0.13811392 0.90880376 -0.094442956
31987137.689590443 -1.353066 -2.1604407 6.318882 -0.3932979 -0.14048965 0.90376806 -0.09371641
32014699.689590443 -1.4363235 -2.1605868 6.4754496 -0.40405285 -0.14233722 0.89876044 -0.09333386
32042230.689590443 -1.5272237 -2.1612024 6.6077385 -0.41450903 -0.14307941 0.8938809 -0.09320732
32069727.689590443 -1.6212567 -2.1745977 6.7431316 -0.42511845 -0.1435919 0.88873535 -0.093836226
32097190.689590443 -1.6983349 -2.16228 6.895227 -0.4360857 -0.14229436 0.88357127 -0.094252154
32124636.689590443 -1.7990935 -2.1624625 7.048809 -0.44630122 -0.14061643 0.8785691 -0.09569966
32152044.439590443 -1.9060135 -2.1471682 7.1839304 -0.4565995 -0.13904127 0.8734756 -0.09604627
32179391.689590443 -1.9926829 -2.140849 7.3416653 -0.46767333 -0.1378084 0.86776537 -0.096300274
32206691.439590443 -2.101152 -2.1621823 7.47489 -0.4777926 -0.13854493 0.8620357 -0.09702536
32233947.439590443 -2.1934533 -2.1323643 7.6143193 -0.4888413 -0.14219666 0.8555041 -0.09448385
32261159.689590443 -2.2967925 -2.150266 7.7455406 -0.49973777 -0.14798075 0.8484359 -0.092305675
32288327.689590443 -2.412706 -2.117 7.906676 -0.5114961 -0.15511039 0.8407202 -0.08661449
32315448.439590443 -2.5180912 -2.121573 8.059745 -0.52411723 -0.1637688 0.8317554 -0.081632785
32342526.689590443 -2.6250892 -2.130826 8.167851 -0.53671354 -0.1722617 0.82240814 -0.076872535
32369562.689590443 -2.7287893 -2.1333299 8.335661 -0.55108273 -0.18096985 0.81144893 -0.071473084
32396557.689590443 -2.857103 -2.1203756 8.480942 -0.56468433 -0.18953873 0.80060816 -0.06506421
32423512.689590443 -2.9848423 -2.1201334 8.607853 -0.57770646 -0.19837452 0.7895732 -0.05896654
32450428.439590443 -3.1077864 -2.1418247 8.750822 -0.59079635 -0.20785198 0.77778715 -0.05295618
32477307.689590443 -3.2369199 -2.1325684 8.872843 -0.60351604 -0.21625483 0.7660161 -0.04713444
32504155.689590443 -3.3589745 -2.1302943 8.993999 -0.61569893 -0.22347373 0.7544611 -0.041986402
32530974.689590443 -3.4996243 -2.1465278 9.128426 -0.6281151 -0.2303709 0.7422692 -0.037909295
32557765.689590443 -3.631064 -2.1365826 9.243781 -0.6398864 -0.23623969 0.73051906 -0.03283565
32584531.689590443 -3.7747116 -2.1377609 9.356099 -0.6513979 -0.24083999 0.7189547 -0.027947823
32611273.439590443 -3.9210505 -2.1349134 9.458089 -0.6626778 -0.24518488 0.70726717 -0.022709945
32637997.689590443 -4.066776 -2.1332245 9.560816 -0.6740414 -0.24881898 0.695324 -0.01678874
32664704.689590443 -4.2228107 -2.134534 9.668238 -0.68543327 -0.2512812 0.6833176 -0.010774869
32691396.689590443 -4.375285 -2.1382172 9.769977 -0.6965386 -0.2545164 0.6708493 -0.0040824404
32718076.689590443 -4.5313716 -2.1233056 9.864273 -0.70751333 -0.2563234 0.6585679 0.0034029365
32744744.689590443 -4.6907263 -2.119769 9.94815 -0.7181782 -0.25764537 0.6463065 0.011263106
32771399.439590443 -4.8421087 -2.130518 10.032853 -0.72887844 -0.26024798 0.63295853 0.019255068
32798039.689590443 -5.0066957 -2.116105 10.09915 -0.7396149 -0.26170716 0.61941487 0.02836377
32824665.689590443 -5.17618 -2.1037664 10.182746 -0.74984086 -0.263818 0.6055633 0.03784257
32851271.689590443 -5.339669 -2.0964766 10.2415085 -0.7600183 -0.26600978 0.5910878 0.04718439
32877856.439590443 -5.519909 -2.0897334 10.320975 -0.7708588 -0.2672117 0.5754085 0.057268817
32904420.689590443 -5.6896 -2.0791986 10.390559 -0.78205496 -0.26722977 0.5589761 0.06726126
32930961.689590443 -5.8679037 -2.0781887 10.438611 -0.79273677 -0.26712447 0.5425127 0.07676552
32957476.689590443 -6.0452204 -2.061122 10.4832735 -0.8033272 -0.26583502 0.5257828 0.08688911
32983971.689590443 -6.212695 -2.0628455 10.517696 -0.8143293 -0.26415595 0.5078181 0.095969565
33010444.689590443 -6.397519 -2.0371695 10.545471 -0.82569 -0.26069918 0.488908 0.10602371
33036899.689590443 -6.573904 -2.024589 10.556629 -0.83696 -0.25648734 0.46940166 0.11564738
33063342.689590443 -6.7450895 -2.0220652 10.57487 -0.84777135 -0.25211403 0.44944808 0.12537429
33089778.689590443 -6.911561 -2.0141993 10.5938 -0.8589324 -0.24647944 0.42847705 0.13375561
33116213.689590443 -7.0838156 -2.0073519 10.601005 -0.86894274 -0.24172537 0.40755552 0.14284888
33142650.689590443 -7.247345 -2.0017095 10.592569 -0.8783363 -0.23707393 0.38646755 0.15153942
33169094.689590443 -7.41667 -1.9816263 10.589311 -0.88714 -0.23259698 0.364765 0.16071054
33195542.689590443 -7.578392 -1.9797084 10.573139 -0.8950027 -0.22853336 0.34343794 0.1696853
33222004.689590443 -7.7373753 -1.9687445 10.55842 -0.9023047 -0.22388396 0.32248664 0.17811386
33248492.689590443 -7.894002 -1.9587283 10.537367 -0.9085498 -0.21940951 0.3013637 0.18861786
33275001.439590443 -8.049709 -1.943377 10.505034 -0.9137854 -0.21543558 0.28125742 0.19869111
33301537.439590443 -8.200095 -1.933806 10.469582 -0.9182601 -0.2123938 0.26117688 0.20850421
33328101.689590443 -8.36086 -1.912157 10.422059 -0.92224306 -0.20921873 0.24227116 0.21679513
33354700.689590443 -8.507011 -1.893292 10.383154 -0.9256872 -0.20735957 0.22343199 0.22401658
33381334.689590443 -8.638702 -1.8827748 10.341965 -0.92873687 -0.20705672 0.20613842 0.22821566
33408003.689590443 -8.768804 -1.8627391 10.294044 -0.93231547 -0.20614158 0.18990274 0.22854012
33434708.689590443 -8.90532 -1.8494067 10.233323 -0.9356506 -0.20634957 0.17531891 0.22636533
33461450.689590443 -9.025002 -1.8189301 10.164507 -0.93939465 -0.20597667 0.16047758 0.22216736
33488228.689590443 -9.143147 -1.81564 10.1103115 -0.9432384 -0.20409076 0.14617987 0.21743946
33515038.439590443 -9.259067 -1.7916231 10.048398 -0.9468614 -0.20013198 0.13253517 0.21409139
33541882.439590443 -9.3641615 -1.7691956 9.974885 -0.950386 -0.19487046 0.118693836 0.21143273
33568758.43959044 -9.466928 -1.7475309 9.892799 -0.9538838 -0.18804629 0.10534684 0.20891696
33595667.68959044 -9.5750265 -1.7339144 9.805374 -0.9569776 -0.18214314 0.093047485 0.20581526
33622610.68959044 -9.671478 -1.6942458 9.716961 -0.9602104 -0.17625187 0.08246691 0.20032606
33649587.68959044 -9.758968 -1.6813607 9.630818 -0.9629146 -0.17299251 0.072160676 0.19406703
33676598.68959044 -9.84372 -1.6589036 9.5352545 -0.9659436 -0.1692874 0.062438093 0.18546261
33703646.68959044 -9.935443 -1.6342273 9.438919 -0.9691464 -0.16502102 0.05277471 0.17532344
33730729.68959044 -10.021296 -1.6210299 9.34943 -0.9718802 -0.16012558 0.043870874 0.16698502
33757845.68959044 -10.097811 -1.5999284 9.241 -0.9741565 -0.15559492 0.03451704 0.16005611
33784992.68959044 -10.176052 -1.5876975 9.137676 -0.97569674 -0.15198857 0.024309367 0.15596291
33812169.68959044 -10.245529 -1.5755825 9.041528 -0.97688407 -0.14714621 0.014887401 0.1543499
33839376.68959044 -10.307169 -1.5715303 8.937489 -0.9774048 -0.14422464 0.00496366 0.15444936
33866612.68959044 -10.380208 -1.5499053 8.819257 -0.9776668 -0.14274633 -0.0049141124 0.1541657
33893879.68959044 -10.438711 -1.5237436 8.693916 -0.97741634 -0.14405285 -0.012737538 0.15409093
33921169.43959044 -10.487826 -1.4995437 8.567529 -0.97712916 -0.14577079 -0.020661863 0.15343578
33948480.68959044 -10.539149 -1.4838791 8.444495 -0.97677076 -0.14788361 -0.027564183 0.15260911
33975811.68959044 -10.5949135 -1.4557605 8.309939 -0.9765652 -0.14891745 -0.03451116 0.15150273
34003158.68959044 -10.645741 -1.456635 8.184461 -0.9763454 -0.1496963 -0.041340202 0.15043864
34030516.68959044 -10.682028 -1.4380107 8.049144 -0.97615045 -0.14987227 -0.047838833 0.14959955
34057879.68959044 -10.721818 -1.424993 7.911108 -0.9762085 -0.14973782 -0.055265736 0.14676993
34085244.68959044 -10.7591915 -1.4015326 7.763135 -0.9763039 -0.14911494 -0.06183191 0.14412642
34112602.68959044 -10.785868 -1.3800979 7.6186867 -0.97641474 -0.14832568 -0.068483114 0.14115207
34139951.68959044 -10.813033 -1.3714516 7.47534 -0.97644424 -0.14777736 -0.07467621 0.13835482
34167286.68959044 -10.815144 -1.395793 7.3655844 -0.9767122 -0.1479897 -0.08000457 0.13315977
34194608.68959044 -10.83856 -1.3740988 7.2003956 -0.9770607 -0.14780475 -0.084531315 0.12790918
34221916.68959044 -10.848473 -1.3878622 7.0650434 -0.9776031 -0.14899905 -0.08729392 0.120297156
34249214.68959044 -10.860178 -1.3921471 6.920226 -0.9783398 -0.14943728 -0.089431845 0.111900665
34276505.68959044 -10.877563 -1.4079628 6.7796106 -0.9788957 -0.14957576 -0.09298105 0.103657655
34303787.68959044 -10.879284 -1.3948827 6.610752 -0.9797646 -0.14812793 -0.094241 0.096115395
34331064.68959044 -10.884937 -1.3832304 6.445916 -0.9803748 -0.14756534 -0.096030064 0.0887017
34358337.68959044 -10.882082 -1.3807344 6.29517 -0.9808278 -0.14778754 -0.09638115 0.08274238
34385608.68959044 -10.884214 -1.380089 6.125804 -0.98129165 -0.14771666 -0.096834965 0.07661258
34412880.68959044 -10.880617 -1.3936462 5.9836874 -0.98149747 -0.14864542 -0.0963036 0.07275177
34440159.68959044 -10.877638 -1.3882391 5.8157415 -0.98176646 -0.14885741 -0.096428074 0.06839388
34467448.68959044 -10.868733 -1.3891246 5.665615 -0.98204845 -0.14855786 -0.095495686 0.06627157
34494744.68959044 -10.873327 -1.3997238 5.51227 -0.98226434 -0.14805734 -0.094921954 0.06500619
34522053.68959044 -10.86484 -1.3862512 5.3236103 -0.98263466 -0.14657365 -0.09503652 0.06255699
34549382.68959044 -10.849177 -1.4010507 5.156576 -0.9829527 -0.14517449 -0.0938239 0.062653914
34576733.68959044 -10.84942 -1.4245543 4.988572 -0.983402 -0.14405404 -0.09339941 0.058699537
34604107.68959044 -10.843519 -1.4415667 4.8056135 -0.98418885 -0.14074099 -0.09279523 0.05434554
34631510.43959044 -10.853855 -1.462798 4.6326323 -0.9850668 -0.13787816 -0.09154948 0.04745311
34658943.68959044 -10.838636 -1.4732711 4.4339094 -0.9857042 -0.13541064 -0.091172874 0.041699544
34686407.68959044 -10.831564 -1.4786177 4.264184 -0.98622036 -0.13419041 -0.08950974 0.03674853
34713902.68959044 -10.81065 -1.4947176 4.088345 -0.98660046 -0.13304372 -0.08846045 0.033071533
34741430.43959044 -10.810656 -1.4944141 3.8976383 -0.9867317 -0.13260637 -0.08887856 0.0296092
34768989.68959044 -10.792294 -1.5214335 3.7116346 -0.9869435 -0.13305995 -0.086793974 0.026541239
34796586.43959044 -10.802068 -1.5295134 3.515686 -0.98697054 -0.1333027 -0.087107904 0.023063278
34824202.43959044 -10.790034 -1.5440377 3.3381338 -0.9872513 -0.13255367 -0.085803956 0.02005411
34851861.68959044 -10.779103 -1.5923157 3.1620183 -0.9871951 -0.13363911 -0.08551131 0.016565565
34879587.68959044 -10.765975 -1.5961007 2.9713182 -0.9873657 -0.13339545 -0.08447411 0.013371827
34907368.68959044 -10.761931 -1.6178203 2.7679124 -0.987474 -0.13243845 -0.08509012 0.010719977
34935205.68959044 -10.72708 -1.624085 2.5665889 -0.9880476 -0.1292283 -0.08345694 0.009845772
34963104.43959044 -10.716245 -1.6550481 2.3941112 -0.9883531 -0.1274585 -0.08272576 0.008309512
34991069.68959044 -10.706315 -1.6651046 2.184342 -0.9886334 -0.12503806 -0.08315891 0.0073590856
35019105.68959044 -10.678332 -1.6638925 1.9673204 -0.98909 -0.123168744 -0.08035075 0.008610948
35047214.43959044 -10.678855 -1.6699123 1.7524071 -0.9892406 -0.12233926 -0.07970965 0.009090626
35075397.43959044 -10.655427 -1.6891818 1.4978476 -0.9893993 -0.122308165 -0.077681616 0.009766659
35103656.43959044 -10.63673 -1.700252 1.2703261 -0.9895731 -0.12226912 -0.07551858 0.009609977
35131992.68959044 -10.608639 -1.7322114 1.0797186 -0.9898962 -0.12241838 -0.07069834 0.011007613
35160408.43959044 -10.606753 -1.7455008 0.8557925 -0.99012285 -0.12240654 -0.06751393 0.010741631
35188909.43959044 -10.595739 -1.7625384 0.623332 -0.9903938 -0.122364685 -0.06337089 0.011455257
35217495.68959044 -10.578456 -1.7665695 0.38921618 -0.99079394 -0.12147825 -0.05845331 0.012397035
35246171.68959044 -10.570423 -1.794399 0.17864919 -0.9910074 -0.122113645 -0.053114753 0.013098304
35274942.68959044 -10.5728855 -1.7912455 -0.043220997 -0.9914644 -0.12072565 -0.04689907 0.01497563
35303813.68959044 -10.555717 -1.817038 -0.25962937 -0.99172723 -0.12060457 -0.04023004 0.017696578
35332786.68959044 -10.573252 -1.7890162 -0.5186512 -0.9921579 -0.11831755 -0.03452599 0.02077818
35361866.68959044 -10.555967 -1.8227577 -0.71807855 -0.9922383 -0.118655734 -0.027487796 0.025067912
35391057.43959044 -10.564272 -1.8217262 -0.9541385 -0.99239504 -0.117815554 -0.020946631 0.028859012
35420360.68959044 -10.5431595 -1.7947276 -1.2029723 -0.9926475 -0.11618179 -0.013348036 0.031217227
35449775.68959044 -10.547269 -1.8204441 -1.4051484 -0.9926186 -0.11683683 -0.0073100645 0.03168684
35479301.68959044 -10.551088 -1.8191005 -1.6471957 -0.99277794 -0.11605971 -0.0009959589 0.030351695
35508936.68959044 -10.54352 -1.8211275 -1.8675913 -0.9928044 -0.11565949 0.0055360473 0.030523954
35538680.68959044 -10.538039 -1.7982527 -2.1257737 -0.99297655 -0.114586174 0.010374863 0.027566016
35568527.68959044 -10.527456 -1.7931162 -2.3582153 -0.9930222 -0.11380348 0.016672045 0.02603537
35598472.68959044 -10.519366 -1.7779856 -2.625629 -0.9933608 -0.1105559 0.021259896 0.023659578
35628508.68959044 -10.503137 -1.7773058 -2.8426466 -0.99372786 -0.105997965 0.027859623 0.022208963
35658628.68959044 -10.491067 -1.7602233 -3.106328 -0.99428165 -0.09977068 0.032174 0.020363098
35688825.68959044 -10.481145 -1.7422887 -3.346075 -0.99469537 -0.09398011 0.03748157 0.01855202
35719092.68959044 -10.483652 -1.7263504 -3.6058593 -0.9950626 -0.08842219 0.041913733 0.016592832
35749419.68959044 -10.470254 -1.7286276 -3.8338718 -0.99511755 -0.084229805 0.049114794 0.015307713
35779802.68959044 -10.466534 -1.7206578 -4.068526 -0.9951287 -0.08021802 0.055601135 0.013872461
35810239.68959044 -10.474406 -1.7070429 -4.3159566 -0.9950792 -0.07599256 0.062259678 0.012898282
35840732.68959044 -10.462106 -1.7039512 -4.577936 -0.99479884 -0.07180121 0.07116426 0.012472
35871281.68959044 -10.459536 -1.7091424 -4.8137164 -0.9943085 -0.069054954 0.08029518 0.011616211
35901886.68959044 -10.459832 -1.6898512 -5.052142 -0.9935775 -0.06638974 0.091251105 0.008335386
35932539.68959044 -10.455429 -1.6817617 -5.3090477 -0.9924837 -0.0647329 0.10370634 0.0055581606
35963233.68959044 -10.446514 -1.6696934 -5.5575714 -0.99100417 -0.0631961 0.11796295 0.0013048163
35993961.68959044 -10.43918 -1.640382 -5.8016653 -0.98908126 -0.062189255 0.13354956 -0.003916884
36024720.68959044 -10.440197 -1.6293015 -6.045059 -0.98660296 -0.061799116 0.15058626 -0.0109250005
36055499.68959044 -10.446722 -1.6279404 -6.2713547 -0.98348665 -0.062450193 0.16883133 -0.018708935
36086289.68959044 -10.460889 -1.609767 -6.531204 -0.97991365 -0.062354855 0.18733764 -0.028030774
36117083.68959044 -10.452227 -1.5775698 -6.763336 -0.97583705 -0.06207109 0.20628496 -0.036550466
36147874.68959044 -10.454811 -1.5571392 -7.0079937 -0.9712863 -0.06211876 0.22531225 -0.04448109
36178654.68959044 -10.452527 -1.5314543 -7.2600946 -0.9662238 -0.06234893 0.24457555 -0.05202996
36209420.68959044 -10.462079 -1.5449597 -7.4984665 -0.96071774 -0.06269765 0.2636648 -0.059761252
36240169.43959044 -10.471148 -1.5181179 -7.7276497 -0.9551485 -0.061511137 0.28182375 -0.066956595
36270907.68959044 -10.49354 -1.499896 -7.9501886 -0.9495728 -0.061414737 0.29858482 -0.07339527
36301637.68959044 -10.504257 -1.4945371 -8.181654 -0.94380754 -0.062147684 0.3151207 -0.077871405
36332352.68959044 -10.551463 -1.4762368 -8.390635 -0.9383825 -0.06285158 0.33011213 -0.08070944
36363051.68959044 -10.593703 -1.4737533 -8.62152 -0.9326906 -0.06405145 0.3453238 -0.08208037
36393734.68959044 -10.570705 -1.4977528 -8.872392 -0.9268524 -0.065396115 0.3603319 -0.08263732
36424400.68959044 -10.645762 -1.4864309 -9.090046 -0.92182314 -0.06623845 0.37325168 -0.080856554
36455047.68959044 -10.695219 -1.4688499 -9.301031 -0.91660786 -0.06652315 0.38595074 -0.080291316
36485668.68959044 -10.7401495 -1.4511176 -9.524389 -0.9112347 -0.067796215 0.39831507 -0.08000096
36516263.68959044 -10.765732 -1.4290477 -9.734171 -0.9055682 -0.069208786 0.410654 -0.080745086
36546840.68959044 -10.82663 -1.4113929 -9.93587 -0.89980674 -0.0703184 0.42272097 -0.081916235
36577397.68959044 -10.877515 -1.4146557 -10.144816 -0.8939344 -0.0711 0.43468863 -0.082897335
36607934.68959044 -10.923735 -1.4126525 -10.35318 -0.8873088 -0.071123555 0.44756612 -0.08549442
36638453.68959044 -10.979228 -1.4043803 -10.5705385 -0.8804165 -0.07066674 0.46045563 -0.08862027
36668953.68959044 -11.033187 -1.4122713 -10.765626 -0.8731883 -0.07088228 0.47329685 -0.092238225
36699433.68959044 -11.102161 -1.4131407 -10.964148 -0.865368 -0.07142435 0.4868438 -0.09497318
36729893.68959044 -11.175215 -1.404381 -11.1708145 -0.85697836 -0.07119948 0.50096816 -0.09772261
36760325.68959044 -11.24449 -1.4039328 -11.35351 -0.8483491 -0.07125405 0.51498735 -0.1000735
36790729.43959044 -11.319543 -1.3839322 -11.555904 -0.83881384 -0.07156639 0.5299274 -0.10220865
36821098.68959044 -11.39678 -1.3838097 -11.745533 -0.82912815 -0.07073713 0.5443854 -0.10577041
36851425.68959044 -11.477619 -1.3921833 -11.918837 -0.81920415 -0.070919864 0.55851126 -0.109271154
36881705.43959044 -11.560823 -1.3911695 -12.100353 -0.8093118 -0.07057758 0.5720819 -0.11294087
36911933.68959044 -11.637707 -1.4044935 -12.284283 -0.79928005 -0.07046769 0.58534354 -0.11644112
36942103.68959044 -11.73305 -1.3985978 -12.450111 -0.78958094 -0.069370985 0.59787405 -0.11956676
36972209.68959044 -11.815566 -1.4101058 -12.63188 -0.7792631 -0.0694096 0.61062527 -0.122752994
37002247.68959044 -11.911205 -1.4184058 -12.792752 -0.7693063 -0.06887187 0.622561 -0.1258667
37032212.43959044 -12.010585 -1.4212332 -12.95634 -0.7592129 -0.068010226 0.63431704 -0.12888855
37062100.68959044 -12.1128025 -1.4304898 -13.120722 -0.74918586 -0.06623434 0.64557916 -0.13251874
37091907.43959044 -12.208797 -1.4478202 -13.269981 -0.7393228 -0.06414437 0.65611637 -0.13710801
37121630.68959044 -12.320348 -1.4566196 -13.432669 -0.72926784 -0.062091086 0.66661066 -0.14122088
37151266.68959044 -12.422198 -1.4810901 -13.5856085 -0.7190805 -0.060439073 0.6767056 -0.14608157
37180816.68959044 -12.537579 -1.4969499 -13.748194 -0.7085187 -0.057914216 0.68717617 -0.14978723
37210276.68959044 -12.657264 -1.4894812 -13.865236 -0.6994661 -0.056935035 0.69584644 -0.15265423
37239649.43959044 -12.778262 -1.5142536 -13.9876585 -0.6896917 -0.055171162 0.70480067 -0.15664467
37268979.68959044 -12.891328 -1.5300686 -14.117935 -0.6797682 -0.053419452 0.7135688 -0.16087617
37298226.68959044 -13.017632 -1.5355082 -14.25662 -0.66939396 -0.051719826 0.7229884 -0.16286352
37327344.68959044 -13.133709 -1.5439062 -14.373917 -0.6596554 -0.05065031 0.7314079 -0.1653237
37356378.68959044 -13.270218 -1.557269 -14.4702 -0.6503209 -0.04875048 0.739373 -0.16743289
37385334.43959044 -13.393114 -1.5741755 -14.605978 -0.6394841 -0.048675388 0.7484459 -0.16887721
37414212.68959044 -13.519978 -1.5910337 -14.690937 -0.63016814 -0.04767767 0.75612015 -0.16999233
37443010.68959044 -13.648159 -1.6276226 -14.806583 -0.61963934 -0.04761289 0.76458526 -0.17084971
37471727.68959044 -13.788447 -1.6465522 -14.903396 -0.6093647 -0.047197476 0.7727459 -0.17120434
37500357.68959044 -13.929512 -1.6591258 -15.000545 -0.59942263 -0.047105942 0.7804815 -0.17123738
37528896.68959044 -14.060299 -1.6800317 -15.086357 -0.58927965 -0.04653589 0.787887 -0.17267917
37557341.68959044 -14.2106 -1.7206545 -15.190857 -0.57795113 -0.045340598 0.7956549 -0.17564212
37585688.68959044 -14.353547 -1.7246094 -15.277774 -0.567153 -0.043237824 0.8030744 -0.17759354
37613934.43959044 -14.492015 -1.7678941 -15.3622675 -0.55591595 -0.04144259 0.81025887 -0.18088819
37642075.68959044 -14.641565 -1.8013575 -15.436596 -0.54447 -0.038573306 0.81755894 -0.18347166
37670114.43959044 -14.784109 -1.8318133 -15.497387 -0.5334969 -0.035627786 0.8244969 -0.18524726
37698050.43959044 -14.934282 -1.8473802 -15.555342 -0.5221309 -0.032944757 0.8318343 -0.18532585
37725882.43959044 -15.080659 -1.8599712 -15.613665 -0.5108365 -0.028711302 0.8386695 -0.186696
37753610.68959044 -15.244158 -1.895078 -15.6807375 -0.49857992 -0.025469579 0.8456626 -0.18874362
37781231.68959044 -15.393391 -1.9104621 -15.726239 -0.48667774 -0.02205429 0.85216725 -0.19096987
37808742.43959044 -15.545075 -1.9485723 -15.781258 -0.4739055 -0.01870678 0.85856754 -0.19474483
37836148.43959044 -15.6986685 -1.9841108 -15.820049 -0.4615975 -0.014337344 0.864143 -0.19994774
37863455.43959044 -15.851271 -1.9966624 -15.85012 -0.44926032 -0.010183321 0.8697298 -0.20403787
37890665.43959044 -16.009003 -2.0280485 -15.879072 -0.43673858 -0.0059369802 0.8751501 -0.20817429
37917786.68959044 -16.160702 -2.0451112 -15.905273 -0.4248024 -0.0024405506 0.88030714 -0.21117868
37944822.68959044 -16.306671 -2.0820084 -15.92683 -0.4122421 0.0016531564 0.8853124 -0.21511798
37971780.68959044 -16.48035 -2.0880978 -15.950745 -0.3988084 0.0051094214 0.89100957 -0.216859
37998666.43959044 -16.63837 -2.1103845 -15.96303 -0.38664347 0.008856119 0.8957828 -0.21909273
38025485.43959044 -16.790543 -2.13013 -15.962374 -0.37459734 0.012214427 0.900417 -0.22085504
38052240.68959044 -16.955101 -2.1530085 -15.965984 -0.361952 0.01420259 0.9054278 -0.22133568
38078934.68959044 -17.102581 -2.186567 -15.967913 -0.3487343 0.017313674 0.9104199 -0.22185662
38105572.68959044 -17.266212 -2.2051172 -15.955604 -0.3356631 0.01969325 0.91534257 -0.22156358
38132156.68959044 -17.422277 -2.2210667 -15.944427 -0.32214198 0.02284383 0.92034835 -0.22059378
38158686.68959044 -17.581348 -2.2287245 -15.927345 -0.3085754 0.026244458 0.92514014 -0.21956366
38185161.68959044 -17.731876 -2.2601173 -15.905257 -0.29537898 0.029547181 0.9292271 -0.2200345
38211581.68959044 -17.89775 -2.2637544 -15.86381 -0.28214234 0.03272464 0.9333548 -0.219485
38237949.68959044 -18.046532 -2.2987661 -15.836188 -0.26850563 0.0346601 0.93712276 -0.22023709
38264263.68959044 -18.201996 -2.3017418 -15.7914095 -0.25528365 0.037769947 0.94050294 -0.2210383
38290521.68959044 -18.34521 -2.3411963 -15.749745 -0.2419088 0.04081781 0.9436428 -0.22215395
38316726.68959044 -18.486523 -2.364849 -15.704422 -0.22801131 0.044353846 0.9468042 -0.22272286
38342879.43959044 -18.627193 -2.3724432 -15.644994 -0.21405143 0.047989003 0.9500483 -0.22200722
38368984.68959044 -18.77181 -2.3709798 -15.580365 -0.19997267 0.052307174 0.9531957 -0.22066453
38395044.68959044 -18.9253 -2.402253 -15.517526 -0.18477063 0.054657765 0.95645446 -0.21924257
38421059.68959044 -19.054064 -2.407757 -15.459251 -0.16979304 0.058959257 0.959416 -0.2172908
38447030.68959044 -19.203129 -2.4169872 -15.378605 -0.15438057 0.06362478 0.9620365 -0.21588029
38472959.43959044 -19.322016 -2.4515955 -15.305068 -0.13851345 0.066930145 0.9643053 -0.21552207
38498852.43959044 -19.451529 -2.4545019 -15.212774 -0.1239047 0.07198423 0.966102 -0.21473937
38524711.68959044 -19.581482 -2.472085 -15.1235 -0.10832868 0.07709128 0.96766347 -0.21435785
38550542.68959044 -19.716694 -2.4904733 -15.043636 -0.09193597 0.08222114 0.9691569 -0.21335979
38576346.68959044 -19.84169 -2.509533 -14.949879 -0.076287664 0.08710685 0.9705701 -0.21115468
38602129.68959044 -19.961557 -2.5209475 -14.849601 -0.060410928 0.0919791 0.9717892 -0.2086054
38627890.68959044 -20.08324 -2.5490816 -14.75634 -0.043335214 0.09685406 0.97286814 -0.20559429
38653634.68959044 -20.196075 -2.546462 -14.656859 -0.0273485 0.10161939 0.97361016 -0.20250636
38679361.68959044 -20.313168 -2.5663476 -14.557636 -0.010825563 0.1067504 0.97394955 -0.19977382
38705073.68959044 -20.398874 -2.5872757 -14.452579 0.004822424 0.11179197 0.9739341 -0.19731128
38730772.43959044 -20.518661 -2.5982945 -14.33051 0.020849599 0.11611259 0.97370857 -0.1948711
38756459.68959044 -20.628172 -2.6208138 -14.206148 0.03713082 0.12049642 0.9731 -0.19281717
38782133.68959044 -20.716806 -2.631432 -14.1130705 0.052955497 0.12516518 0.97218925 -0.19072889
38807798.68959044 -20.808651 -2.644146 -13.983155 0.06847692 0.12978548 0.9709873 -0.18881293
38833454.68959044 -20.909853 -2.6586165 -13.858672 0.08401891 0.1345522 0.96935254 -0.18759607
38859099.68959044 -20.986408 -2.6591382 -13.740414 0.09977063 0.13944073 0.9675751 -0.18547416
38884734.68959044 -21.063122 -2.6723452 -13.6073265 0.114898354 0.14373654 0.96555555 -0.18395829
38910361.43959044 -21.143154 -2.7075512 -13.481924 0.13024935 0.14814904 0.9631794 -0.18268128
38935984.68959044 -21.213379 -2.7205915 -13.359828 0.14565739 0.15379967 0.9604218 -0.18088591
38961603.68959044 -21.273537 -2.7339687 -13.23869 0.16131207 0.15851897 0.95754933 -0.17874433
38987222.68959044 -21.354279 -2.7366304 -13.088134 0.17719015 0.16427936 0.9542516 -0.17612486
39012841.68959044 -21.40644 -2.755402 -12.962948 0.19215523 0.16973636 0.9507446 -0.17421427
39038459.68959044 -21.46827 -2.7777138 -12.827917 0.2077663 0.17571306 0.9466726 -0.17253749
39064077.68959044 -21.51099 -2.7795641 -12.682214 0.2222435 0.18279864 0.9424324 -0.17033428
39089701.68959044 -21.563107 -2.8004978 -12.538633 0.23772983 0.18866603 0.937826 -0.16844033
39115333.68959044 -21.59641 -2.8111594 -12.394955 0.25277048 0.19621672 0.9327203 -0.16624975
39140973.68959044 -21.619654 -2.8133218 -12.2557335 0.26758036 0.20392068 0.92724895 -0.16439724
39166627.68959044 -21.63944 -2.7960656 -12.109556 0.28213573 0.21185103 0.9215903 -0.16183299
39192311.43959044 -21.654003 -2.80225 -11.964491 0.29666007 0.21840683 0.9158288 -0.15984014
39218018.43959044 -21.677382 -2.8139343 -11.813707 0.31177318 0.22525717 0.90957797 -0.15724114
39243751.43959044 -21.673035 -2.8018188 -11.664898 0.32579383 0.2332168 0.90310705 -0.15448655
39269514.68959044 -21.694221 -2.8219795 -11.51597 0.34060326 0.23902394 0.8964559 -0.15239377
39295312.68959044 -21.683788 -2.8142092 -11.370681 0.35427085 0.24563226 0.8898374 -0.14948729
39321149.68959044 -21.662943 -2.823478 -11.231252 0.36776686 0.25140068 0.8830664 -0.14744163
39347025.68959044 -21.669426 -2.8391483 -11.102343 0.38235602 0.25630108 0.8758144 -0.14513053
39372943.68959044 -21.657288 -2.8542254 -10.945907 0.39676753 0.26126456 0.86837137 -0.14229386
39398899.68959044 -21.641481 -2.848394 -10.794149 0.41041118 0.2657945 0.8610791 -0.13949491
39424893.68959044 -21.609015 -2.8304663 -10.652229 0.423916 0.27011898 0.85369617 -0.13613945
39450925.68959044 -21.580929 -2.8167422 -10.524262 0.43661118 0.27421096 0.8464512 -0.13303898
39476993.68959044 -21.528334 -2.8303132 -10.4079075 0.4501302 0.2772626 0.8387837 -0.1301927
39503095.68959044 -21.485163 -2.819209 -10.263966 0.4633191 0.2792465 0.8313419 -0.12738693
39529233.68959044 -21.443039 -2.8146062 -10.139505 0.4759937 0.28135556 0.8239393 -0.12406912
39555408.68959044 -21.346424 -2.7984447 -10.016681 0.4882894 0.28221977 0.8169404 -0.12055669
39581621.68959044 -21.295012 -2.8018832 -9.894707 0.49986556 0.28210396 0.8103574 -0.11778281
39607877.43959044 -21.220837 -2.777872 -9.774324 0.5114058 0.28078392 0.8040548 -0.114544705
39634172.68959044 -21.136324 -2.7867565 -9.674523 0.5224745 0.27929807 0.7978686 -0.11143959
39660509.68959044 -21.044413 -2.7561984 -9.540225 0.53298265 0.27682412 0.7922488 -0.1078884
39686885.68959044 -20.96524 -2.7407703 -9.419724 0.54283416 0.2727559 0.7872961 -0.10535769
39713303.68959044 -20.878885 -2.741674 -9.31538 0.55209297 0.26822892 0.78273386 -0.10283195
39739760.68959044 -20.77107 -2.7231226 -9.199506 0.5606014 0.26261193 0.77892977 -0.10014695
39766254.68959044 -20.668333 -2.7167172 -9.087383 0.5679431 0.25694755 0.77579767 -0.09775788
39792782.68959044 -20.561594 -2.708918 -8.970089 0.5740448 0.25290886 0.77302295 -0.094579205
39819346.68959044 -20.43189 -2.6658177 -8.870506 0.5791274 0.24840134 0.7709881 -0.09211835
39845942.43959044 -20.324547 -2.659872 -8.765123 0.5830129 0.2446622 0.7694773 -0.090228885
39872572.68959044 -20.194294 -2.6446633 -8.674721 0.5850968 0.24220571 0.7688354 -0.08882742
39899233.68959044 -20.07464 -2.6228437 -8.562895 0.58707076 0.23821872 0.7688008 -0.08686312
39925928.68959044 -19.947802 -2.6020818 -8.453657 0.58883256 0.2330392 0.769132 -0.08605237
39952655.68959044 -19.81041 -2.589018 -8.365812 0.58930844 0.22848028 0.770182 -0.08562743
39979416.68959044 -19.654003 -2.5673048 -8.276837 0.58983034 0.22278073 0.7714724 -0.08543598
40006209.68959044 -19.508982 -2.5549183 -8.199568 0.5896889 0.2168963 0.77327013 -0.085302204
40033037.68959044 -19.364292 -2.5447323 -8.097918 0.5899386 0.21087418 0.7746293 -0.086337335
40059902.68959044 -19.21458 -2.5353107 -8.013239 0.58891463 0.20611022 0.77659714 -0.087150246
40086806.43959044 -19.054543 -2.5261734 -7.9180613 0.5870106 0.20174104 0.7790769 -0.08808175
40113752.68959044 -18.88147 -2.5143394 -7.8399935 0.5841686 0.1989568 0.7819757 -0.087620385
40140746.68959044 -18.703829 -2.4981506 -7.7661505 0.58046097 0.19542652 0.7856296 -0.08752083
40167793.43959044 -18.535751 -2.4845684 -7.668606 0.576634 0.19099124 0.78945965 -0.08814244
40194901.68959044 -18.355413 -2.4642386 -7.5764 0.5727647 0.18604408 0.79348606 -0.08779538
40222077.68959044 -18.192661 -2.475037 -7.5169964 0.56777775 0.18176787 0.79789007 -0.08922047
40249329.68959044 -18.004759 -2.475488 -7.444085 0.5628093 0.17722645 0.8023837 -0.08953776
40276660.68959044 -17.824389 -2.4758477 -7.367214 0.5583329 0.17177536 0.8065606 -0.090651534
40304075.68959044 -17.622982 -2.4758291 -7.291029 0.55304253 0.16604775 0.811231 -0.092067406
40331582.68959044 -17.433264 -2.47934 -7.224143 0.5480635 0.15914375 0.8157654 -0.09394933
40359187.68959044 -17.256775 -2.4897707 -7.155197 0.54330564 0.15269993 0.820009 -0.09532586
40386893.43959044 -17.048296 -2.5011694 -7.077306 0.53774047 0.14499483 0.8247001 -0.098393835
40414709.68959044 -16.850796 -2.501001 -6.99632 0.5329214 0.13686174 0.82890487 -0.100897714
40442638.68959044 -16.627647 -2.508583 -6.9388704 0.5268369 0.12892228 0.8336423 -0.10422336
40470681.68959044 -16.418842 -2.4937377 -6.8575296 0.5214798 0.1200878 0.8378823 -0.10766197
40498837.68959044 -16.212269 -2.5169547 -6.8031063 0.5161328 0.11258645 0.841703 -0.11165771
40527105.68959044 -15.991074 -2.5093412 -6.7212515 0.5114763 0.10500767 0.8450397 -0.115210004
40555481.68959044 -15.7792425 -2.5495493 -6.656089 0.5063205 0.09861104 0.84836507 -0.11913115
40583960.43959044 -15.553634 -2.5514529 -6.574188 0.50208277 0.09063501 0.8510726 -0.12399079
40612540.68959044 -15.327927 -2.5686493 -6.5049553 0.49743885 0.08314815 0.8540054 -0.12773378
40641217.68959044 -15.096428 -2.579882 -6.433611 0.49314633 0.075439334 0.85670215 -0.13106163
40669989.68959044 -14.865077 -2.5801692 -6.3628254 0.48850238 0.06771003 0.8595191 -0.13419269
40698853.43959044 -14.636416 -2.5856485 -6.2847633 0.48414108 0.0597782 0.86197627 -0.13795315
40727798.68959044 -14.4057865 -2.6083875 -6.212496 0.47951612 0.053516336 0.86439574 -0.14149328
40756818.43959044 -14.150343 -2.6329997 -6.1288614 0.47454473 0.047796316 0.8670229 -0.14420208
40785907.43959044 -13.916153 -2.645528 -6.052775 0.46980706 0.042906277 0.869656 -0.14539203
40815051.68959044 -13.695397 -2.6695788 -5.9607825 0.4649865 0.039264165 0.87221116 -0.14660731
40844241.68959044 -13.469543 -2.717476 -5.891296 0.459097 0.036591984 0.8750786 -0.14875646
40873463.68959044 -13.235118 -2.715572 -5.78486 0.45337963 0.031325787 0.8780236 -0.15013424
40902708.43959044 -12.990468 -2.7456036 -5.7085004 0.4455769 0.027080629 0.8818326 -0.15198384
40931973.68959044 -12.739554 -2.7652342 -5.616375 0.438115 0.023089627 0.88547987 -0.15312603
40961248.68959044 -12.50345 -2.7524016 -5.514809 0.430374 0.017605707 0.8892746 -0.15381458
40990529.43959044 -12.282416 -2.77144 -5.424699 0.42177066 0.012247932 0.89319 -0.15547077
41019811.68959044 -12.088916 -2.8177812 -5.310603 0.41491446 0.007809444 0.89606977 -0.15761994
41049092.43959044 -11.823836 -2.8126032 -5.2171474 0.40617013 0.0038033414 0.900132 -0.1573971
41078364.68959044 -11.618924 -2.8367465 -5.0961523 0.3987476 0.0022773012 0.9033108 -0.15819283
41107620.68959044 -11.365875 -2.8720098 -4.9793644 0.3908807 0.0029660312 0.9068055 -0.15782054
41136851.68959044 -11.12407 -2.8946526 -4.865714 0.3827946 0.005072671 0.9103636 -0.15710059
41166048.43959044 -10.895101 -2.9138887 -4.739314 0.37533614 0.00638061 0.9135758 -0.15640122
41195203.68959044 -10.642604 -2.9288929 -4.6293187 0.36726663 0.008579272 0.91699106 -0.15546417
41224304.68959044 -10.423971 -2.972936 -4.534066 0.3581294 0.00946011 0.92051107 -0.15592729
41253346.68959044 -10.197337 -2.9870336 -4.3932996 0.34979317 0.009622109 0.9237027 -0.15596637
41282328.68959044 -9.980061 -3.0195127 -4.280575 0.34175244 0.008543009 0.92650586 -0.15722363
41311244.43959044 -9.734331 -3.0212562 -4.148658 0.33208543 0.006848379 0.9300652 -0.15700714
41340096.68959044 -9.497904 -3.056527 -4.0186796 0.32246244 0.003967893 0.9333919 -0.15742248
41368881.68959044 -9.270668 -3.0765321 -3.908988 0.31167945 -0.00075494463 0.93705726 -0.15741381
41397597.68959044 -9.039607 -3.081681 -3.7619426 0.30067468 -0.0056673703 0.9407926 -0.15643525
41426240.68959044 -8.822799 -3.133575 -3.6300344 0.28951293 -0.010470599 0.94413346 -0.15711378
41454805.68959044 -8.589238 -3.136341 -3.5102258 0.27739325 -0.016343536 0.9477166 -0.15690511
41483291.68959044 -8.3709545 -3.1332276 -3.3633323 0.26555032 -0.021720298 0.95106757 -0.15646665
41511693.68959044 -8.126343 -3.1343305 -3.2294433 0.25276658 -0.026724296 0.95430666 -0.15714237
41540010.68959044 -7.9247437 -3.108939 -3.0610385 0.2407228 -0.032345567 0.9570435 -0.15834774
41568248.43959044 -7.695526 -3.0948482 -2.9159288 0.22739433 -0.03803717 0.96007895 -0.158409
41596404.68959044 -7.491053 -3.1135356 -2.785785 0.21312618 -0.04257263 0.9628486 -0.16027309
41624484.68959044 -7.2435775 -3.0942097 -2.601813 0.1995721 -0.048254497 0.9653018 -0.16135341
41652493.68959044 -7.0320625 -3.128016 -2.4630687 0.1851854 -0.0524412 0.9675666 -0.16361906
41680438.43959044 -6.8067923 -3.1289403 -2.3129387 0.1704753 -0.057014823 0.9698139 -0.16476834
41708319.68959044 -6.6008096 -3.094696 -2.147552 0.1576964 -0.06339771 0.9715627 -0.16485944
41736145.43959044 -6.376625 -3.0779414 -1.9835278 0.14328192 -0.06905871 0.9732322 -0.1658926
41763925.68959044 -6.1838923 -3.098164 -1.823141 0.12912492 -0.07486043 0.97453177 -0.16736375
41791669.68959044 -6.008631 -3.0959504 -1.6717592 0.116413265 -0.08205561 0.97532594 -0.16868381
41819389.68959044 -5.8219876 -3.122115 -1.5074252 0.102321245 -0.089103155 0.97601295 -0.17026393
41847099.68959044 -5.6098413 -3.1160076 -1.346629 0.08778296 -0.09573971 0.97668797 -0.1709055
41874809.43959044 -5.444363 -3.0800872 -1.1863545 0.07457783 -0.10403995 0.97709566 -0.16999419
41902527.68959044 -5.260961 -3.0844278 -1.0159477 0.06126696 -0.11118479 0.9771642 -0.17039493
41930262.68959044 -5.0827837 -3.0699325 -0.85151964 0.048317757 -0.11747852 0.97713745 -0.17048967
41958026.68959044 -4.8852797 -3.0650897 -0.6702233 0.035278022 -0.12499151 0.9767925 -0.17032035
41985818.68959044 -4.722234 -3.0470996 -0.49073213 0.023030106 -0.13182174 0.9763501 -0.16980344
42013640.68959044 -4.570367 -3.0580323 -0.32767963 0.010955764 -0.13899651 0.9755539 -0.16986653
42041494.68959044 -4.3773494 -3.0274837 -0.13577703 -0.0010895047 -0.1466875 0.974649 -0.16894093
42069381.68959044 -4.2019196 -3.0544095 0.026983783 -0.014051249 -0.15198919 0.9736601 -0.16937521
42097301.68959044 -4.069512 -3.03607 0.22417739 -0.02576419 -0.15579474 0.9729604 -0.16855948
42125258.68959044 -3.9044745 -3.0201275 0.40569514 -0.038022187 -0.15842772 0.9723368 -0.16737998
42153259.43959044 -3.7384632 -3.0054455 0.59634656 -0.050967395 -0.1619469 0.9715033 -0.16539896
42181307.68959044 -3.6018138 -3.004219 0.77012753 -0.06374907 -0.16468564 0.97073287 -0.16276512
42209406.68959044 -3.4404578 -2.984761 0.9751273 -0.07764313 -0.16668245 0.9698843 -0.15972817
42237559.68959044 -3.3152428 -2.934536 1.1785808 -0.0899016 -0.16939282 0.9690353 -0.1555458
42265767.68959044 -3.172169 -2.9346142 1.3644866 -0.10392272 -0.17189386 0.9676207 -0.15284908
42294029.68959044 -3.0517879 -2.9219203 1.5733747 -0.11700308 -0.17573518 0.9658295 -0.15033604
42322345.43959044 -2.924346 -2.8803568 1.7757728 -0.13020436 -0.18000266 0.9639265 -0.14660044
42350709.68959044 -2.8193526 -2.8645632 1.9752052 -0.14357373 -0.1840847 0.96166503 -0.1438746
42379114.68959044 -2.6973438 -2.857039 2.173878 -0.15736003 -0.18859701 0.9589554 -0.14168109
42407557.43959044 -2.5790102 -2.8272176 2.3927112 -0.17105141 -0.1926682 0.95621866 -0.13880298
42436032.43959044 -2.4790895 -2.8059173 2.6090271 -0.18475507 -0.19748504 0.9530716 -0.1360877
42464532.68959044 -2.385545 -2.7713883 2.80239 -0.1979662 -0.20175113 0.9498782 -0.13355646
42493052.68959044 -2.3017113 -2.7077482 3.0146515 -0.21128206 -0.20640115 0.94644916 -0.13035509
42521587.68959044 -2.216957 -2.6979952 3.2223883 -0.22496858 -0.20975488 0.9427644 -0.12879202
42550129.68959044 -2.1471007 -2.659285 3.4339721 -0.23878062 -0.21360414 0.9388714 -0.12600696
42578675.43959044 -2.0574362 -2.6273875 3.6491685 -0.25387126 -0.21748039 0.93433994 -0.12353379
42607223.43959044 -2.006956 -2.598414 3.8327785 -0.26824167 -0.22087103 0.92985547 -0.12095982
42635764.68959044 -1.9621537 -2.5668077 4.0427413 -0.2832258 -0.22393419 0.92507 -0.11782313
42664300.68959044 -1.907551 -2.5330765 4.2434015 -0.29814592 -0.22791643 0.9198684 -0.11404057
42692822.68959044 -1.864455 -2.485175 4.4563913 -0.31359658 -0.23192061 0.9143139 -0.10908769
42721328.43959044 -1.815691 -2.456767 4.6679535 -0.32844916 -0.23671246 0.90838605 -0.10451461
42749814.43959044 -1.7816851 -2.42391 4.8778214 -0.34390754 -0.2388112 0.9025319 -0.10066255
42778277.68959044 -1.772303 -2.406898 5.058943 -0.35770142 -0.2409649 0.89687973 -0.09794049
42806713.68959044 -1.7318531 -2.4001727 5.265747 -0.37277707 -0.24059112 0.8910559 -0.09577419
42835119.43959044 -1.706411 -2.358747 5.4813194 -0.3877372 -0.23649465 0.88592154 -0.09419786
42863490.68959044 -1.7181537 -2.3618226 5.6185174 -0.40050712 -0.23288935 0.88111466 -0.09483518
42891821.68959044 -1.7066157 -2.3200655 5.8231883 -0.4157769 -0.22802274 0.8755456 -0.09249391
42920111.68959044 -1.719041 -2.3074756 6.014924 -0.43005 -0.22452281 0.86976516 -0.09030561
42948355.68959044 -1.7382424 -2.2591348 6.196664 -0.4440082 -0.21943797 0.8644444 -0.08625397
42976551.43959044 -1.7466832 -2.2509248 6.3807297 -0.45861113 -0.21409027 0.85835207 -0.08410114
43004698.43959044 -1.7671626 -2.2339058 6.547755 -0.4725742 -0.20992416 0.8519729 -0.082145065
43032790.68959044 -1.7859877 -2.219778 6.7082005 -0.48562768 -0.20640296 0.84562683 -0.08049145
43060825.68959044 -1.8205432 -2.1764755 6.905134 -0.4987521 -0.20373559 0.8388183 -0.078243524
43088802.68959044 -1.857196 -2.1404488 7.0823975 -0.5113392 -0.20124274 0.8319411 -0.07686106
43116723.43959044 -1.8987315 -2.1066272 7.245552 -0.523576 -0.20006123 0.82476205 -0.074909076
43144589.68959044 -1.9460218 -2.0643053 7.4269543 -0.53654295 -0.1991087 0.8168999 -0.07177812
43172400.68959044 -2.0011775 -2.0184991 7.577359 -0.54849 -0.19996057 0.80908996 -0.067439266
43200156.68959044 -2.0495298 -2.011847 7.7401605 -0.561082 -0.2002638 0.8006008 -0.064185895
43227858.68959044 -2.106078 -1.9847047 7.898895 -0.57314587 -0.20147154 0.79212856 -0.058698528
43255510.68959044 -2.1673234 -1.9608122 8.041053 -0.58480734 -0.20324399 0.78347576 -0.053460546
43283113.68959044 -2.2346935 -1.9256519 8.171617 -0.595683 -0.20440654 0.7752068 -0.049338415
43310668.68959044 -2.2888112 -1.9377359 8.355537 -0.60807216 -0.20473489 0.7655556 -0.047502723
43338200.68959044 -2.365769 -1.9295963 8.499669 -0.6185493 -0.20407164 0.7573069 -0.047307465
43365692.68959044 -2.4494405 -1.9276501 8.65322 -0.6284244 -0.20256072 0.7494167 -0.04926122
43393123.68959044 -2.5155134 -1.9034 8.801714 -0.6389242 -0.20005581 0.7409474 -0.052445747
43420519.68959044 -2.583665 -1.8863881 8.920115 -0.6482952 -0.19858892 0.7329651 -0.05511827
43447883.68959044 -2.6992002 -1.8265 9.020541 -0.6567166 -0.19641401 0.7259675 -0.05582184
43475220.68959044 -2.7650094 -1.840551 9.180791 -0.6669658 -0.1949713 0.7168087 -0.05769075
43502539.68959044 -2.8484478 -1.8356053 9.319721 -0.67577356 -0.19331577 0.70883346 -0.05928151
43529846.68959044 -2.924118 -1.8340135 9.449401 -0.68486255 -0.19163379 0.7004381 -0.060219046
43557146.68959044 -3.0153847 -1.8004482 9.537683 -0.6930912 -0.18951371 0.6928196 -0.060911383
43584440.68959044 -3.1146626 -1.8021734 9.679642 -0.7014444 -0.18793382 0.684746 -0.061477832
43611734.68959044 -3.22128 -1.7963263 9.798316 -0.70995235 -0.18622781 0.67630273 -0.062462877
43639025.68959044 -3.320016 -1.7821957 9.883387 -0.7175704 -0.18518612 0.66847044 -0.06281868
43666315.68959044 -3.4136658 -1.7712562 10.011976 -0.726461 -0.18398684 0.65922785 -0.061822303
43693605.68959044 -3.5571337 -1.7419732 10.130718 -0.7349584 -0.18255846 0.6503604 -0.059497382
43720898.68959044 -3.661561 -1.7302353 10.228035 -0.74371785 -0.18269086 0.6405445 -0.05666205
43748195.68959044 -3.7605467 -1.7536138 10.337109 -0.75292903 -0.18238586 0.62999797 -0.054183815
43775502.68959044 -3.8757277 -1.7677306 10.436951 -0.7616482 -0.18172334 0.6198076 -0.052031443
43802817.68959044 -3.9995651 -1.7726681 10.536411 -0.77072716 -0.18119735 0.6090088 -0.047492478
43830140.68959044 -4.1246004 -1.7776426 10.633214 -0.7795024 -0.18101853 0.5981945 -0.042092692
43857471.68959044 -4.2445765 -1.7792645 10.728364 -0.78808874 -0.18057321 0.5873776 -0.036014955
43884809.43959044 -4.379037 -1.7805879 10.798767 -0.796251 -0.18053772 0.57666105 -0.029197544
43912154.68959044 -4.5061817 -1.7891524 10.902804 -0.8047475 -0.18144257 0.56477183 -0.022200659
43939502.68959044 -4.641799 -1.784194 10.97506 -0.8124924 -0.18116446 0.5538781 -0.015958581
43966849.68959044 -4.7828245 -1.7817519 11.072269 -0.82028645 -0.1818642 0.5421892 -0.009304701
43994193.68959044 -4.9186726 -1.7845762 11.128155 -0.8269593 -0.18365823 0.53141564 -0.0023348404
44021531.68959044 -5.084161 -1.7945883 11.205548 -0.83342564 -0.1862277 0.5202879 0.004638075
44048861.43959044 -5.2187395 -1.8022585 11.271479 -0.8396592 -0.1886332 0.5091831 0.011071204
44076183.68959044 -5.35536 -1.8275855 11.344713 -0.84604174 -0.19111821 0.49742788 0.015894521
44103498.68959044 -5.516327 -1.8404789 11.410724 -0.8522594 -0.19256273 0.48592845 0.021147363
44130802.68959044 -5.6580563 -1.8503048 11.460995 -0.8577803 -0.1949462 0.47480965 0.027657462
44158097.43959044 -5.79461 -1.8745047 11.512745 -0.86346275 -0.19695592 0.46318012 0.033237476
44185383.68959044 -5.94792 -1.8816527 11.569162 -0.86874473 -0.1986299 0.4519118 0.040057946
44212658.68959044 -6.0915937 -1.9010601 11.617617 -0.8735457 -0.200782 0.4410732 0.045375317
44239922.43959044 -6.2250795 -1.9260132 11.657856 -0.87850696 -0.20196547 0.430411 0.046710093
44267175.68959044 -6.3771086 -1.9207503 11.691717 -0.8829453 -0.20299393 0.42058396 0.04806552
44294415.68959044 -6.5343227 -1.93916 11.717209 -0.88731986 -0.20354682 0.41121334 0.046214346
44321647.68959044 -6.6703424 -1.9508884 11.74402 -0.89168656 -0.20384914 0.40176606 0.043871973
44348864.68959044 -6.8036385 -1.9638833 11.763048 -0.89589316 -0.20444956 0.3922189 0.04171613
44376067.68959044 -6.9301376 -1.9937668 11.781147 -0.9001051 -0.2040512 0.38292608 0.039263204
44403260.68959044 -7.086706 -2.0120742 11.798106 -0.9043075 -0.20322259 0.37357157 0.037051905
44430447.68959044 -7.2214317 -2.0271761 11.807419 -0.9083497 -0.2027363 0.36400095 0.036085647
44457626.68959044 -7.3664856 -2.0505545 11.810255 -0.9122495 -0.20240739 0.35453886 0.03368
44484801.43959044 -7.510235 -2.065007 11.808252 -0.91590244 -0.20245706 0.34506524 0.032618478
44511973.68959044 -7.661421 -2.0843432 11.805073 -0.91945624 -0.2021799 0.33582455 0.030747542
44539142.68959044 -7.794668 -2.1011121 11.794478 -0.9225058 -0.20266189 0.3270991 0.030287955
44566310.68959044 -7.942013 -2.123246 11.798909 -0.9258702 -0.20276824 0.31737626 0.030359738
44593476.43959044 -8.095957 -2.1423554 11.777746 -0.9290007 -0.2029147 0.30794907 0.030835433
44620642.68959044 -8.2393265 -2.1512458 11.754238 -0.9320241 -0.20297375 0.2984347 0.032703876
44647804.43959044 -8.376091 -2.1866665 11.741335 -0.9348773 -0.20406803 0.28839806 0.034458727
44674964.68959044 -8.525578 -2.1932714 11.706206 -0.9375157 -0.20428541 0.27925852 0.0366962
44702117.68959044 -8.657532 -2.20813 11.680985 -0.9399902 -0.20503715 0.2699145 0.039043773
44729262.68959044 -8.802143 -2.2238307 11.645245 -0.94255656 -0.20572741 0.2598286 0.041861832
44756401.68959044 -8.942341 -2.2451143 11.605064 -0.9448788 -0.20668283 0.24971418 0.04614212
44783530.68959044 -9.092833 -2.2672367 11.5587 -0.9473555 -0.2062843 0.23959991 0.05056035
44810649.68959044 -9.2309475 -2.2900457 11.505159 -0.9495421 -0.20679949 0.22876717 0.057178218
44837758.68959044 -9.365139 -2.3132958 11.460922 -0.95169014 -0.20681259 0.21753359 0.064758696
44864859.68959044 -9.512024 -2.33797 11.4121275 -0.9538518 -0.2058687 0.20652618 0.07163647
44891950.68959044 -9.645146 -2.35895 11.35136 -0.955684 -0.20538644 0.19553657 0.07905725
44919032.68959044 -9.776042 -2.3854983 11.291112 -0.9573075 -0.20502327 0.1847523 0.08599087
44946106.68959044 -9.909904 -2.4067316 11.222431 -0.95868397 -0.2045691 0.17420644 0.0934274
44973170.43959044 -10.042342 -2.4363527 11.153112 -0.9598866 -0.20440355 0.16367829 0.100231625
45000224.68959044 -10.176676 -2.4622204 11.085147 -0.96109235 -0.20389242 0.1529801 0.10642652
45027269.68959044 -10.298661 -2.483213 11.005538 -0.9617197 -0.2040331 0.14301728 0.11406935
45054300.68959044 -10.422812 -2.5011823 10.9258585 -0.9624718 -0.20325197 0.13279237 0.12125548
45081320.43959044 -10.544628 -2.517274 10.837876 -0.9628037 -0.20319803 0.12268395 0.12910597
45108327.68959044 -10.65549 -2.5536332 10.762832 -0.96321595 -0.20275936 0.11190357 0.13631314
45135324.68959044 -10.786577 -2.5637426 10.673767 -0.96325725 -0.20205519 0.10175197 0.14476113
45162309.68959044 -10.898976 -2.57657 10.577704 -0.9631844 -0.2013275 0.09206334 0.15253644
45189283.68959044 -11.016651 -2.591011 10.475402 -0.9630469 -0.20057611 0.08210219 0.15990365
45216249.68959044 -11.124546 -2.597166 10.373909 -0.96282834 -0.19982165 0.0724488 0.1666857
45243214.68959044 -11.222152 -2.6069303 10.269261 -0.9622974 -0.1993848 0.06369409 0.17370246
45270177.68959044 -11.33312 -2.6127667 10.166819 -0.9619825 -0.19844016 0.05400315 0.17970775
45297141.68959044 -11.421416 -2.6255002 10.05544 -0.96143115 -0.19789185 0.045375295 0.1855533
45324109.68959044 -11.525171 -2.6460428 9.941252 -0.9607565 -0.19823858 0.036181837 0.19062869
45351085.68959044 -11.609584 -2.6396446 9.814126 -0.960097 -0.19858885 0.028890641 0.19478624
45378070.68959044 -11.702647 -2.6582127 9.707069 -0.95943993 -0.1995207 0.020744521 0.1980811
45405066.43959044 -11.77101 -2.6638064 9.58351 -0.95869267 -0.20045011 0.0135084605 0.20135944
45432074.68959044 -11.851182 -2.6644344 9.455757 -0.958314 -0.20108879 0.006792299 0.20285833
45459098.68959044 -11.930523 -2.6658964 9.312237 -0.95820445 -0.20208313 0.0010724639 0.20249832
45486138.68959044 -12.002257 -2.6667557 9.178401 -0.95812774 -0.20245066 -0.0045177233 0.20244642
45513197.68959044 -12.066681 -2.670105 9.045559 -0.95780915 -0.20310326 -0.009945634 0.20310557
45540278.68959044 -12.124684 -2.6636715 8.913746 -0.95825464 -0.20207652 -0.014500582 0.20174958
45567382.68959044 -12.1749 -2.6555371 8.777241 -0.95866 -0.20126316 -0.018336775 0.20031953
45594515.68959044 -12.238258 -2.6454558 8.626026 -0.95937943 -0.19986115 -0.021643605 0.19793506
45621680.43959044 -12.279814 -2.6535492 8.482396 -0.9597705 -0.198708 -0.024911774 0.19681284
45648882.68959044 -12.323256 -2.644744 8.331256 -0.96037644 -0.19628675 -0.027524186 0.19593626
45676125.43959044 -12.374394 -2.6426516 8.17759 -0.9610547 -0.19329336 -0.030805215 0.19509672
45703412.43959044 -12.402678 -2.6278577 8.044091 -0.9620202 -0.18999298 -0.032920092 0.1932256
45730744.68959044 -12.441093 -2.6233163 7.8906984 -0.96282667 -0.18740691 -0.03562216 0.19124463
45758121.43959044 -12.474165 -2.6274905 7.725417 -0.96355253 -0.18481618 -0.037695758 0.18970692
45785541.43959044 -12.49512 -2.6397157 7.554077 -0.96424437 -0.18315043 -0.03998241 0.18732376
45813004.43959044 -12.514567 -2.6299467 7.4246407 -0.96519184 -0.18043327 -0.041585457 0.18471426
45840505.68959044 -12.531329 -2.6256642 7.244053 -0.9659209 -0.17820396 -0.04337103 0.18264455
45868040.68959044 -12.538874 -2.6128058 7.076782 -0.966751 -0.17570059 -0.04424377 0.18045601
45895607.68959044 -12.556869 -2.6069183 6.890374 -0.96779716 -0.17261258 -0.044810567 0.1776673
45923202.43959044 -12.55826 -2.6034179 6.712716 -0.96911174 -0.17114818 -0.04462215 0.17187132
45950822.68959044 -12.565744 -2.5928316 6.5296497 -0.97065043 -0.1698867 -0.043999054 0.16443989
45978462.68959044 -12.564975 -2.592824 6.3538694 -0.9721948 -0.16906752 -0.042895727 0.15624802
46006116.68959044 -12.555863 -2.544911 6.1524487 -0.97407866 -0.16673985 -0.041247748 0.14719822
46033785.68959044 -12.561081 -2.545552 5.9623194 -0.97568536 -0.16540515 -0.039997462 0.13812836
46061462.68959044 -12.563183 -2.5281575 5.7745004 -0.9774265 -0.16314925 -0.03803344 0.12873657
46089144.68959044 -12.563993 -2.5287797 5.5986376 -0.97885185 -0.16125515 -0.036462434 0.120484196
46116830.68959044 -12.553061 -2.5273366 5.414564 -0.9803949 -0.15913133 -0.033933803 0.11113808
46144514.68959044 -12.532183 -2.5065227 5.2304783 -0.9818247 -0.15588371 -0.032467026 0.10327917
46172198.43959044 -12.537674 -2.4779973 5.012885 -0.9833052 -0.15259172 -0.031605028 0.09395623
46199879.68959044 -12.514695 -2.4800396 4.826984 -0.984451 -0.15043217 -0.03085253 0.0852913
46227559.68959044 -12.495204 -2.4785042 4.6404424 -0.98544544 -0.14838195 -0.030318053 0.07720659
46255238.43959044 -12.473454 -2.466499 4.444437 -0.9864417 -0.14592053 -0.029215962 0.069185175
46282921.68959044 -12.455386 -2.4343119 4.2512326 -0.98726326 -0.1433675 -0.028858365 0.062644064
46310610.43959044 -12.430696 -2.4409974 4.071318 -0.9876948 -0.14299032 -0.028217392 0.056715466
46338309.43959044 -12.393543 -2.4471014 3.8421783 -0.9880832 -0.1418469 -0.028101292 0.05273938
46366018.43959044 -12.370812 -2.4363635 3.645895 -0.98845 -0.14118606 -0.027783075 0.04755317
46393742.68959044 -12.333129 -2.4226277 3.4341688 -0.98890245 -0.13952672 -0.027738452 0.042834826
46421485.68959044 -12.29054 -2.4137836 3.2194486 -0.9892913 -0.1383927 -0.02679831 0.037842616
46449250.68959044 -12.274302 -2.4143884 3.0234714 -0.98955137 -0.13814487 -0.026240677 0.03186851
46477039.68959044 -12.245833 -2.406503 2.8138103 -0.9897643 -0.13795382 -0.02599818 0.025682447
46504862.68959044 -12.231689 -2.4064782 2.6056151 -0.98978996 -0.13849974 -0.02597499 0.021425987
46532722.68959044 -12.1973095 -2.3942828 2.4003768 -0.98992217 -0.13834864 -0.024777835 0.017315924
46560626.43959044 -12.170383 -2.4048395 2.2037709 -0.989887 -0.1387198 -0.025102094 0.015826764
46588579.68959044 -12.125465 -2.392674 1.9646733 -0.9900757 -0.13759677 -0.024213513 0.015200017
46616586.68959044 -12.090839 -2.3946576 1.7549193 -0.98999786 -0.1383561 -0.022946283 0.015340993
46644651.68959044 -12.05449 -2.367371 1.5491407 -0.9901819 -0.13727659 -0.020725304 0.016290478
46672778.68959044 -12.052272 -2.349525 1.342252 -0.99028355 -0.13667415 -0.018317921 0.01797905
46700973.43959044 -12.018237 -2.3469949 1.1106462 -0.99031687 -0.13678175 -0.0142055685 0.019016773
46729237.68959044 -11.997544 -2.3193214 0.8847282 -0.99053246 -0.13567944 -0.009945255 0.018379247
46757576.68959044 -11.971905 -2.276633 0.63546133 -0.99079126 -0.13451599 -0.0043686964 0.01480426
46785995.68959044 -11.936558 -2.2847018 0.40991527 -0.99078256 -0.1350136 0.0028649322 0.01063636
46814493.68959044 -11.919724 -2.235215 0.17060196 -0.9909304 -0.1339701 0.009657475 0.0039739637
46843077.68959044 -11.89352 -2.2209744 -0.060711414 -0.99080324 -0.13419782 0.017200466 -0.0020281046
46871748.68959044 -11.866549 -2.2201762 -0.2839263 -0.99051017 -0.13499302 0.024847003 -0.0070134564
46900511.43959044 -11.843262 -2.2143424 -0.5066488 -0.9902585 -0.1351812 0.031541772 -0.010924055
46929370.68959044 -11.825688 -2.2033553 -0.73991215 -0.9900403 -0.13486801 0.03779021 -0.014243449
46958330.68959044 -11.811189 -2.1817741 -0.9861555 -0.98983306 -0.1343667 0.04301943 -0.018043442
46987393.68959044 -11.7718725 -2.1794171 -1.2125478 -0.98950475 -0.13421012 0.049331542 -0.020842984
47016560.68959044 -11.761013 -2.1592865 -1.4452164 -0.9893162 -0.13348252 0.05362283 -0.023672933
47045831.68959044 -11.735201 -2.1267223 -1.7090569 -0.98902625 -0.13338046 0.05843954 -0.02493177
47075204.68959044 -11.72366 -2.123052 -1.945096 -0.988711 -0.13386893 0.062384676 -0.025256831
47104678.68959044 -11.699302 -2.0858629 -2.2174625 -0.98852116 -0.13343887 0.06636092 -0.024822736
47134243.43959044 -11.683611 -2.0712457 -2.464549 -0.98811924 -0.13438033 0.07051381 -0.024291331
47163894.68959044 -11.662892 -2.047137 -2.721465 -0.98772484 -0.13484497 0.0751388 -0.023890909
47193625.68959044 -11.650563 -2.037096 -2.9696703 -0.9871817 -0.13610388 0.07977328 -0.024170479
47223429.68959044 -11.639559 -1.9990408 -3.24191 -0.98687845 -0.13541096 0.08461566 -0.023978202
47253303.43959044 -11.629704 -1.9633318 -3.50069 -0.9864001 -0.13506828 0.09018188 -0.025271827
47283240.68959044 -11.629135 -1.9457314 -3.7626557 -0.9857207 -0.13529824 0.09638172 -0.027561495
47313238.68959044 -11.631161 -1.9172487 -4.0219817 -0.9849609 -0.1352277 0.1031804 -0.030318886
47343297.68959044 -11.6285925 -1.8735003 -4.277505 -0.9841434 -0.13460073 0.11069722 -0.033024494
47373418.68959044 -11.621424 -1.8381424 -4.53981 -0.9830274 -0.13488014 0.11910905 -0.035743568
47403602.68959044 -11.631573 -1.7967095 -4.7993555 -0.98173404 -0.13483943 0.1281982 -0.039772175
47433848.68959044 -11.626524 -1.7522025 -5.0637465 -0.98019737 -0.1347516 0.13793476 -0.045046225
47464151.68959044 -11.633425 -1.7121742 -5.334569 -0.9784704 -0.13445309 0.14799032 -0.051156417
47494504.68959044 -11.6305485 -1.6792781 -5.6043863 -0.97656024 -0.13389581 0.1585728 -0.057067573
47524897.68959044 -11.648228 -1.6374056 -5.8678923 -0.9746365 -0.13224703 0.16893466 -0.06368351
47555324.68959044 -11.657244 -1.6048703 -6.133692 -0.9723798 -0.13138086 0.17960598 -0.07041551
47585779.68959044 -11.670197 -1.5666888 -6.4060316 -0.96995896 -0.12921008 0.19086234 -0.07782004
47616260.43959044 -11.68373 -1.5377157 -6.676367 -0.9670187 -0.12792535 0.20230715 -0.0870735
47646767.68959044 -11.705231 -1.4940763 -6.9502726 -0.9640361 -0.12526882 0.2135467 -0.09664375
47677307.68959044 -11.730859 -1.4542127 -7.2295017 -0.9606506 -0.122432046 0.225155 -0.10707982
47707883.68959044 -11.746281 -1.4227724 -7.5027666 -0.9570681 -0.119396724 0.2370118 -0.11657855
47738498.68959044 -11.788265 -1.3860354 -7.7730618 -0.95328623 -0.11582735 0.24854422 -0.12670901
47769155.43959044 -11.822963 -1.3517847 -8.04263 -0.94931805 -0.11149255 0.26013395 -0.13672976
47799860.68959044 -11.869117 -1.3124304 -8.318467 -0.9453101 -0.106747374 0.27182966 -0.14526695
47830615.43959044 -11.911959 -1.2768946 -8.588343 -0.940626 -0.10245438 0.28448132 -0.1542601
47861425.68959044 -11.96092 -1.2364509 -8.859465 -0.93620706 -0.095808975 0.29670814 -0.16217667
47892297.43959044 -12.0227585 -1.2105198 -9.130828 -0.9315256 -0.089432694 0.30890125 -0.1698295
47923230.68959044 -12.093495 -1.1823444 -9.397093 -0.9266241 -0.081671126 0.32125187 -0.17746784
47954234.68959044 -12.170921 -1.1479585 -9.660904 -0.92165685 -0.07251526 0.3336319 -0.18433677
47985317.68959044 -12.257883 -1.1204746 -9.912096 -0.9164432 -0.06428222 0.34613195 -0.19024293
48016480.68959044 -12.344286 -1.0960059 -10.166811 -0.910908 -0.056655306 0.35865235 -0.19597296
48047724.43959044 -12.438476 -1.0673603 -10.416048 -0.9044471 -0.04882393 0.37250334 -0.20207196
48079046.43959044 -12.5415945 -1.0478818 -10.660181 -0.8974482 -0.04110671 0.38767686 -0.20640647
48110435.43959044 -12.649052 -1.0378172 -10.902435 -0.8894769 -0.032827757 0.4041245 -0.2108
48141879.68959044 -12.762827 -1.0126209 -11.133644 -0.8810389 -0.02350531 0.42059144 -0.2152229
48173365.68959044 -12.879442 -1.0135652 -11.3653345 -0.87138027 -0.015382071 0.43819886 -0.22009465
48204877.68959044 -12.99828 -0.99844444 -11.594041 -0.8609916 -0.0065938374 0.45660698 -0.22396457
48236393.68959044 -13.126204 -0.9914105 -11.806036 -0.8495888 0.0026100413 0.47550082 -0.22823462
48267885.68959044 -13.256339 -0.9779047 -12.018488 -0.8372055 0.013040941 0.4948581 -0.2324487
48299328.68959044 -13.397757 -0.9732566 -12.221754 -0.8239261 0.023726422 0.5149442 -0.2354045
48330703.43959044 -13.556608 -0.9542723 -12.413703 -0.80932415 0.034173474 0.536027 -0.23770067
48361982.68959044 -13.698187 -0.949739 -12.583404 -0.7936806 0.044256974 0.5577395 -0.23882869
48393140.68959044 -13.845876 -0.94076085 -12.7543125 -0.77622396 0.054041933 0.58083296 -0.23914216
48424155.68959044 -14.003314 -0.9617553 -12.96561 -0.75721014 0.06350598 0.60441685 -0.23933277
48455008.43959044 -14.169347 -0.9653797 -13.130823 -0.73825717 0.07126494 0.62725765 -0.23758277
48485681.43959044 -14.314424 -0.9856243 -13.288702 -0.71706814 0.07903444 0.6504739 -0.23759334
48516159.43959044 -14.458174 -1.0062447 -13.427732 -0.6950743 0.08644069 0.6729935 -0.23765422
48546428.68959044 -14.611301 -1.0174165 -13.559848 -0.6733906 0.092470035 0.69442326 -0.23615843
48576474.68959044 -14.774319 -1.0235739 -13.690956 -0.651077 0.09881768 0.71510386 -0.23443636
48606292.43959044 -14.937838 -1.0309286 -13.807236 -0.62839353 0.10386066 0.7348584 -0.2330619
48635879.43959044 -15.096285 -1.0310974 -13.913464 -0.6053838 0.10847919 0.75390065 -0.23103379
48665232.68959044 -15.25664 -1.0440855 -14.011293 -0.58226895 0.110777244 0.7719506 -0.22974698
48694357.68959044 -15.417368 -1.0506554 -14.10383 -0.55960417 0.1111451 0.78882927 -0.22855729
48723254.68959044 -15.579798 -1.0553427 -14.191702 -0.5373654 0.11028057 0.8048289 -0.22655515
48751929.43959044 -15.72543 -1.0644069 -14.252665 -0.5159766 0.108193725 0.81923646 -0.22564124
48780390.43959044 -15.881091 -1.0663629 -14.316856 -0.49402624 0.10565512 0.8334558 -0.22388962
48808650.43959044 -16.015347 -1.0813489 -14.358422 -0.47453 0.10228096 0.8452372 -0.2234593
48836717.68959044 -16.163319 -1.0915599 -14.406562 -0.45691806 0.098929435 0.85523814 -0.22362185
48864603.43959044 -16.295185 -1.1080179 -14.454538 -0.44038862 0.09400584 0.8639109 -0.2255631
48892321.68959044 -16.438976 -1.1139321 -14.4916 -0.42505428 0.08945336 0.8715975 -0.22725473
48919888.43959044 -16.584045 -1.119448 -14.511203 -0.41068214 0.08533465 0.8780369 -0.23045479
48947322.68959044 -16.713833 -1.1304221 -14.536242 -0.3967941 0.080959566 0.8842071 -0.23276132
48974640.68959044 -16.844627 -1.1518989 -14.555425 -0.38280877 0.075823374 0.89033496 -0.23454641
49001858.68959044 -16.973188 -1.1662197 -14.560318 -0.36935776 0.07129646 0.89612764 -0.23547176
49028990.43959044 -17.113789 -1.1784737 -14.56191 -0.3559306 0.06888142 0.9015926 -0.23600747
49056044.68959044 -17.238277 -1.1924295 -14.552746 -0.34274247 0.06654637 0.9071691 -0.23482618
49083029.43959044 -17.371754 -1.2118204 -14.539704 -0.3287661 0.06530644 0.91284674 -0.23314972
49109951.43959044 -17.493572 -1.2400491 -14.526589 -0.31495935 0.06407055 0.9181012 -0.23191778
49136812.68959044 -17.611547 -1.2733295 -14.501835 -0.3024235 0.06423754 0.9220719 -0.23280264
49163643.68959044 -17.736084 -1.2859101 -14.4706745 -0.2898412 0.064278066 0.9259341 -0.23346633
49190415.68959044 -17.854675 -1.3165944 -14.435982 -0.27690277 0.06406369 0.92956144 -0.23481132
49217098.68959044 -17.973 -1.3417826 -14.394679 -0.26359987 0.06265947 0.9334382 -0.23512165
49243723.68959044 -18.091444 -1.3717817 -14.351553 -0.25034645 0.06159598 0.9371496 -0.23512416
49270291.68959044 -18.204105 -1.402508 -14.301268 -0.23726645 0.061758667 0.9406999 -0.23446596
49296802.43959044 -18.320494 -1.432719 -14.238432 -0.22366391 0.062106483 0.94445056 -0.23265958
49323254.68959044 -18.430395 -1.4671048 -14.18185 -0.20981005 0.06368712 0.9478164 -0.23144732
49349645.68959044 -18.545822 -1.4954629 -14.104433 -0.19561797 0.065211855 0.9511492 -0.2297743
49375975.68959044 -18.64998 -1.5262995 -14.029639 -0.18144499 0.06677698 0.9541716 -0.22841884
49402247.68959044 -18.741646 -1.5564718 -13.953446 -0.16773538 0.06842554 0.95675564 -0.22759952
49428465.68959044 -18.83975 -1.5833342 -13.879113 -0.15339424 0.069872975 0.9593039 -0.22654809
49454632.43959044 -18.932402 -1.6199579 -13.790916 -0.13953814 0.071702965 0.9612078 -0.22686434
49480751.43959044 -19.0283 -1.6595879 -13.7045965 -0.12545033 0.0723338 0.96285975 -0.22788414
49506827.68959044 -19.122246 -1.6999722 -13.611295 -0.111650646 0.072614804 0.9642244 -0.22919974
49532869.68959044 -19.21669 -1.7375762 -13.523452 -0.09701216 0.07224686 0.9655501 -0.23039539
49558881.43959044 -19.298279 -1.7771397 -13.413954 -0.08263463 0.072464064 0.966413 -0.23230676
49584868.68959044 -19.387655 -1.8082293 -13.3043995 -0.06842126 0.07244314 0.96723276 -0.23351933
49610838.68959044 -19.465155 -1.8592055 -13.211354 -0.05290214 0.07302647 0.96744525 -0.23647013
49636792.68959044 -19.536432 -1.9040166 -13.101386 -0.03821779 0.07496373 0.9675199 -0.23838018
49662740.68959044 -19.615068 -1.9483132 -12.998785 -0.02284288 0.075964436 0.967337 -0.24076302
49688683.43959044 -19.697807 -1.986905 -12.873577 -0.007447867 0.07752157 0.9670017 -0.24257538
49714620.68959044 -19.762953 -2.022787 -12.757385 0.0072048707 0.080962054 0.9663198 -0.24417076
49740553.68959044 -19.836128 -2.060783 -12.63085 0.0224383 0.08451872 0.9654997 -0.2452823
49766480.68959044 -19.905375 -2.1037114 -12.501055 0.038147178 0.08915054 0.96409667 -0.24721399
49792395.68959044 -19.977394 -2.1389983 -12.367436 0.054946527 0.09360916 0.96248114 -0.24869333
49818293.68959044 -20.036606 -2.1766968 -12.230827 0.07195635 0.09760242 0.9606646 -0.24983919
49844172.68959044 -20.088932 -2.2170355 -12.082119 0.088494934 0.10332923 0.95842427 -0.2508279
49870029.68959044 -20.136572 -2.2460558 -11.952029 0.105728306 0.10854144 0.95604306 -0.25104177
49895864.43959044 -20.19131 -2.2795196 -11.798401 0.12319632 0.11537042 0.9531877 -0.25088972
49921676.68959044 -20.234331 -2.322246 -11.648853 0.14021344 0.12295333 0.950186 -0.2497383
49947466.68959044 -20.288988 -2.351805 -11.495128 0.15794057 0.1312302 0.9469318 -0.2472925
49973236.68959044 -20.329622 -2.3861017 -11.358332 0.17452279 0.14041436 0.9434815 -0.2442711
49998987.68959044 -20.361912 -2.410362 -11.185944 0.19153567 0.14857443 0.9398841 -0.24053608
50024721.68959044 -20.405642 -2.4521406 -11.03136 0.20772764 0.15793006 0.93561023 -0.2377832
50050443.68959044 -20.434372 -2.4903674 -10.864 0.22456205 0.16598399 0.9312187 -0.23420715
50076156.68959044 -20.467857 -2.5260096 -10.704956 0.24064238 0.17511953 0.9264532 -0.23045397
50101861.68959044 -20.483335 -2.552336 -10.536165 0.25679275 0.1847506 0.9212418 -0.22635853
50127560.68959044 -20.50118 -2.5857635 -10.372812 0.27237806 0.19632858 0.91536385 -0.22220343
50153257.68959044 -20.505424 -2.6092637 -10.197147 0.2878668 0.20603979 0.9094063 -0.21831311
50178959.68959044 -20.51814 -2.6297705 -10.025915 0.30278155 0.21786025 0.9028122 -0.21398701
50204674.68959044 -20.513113 -2.6756759 -9.865835 0.31701067 0.22900431 0.8959334 -0.21062936
50230409.68959044 -20.51052 -2.6995153 -9.697212 0.33068556 0.24050203 0.8890258 -0.20600715
50256170.43959044 -20.49922 -2.7196128 -9.519798 0.3447267 0.25197387 0.88164216 -0.20094733
50281965.43959044 -20.48358 -2.7483995 -9.347329 0.35756877 0.26352677 0.87437546 -0.19536054
50307795.43959044 -20.464231 -2.7850106 -9.167562 0.3706141 0.2761041 0.8664489 -0.1888866
50333667.43959044 -20.44357 -2.807858 -8.9898 0.38338163 0.28799677 0.8585807 -0.18142684
50359582.68959044 -20.405437 -2.8339517 -8.822597 0.3952054 0.3010581 0.85028666 -0.17375097
50385545.43959044 -20.362522 -2.8475013 -8.661047 0.4067338 0.31320265 0.84202194 -0.16574332
50411531.68959044 -20.323153 -2.8673162 -8.479372 0.4189905 0.32584816 0.83279234 -0.15724792
50437570.68959044 -20.265972 -2.8816175 -8.320892 0.4304624 0.3369691 0.8240308 -0.14875206
50463690.43959044 -20.20396 -2.8988085 -8.151533 0.4415765 0.34844446 0.81481993 -0.1402327
50489868.68959044 -20.151354 -2.916203 -7.981923 0.4533744 0.35613644 0.8062971 -0.13230078
50516102.68959044 -20.077665 -2.9416747 -7.81896 0.4645086 0.36266616 0.7981255 -0.1253023
50542388.68959044 -20.004625 -2.9462423 -7.6536207 0.47539103 0.36888513 0.7900086 -0.11753157
50568728.68959044 -19.918348 -2.9644332 -7.509552 0.48523954 0.3723301 0.7831646 -0.1120988
50595116.68959044 -19.826418 -2.9767175 -7.345394 0.49465328 0.37306505 0.77739143 -0.1086422
50621554.68959044 -19.716072 -2.988257 -7.1847925 0.50387096 0.37051728 0.7729481 -0.10668739
50648039.68959044 -19.605972 -2.9975438 -7.068614 0.51134115 0.36724025 0.76975167 -0.105580494
50674572.68959044 -19.496284 -3.0051508 -6.9092503 0.51968986 0.3617345 0.7668221 -0.105140224
50701149.68959044 -19.378952 -3.027594 -6.776536 0.526385 0.358165 0.7640349 -0.10434271
50727774.68959044 -19.247913 -3.040913 -6.6380787 0.5324403 0.35396403 0.76174253 -0.104715005
50754451.43959044 -19.130001 -3.038669 -6.489237 0.53866285 0.350227 0.7590038 -0.105340526
50781184.68959044 -18.98977 -3.0175562 -6.33731 0.54334766 0.34802186 0.756618 -0.10575093
50807979.68959044 -18.840815 -3.010396 -6.2145586 0.5473894 0.3448647 0.7549889 -0.10688814
50834841.43959044 -18.691233 -2.9887762 -6.0780973 0.55203426 0.34042808 0.75327426 -0.10929217
50861776.68959044 -18.528889 -2.9698577 -5.938258 0.55624837 0.3375747 0.7512611 -0.110624604
50888792.43959044 -18.368774 -2.9637213 -5.809804 0.55950433 0.33214176 0.7508886 -0.11315115
50915893.68959044 -18.213455 -2.9438534 -5.684537 0.56215066 0.32647598 0.7508262 -0.11687682
50943087.68959044 -18.023993 -2.9082322 -5.5559263 0.5639448 0.3210496 0.75150454 -0.11888828
50970379.68959044 -17.852257 -2.9116426 -5.4437914 0.5652735 0.3138658 0.7530733 -0.12179788
50997777.68959044 -17.6902 -2.8627653 -5.3464994 0.56591135 0.30591485 0.75566775 -0.122990765
51025282.68959044 -17.504358 -2.8497334 -5.219097 0.56758255 0.297262 0.75752103 -0.12508944
51052899.68959044 -17.322327 -2.8204126 -5.1264095 0.56763923 0.2862254 0.7612542 -0.12787789
51080636.43959044 -17.129414 -2.7994843 -5.02038 0.567675 0.27476528 0.7648175 -0.13154244
51108495.68959044 -16.924862 -2.7659402 -4.9090843 0.56740844 0.26199064 0.7687348 -0.13585043
51136481.43959044 -16.726416 -2.7356746 -4.8077974 0.5665349 0.24876332 0.7729835 -0.14018436
51164593.68959044 -16.529507 -2.7157283 -4.696745 0.5652201 0.23692894 0.77679384 -0.14485292
51192838.68959044 -16.316832 -2.6710129 -4.5954227 0.56333035 0.22400957 0.7813501 -0.1482255
51221218.68959044 -16.100914 -2.6431866 -4.501836 0.56054497 0.21281372 0.78571475 -0.15215772
51249734.68959044 -15.877797 -2.6166012 -4.4080467 0.5574583 0.20229928 0.7900423 -0.15539764
51278386.68959044 -15.638706 -2.5646362 -4.31499 0.5545293 0.19011638 0.79456335 -0.15818398
51307172.43959044 -15.401851 -2.546287 -4.217469 0.55029577 0.17959096 0.7992758 -0.16149293
51336084.68959044 -15.168122 -2.5131025 -4.1232414 0.5456648 0.16942298 0.8042689 -0.16339338
51365111.68959044 -14.926542 -2.4800322 -4.0182524 0.5409267 0.15793557 0.80929303 -0.16582973
51394241.68959044 -14.674682 -2.454411 -3.924695 0.5349979 0.14740558 0.8147117 -0.16820778
51423457.68959044 -14.425823 -2.4350405 -3.8371668 0.5286391 0.13706528 0.82005924 -0.17104599
51452747.68959044 -14.163002 -2.3885431 -3.725747 0.5226626 0.12635934 0.82526606 -0.1726066
51482096.68959044 -13.89933 -2.3629067 -3.6174994 0.5161975 0.11640262 0.83043706 -0.1742551
51511486.43959044 -13.630688 -2.342486 -3.5211372 0.5091389 0.10765611 0.8357355 -0.17531094
51540901.68959044 -13.37471 -2.3207698 -3.4224768 0.50095284 0.10032745 0.84152627 -0.1755399
51570328.68959044 -13.123615 -2.2978888 -3.3131204 0.49273923 0.09229932 0.84692293 -0.17722967
51599752.68959044 -12.844931 -2.267281 -3.2075715 0.48349535 0.08432783 0.85288364 -0.17807469
51629163.43959044 -12.5825205 -2.245043 -3.0931177 0.47395048 0.07609943 0.8589099 -0.17847598
51658553.68959044 -12.313551 -2.223313 -2.9890437 0.463173 0.06723689 0.8654398 -0.17878501
51687916.43959044 -12.059134 -2.212038 -2.8581977 0.45303604 0.05848847 0.8714848 -0.17847042
51717238.68959044 -11.80034 -2.2152886 -2.7635317 0.44081107 0.05012826 0.87834966 -0.17797413
51746502.68959044 -11.533333 -2.1836803 -2.6251879 0.4298765 0.039634824 0.88440764 -0.17736553
51775691.43959044 -11.267136 -2.1746902 -2.5192556 0.4158871 0.030648394 0.8915088 -0.17694816
51804792.68959044 -11.012695 -2.1510797 -2.3834054 0.40174323 0.02149219 0.8983896 -0.17617235
51833797.68959044 -10.772305 -2.1522791 -2.2577264 0.38590425 0.012117921 0.9054547 -0.17630343
51862704.43959044 -10.498888 -2.1258693 -2.1290796 0.3694066 0.0018576571 0.912404 -0.17622234
51891515.43959044 -10.241722 -2.117405 -2.0012138 0.35194534 -0.008493734 0.9192391 -0.17624378
51920226.68959044 -9.9852495 -2.1058404 -1.869015 0.33363405 -0.018601796 0.92585 -0.17647739
51948840.68959044 -9.736711 -2.1022558 -1.7384704 0.31525388 -0.02996526 0.931766 -0.17756459
51977354.43959044 -9.510989 -2.1218705 -1.596478 0.295309 -0.041804306 0.9375408 -0.17905934
52005770.68959044 -9.248992 -2.094529 -1.4614105 0.27427208 -0.056784615 0.943064 -0.17939015
52034094.68959044 -9.004553 -2.1127954 -1.3199528 0.2527496 -0.07118365 0.94775337 -0.18114683
52062342.68959044 -8.776734 -2.1106217 -1.1783297 0.23136935 -0.08622698 0.9517327 -0.18231298
52090528.43959044 -8.547282 -2.1215434 -1.0390583 0.20979552 -0.10074142 0.9549356 -0.1842145
52118664.43959044 -8.311298 -2.1265752 -0.8938212 0.1885311 -0.114612035 0.9575197 -0.18567759
52146765.68959044 -8.072792 -2.1413274 -0.7359608 0.16682227 -0.12779424 0.9596527 -0.1868307
52174850.68959044 -7.859609 -2.1474457 -0.5924195 0.14629321 -0.14018054 0.961126 -0.18757553
52202935.68959044 -7.635827 -2.150758 -0.44072098 0.12489422 -0.15270646 0.9621392 -0.18807028
52231030.68959044 -7.4498067 -2.1580288 -0.28158715 0.10518342 -0.16439396 0.9624266 -0.18880205
52259151.68959044 -7.2324243 -2.1580532 -0.121970996 0.08354255 -0.17484508 0.9626643 -0.18901663
52287305.68959044 -7.034549 -2.1705263 0.059059754 0.062353496 -0.18570359 0.96214414 -0.189486
52315498.68959044 -6.842709 -2.199944 0.22372568 0.04076991 -0.19686395 0.9609417 -0.19019355
52343731.68959044 -6.645922 -2.1922064 0.39312145 0.01903784 -0.20611826 0.9598906 -0.18911079
52372003.68959044 -6.4599404 -2.2099555 0.56268877 -0.002813868 -0.21476002 0.9582378 -0.1888134
52400320.43959044 -6.2710953 -2.2044294 0.74594223 -0.024524713 -0.22233963 0.9564553 -0.18750219
52428689.68959044 -6.1024323 -2.2291527 0.9258335 -0.047063112 -0.23007444 0.953975 -0.18650092
52457118.43959044 -5.947828 -2.2269192 1.1110345 -0.068258055 -0.23829763 0.9510466 -0.18456848
52485612.68959044 -5.7956038 -2.2504072 1.2832992 -0.090419665 -0.24623999 0.9475224 -0.18273349
52514168.43959044 -5.6478834 -2.25915 1.4775593 -0.11103173 -0.25461495 0.9436362 -0.17998323
52542786.68959044 -5.5028915 -2.2589722 1.6670938 -0.13248649 -0.26224247 0.9392793 -0.17728698
52571458.68959044 -5.3833814 -2.2810168 1.8660436 -0.15294291 -0.26980904 0.9345228 -0.17458162
52600178.68959044 -5.253958 -2.2912722 2.044341 -0.1728771 -0.27791283 0.92917675 -0.17178063
52628937.68959044 -5.134147 -2.292555 2.244533 -0.19307192 -0.28411445 0.92391783 -0.16845806
52657727.68959044 -5.0344076 -2.302125 2.434033 -0.21265188 -0.29137048 0.917955 -0.1650488
52686543.68959044 -4.9435434 -2.3205147 2.5960803 -0.23186348 -0.29654488 0.91216177 -0.16205369
52715379.68959044 -4.8500295 -2.3290305 2.7835329 -0.25152463 -0.30084345 0.9061678 -0.15839368
52744229.68959044 -4.765446 -2.3305783 2.9830933 -0.27009773 -0.3057589 0.89995146 -0.15377301
52773090.68959044 -4.6765842 -2.3352623 3.1716495 -0.28961578 -0.3090987 0.893533 -0.14892764
52801956.68959044 -4.6111226 -2.3263803 3.3656704 -0.30877835 -0.31327724 0.8864999 -0.14363608
52830822.68959044 -4.548933 -2.3184092 3.5542147 -0.32727078 -0.31610182 0.8796348 -0.13862254
52859684.68959044 -4.480002 -2.331496 3.7569146 -0.34637436 -0.31904113 0.8719114 -0.13419408
52888533.68959044 -4.434416 -2.339001 3.9440377 -0.3641636 -0.32162547 0.8644296 -0.12924169
52917366.43959044 -4.3925333 -2.3327293 4.1485987 -0.38164562 -0.32239768 0.8572945 -0.12430834
52946178.68959044 -4.3474326 -2.3364174 4.328596 -0.3982696 -0.322274 0.85023993 -0.12088382
52974967.68959044 -4.333521 -2.344398 4.486926 -0.41367382 -0.32046178 0.8437691 -0.119298466
53003729.68959044 -4.3117905 -2.3264058 4.687796 -0.42951417 -0.31976387 0.8366977 -0.11491573
53032457.68959044 -4.2980866 -2.3179705 4.8610983 -0.44458422 -0.31843257 0.82978547 -0.11136298
53061144.68959044 -4.2946935 -2.3413982 5.027647 -0.45917636 -0.31707048 0.8227813 -0.10795549
53089792.43959044 -4.295939 -2.321809 5.1955953 -0.4731458 -0.31378606 0.8166802 -0.10346443
53118402.68959044 -4.304397 -2.3273985 5.355137 -0.486454 -0.3114148 0.81012017 -0.10044267
53146971.68959044 -4.319206 -2.3200479 5.515891 -0.49915853 -0.30946943 0.80346596 -0.09752955
53175497.43959044 -4.331361 -2.3059082 5.676732 -0.51171917 -0.30684453 0.796914 -0.094435915
53203977.68959044 -4.375492 -2.327182 5.824538 -0.52306116 -0.3042281 0.79058254 -0.093976304
53232409.68959044 -4.3905387 -2.3140187 5.983656 -0.5348386 -0.300373 0.7842485 -0.09315621
53260793.68959044 -4.435387 -2.301351 6.1274385 -0.5440696 -0.29810435 0.7788122 -0.09259404
53289132.68959044 -4.473743 -2.305673 6.268385 -0.5548962 -0.29458806 0.77246946 -0.092731535
53317430.43959044 -4.54282 -2.2976708 6.398156 -0.5648473 -0.29102093 0.7667017 -0.0917768
53345685.68959044 -4.6107626 -2.2895775 6.5495915 -0.5753769 -0.28894153 0.75995576 -0.08900264
53373899.68959044 -4.6730127 -2.2761564 6.687482 -0.5868859 -0.28727174 0.75218844 -0.085160844
53402073.68959044 -4.743824 -2.288113 6.8224797 -0.59810513 -0.28602445 0.7442488 -0.08095698
53430207.43959044 -4.830206 -2.262571 6.943599 -0.6083802 -0.28548682 0.73674214 -0.07471237
53458300.68959044 -4.9111695 -2.2599053 7.072239 -0.6192438 -0.28531462 0.7282791 -0.068864256
53486351.43959044 -4.9903593 -2.2627478 7.1857634 -0.6296091 -0.28452381 0.72013116 -0.063638225
53514358.43959044 -5.0807643 -2.2593198 7.3083005 -0.63971734 -0.28316453 0.712122 -0.05883686
53542324.68959044 -5.181672 -2.2546947 7.419415 -0.64917994 -0.28300095 0.703957 -0.05404063
53570249.68959044 -5.2829413 -2.2461052 7.525959 -0.6584965 -0.28202456 0.69603395 -0.04879877
53598136.68959044 -5.374508 -2.237556 7.6191816 -0.6673533 -0.2811374 0.68825185 -0.043713093
53625984.68959044 -5.480392 -2.237942 7.720011 -0.67619795 -0.2808641 0.6799566 -0.039125446
53653795.68959044 -5.5903196 -2.2316327 7.810475 -0.68439966 -0.28099945 0.6719292 -0.033878077
53681570.43959044 -5.6960344 -2.2476983 7.9188657 -0.6933389 -0.28102976 0.66289204 -0.029625714
53709307.68959044 -5.8068533 -2.263471 8.0060215 -0.7014051 -0.28211913 0.65407175 -0.025099088
53737008.68959044 -5.9453764 -2.238221 8.083378 -0.70897156 -0.28256866 0.64585453 -0.01965086
53764676.68959044 -6.0626926 -2.2255716 8.150257 -0.71657914 -0.28257093 0.6375068 -0.01591221
53792312.68959044 -6.1858788 -2.2168746 8.219111 -0.7243108 -0.28267702 0.62873584 -0.012600985
53819916.43959044 -6.317805 -2.2106466 8.281172 -0.7321732 -0.28268912 0.6196012 -0.010180799
53847487.68959044 -6.4530144 -2.2056699 8.345823 -0.74023074 -0.28195888 0.6103191 -0.008264695
53875027.68959044 -6.580563 -2.2106292 8.398935 -0.74872 -0.28167978 0.60002166 -0.0069978894
53902539.43959044 -6.7133718 -2.2179193 8.45364 -0.75712806 -0.28171253 0.5893834 -0.0047421735
53930023.68959044 -6.855869 -2.2115192 8.504621 -0.76553774 -0.28172013 0.5784288 -0.002452547
53957481.68959044 -6.9968047 -2.219769 8.545177 -0.7735724 -0.2822392 0.567386 -0.0001647021
53984910.43959044 -7.149643 -2.224053 8.586641 -0.7817381 -0.2832731 0.55555147 0.0021327834
54012314.68959044 -7.271038 -2.242012 8.62011 -0.789984 -0.2842686 0.5432285 0.0044095176
54039688.68959044 -7.422434 -2.2421207 8.648378 -0.7979012 -0.285433 0.53086406 0.008068071
54067036.68959044 -7.5701675 -2.2568932 8.67312 -0.8057112 -0.28682873 0.5180836 0.012175933
54094359.68959044 -7.714696 -2.2644606 8.682495 -0.8129855 -0.28836972 0.5056183 0.01574047
54121656.68959044 -7.8688335 -2.2791586 8.702565 -0.8209342 -0.289459 0.49181896 0.019867897
54148928.68959044 -8.030321 -2.2733147 8.708494 -0.8279914 -0.29028946 0.47908837 0.025229394
54176176.68959044 -8.184254 -2.2865074 8.714045 -0.8353331 -0.29082912 0.46564373 0.028512416
54203401.68959044 -8.332429 -2.3075566 8.708114 -0.8423836 -0.29217058 0.45160794 0.03281022
54230606.68959044 -8.498697 -2.30384 8.700951 -0.84988385 -0.29226458 0.43682003 0.038303282
54257791.43959044 -8.650101 -2.3137538 8.679581 -0.85683984 -0.2928237 0.4220303 0.044386968
54284957.68959044 -8.814397 -2.3148901 8.661713 -0.86431193 -0.2927133 0.40588185 0.050435923
54312106.68959044 -8.970281 -2.3308134 8.642937 -0.87202954 -0.2916019 0.38898334 0.05678607
54339236.43959044 -9.12745 -2.3494055 8.613646 -0.87930644 -0.29085514 0.37148798 0.06496366
54366348.43959044 -9.282742 -2.3572083 8.583642 -0.886113 -0.28998238 0.3539914 0.07351304
54393443.68959044 -9.432198 -2.3624666 8.539244 -0.89236146 -0.28924853 0.3363672 0.08296687
54420522.68959044 -9.591558 -2.3821478 8.495405 -0.8987074 -0.28733933 0.31848446 0.0912625
54447589.68959044 -9.736194 -2.397821 8.443777 -0.90452135 -0.28553304 0.30034375 0.100527346
54474645.68959044 -9.894352 -2.4089556 8.385556 -0.9100625 -0.28318793 0.281978 0.109906025
54501693.43959044 -10.040923 -2.4186387 8.320305 -0.91507787 -0.28082883 0.2636142 0.11947956
54528736.68959044 -10.191052 -2.4301143 8.253166 -0.91954 -0.27861267 0.24502197 0.12955913
54555778.43959044 -10.335984 -2.442789 8.184498 -0.923474 -0.276534 0.22627443 0.13973077
54582820.68959044 -10.478266 -2.4500642 8.101577 -0.9266318 -0.2744942 0.20816481 0.15057816
54609868.43959044 -10.613049 -2.464257 8.02107 -0.9297108 -0.27197433 0.19003925 0.15985282
54636923.68959044 -10.753985 -2.4826694 7.940566 -0.9320536 -0.27019286 0.17232238 0.16904697
54663984.43959044 -10.882688 -2.4890938 7.8504543 -0.93397224 -0.26809594 0.1547425 0.17853634
54691059.68959044 -11.017735 -2.5060134 7.7554517 -0.9357734 -0.2658419 0.13728526 0.18657197
54718163.43959044 -11.138887 -2.5155263 7.6475987 -0.93683344 -0.26390854 0.12070161 0.19526038
54745296.68959044 -11.259801 -2.5273705 7.5430574 -0.9376842 -0.26173562 0.103704 0.20368715
54772460.68959044 -11.375369 -2.5405374 7.434673 -0.9380766 -0.25945854 0.08740969 0.21225739
54799655.68959044 -11.494272 -2.548242 7.3218174 -0.9382813 -0.25701377 0.07173555 0.22005959
54826881.68959044 -11.605335 -2.5587802 7.2074456 -0.9384447 -0.2542525 0.05560353 0.2271244
54854140.43959044 -11.702076 -2.5742502 7.0919495 -0.9380163 -0.25193924 0.040256202 0.234588
54881437.68959044 -11.803492 -2.5602155 6.9560876 -0.93730986 -0.24932194 0.02618738 0.24208075
54908774.68959044 -11.889338 -2.573079 6.830921 -0.936231 -0.24797186 0.0126732495 0.2486381
54936157.68959044 -11.985584 -2.5818667 6.6997905 -0.9355107 -0.24643089 -0.0007305552 0.25316238
54963585.68959044 -12.071343 -2.588924 6.5569096 -0.9351375 -0.24647912 -0.010271769 0.25428423
54991060.43959044 -12.148693 -2.5955691 6.42679 -0.9350233 -0.24691275 -0.019132718 0.2537706
55018582.68959044 -12.220153 -2.593708 6.280474 -0.93491995 -0.24811369 -0.027470581 0.25220978
55046150.68959044 -12.3109255 -2.6130953 6.148918 -0.93475294 -0.24875155 -0.03646142 0.25105813
55073762.68959044 -12.370912 -2.6085935 5.9971333 -0.93434113 -0.2493377 -0.04434538 0.25074062
55101414.68959044 -12.419758 -2.6085725 5.8358207 -0.93390495 -0.25018874 -0.050486606 0.25035638
55129109.68959044 -12.496813 -2.6033 5.6770806 -0.93416685 -0.25004148 -0.057251833 0.24806039
55156839.68959044 -12.547246 -2.6068554 5.5198245 -0.9341303 -0.250716 -0.06297797 0.2461216
55184604.68959044 -12.585802 -2.6187787 5.3630333 -0.9344461 -0.25092593 -0.06802179 0.24335127
55212400.68959044 -12.627452 -2.609034 5.184934 -0.93456423 -0.25003952 -0.071763426 0.24273455
55240225.68959044 -12.664149 -2.5887928 5.003508 -0.93524134 -0.24789287 -0.07524012 0.24127126
55268077.68959044 -12.696044 -2.5917234 4.844636 -0.93628013 -0.24588023 -0.078885995 0.23811662
55295951.68959044 -12.713054 -2.5878544 4.6397 -0.9369976 -0.24396844 -0.08115677 0.23649195
55323840.68959044 -12.728967 -2.5888157 4.4672475 -0.93771726 -0.24348465 -0.08255007 0.23363894
55351742.43959044 -12.7465315 -2.6059823 4.2872353 -0.93835455 -0.24350159 -0.08452088 0.23033446
55379656.68959044 -12.771614 -2.5796757 4.082808 -0.9396479 -0.24327564 -0.08515565 0.22500493
55407580.68959044 -12.783275 -2.5905795 3.9012604 -0.94057363 -0.24369274 -0.08626909 0.22021078
55435513.43959044 -12.776606 -2.6097245 3.717112 -0.94176376 -0.24408439 -0.08720644 0.21424045
55463453.43959044 -12.779556 -2.5981593 3.5144587 -0.94333637 -0.24361701 -0.087019674 0.20783398
55491404.43959044 -12.777511 -2.5811663 3.3074217 -0.9450242 -0.24247001 -0.08686048 0.20147699
55519365.68959044 -12.75603 -2.5798016 3.1095152 -0.94635916 -0.24173515 -0.086362295 0.19623983
55547339.68959044 -12.730418 -2.571989 2.8858347 -0.94768584 -0.24140574 -0.084935725 0.19078988
55575330.43959044 -12.709138 -2.5876908 2.7100186 -0.94915587 -0.24173464 -0.08343937 0.18359052
55603342.43959044 -12.671159 -2.5782275 2.4976425 -0.9507683 -0.24145596 -0.081807636 0.17619962
55631384.68959044 -12.652008 -2.5568714 2.2880402 -0.95227283 -0.24169873 -0.079877794 0.16845709
55659459.68959044 -12.62481 -2.5436065 2.072019 -0.95371544 -0.24213736 -0.07816554 0.16027008
55687574.68959044 -12.61346 -2.5401857 1.8857727 -0.9550442 -0.24341021 -0.07587838 0.15127625
55715733.43959044 -12.5791855 -2.5500932 1.6706753 -0.9560471 -0.245041 -0.07370857 0.1431642
55743944.68959044 -12.533836 -2.5284617 1.4486022 -0.9573982 -0.2451569 -0.07164403 0.13473721
55772216.68959044 -12.499038 -2.5049174 1.2167883 -0.958559 -0.24542429 -0.07015776 0.126529
55800556.68959044 -12.489927 -2.4943058 1.0019317 -0.9596436 -0.24518678 -0.06942572 0.118944034
55828971.68959044 -12.437101 -2.4797695 0.76599455 -0.9606335 -0.24501713 -0.06851728 0.11160327
55857465.43959044 -12.386831 -2.4962115 0.5624275 -0.96116006 -0.24633422 -0.06587969 0.10559688
55886049.43959044 -12.351137 -2.4837222 0.32749963 -0.9620043 -0.2463919 -0.06476417 0.09820565
55914729.68959044 -12.30584 -2.4687824 0.09894061 -0.96293706 -0.24611123 -0.062220726 0.091160044
55943512.68959044 -12.272086 -2.4532728 -0.14648533 -0.96391904 -0.2460417 -0.060489547 0.08163719
55972408.43959044 -12.216811 -2.44827 -0.37988877 -0.9648832 -0.24634565 -0.056725103 0.07138998
56001427.68959044 -12.166367 -2.4269052 -0.6289482 -0.966348 -0.24440905 -0.052966263 0.060253043
56030578.68959044 -12.117587 -2.4176283 -0.87353265 -0.96775174 -0.24214418 -0.048595343 0.0496112
