30332178.85499373 -0.0 -0.0 -0.0 -0.0 -0.0 1.0 -0.0
30364548.85499373 -0.0008286049 0.00019022642 0.0010954926 0.0010815216 0.0017767795 0.99999654 0.0016145116
30396916.85499373 -0.0008286049 0.00019022642 0.0010954926 0.0010815216 0.0017767795 0.99999654 0.0016145116
30429283.85499373 -0.00037739502 -0.0006843684 0.003951565 -0.0007271903 0.0022157538 0.99999326 0.0028458599
30461647.85499373 -0.00037739502 -0.0006843684 0.003951565 -0.0007271903 0.0022157538 0.99999326 0.0028458599
30494008.85499373 -0.00037739502 -0.0006843684 0.003951565 -0.0007271903 0.0022157538 0.99999326 0.0028458599
30526367.85499373 -0.00037739502 -0.0006843684 0.003951565 -0.0007271903 0.0022157538 0.99999326 0.0028458599
30558723.85499373 -0.0037626193 -0.008829957 0.0054070447 -0.002146011 -0.0030926603 0.999916 0.012409382
30591073.85499373 -0.0037626193 -0.008829957 0.0054070447 -0.002146011 -0.00309266 0.99991596 0.012409381
30623418.85499373 -0.0037626193 -0.008829957 0.0054070447 -0.002146011 -0.00309266 0.99991596 0.012409381
30655758.85499373 -0.0037626193 -0.008829957 0.0054070447 -0.002146011 -0.00309266 0.99991596 0.012409381
30688094.85499373 -0.003986751 -0.034555674 0.003299857 -0.0028438214 -0.007398629 0.9998209 0.017188137
30720424.85499373 -0.003986751 -0.034555674 0.003299857 -0.0028438214 -0.007398629 0.9998209 0.017188137
30752749.85499373 -0.0047997097 -0.065690584 -0.0027259756 -0.0027991273 -0.003040618 0.99985087 0.01677102
30785069.85499373 -0.0047997097 -0.065690584 -0.0027259756 -0.0027991273 -0.003040618 0.99985087 0.01677102
30817386.85499373 -0.0071698204 -0.10522309 -0.01178652 -0.003094727 -0.000637821 0.99993074 0.011344171
30849700.10499373 -0.0071698204 -0.10522309 -0.01178652 -0.003094727 -0.000637821 0.99993074 0.011344171
30882007.85499373 -0.0071698204 -0.10522309 -0.01178652 -0.003094727 -0.000637821 0.99993074 0.011344171
30914311.85499373 -0.011457468 -0.1704495 -0.02554374 -0.0042108423 0.0077774413 0.9999224 -0.008773393
30946615.85499373 -0.014464568 -0.1759089 -0.02282304 -0.0027126996 0.007254837 0.9998336 -0.016520089
30978917.85499373 -0.013472942 -0.20400405 -0.02961784 -0.0032456382 0.01146589 0.99966264 -0.023078687
31011217.85499373 -0.013185817 -0.23032264 -0.032281872 -0.0036842895 0.01407255 0.9994916 -0.028374184
31043512.85499373 -0.012986618 -0.25806937 -0.035720248 -0.0033063528 0.013666895 0.9994462 -0.030160252
31075798.85499373 -0.012561366 -0.29221752 -0.04139219 -0.0043564923 0.0136767225 0.99938947 -0.031854562
31108075.85499373 -0.00964594 -0.33172104 -0.041424144 -0.0046283337 0.014237137 0.99927187 -0.035096206
31140343.10499373 -0.007019321 -0.36285162 -0.04333884 -0.0052019604 0.012214991 0.99933773 -0.033879936
31172597.85499373 -0.009992014 -0.3653544 -0.03363689 -0.006937539 0.010905448 0.99920535 -0.037705645
31204834.85499373 -0.008346818 -0.4009158 -0.032525714 -0.008309127 0.010900376 0.9992307 -0.036745097
31237053.85499373 0.0019360593 -0.4422532 -0.028295735 -0.009875681 0.010205344 0.9992592 -0.035770148
31269252.85499373 0.005144528 -0.48675552 -0.025373135 -0.010100242 0.010619818 0.9992744 -0.03515672
31301435.85499373 0.0069550266 -0.5307169 -0.009924658 -0.010781113 0.008060453 0.99933904 -0.0337706
31333607.85499373 0.004877849 -0.55613405 -0.00036482175 -0.012479155 0.002611353 0.99927896 -0.03576402
31365773.10499373 0.013747933 -0.60235876 0.0109999385 -0.0141618075 -0.00047345355 0.9993084 -0.034380097
31397929.85499373 0.01899146 -0.6464864 0.020926818 -0.016360631 -0.0029807282 0.9992702 -0.034389697
31430076.85499373 0.020384682 -0.6956094 0.029929815 -0.017815707 -0.0050274893 0.99916947 -0.0363005
31462214.85499373 0.022395363 -0.73277915 0.041622553 -0.019183228 -0.004583826 0.999009 -0.039900664
31494338.85499373 0.026503032 -0.77653813 0.05602697 -0.021669991 -0.0048533594 0.99876606 -0.04442247
31526449.10499373 0.027326388 -0.8122932 0.063983515 -0.023808746 -0.0057927743 0.9984738 -0.049494166
31558543.85499373 0.031231705 -0.8409167 0.08644999 -0.02701923 -0.005983336 0.99817526 -0.0536681
31590623.85499373 0.034772933 -0.8836862 0.104130685 -0.028958887 -0.006244732 0.99783105 -0.05878456
31622687.85499373 0.03445728 -0.9258755 0.123662606 -0.031363122 -0.0056706537 0.99746704 -0.06358996
31654734.85499373 0.036689144 -0.9630188 0.14412636 -0.033874687 -0.0047996636 0.9970805 -0.06826405
31686760.85499373 0.039051753 -1.0042859 0.16837196 -0.036294878 -0.002747745 0.99659085 -0.07403987
31718766.10499373 0.040300936 -1.0422341 0.187748 -0.03882569 0.0008785867 0.9960873 -0.07938421
31750747.85499373 0.041409206 -1.0807803 0.21269192 -0.040878177 0.0045029838 0.99547786 -0.08563049
31782707.10499373 0.043448023 -1.1091087 0.23960389 -0.043316826 0.00818681 0.99494946 -0.09017924
31814650.85499373 0.041288972 -1.148759 0.2687862 -0.045655675 0.009487489 0.9943477 -0.09538457
31846578.85499373 0.040849477 -1.1825441 0.30104768 -0.047339313 0.009874062 0.99387705 -0.09934735
31878492.85499373 0.03888244 -1.2165929 0.33700714 -0.04909835 0.009583015 0.99349123 -0.1023365
31910389.85499373 0.043027148 -1.2565001 0.3676988 -0.05076608 0.0097511215 0.9929522 -0.10664719
31942268.85499373 0.046691757 -1.2869844 0.40855896 -0.05289813 0.009268495 0.9925419 -0.10943696
31974132.85499373 0.04976161 -1.3228565 0.45119983 -0.05528828 0.009118687 0.991898 -0.11401064
32005983.85499373 0.05142919 -1.3637127 0.48803553 -0.05778043 0.008512618 0.99125534 -0.118329674
32037824.85499373 0.057294622 -1.3980722 0.53337693 -0.06105981 0.008873722 0.99049115 -0.122964725
32069659.85499373 0.056480605 -1.4325027 0.57832235 -0.06317377 0.008088379 0.98995847 -0.12619823
32101486.10499373 0.05361747 -1.4419283 0.65659684 -0.065470815 0.008012946 0.9898231 -0.12609378
32133308.85499373 0.058723055 -1.480089 0.7088789 -0.06888749 0.0075955195 0.98943216 -0.12736134
32165132.85499373 0.06105199 -1.5158006 0.771121 -0.07126578 0.00650984 0.98910624 -0.12863827
32196960.10499373 0.06336905 -1.5304159 0.83864594 -0.074303284 0.0058282763 0.9887946 -0.12934564
32228792.85499373 0.06770703 -1.5735363 0.8993491 -0.07887296 0.0038143091 0.98815846 -0.13155779
32260628.85499373 0.06872459 -1.6021867 0.96993506 -0.084338956 0.0015106308 0.98737544 -0.13406932
32292472.85499373 0.09055918 -1.6226773 1.0344338 -0.09059432 0.0012255373 0.9863168 -0.13773319
32324323.85499373 0.059028685 -1.6566861 1.1749442 -0.09546982 0.0010394716 0.9854295 -0.1407589
32356178.85499373 0.065652855 -1.7062285 1.2491004 -0.1002379 0.0004153069 0.984618 -0.14310668
32388035.85499373 0.05916273 -1.720279 1.3442668 -0.10404849 -3.8857565e-05 0.9842972 -0.14259395
32419897.85499373 0.07532247 -1.736282 1.4370456 -0.10878204 -0.00023647209 0.98406637 -0.14064118
32451758.85499373 0.06699714 -1.7439926 1.5645235 -0.111975774 -0.0014856759 0.98412585 -0.13767897
32483619.10499373 0.072980285 -1.76246 1.6478833 -0.115207784 -0.0015923197 0.9839916 -0.13596019
32515473.85499373 0.05292041 -1.7998066 1.76097 -0.11745444 -0.0033004137 0.98379624 -0.13541992
32547321.85499373 0.068486005 -1.8000734 1.8769374 -0.12076022 -0.0035727627 0.9838187 -0.13230628
32579160.10499373 0.067006625 -1.822564 1.9720951 -0.12413748 -0.0034380031 0.98371863 -0.12990694
32610985.85499373 0.050311364 -1.8664396 2.0693452 -0.12657739 -0.003477672 0.98386055 -0.12643
32642793.85499373 0.0536573 -1.8932331 2.2015386 -0.13022384 -0.004213731 0.9841554 -0.12025892
32674578.85499373 0.051667705 -1.9027518 2.3322778 -0.13407837 -0.0051000784 0.9843004 -0.11467304
32706337.85499373 0.037180804 -1.916813 2.447312 -0.13842338 -0.006995041 0.98430735 -0.109220505
32738066.85499373 0.020078406 -1.947722 2.5740354 -0.14361508 -0.009142143 0.9841088 -0.10402401
32769762.85499373 0.012258291 -1.973128 2.6902807 -0.14944313 -0.011056241 0.98367244 -0.09966485
32801423.85499373 0.026696317 -1.9983351 2.8219771 -0.15645984 -0.013495296 0.9828988 -0.09616767
32833051.10499373 -0.008058891 -1.9981223 2.9693148 -0.1631792 -0.01446562 0.9823224 -0.0905872
32864643.85499373 -0.03736016 -2.0114353 3.102079 -0.16976103 -0.016309775 0.98159385 -0.085957386
32896197.85499373 -0.046051152 -2.0172846 3.234426 -0.17715327 -0.018227218 0.9807195 -0.08045922
32927714.85499373 -0.039740443 -2.0568547 3.3621573 -0.18558428 -0.02157211 0.9794895 -0.07545589
32959193.85499373 -0.06365392 -2.0597584 3.4933028 -0.19341312 -0.025021365 0.9783454 -0.06932282
32990631.85499373 -0.08748376 -2.0792058 3.622658 -0.20219168 -0.029027829 0.9767564 -0.06498373
33022020.85499373 -0.083197616 -2.0857832 3.7618032 -0.21220584 -0.03274535 0.97484446 -0.059789628
33053359.85499373 -0.1314438 -2.0881233 3.8927398 -0.22104836 -0.036064383 0.97301114 -0.05555486
33084645.85499373 -0.15850148 -2.094626 4.0236278 -0.23070619 -0.03874979 0.97089905 -0.05126697
33115876.10499373 -0.17850916 -2.105562 4.1524725 -0.24141194 -0.042096153 0.9683296 -0.04781249
33147042.85499373 -0.1992561 -2.134075 4.2967606 -0.2527704 -0.045303117 0.96547025 -0.04384045
33178144.10499373 -0.23578912 -2.1429331 4.410914 -0.2629513 -0.050136764 0.9627042 -0.039288845
33209173.10499373 -0.24608168 -2.1485388 4.550872 -0.2744019 -0.054670077 0.9594696 -0.03365742
33240123.85499373 -0.2784424 -2.151207 4.6684394 -0.2854992 -0.059406094 0.9561062 -0.028674189
33270995.85499373 -0.33695722 -2.1713092 4.790981 -0.29714024 -0.064260885 0.95231473 -0.025980381
33301823.85499373 -0.38741034 -2.1545587 4.9184685 -0.30921054 -0.06734607 0.9483004 -0.02407854
33332562.10499373 -0.45928118 -2.1470282 5.025283 -0.32151824 -0.069244996 0.94408387 -0.023169745
33363157.85499373 -0.46700135 -2.156991 5.173011 -0.33706468 -0.07047864 0.9385301 -0.024114694
33393652.85499373 -0.50722784 -2.1615357 5.299139 -0.35176843 -0.070907034 0.93309444 -0.023788424
33424048.85499373 -0.5669699 -2.1681628 5.405906 -0.36610165 -0.07184063 0.9275058 -0.023272378
33454343.85499373 -0.59829974 -2.1739106 5.536618 -0.3820504 -0.07181406 0.92104924 -0.023423964
33484535.85499373 -0.6486196 -2.1744978 5.662481 -0.396729 -0.07219337 0.914804 -0.022977917
33514617.85499373 -0.7051668 -2.1812043 5.770461 -0.41136175 -0.07269512 0.90827286 -0.02318316
33544591.10499373 -0.7311093 -2.20978 5.8878846 -0.42679515 -0.07458136 0.90096736 -0.023266865
33574451.85499373 -0.76265883 -2.2101178 6.0243387 -0.4429843 -0.07603726 0.89305204 -0.02100609
33604198.85499373 -0.80722225 -2.2304208 6.151567 -0.45873865 -0.08009931 0.8847729 -0.01788639
33633832.85499373 -0.8898767 -2.2279968 6.244434 -0.4723381 -0.08403822 0.87730855 -0.012806952
33663351.85499373 -0.92909527 -2.226551 6.365535 -0.48791185 -0.08832012 0.8683838 -0.0071468474
33692757.85499373 -0.98174894 -2.2393126 6.457307 -0.5021225 -0.09226647 0.85985404 -0.003309168
33722053.85499373 -1.0268402 -2.2533822 6.575239 -0.516921 -0.09585093 0.8506499 0.00037189838
33751239.85499373 -1.1004169 -2.2662792 6.6611743 -0.5301562 -0.09963563 0.84201986 0.0031356069
33780319.10499373 -1.1413357 -2.2646556 6.7856355 -0.5449407 -0.10276486 0.8321171 0.0077610877
33809295.85499373 -1.2050889 -2.2642386 6.8961277 -0.55874157 -0.10541837 0.8225111 0.013057724
33838174.85499373 -1.2654817 -2.2770147 6.9939566 -0.5722021 -0.10761373 0.8128028 0.018860186
33866965.85499373 -1.3314235 -2.2788937 7.0800877 -0.58527195 -0.10892007 0.80309546 0.025117775
33895668.85499373 -1.390625 -2.297197 7.1678243 -0.59900314 -0.1090255 0.79273397 0.029692978
33924287.85499373 -1.4424651 -2.3065257 7.2563314 -0.6120109 -0.11014565 0.7824324 0.033318523
33952827.85499373 -1.5001378 -2.3111367 7.345235 -0.62530136 -0.111043595 0.7716713 0.034511283
33981295.85499373 -1.5620489 -2.3121014 7.4425173 -0.63949734 -0.110938706 0.75998425 0.034054454
34009699.85499373 -1.6387429 -2.3117979 7.530551 -0.6533181 -0.11073167 0.74822325 0.032801967
34038046.85499373 -1.7081242 -2.298644 7.616701 -0.66660017 -0.11034086 0.73651105 0.0319486
34066341.85499373 -1.7758989 -2.2960148 7.696118 -0.6792881 -0.110132135 0.7248998 0.03096707
34094593.85499373 -1.8360682 -2.295388 7.7769375 -0.69117403 -0.11047457 0.7135639 0.030008206
34122808.85499373 -1.8923364 -2.328896 7.8584776 -0.70281965 -0.11160481 0.7019519 0.029198024
34150994.85499373 -1.9656882 -2.314686 7.937141 -0.7132171 -0.11215352 0.69116545 0.032145027
34179158.85499373 -2.0315762 -2.3279564 7.9921045 -0.72288924 -0.11320939 0.6806605 0.03627856
34207307.85499373 -2.10566 -2.326043 8.064231 -0.7331162 -0.11331242 0.669309 0.041549947
34235446.85499373 -2.174024 -2.3263655 8.147537 -0.7432152 -0.11358491 0.65758157 0.048126616
34263577.85499373 -2.2437968 -2.3419218 8.204556 -0.75262535 -0.114153594 0.64632577 0.052793615
34291703.85499373 -2.3113165 -2.3336732 8.261484 -0.76130545 -0.11440246 0.6356041 0.057737757
34319822.85499373 -2.384244 -2.3294206 8.312846 -0.769418 -0.11492693 0.6253971 0.06054998
34347935.85499373 -2.4546003 -2.3148277 8.365193 -0.77683055 -0.11483149 0.6159977 0.062408842
34376044.85499373 -2.5204916 -2.320356 8.41917 -0.78391325 -0.11578179 0.6068447 0.06175895
34404151.10499373 -2.5919685 -2.3216553 8.471304 -0.79089856 -0.11513931 0.5978887 0.061249707
34432253.85499373 -2.6655045 -2.3350687 8.534499 -0.79830337 -0.1151733 0.58817846 0.059102166
34460357.10499373 -2.739152 -2.3270288 8.581691 -0.80498 -0.11535468 0.5789439 0.059367575
34488459.85499373 -2.8133078 -2.3310733 8.629762 -0.81145746 -0.115525745 0.56970257 0.06024645
34516563.85499373 -2.8928175 -2.3273559 8.670594 -0.8181727 -0.115075275 0.5599092 0.06207123
34544671.85499373 -2.9656067 -2.3230762 8.721284 -0.82474566 -0.11432064 0.54986936 0.06609978
34572784.85499373 -3.0316696 -2.324944 8.758525 -0.83110005 -0.11439008 0.5398086 0.0692415
34600902.85499373 -3.091836 -2.2994237 8.789253 -0.8369388 -0.11370313 0.53033423 0.07314869
34629032.85499373 -3.1691866 -2.2909176 8.826412 -0.84320104 -0.11328036 0.5202614 0.074213766
34657172.10499373 -3.2399635 -2.279983 8.857305 -0.84905297 -0.11338648 0.51060444 0.07440267
34685320.85499373 -3.3045597 -2.2791677 8.898405 -0.8553835 -0.11352603 0.50023764 0.07206456
34713481.85499373 -3.3848915 -2.2786498 8.925024 -0.8612648 -0.11421199 0.4901399 0.070295945
34741656.85499373 -3.4625597 -2.2620082 8.956831 -0.86741644 -0.11373387 0.47960666 0.068050124
34769846.10499373 -3.531641 -2.255176 8.985688 -0.8733665 -0.11249798 0.46966425 0.0631719
34798050.85499373 -3.5983162 -2.2311811 8.987738 -0.878631 -0.11106986 0.46067104 0.058764894
34826274.85499373 -3.665968 -2.2248065 9.002648 -0.8835915 -0.10983259 0.45196888 0.054102954
34854519.85499373 -3.7321348 -2.2155428 9.022551 -0.8886508 -0.108248055 0.4428281 0.04985534
34882787.85499373 -3.8066978 -2.195242 9.035173 -0.89323986 -0.10725905 0.43399224 0.047633346
34911082.85499373 -3.8704557 -2.1969018 9.04351 -0.8975089 -0.10672173 0.4255225 0.044931818
34939403.85499373 -3.9322348 -2.1997142 9.04306 -0.90148807 -0.10608383 0.417518 0.041764837
34967755.85499373 -4.0238304 -2.1728067 9.052071 -0.90532225 -0.105034724 0.4095248 0.040605895
34996136.85499373 -4.0796213 -2.1730149 9.067525 -0.90899396 -0.10414138 0.40179175 0.03805117
35024547.85499373 -4.130271 -2.1764112 9.073214 -0.91251075 -0.104035534 0.39404795 0.035026625
35052990.10499373 -4.206085 -2.1662536 9.084506 -0.9160995 -0.10315702 0.38606602 0.032763146
35081461.85499373 -4.291177 -2.1470628 9.093538 -0.91954154 -0.10166155 0.37834942 0.030984089
35109965.85499373 -4.354809 -2.1444685 9.085711 -0.92257214 -0.101391785 0.37102252 0.030374996
35138496.85499373 -4.4443626 -2.1252232 9.090257 -0.9260114 -0.10013199 0.36277336 0.029528601
35167051.85499373 -4.509885 -2.1229794 9.081736 -0.92908025 -0.09905442 0.35515258 0.029406745
35195627.10499373 -4.590047 -2.1004055 9.092178 -0.9323119 -0.09795835 0.34686393 0.0297352
35224220.85499373 -4.673296 -2.0861337 9.086836 -0.9352779 -0.09691304 0.33908004 0.029798998
35252831.85499373 -4.7065287 -2.069268 9.05287 -0.9375788 -0.09626435 0.3328486 0.029849684
35281454.85499373 -4.7828836 -2.0645032 9.058334 -0.94052315 -0.09608808 0.3245343 0.029340435
35310089.85499373 -4.8504124 -2.0456858 9.040756 -0.9428202 -0.096283294 0.31766665 0.030125527
35338735.85499373 -4.9396706 -2.020423 9.0337925 -0.9452684 -0.09653538 0.31009114 0.031499468
35367389.85499373 -5.002516 -2.0195246 9.008554 -0.9472116 -0.09741094 0.30369952 0.032678965
35396051.85499373 -5.0834055 -2.0133915 8.99883 -0.94965386 -0.09726893 0.29597852 0.03306153
35424723.85499373 -5.1633453 -1.9899137 8.975077 -0.9515142 -0.09787194 0.28966686 0.033689123
35453404.85499373 -5.2199793 -1.9918258 8.954069 -0.95357734 -0.09900852 0.2826631 0.031450264
35482096.10499373 -5.3028975 -1.9837235 8.936349 -0.9557468 -0.09972896 0.27504176 0.030890146
35510795.85499373 -5.3762436 -1.9766848 8.908798 -0.9577626 -0.10016374 0.2678369 0.030356523
35539506.85499373 -5.432519 -1.9697573 8.874496 -0.95947665 -0.10021353 0.26167175 0.029829284
35568229.10499373 -5.4988375 -1.9608057 8.850864 -0.96129185 -0.10003263 0.25506726 0.029191844
35596959.85499373 -5.576378 -1.9596978 8.822947 -0.96288925 -0.100054406 0.24891669 0.029562224
35625698.85499373 -5.648532 -1.9567869 8.783954 -0.9642022 -0.10011546 0.24373333 0.029750751
35654447.85499373 -5.7043867 -1.9449093 8.756125 -0.9653359 -0.10026637 0.23880535 0.03233123
35683203.85499373 -5.778638 -1.9350219 8.727897 -0.96627045 -0.10055079 0.23402455 0.037992742
35711966.85499373 -5.8501463 -1.9313352 8.690049 -0.96680063 -0.101883516 0.22992286 0.04529681
35740735.85499373 -5.9177313 -1.9326302 8.649699 -0.96720165 -0.10272891 0.22616325 0.053085376
35769510.85499373 -6.008992 -1.9390514 8.629373 -0.96779287 -0.104198925 0.22099364 0.0606744
35798291.10499373 -6.0718775 -1.9357995 8.583797 -0.96792436 -0.10521028 0.21787271 0.06771137
35827072.85499373 -6.140153 -1.9490123 8.556858 -0.9681163 -0.10657833 0.21471052 0.07274154
35855855.85499373 -6.2023134 -1.9476601 8.511735 -0.96792173 -0.107672885 0.21306957 0.078329675
35884638.85499373 -6.277441 -1.9514382 8.474567 -0.9682241 -0.107887916 0.21061036 0.080905415
35913418.85499373 -6.343651 -1.9572475 8.432252 -0.9680107 -0.10914688 0.2096029 0.084314376
35942193.85499373 -6.4096155 -1.9590571 8.383016 -0.9677113 -0.11097536 0.20950313 0.08560192
35970965.85499373 -6.4704237 -1.9464681 8.334546 -0.9675988 -0.11175868 0.21039017 0.08365808
35999734.85499373 -6.530448 -1.9506671 8.284238 -0.9672689 -0.1143826 0.21101636 0.082339235
36028502.85499373 -6.596076 -1.9492996 8.231798 -0.96695775 -0.116145976 0.21211451 0.08068642
36057272.10499373 -6.654175 -1.9527905 8.176329 -0.9666183 -0.11825737 0.21290694 0.079592235
36086042.85499373 -6.709152 -1.9495236 8.127862 -0.96631163 -0.119633675 0.21399055 0.078343086
36114816.85499373 -6.77468 -1.9451838 8.069411 -0.9661485 -0.12186651 0.21399091 0.0769
36143593.85499373 -6.829562 -1.9503629 8.008444 -0.9658327 -0.12399175 0.21497357 0.07469721
36172373.85499373 -6.877021 -1.9485664 7.940606 -0.9654958 -0.12578668 0.2164461 0.0717402
36201154.85499373 -6.935014 -1.94558 7.8737364 -0.96560794 -0.12670347 0.21638124 0.06875134
36229937.85499373 -6.9878416 -1.9466145 7.8071847 -0.96548134 -0.12837914 0.21695414 0.06554017
36258720.85499373 -7.0439253 -1.9477752 7.7433033 -0.9654514 -0.12929821 0.21727654 0.06305944
36287506.85499373 -7.090249 -1.9436672 7.67501 -0.965273 -0.12976392 0.2177586 0.06317027
36316300.85499373 -7.1446285 -1.942801 7.6028805 -0.9653773 -0.12950319 0.21748297 0.06306204
36345102.85499373 -7.190132 -1.9407899 7.508299 -0.96519476 -0.12930048 0.21813883 0.06400004
36373907.85499373 -7.241624 -1.9384174 7.434295 -0.9654942 -0.12859367 0.2172267 0.06400888
36402716.85499373 -7.283986 -1.9413611 7.348308 -0.96575046 -0.12816107 0.2171401 0.06124656
36431527.85499373 -7.3265886 -1.9409089 7.2735567 -0.96657705 -0.1268952 0.2150377 0.05818311
36460341.10499373 -7.4183674 -1.9508064 7.1692457 -0.9674705 -0.12548965 0.21306776 0.05343512
36489152.10499373 -7.470606 -1.9450126 7.084126 -0.9683906 -0.12258652 0.21150784 0.04956515
36517959.85499373 -7.51134 -1.9389633 6.991057 -0.96942073 -0.1173079 0.2098552 0.04922612
36546768.10499373 -7.5623856 -1.9386194 6.887995 -0.9704158 -0.11195773 0.20859689 0.047393434
36575576.85499373 -7.6115313 -1.9399853 6.787613 -0.9717724 -0.10752175 0.20463485 0.04713939
36604384.85499373 -7.6545563 -1.9443856 6.6930356 -0.9725584 -0.104378395 0.20224525 0.048293833
36633194.85499373 -7.701912 -1.9482027 6.5965405 -0.97326 -0.10161067 0.20031361 0.048113238
36662013.85499373 -7.7586193 -1.9698751 6.5016246 -0.9739392 -0.10143978 0.19766353 0.045625
36690849.85499373 -7.80684 -1.9727126 6.4168215 -0.9746231 -0.10091016 0.19522263 0.042604323
36719704.85499373 -7.870696 -1.9672935 6.302577 -0.9751165 -0.09990881 0.19393763 0.039424684
36748577.85499373 -7.9224625 -1.9753544 6.2230625 -0.97563964 -0.099886686 0.19207054 0.035481222
36777473.10499373 -7.968177 -1.9815274 6.1251664 -0.9761009 -0.09917162 0.19079812 0.031434078
36806390.85499373 -8.030387 -1.9826705 6.0226626 -0.9765665 -0.09828389 0.18949884 0.027356172
36835329.85499373 -8.076808 -1.9859587 5.9195886 -0.97690195 -0.09661442 0.1892342 0.022776086
36864291.85499373 -8.116387 -2.0011234 5.8146205 -0.9769608 -0.09607737 0.18964307 0.018770907
36893274.85499373 -8.178445 -1.9983165 5.712064 -0.97729725 -0.094234675 0.18902689 0.016695688
36922277.85499373 -8.223899 -2.0050259 5.615417 -0.97737443 -0.09338222 0.189206 0.014835173
36951300.85499373 -8.266248 -2.0214844 5.5118403 -0.9773911 -0.09277901 0.18952852 0.013327105
36980341.85499373 -8.319064 -2.0260892 5.412368 -0.9774767 -0.09215483 0.18945964 0.012323594
37009397.85499373 -8.388703 -2.0172734 5.292638 -0.9774622 -0.09153547 0.18981637 0.012600074
37038469.85499373 -8.4415045 -2.033074 5.1903067 -0.9774735 -0.09134654 0.18988536 0.012041521
37067562.85499373 -8.491728 -2.0256267 5.087676 -0.97743845 -0.09010729 0.19061098 0.012743243
37096677.85499373 -8.543491 -2.0394015 4.9844017 -0.9774751 -0.09022011 0.19041833 0.011987749
37125815.85499373 -8.584547 -2.0564847 4.8788605 -0.97725606 -0.09032994 0.19145763 0.012458835
37154978.85499373 -8.65775 -2.0442946 4.7534847 -0.9772937 -0.08895198 0.19190893 0.012468168
37184171.10499373 -8.732884 -2.0350256 4.641343 -0.9772829 -0.08821503 0.19227473 0.012912961
37213388.85499373 -8.774904 -2.032217 4.527375 -0.97710234 -0.08771748 0.19338433 0.0133845
37242628.85499373 -8.837011 -2.0425386 4.411058 -0.9769987 -0.0872205 0.19413775 0.013294882
37271885.85499373 -8.886663 -2.03702 4.303793 -0.976955 -0.08715415 0.19429883 0.014530614
37301155.85499373 -8.961988 -2.026705 4.1749835 -0.9768581 -0.08621366 0.19518532 0.01477248
37330434.85499373 -9.013076 -2.022046 4.061174 -0.9766754 -0.08608195 0.19609953 0.015498411
37359716.85499373 -9.070931 -2.0310411 3.9518485 -0.9766084 -0.08641966 0.19622613 0.016220115
37388998.85499373 -9.130488 -2.0156403 3.8327703 -0.9764017 -0.08518186 0.19773732 0.016847027
37418274.85499373 -9.18278 -2.0168304 3.7230906 -0.9764402 -0.08482874 0.19770707 0.016755376
37447540.85499373 -9.212881 -2.0309083 3.5999308 -0.9760243 -0.08600165 0.19929405 0.016191496
37476791.85499373 -9.271029 -2.0192018 3.4812956 -0.975899 -0.08555528 0.20011549 0.015979158
37506022.10499373 -9.337322 -1.9993926 3.3589385 -0.9758067 -0.08480738 0.20082344 0.016702646
37535229.10499373 -9.40385 -1.9775814 3.23938 -0.9757095 -0.08385474 0.20168476 0.016813297
37564408.85499373 -9.446014 -1.9899131 3.119102 -0.9754179 -0.08467865 0.20293324 0.014411391
37593558.85499373 -9.509089 -1.970183 2.999133 -0.97534704 -0.08333023 0.20402315 0.011348531
37622677.85499373 -9.553128 -1.962382 2.884178 -0.97503674 -0.08251517 0.20609045 0.0046176426
37651766.85499373 -9.616994 -1.935976 2.7622554 -0.9750644 -0.08066967 0.20673886 -0.0009726134
37680823.85499373 -9.675267 -1.9448371 2.6421783 -0.97498155 -0.08017917 0.20717758 -0.0077391234
37709848.85499373 -9.738684 -1.9313045 2.5153234 -0.9746818 -0.07844628 0.20899467 -0.012763499
37738840.85499373 -9.799821 -1.90686 2.4131 -0.97475916 -0.07715514 0.20873024 -0.017981729
37767803.85499373 -9.86368 -1.8876555 2.2893221 -0.9745913 -0.07640989 0.2095146 -0.020905811
37796737.10499373 -9.937024 -1.8675134 2.166082 -0.9745682 -0.07539241 0.20980996 -0.022642797
37825642.85499373 -10.002829 -1.8514452 2.0482066 -0.9746258 -0.07495754 0.2097685 -0.021977423
37854522.85499373 -10.069938 -1.8303461 1.9226809 -0.9744447 -0.075528435 0.21049687 -0.021075342
37883376.85499373 -10.134868 -1.802112 1.8017597 -0.9744657 -0.075424194 0.21053185 -0.020103116
37912208.85499373 -10.204926 -1.8076525 1.6820173 -0.9741753 -0.07727908 0.21126616 -0.019418959
37941016.85499373 -10.277638 -1.7856461 1.5617285 -0.9741325 -0.077790454 0.21137656 -0.01829127
37969798.85499373 -10.356114 -1.7618796 1.4401278 -0.9741704 -0.07729194 0.21155722 -0.01617426
37998553.85499373 -10.426503 -1.7416806 1.3085012 -0.97396123 -0.07808115 0.21242751 -0.013324651
38027286.85499373 -10.4827385 -1.7418833 1.204545 -0.97390765 -0.07918803 0.21236935 -0.011510709
38055998.85499373 -10.555013 -1.7242944 1.084609 -0.9738175 -0.080243 0.2125324 -0.008396225
38084691.85499373 -10.630268 -1.6913433 0.9632144 -0.9738232 -0.08020475 0.21259591 -0.0062239277
38113363.85499373 -10.692975 -1.6692162 0.8392854 -0.97370684 -0.08061706 0.21300961 -0.004772524
38142020.85499373 -10.769451 -1.6486952 0.7208414 -0.97363955 -0.08143571 0.21300848 -0.0046720332
38170666.10499373 -10.847724 -1.6260207 0.5908966 -0.97353286 -0.08182968 0.21337493 -0.002966789
38199297.85499373 -10.929789 -1.6163135 0.46601772 -0.9734655 -0.082256444 0.21353431 -0.0013742206
38227918.85499373 -10.999138 -1.5979397 0.3348875 -0.973241 -0.083195016 0.2141743 0.003162739
38256527.85499373 -11.080779 -1.5723629 0.20060825 -0.9732098 -0.08342811 0.21400976 0.0101172095
38285126.10499373 -11.143464 -1.5538461 0.08018112 -0.9729719 -0.08390577 0.21456242 0.01576663
38313716.85499373 -11.229343 -1.5223228 -0.042980194 -0.9729087 -0.08470952 0.21409217 0.02091891
38342301.85499373 -11.302002 -1.5066799 -0.16544342 -0.9727091 -0.08570826 0.21420084 0.0246817
38370882.85499373 -11.379894 -1.4786153 -0.29465485 -0.97253996 -0.08591501 0.21458355 0.027177213
38399463.85499373 -11.457286 -1.4624894 -0.4165764 -0.9724369 -0.08648364 0.21482061 0.027187053
38428044.85499373 -11.531507 -1.4485141 -0.53966045 -0.97222346 -0.08719628 0.21554334 0.026822742
38456622.85499373 -11.613824 -1.4373406 -0.67288303 -0.97206914 -0.0881484 0.21597712 0.025796684
38485194.10499373 -11.704968 -1.417641 -0.8072367 -0.97185224 -0.089506954 0.21642072 0.025572276
38513757.85499373 -11.79134 -1.4014524 -0.93798923 -0.9716878 -0.08997844 0.21707262 0.02462424
38542316.10499373 -11.883546 -1.3778298 -1.076541 -0.971634 -0.09049589 0.21705164 0.025032785
38570871.85499373 -11.955437 -1.3659294 -1.2051983 -0.97143483 -0.09170645 0.21750592 0.024402108
38599428.85499373 -12.046673 -1.3564217 -1.3330355 -0.971396 -0.092721336 0.217297 0.02397131
38627988.85499373 -12.12039 -1.3371177 -1.4701996 -0.9713252 -0.09301095 0.21745314 0.024299249
38656554.85499373 -12.167935 -1.32411 -1.6066103 -0.9711303 -0.09379201 0.21790649 0.025016064
38685126.85499373 -12.255682 -1.3175954 -1.7455549 -0.9710778 -0.093987115 0.21768615 0.028056696
38713703.85499373 -12.336121 -1.2995336 -1.8812313 -0.97093916 -0.093851455 0.21769977 0.03280092
38742283.85499373 -12.405622 -1.2729107 -2.0303135 -0.9707163 -0.09413077 0.21778804 0.037652154
38770865.85499373 -12.481527 -1.2612526 -2.1789742 -0.97041833 -0.09514105 0.2174275 0.044291202
38799446.85499373 -12.55632 -1.2496467 -2.314887 -0.9704183 -0.09637182 0.21561944 0.05009188
38828026.85499373 -12.629244 -1.235146 -2.4520435 -0.9704464 -0.09807737 0.21358107 0.054752953
38856602.10499373 -12.7073765 -1.2225353 -2.5955887 -0.9705531 -0.099258274 0.21109356 0.060116876
38885171.85499373 -12.789952 -1.2174132 -2.7374344 -0.97097737 -0.09902926 0.20817855 0.06370092
38913741.85499373 -12.864372 -1.2048955 -2.882104 -0.97119796 -0.09916257 0.20592915 0.06733925
38942315.85499373 -12.946937 -1.1943072 -3.0202093 -0.9718798 -0.09825784 0.20276561 0.06841943
38970895.85499373 -13.016914 -1.1830748 -3.178072 -0.97212625 -0.09849342 0.2010673 0.0695815
38999482.85499373 -13.093391 -1.1719532 -3.3200636 -0.972728 -0.09845234 0.1983726 0.06896184
39028075.10499373 -13.168177 -1.1633732 -3.463726 -0.9732605 -0.09852153 0.19607541 0.06791149
39056672.85499373 -13.237701 -1.1503761 -3.6205196 -0.9738286 -0.098338135 0.19340818 0.06768105
39085279.85499373 -13.295183 -1.1403615 -3.7720022 -0.9744296 -0.09861519 0.19001473 0.06823746
39113900.85499373 -13.366495 -1.129816 -3.9215775 -0.9753822 -0.098285496 0.18532453 0.068002835
39142540.10499373 -13.426473 -1.119934 -4.0798845 -0.9761893 -0.09802311 0.18149392 0.067126326
39171202.85499373 -13.4903345 -1.1110137 -4.2242165 -0.97692245 -0.09818474 0.1775066 0.06688558
39199899.85499373 -13.558215 -1.1037667 -4.3747635 -0.9779123 -0.09796696 0.17296518 0.064599335
39228615.85499373 -13.633513 -1.0911493 -4.526924 -0.97901475 -0.09735902 0.16801995 0.06181172
39257376.10499373 -13.692954 -1.0855968 -4.6845064 -0.97990036 -0.097486496 0.16379482 0.058848146
39286207.10499373 -13.757869 -1.0826467 -4.834141 -0.98092103 -0.096935645 0.15922329 0.055184793
39315092.85499373 -13.821255 -1.0739238 -4.9895544 -0.98181605 -0.096054144 0.15524179 0.052066524
39344034.10499373 -13.888496 -1.0747424 -5.1464577 -0.98259073 -0.095978655 0.15089047 0.05035469
39373026.85499373 -13.953823 -1.0722606 -5.304803 -0.9833868 -0.09519705 0.14648664 0.049290907
39402068.85499373 -14.0103035 -1.0641448 -5.465684 -0.9839337 -0.09308532 0.14402603 0.049660094
39431150.85499373 -14.073336 -1.059817 -5.623542 -0.98450613 -0.09101536 0.14157248 0.049205706
39460260.85499373 -14.131837 -1.0597463 -5.7841816 -0.98514974 -0.08943601 0.13891868 0.04672073
39489385.85499373 -14.191082 -1.0671203 -5.9381647 -0.9857476 -0.089313455 0.13596408 0.042879608
39518516.85499373 -14.246372 -1.0730753 -6.096302 -0.98625815 -0.0886788 0.13420151 0.03769465
39547651.85499373 -14.306377 -1.0764775 -6.250553 -0.98683333 -0.08778932 0.13187055 0.0326058
39576793.85499373 -14.353728 -1.0807409 -6.419965 -0.9871504 -0.08747056 0.13070107 0.028289573
39605946.85499373 -14.410222 -1.086925 -6.5708666 -0.9876288 -0.086554095 0.1284908 0.024246177
39635099.85499373 -14.461066 -1.1013106 -6.724165 -0.9879356 -0.08617627 0.12678097 0.02198929
39664242.85499373 -14.55367 -1.1058987 -6.8774395 -0.9884262 -0.08547954 0.123509556 0.021267502
39693359.85499373 -14.654692 -1.1037648 -7.064458 -0.9888066 -0.08371013 0.12156556 0.021816602
39722439.85499373 -14.696416 -1.1032321 -7.2330008 -0.9890522 -0.0830862 0.1197175 0.023241827
39751473.10499373 -14.762573 -1.1148658 -7.383463 -0.9892529 -0.08300426 0.11786693 0.024419138
39780454.85499373 -14.800139 -1.1313591 -7.544035 -0.98934263 -0.08311348 0.11692895 0.024920747
39809378.85499373 -14.86174 -1.1426388 -7.711649 -0.9895813 -0.082244545 0.115544565 0.024786247
39838242.85499373 -14.938761 -1.143169 -7.884426 -0.9898828 -0.0815322 0.11338457 0.025070671
39867041.85499373 -14.991152 -1.1675522 -8.03952 -0.99005985 -0.08176722 0.11177194 0.024547845
39895772.85499373 -15.06293 -1.1702353 -8.215504 -0.9902835 -0.08100172 0.11013278 0.025458468
39924436.85499373 -15.123854 -1.1786202 -8.395105 -0.99055946 -0.07969632 0.108362794 0.026420308
39953033.85499373 -15.185102 -1.1980917 -8.558518 -0.99083245 -0.07966881 0.10556799 0.027557762
39981566.85499373 -15.245128 -1.2091717 -8.73232 -0.99114 -0.079087295 0.10270978 0.02893718
40010034.85499373 -15.310087 -1.2286103 -8.913355 -0.9913415 -0.07901476 0.10016658 0.031072637
40038439.85499373 -15.379717 -1.2343798 -9.079784 -0.9917589 -0.07862506 0.09557614 0.033133443
40066783.85499373 -15.431967 -1.2427317 -9.261037 -0.992066 -0.077725396 0.0921006 0.035796724
40095068.85499373 -15.490322 -1.2615547 -9.425549 -0.9923215 -0.0777753 0.0879188 0.038980033
40123297.10499373 -15.563019 -1.2686629 -9.592303 -0.99260175 -0.07735122 0.08356448 0.042139016
40151470.85499373 -15.627504 -1.2835717 -9.766305 -0.992802 -0.07687818 0.07919983 0.046491425
40179589.85499373 -15.667372 -1.3035032 -9.925752 -0.99277955 -0.0778133 0.075491 0.051331773
40207656.85499373 -15.713299 -1.3120202 -10.093999 -0.99286366 -0.07689473 0.071809724 0.05614595
40235671.85499373 -15.763796 -1.3118626 -10.268025 -0.9929456 -0.074626304 0.06772228 0.06247902
40263636.85499373 -15.8186245 -1.3226404 -10.432951 -0.993025 -0.07161196 0.062221996 0.07001146
40291561.85499373 -15.856487 -1.3430054 -10.58418 -0.9930561 -0.068672284 0.056800175 0.07679502
40319456.85499373 -15.905706 -1.3628018 -10.745846 -0.99307144 -0.06642936 0.0506102 0.08267309
40347334.85499373 -15.972979 -1.3710966 -10.925593 -0.9932319 -0.06341953 0.043303657 0.08713901
40375203.85499373 -16.022102 -1.3727542 -11.102394 -0.99342656 -0.060530826 0.035905443 0.090279885
40403075.85499373 -16.046719 -1.3827465 -11.284614 -0.9936278 -0.057984773 0.029019054 0.092192985
40430960.85499373 -16.104296 -1.3986291 -11.425391 -0.9940465 -0.055729937 0.020148337 0.09143203
40458870.85499373 -16.136734 -1.409907 -11.593627 -0.9943466 -0.05294929 0.01249238 0.09118782
40486813.85499373 -16.183523 -1.4363188 -11.760999 -0.99448735 -0.0510491 0.003382913 0.09152942
40514799.85499373 -16.21182 -1.4829794 -11.907851 -0.99460673 -0.049831994 -0.0053106877 0.09080801
40542837.85499373 -16.258856 -1.5076381 -12.075168 -0.9946347 -0.046788473 -0.015073664 0.091024876
40570941.10499373 -16.287807 -1.5412416 -12.22825 -0.9944948 -0.04478986 -0.024259679 0.09157226
40599113.85499373 -16.320883 -1.5816288 -12.381243 -0.9943076 -0.043833178 -0.033593062 0.09111946
40627368.85499373 -16.351494 -1.5952122 -12.540781 -0.99406576 -0.0434972 -0.04319937 0.08986214
40655714.85499373 -16.38053 -1.614354 -12.703096 -0.99368095 -0.043745853 -0.052053615 0.08930266
40684158.85499373 -16.414717 -1.645742 -12.868137 -0.99318206 -0.045035798 -0.06131502 0.08832689
40712709.10499373 -16.452808 -1.6706986 -13.032182 -0.99263 -0.045748506 -0.07059065 0.08723413
40741368.85499373 -16.467342 -1.7104731 -13.176537 -0.99192685 -0.046065524 -0.07923483 0.08764088
40770140.85499373 -16.49789 -1.7402856 -13.340351 -0.99126345 -0.045752406 -0.08763911 0.0873099
40799027.85499373 -16.50829 -1.7637069 -13.49949 -0.9904813 -0.046038132 -0.0959206 0.08733037
40828030.85499373 -16.5226 -1.7866156 -13.67695 -0.98965627 -0.045706086 -0.10361125 0.08806961
40857151.85499373 -16.549469 -1.8320239 -13.827274 -0.9886423 -0.04616984 -0.11216422 0.08873646
40886395.10499373 -16.562069 -1.8510838 -13.980282 -0.98737496 -0.045742206 -0.12067307 0.09184962
40915756.85499373 -16.56838 -1.8603922 -14.136114 -0.9860662 -0.044583376 -0.12904981 0.095036365
40945238.85499373 -16.60243 -1.9039335 -14.31208 -0.9843346 -0.044746585 -0.13831832 0.09975631
40974836.85499373 -16.618544 -1.9417673 -14.459864 -0.98272467 -0.04510682 -0.14695828 0.10305809
41004553.85499373 -16.633907 -1.9476238 -14.627338 -0.98130256 -0.04463058 -0.1547991 0.10531253
41034390.10499373 -16.642923 -1.9907669 -14.784633 -0.97973406 -0.046878062 -0.1632227 0.1062171
41064349.85499373 -16.651646 -2.0123355 -14.9362955 -0.9783018 -0.04845141 -0.17099239 0.10648747
41094431.85499373 -16.65571 -2.0582595 -15.091953 -0.9767543 -0.051545713 -0.17920665 0.105731115
41124640.85499373 -16.650755 -2.0551076 -15.253351 -0.975149 -0.051553532 -0.18765147 0.105894946
41154979.85499373 -16.65435 -2.073812 -15.397052 -0.97318876 -0.05240341 -0.19715405 0.10624488
41185447.10499373 -16.65264 -2.0937006 -15.556668 -0.9710502 -0.052465558 -0.2073023 0.10646435
41216042.85499373 -16.642117 -2.1034782 -15.73084 -0.9683989 -0.05111597 -0.21895778 0.107926756
41246769.10499373 -16.642235 -2.1188664 -15.889315 -0.9654321 -0.048668902 -0.23030593 0.11194366
41277624.85499373 -16.637314 -2.1449153 -16.028826 -0.96197337 -0.045432296 -0.24158736 0.1190751
41308611.85499373 -16.622417 -2.1620553 -16.186958 -0.9582284 -0.041820653 -0.25315803 0.12633504
41339726.10499373 -16.609203 -2.1889389 -16.34726 -0.95413476 -0.039469708 -0.26595753 0.13166487
41370964.85499373 -16.594961 -2.2042425 -16.497229 -0.9503361 -0.03851517 -0.27765667 0.13522129
41402324.10499373 -16.571922 -2.206364 -16.649338 -0.9464778 -0.039003223 -0.28967 0.13693073
41433796.85499373 -16.55022 -2.2145276 -16.797672 -0.94259757 -0.040548556 -0.30179977 0.1370493
41465378.85499373 -16.527243 -2.2375875 -16.956543 -0.93828374 -0.042737484 -0.31489742 0.13651645
41497070.85499373 -16.502134 -2.2509058 -17.100094 -0.9339837 -0.04490403 -0.32725197 0.13625084
41528869.85499373 -16.469704 -2.264781 -17.24401 -0.9293582 -0.04635487 -0.3399313 0.13635
41560780.85499373 -16.435244 -2.2680678 -17.403034 -0.92437786 -0.047610756 -0.35341787 0.13547942
41592797.85499373 -16.39827 -2.2781146 -17.549255 -0.9190748 -0.048535775 -0.36705714 0.13496259
41624918.85499373 -16.360495 -2.2902007 -17.692568 -0.9135037 -0.049920935 -0.38057947 0.13482611
41657141.85499373 -16.3158 -2.281137 -17.839235 -0.9075773 -0.050447274 -0.3943652 0.13503574
41689462.85499373 -16.275967 -2.293088 -17.973854 -0.9010791 -0.052567568 -0.40903476 0.13410355
41721880.85499373 -16.223751 -2.2939146 -18.12284 -0.893726 -0.05380769 -0.42469475 0.13413818
41754394.85499373 -16.170979 -2.296011 -18.262825 -0.88616264 -0.055307545 -0.44003817 0.13425125
41787002.85499373 -16.11633 -2.2880733 -18.403368 -0.8780526 -0.056097496 -0.45593524 0.13416316
41819696.85499373 -16.05795 -2.2934394 -18.54458 -0.8692911 -0.058224574 -0.47238493 0.1333991
41852471.85499373 -15.993065 -2.2888336 -18.679157 -0.8607021 -0.059228152 -0.48796818 0.13255577
41885319.85499373 -15.92905 -2.2852309 -18.816292 -0.85154676 -0.059943885 -0.5038609 0.13190584
41918232.10499373 -15.860239 -2.2846127 -18.949038 -0.8418794 -0.06005749 -0.5201518 0.13066895
41951198.85499373 -15.788244 -2.2820957 -19.079105 -0.83224034 -0.058689766 -0.53598136 0.12905645
41984216.85499373 -15.717184 -2.2809322 -19.20515 -0.8221167 -0.056565754 -0.5519491 0.12758037
42018390.85499373 -15.637707 -2.278813 -19.338364 -0.81086725 -0.05406046 -0.56888443 0.12626307
42051430.85499373 -15.55555 -2.2694373 -19.463345 -0.7993763 -0.05138213 -0.5852098 0.12604374
42084600.85499373 -15.473358 -2.2690084 -19.583319 -0.7879489 -0.04971944 -0.6008349 0.12514794
42117842.85499373 -15.395101 -2.267993 -19.70406 -0.77573335 -0.04757805 -0.6170152 0.123557255
42151178.85499373 -15.306101 -2.259013 -19.80885 -0.763811 -0.04549684 -0.6322477 0.12159622
42184630.85499373 -15.231177 -2.276103 -19.935888 -0.750688 -0.0433036 -0.6478645 0.1219181
42218231.10499373 -15.143892 -2.2945063 -20.05521 -0.7377155 -0.040626068 -0.66284657 0.121490575
42252001.85499373 -15.060418 -2.2982633 -20.179333 -0.72409993 -0.03630492 -0.6780068 0.12111158
42285949.85499373 -14.958435 -2.2908583 -20.280434 -0.7117596 -0.030462582 -0.6913672 0.1203398
42320077.85499373 -14.856208 -2.3048558 -20.401989 -0.6984297 -0.02484528 -0.705078 0.1201818
42354378.85499373 -14.759404 -2.3050246 -20.48975 -0.68529916 -0.017614642 -0.7181532 0.11962762
42388843.85499373 -14.6646595 -2.2980976 -20.588644 -0.67259896 -0.009963128 -0.73013175 0.12007934
42423458.85499373 -14.564458 -2.3158202 -20.696302 -0.65920293 -0.0036568225 -0.7421831 0.12084069
42458208.85499373 -14.473031 -2.314623 -20.780678 -0.6467787 0.0028206564 -0.7529508 0.12138569
42493077.85499373 -14.372971 -2.3112788 -20.87407 -0.6334399 0.009418948 -0.76402205 0.12221133
42528049.85499373 -14.282737 -2.3070095 -20.955502 -0.62129056 0.015392932 -0.7736416 0.123450086
42563110.85499373 -14.163881 -2.3059907 -21.055382 -0.60837084 0.022035934 -0.7834704 0.12479425
42598249.10499373 -14.054361 -2.2897336 -21.137093 -0.5960125 0.028323535 -0.79258406 0.12560879
42633450.85499373 -13.9484215 -2.2953277 -21.220695 -0.5831776 0.035294957 -0.8016525 0.12653662
42668707.85499373 -13.863844 -2.2776117 -21.264122 -0.5706849 0.043115456 -0.8100266 0.12773709
42704011.85499373 -13.750702 -2.2574463 -21.341095 -0.5579492 0.051821977 -0.8182993 0.128037
42739352.85499373 -13.646027 -2.2188547 -21.389256 -0.5459889 0.05953594 -0.82570446 0.12870067
42774721.85499373 -13.565931 -2.191905 -21.433033 -0.53372884 0.06541132 -0.8330382 0.13000876
42810113.10499373 -13.494509 -2.1656098 -21.465708 -0.5210397 0.06724805 -0.84084386 0.13029589
42845521.85499373 -13.42988 -2.108259 -21.499727 -0.50782734 0.068950035 -0.8485246 0.13177022
42880940.85499373 -13.311469 -2.0907767 -21.541992 -0.494549 0.06651373 -0.85636616 0.13279438
42916365.85499373 -13.219801 -2.060025 -21.575497 -0.4804825 0.06351512 -0.86438453 0.13394725
42951793.10499373 -13.114369 -2.0281053 -21.632961 -0.4651981 0.060547583 -0.8728712 0.13424109
42987216.85499373 -13.024721 -2.0206678 -21.633596 -0.4511231 0.05665744 -0.88046515 0.1343841
43022638.85499373 -12.956131 -1.9742858 -21.671219 -0.43561152 0.054122288 -0.88851994 0.13358824
43058054.85499373 -12.85327 -1.9361244 -21.68407 -0.4212412 0.05091441 -0.8956176 0.1335395
43093457.85499373 -12.768526 -1.9143195 -21.69437 -0.40649754 0.048129477 -0.9025588 0.13353239
43128842.85499373 -12.672527 -1.8863051 -21.706448 -0.39191625 0.04649482 -0.9090677 0.13355106
43164204.85499373 -12.606319 -1.8460993 -21.698933 -0.37795067 0.045731016 -0.91504896 0.13321923
43199537.85499373 -12.529342 -1.8114387 -21.700827 -0.3643062 0.044838585 -0.92057896 0.13343506
43234839.85499373 -12.447351 -1.784417 -21.675026 -0.35108823 0.043849446 -0.9257386 0.13350068
43270106.85499373 -12.370974 -1.7664824 -21.667562 -0.33757377 0.042066365 -0.9307443 0.13412513
43305334.85499373 -12.282263 -1.7211916 -21.651886 -0.3247334 0.04180199 -0.93545425 0.13314001
43340519.85499373 -12.210449 -1.6824931 -21.618395 -0.3119651 0.040993217 -0.9399373 0.13234542
43375660.85499373 -12.132459 -1.6555841 -21.594017 -0.29945558 0.039928794 -0.9441479 0.13159366
43410754.85499373 -12.062792 -1.6282371 -21.552334 -0.28774655 0.039165605 -0.947849 0.13134073
43445795.85499373 -11.990651 -1.5930347 -21.526348 -0.276162 0.03848322 -0.95132613 0.13127176
43480776.85499373 -11.922605 -1.5487118 -21.459904 -0.26772535 0.037143275 -0.9540456 0.12938564
43515693.85499373 -11.810711 -1.4842355 -21.397913 -0.25930944 0.03698048 -0.95655465 0.12804025
43550543.85499373 -11.730102 -1.4668182 -21.346561 -0.25205448 0.03453201 -0.9586594 0.12746851
43585324.85499373 -11.647 -1.432386 -21.290766 -0.24689195 0.030360589 -0.960491 0.12481864
43620035.85499373 -11.584679 -1.3925525 -21.249329 -0.24251932 0.02569373 -0.96210665 0.12196336
43654677.85499373 -11.51606 -1.3887925 -21.180159 -0.23985462 0.018198978 -0.9631381 0.12043082
43689250.85499373 -11.404732 -1.3627914 -21.117256 -0.23736483 0.012937999 -0.96417814 0.1176904
43723751.85499373 -11.368691 -1.4013265 -21.032454 -0.23825376 0.006368612 -0.96388274 0.118847884
43758184.85499373 -11.291541 -1.349007 -20.949572 -0.23856169 0.00270186 -0.96415126 0.11616094
43792550.85499373 -11.225205 -1.3230089 -20.88993 -0.23867646 0.00045672443 -0.9642272 0.11532302
43826853.85499373 -11.148704 -1.3005406 -20.81763 -0.23964891 -0.0023443585 -0.96413326 0.114061095
43861100.85499373 -11.0800085 -1.2752644 -20.70918 -0.24029379 0.0005410076 -0.96409106 0.11308045
43895294.85499373 -10.964408 -1.2556367 -20.644243 -0.23979828 0.0028739476 -0.9642728 0.11254594
43929441.85499373 -10.875536 -1.2221769 -20.536058 -0.24098668 0.0042440104 -0.9641658 0.110868126
43963539.85499373 -10.813493 -1.2382636 -20.448538 -0.24123478 0.0033424709 -0.9639867 0.11191239
43997594.85499373 -10.757629 -1.1979725 -20.350113 -0.24320331 0.003975726 -0.96362233 0.110762924
44031611.10499373 -10.686052 -1.1764377 -20.247248 -0.2443697 0.001184808 -0.96347153 0.10956564
44065589.85499373 -10.608042 -1.1536908 -20.143002 -0.24566893 -0.0029970012 -0.9633415 0.107754596
44099531.85499373 -10.553301 -1.1452575 -20.051603 -0.24790353 -0.010664723 -0.9629717 0.10543156
44133441.85499373 -10.476341 -1.1136593 -19.935713 -0.24962549 -0.017304521 -0.9627145 0.10280324
44167322.85499373 -10.396469 -1.11448 -19.82899 -0.25113258 -0.024412693 -0.9623701 0.10089742
44201180.85499373 -10.33193 -1.1091816 -19.730764 -0.25283238 -0.03132378 -0.96185917 0.099607244
44235019.10499373 -10.248133 -1.0892515 -19.617281 -0.25393552 -0.037905477 -0.9615257 0.09771556
44268844.85499373 -10.180792 -1.0821652 -19.521568 -0.25511056 -0.04266857 -0.96113545 0.09652365
44302661.85499373 -10.092281 -1.0653336 -19.39492 -0.25606024 -0.047226693 -0.9608488 0.09472273
44336473.85499373 -10.011389 -1.0725667 -19.29415 -0.2561787 -0.051468894 -0.9606451 0.09425767
44370284.85499373 -9.928276 -1.0534179 -19.161608 -0.25791165 -0.053844083 -0.96016157 0.09312472
44404096.85499373 -9.848106 -1.0487002 -19.062946 -0.25751412 -0.056173805 -0.9602154 0.09229016
44437911.85499373 -9.751758 -1.0549457 -18.939098 -0.25770697 -0.057342805 -0.96007425 0.09250122
44471733.85499373 -9.66374 -1.0145928 -18.811405 -0.2573534 -0.054698244 -0.9604289 0.09139897
44505559.10499373 -9.580065 -0.99378765 -18.65827 -0.25929216 -0.05208452 -0.9600809 0.09110161
44539388.85499373 -9.506993 -1.0144944 -18.561893 -0.25837705 -0.049492653 -0.96028256 0.09300181
44573223.85499373 -9.409642 -1.0230805 -18.439278 -0.2581475 -0.045717422 -0.96040964 0.09425034
44607055.85499373 -9.321102 -0.96805763 -18.283678 -0.25823405 -0.04084174 -0.9607493 0.09277908
44640886.85499373 -9.226702 -0.95159817 -18.15564 -0.25768358 -0.03610581 -0.9610127 0.09354258
44674711.85499373 -9.121634 -0.95849824 -18.028189 -0.2567708 -0.033101752 -0.9613433 0.09376662
44708530.85499373 -9.025504 -0.95425993 -17.872925 -0.2559497 -0.02968802 -0.9616506 0.094003044
44742337.85499373 -8.923765 -0.95225024 -17.746372 -0.25489748 -0.025714874 -0.9619714 0.094747074
44776125.85499373 -8.827343 -0.92677367 -17.611341 -0.25345466 -0.022368738 -0.96251094 0.09398445
44809890.85499373 -8.746079 -0.9212903 -17.471298 -0.25190425 -0.021143563 -0.9628626 0.094830655
44843630.85499373 -8.615618 -0.89684093 -17.310993 -0.25011483 -0.021620464 -0.96348494 0.093123466
44877341.85499373 -8.535719 -0.9050642 -17.166794 -0.2484552 -0.022430133 -0.96387225 0.09336633
44911015.85499373 -8.454316 -0.9155407 -17.036247 -0.24642798 -0.0246204 -0.9642831 0.09394262
44944650.85499373 -8.351165 -0.88702875 -16.87448 -0.24477345 -0.027003419 -0.96490157 0.09122421
44978248.85499373 -8.265267 -0.8958122 -16.732952 -0.24445517 -0.033608522 -0.96483654 0.09056897
45011807.85499373 -8.166338 -0.88139856 -16.561972 -0.24326862 -0.041354805 -0.96495897 0.0892435
45045325.85499373 -8.0528965 -0.8799869 -16.408792 -0.24184723 -0.04776176 -0.96508926 0.08849604
45078805.10499373 -7.962419 -0.86632514 -16.272717 -0.24046272 -0.051864497 -0.9653042 0.087610684
45112248.85499373 -7.861622 -0.8721314 -16.128778 -0.23857558 -0.053465232 -0.9657851 0.086500496
45145666.85499373 -7.7487807 -0.8466126 -15.982254 -0.23674855 -0.052569132 -0.9664552 0.08456291
45179063.85499373 -7.634608 -0.8419135 -15.810521 -0.23605326 -0.05192842 -0.96668005 0.08433269
45212441.85499373 -7.54797 -0.8470057 -15.684582 -0.23471694 -0.051455073 -0.9670157 0.084504455
45245796.85499373 -7.4497285 -0.8266696 -15.519087 -0.23474282 -0.04986979 -0.9671497 0.083847366
45279126.85499373 -7.3418055 -0.8205403 -15.362386 -0.23304789 -0.04971384 -0.9674931 0.08470177
45312429.10499373 -7.2364483 -0.8134233 -15.1978035 -0.23168936 -0.050438 -0.96768147 0.08584102
45345698.85499373 -7.1296434 -0.8174572 -15.048245 -0.22938353 -0.050596483 -0.96802235 0.08806784
45378927.85499373 -7.0267525 -0.8147963 -14.887302 -0.2279297 -0.05062679 -0.96823555 0.08947049
45412111.85499373 -6.908967 -0.8073755 -14.726397 -0.2256972 -0.048120387 -0.96887946 0.08954182
45445248.85499373 -6.796908 -0.7822448 -14.554522 -0.22460797 -0.04479075 -0.9694097 0.08826041
45478332.85499373 -6.6942773 -0.77516544 -14.391303 -0.22303875 -0.04396865 -0.96983093 0.088025264
45511359.10499373 -6.5861835 -0.75880325 -14.216265 -0.2213387 -0.04283631 -0.9702842 0.08787949
45544321.85499373 -6.471047 -0.7532785 -14.054331 -0.21812811 -0.04236343 -0.97094804 0.08880019
45577220.85499373 -6.366135 -0.7440554 -13.872979 -0.21575488 -0.0411364 -0.97150576 0.089073956
45610060.10499373 -6.2602615 -0.72592545 -13.706075 -0.21245511 -0.040986437 -0.9724143 0.08714069
45642842.85499373 -6.1433997 -0.7149215 -13.528604 -0.20891987 -0.040725864 -0.973286 0.086071715
45675579.85499373 -6.0421853 -0.69922477 -13.363643 -0.2069366 -0.040036805 -0.97381616 0.0851844
45708276.85499373 -5.931543 -0.6851475 -13.194995 -0.20341338 -0.040192872 -0.9746982 0.08349329
45740943.10499373 -5.8251286 -0.67204434 -13.02284 -0.20061582 -0.040035382 -0.9753383 0.08285965
45773589.85499373 -5.7154584 -0.66265357 -12.8571205 -0.19574355 -0.040183328 -0.97627974 0.083352976
45806220.85499373 -5.6139684 -0.65735966 -12.688472 -0.1915922 -0.039659727 -0.97708905 0.083764456
45838836.85499373 -5.504063 -0.64732635 -12.515295 -0.18606092 -0.039743993 -0.9782151 0.08304858
45871420.85499373 -5.395283 -0.63102305 -12.335883 -0.18113655 -0.03931316 -0.97926486 0.08175813
45903935.85499373 -5.2873993 -0.622874 -12.161 -0.1756151 -0.039420888 -0.98027146 0.08168999
45936345.85499373 -5.1800046 -0.61584747 -11.9899025 -0.17015974 -0.039315317 -0.98124915 0.08154842
45968622.10499373 -5.0675106 -0.6017444 -11.816534 -0.16427197 -0.038856298 -0.9823453 0.08063983
46000753.85499373 -4.9672446 -0.593394 -11.639601 -0.1587234 -0.038350463 -0.9833243 0.080059275
46032743.85499373 -4.861235 -0.5875685 -11.469284 -0.15356976 -0.03805692 -0.98421705 0.07927779
46064600.85499373 -4.7521 -0.57809234 -11.304029 -0.14875208 -0.036388077 -0.98503274 0.079115145
46096334.85499373 -4.658586 -0.57516 -11.128996 -0.14416257 -0.0359537 -0.9859091 0.07686216
46127948.85499373 -4.5480156 -0.5612004 -10.95257 -0.13924153 -0.03530041 -0.9867857 0.074964546
46159441.85499373 -4.4453244 -0.5486453 -10.772861 -0.13341515 -0.03491854 -0.98773277 0.0732466
46190815.85499373 -4.3425364 -0.54300505 -10.604843 -0.12684138 -0.033970375 -0.98881626 0.07070906
46222071.85499373 -4.250431 -0.541306 -10.437184 -0.120860346 -0.029061768 -0.9899426 0.06754111
46253212.10499373 -4.1385946 -0.5287887 -10.2723875 -0.114210404 -0.020014253 -0.9912837 0.062545985
46284239.85499373 -4.0368986 -0.5323595 -10.107943 -0.1077374 -0.007875515 -0.9924712 0.057719715
46315157.85499373 -3.968286 -0.54469043 -9.94838 -0.10182155 0.0063517974 -0.99339294 0.05256
46345969.85499373 -3.899424 -0.55274683 -9.784649 -0.09636905 0.02021109 -0.9939836 0.047970545
46376673.85499373 -3.7732666 -0.5537615 -9.5921955 -0.08959352 0.03180868 -0.9945347 0.04315156
46407276.85499373 -3.6842518 -0.5655195 -9.450179 -0.08298106 0.042433277 -0.99483186 0.040289793
46437784.10499373 -3.6108081 -0.5552193 -9.259614 -0.076881245 0.05081166 -0.99504364 0.03735828
46468205.85499373 -3.5371373 -0.55035347 -9.094454 -0.07074265 0.056496166 -0.9952585 0.035554647
46498556.85499373 -3.4539514 -0.543738 -8.919543 -0.0643061 0.060749512 -0.99546456 0.034995146
46528847.85499373 -3.3805199 -0.5506294 -8.771449 -0.058176212 0.0657839 -0.99553573 0.034593794
46559089.85499373 -3.2996318 -0.55517155 -8.605611 -0.052010577 0.06952343 -0.9956448 0.033955384
46589294.85499373 -3.2193382 -0.5410254 -8.422252 -0.044816036 0.07263845 -0.99581283 0.032741673
46619474.85499373 -3.156583 -0.5414139 -8.261271 -0.03861349 0.07650542 -0.99581397 0.031789895
46649639.85499373 -3.0809238 -0.54973555 -8.086193 -0.03162516 0.081958376 -0.99566185 0.030663362
46679798.85499373 -3.0207376 -0.5547808 -7.918987 -0.024723213 0.08589589 -0.9955695 0.029190227
46709955.10499373 -2.9409637 -0.5445289 -7.746748 -0.017814 0.089423634 -0.99545676 0.02742301
46740112.85499373 -2.8753176 -0.5496434 -7.587013 -0.010743982 0.09358066 -0.99518937 0.02693312
46770278.85499373 -2.827354 -0.5503285 -7.4155126 -0.0036696903 0.09692454 -0.99493605 0.02635324
46800455.85499373 -2.7630749 -0.5707007 -7.2572074 0.0044996697 0.100986324 -0.9945369 0.026037991
46830642.85499373 -2.7181478 -0.5700225 -7.0867815 0.011281372 0.10580131 -0.99400043 0.025335751
46860842.85499373 -2.6761587 -0.56399006 -6.9001336 0.018994644 0.10744116 -0.99370134 0.025560379
46891058.85499373 -2.6371772 -0.5677895 -6.717039 0.026144937 0.10698993 -0.99357605 0.026007272
46921289.10499373 -2.5910532 -0.58649206 -6.561128 0.034530226 0.10554335 -0.99342865 0.02771155
46951534.85499373 -2.556601 -0.5987769 -6.403357 0.04259907 0.1038049 -0.99327266 0.028626159
46981799.85499373 -2.5307567 -0.5954306 -6.228624 0.049885288 0.101688445 -0.9931393 0.029073762
47012083.85499373 -2.5032775 -0.62049305 -6.0638094 0.056976758 0.0969969 -0.9931861 0.030440029
47042386.85499373 -2.4847705 -0.62158936 -5.8791995 0.06282039 0.090703726 -0.9934105 0.0310172
47072709.85499373 -2.4568522 -0.6215293 -5.7281113 0.06819601 0.08333856 -0.99369556 0.03119585
47103053.85499373 -2.4333239 -0.643929 -5.5686016 0.0740134 0.07768284 -0.9937099 0.032061834
47133418.85499373 -2.4306664 -0.6580982 -5.4145603 0.07836157 0.07706145 -0.9934185 0.032261267
47163803.85499373 -2.412476 -0.66717726 -5.247573 0.08351804 0.078447536 -0.99290276 0.03185837
47194204.85499373 -2.410571 -0.6872679 -5.0921907 0.08819595 0.07952673 -0.9923887 0.032581214
47224619.85499373 -2.4071038 -0.695379 -4.9245305 0.09314978 0.079215355 -0.99194825 0.03296495
47255048.85499373 -2.3874755 -0.72348773 -4.7766156 0.09740442 0.07590096 -0.99177146 0.033776406
47285488.85499373 -2.3905835 -0.7317512 -4.6017265 0.10085218 0.070817664 -0.9918169 0.033362173
47315936.85499373 -2.37998 -0.7505499 -4.441826 0.10376599 0.061094854 -0.9921185 0.034656655
47346392.85499373 -2.3932858 -0.7527792 -4.255893 0.10694604 0.04847373 -0.9924378 0.035780217
47376850.85499373 -2.402943 -0.777021 -4.1111317 0.109578244 0.034941215 -0.99259835 0.03899127
47407311.10499373 -2.3935711 -0.7905388 -3.9495285 0.11340077 0.023569 -0.9924351 0.040710412
47437763.10499373 -2.3879528 -0.81141955 -3.776763 0.11573301 0.014401852 -0.9923171 0.04129563
47468201.85499373 -2.3929589 -0.8355306 -3.616846 0.11779257 0.005077448 -0.9921268 0.04223317
47498622.85499373 -2.4058862 -0.8470514 -3.45586 0.11939818 -0.005142845 -0.9918899 0.043267548
47529022.85499373 -2.410153 -0.87316036 -3.3024354 0.12123117 -0.014172045 -0.99151516 0.0447193
47559395.85499373 -2.4169762 -0.8842507 -3.1370673 0.12348982 -0.020259224 -0.99108475 0.045726318
47589740.85499373 -2.4182765 -0.9156788 -2.9767075 0.12712996 -0.022082062 -0.9905774 0.045900095
47620055.10499373 -2.427693 -0.9165006 -2.791675 0.12961374 -0.02093134 -0.9903002 0.045473035
47650341.85499373 -2.4408104 -0.93345654 -2.6309862 0.13362758 -0.01895543 -0.98986626 0.044150963
47680597.85499373 -2.445373 -0.9495109 -2.4785757 0.13819753 -0.017380841 -0.9892962 0.043502063
47710823.85499373 -2.4390872 -0.9603642 -2.3040137 0.14360116 -0.016560573 -0.98858565 0.04246131
47741022.85499373 -2.4651182 -0.98852754 -2.1459312 0.14811529 -0.014043651 -0.9879479 0.042704638
47771196.85499373 -2.456799 -0.98721886 -1.9595652 0.15390141 -0.010953824 -0.98716027 0.041339856
47801346.85499373 -2.4736526 -1.0070628 -1.8019878 0.15928766 -0.009050231 -0.9863683 0.04028882
47831471.10499373 -2.4781272 -1.0266364 -1.6308472 0.1651244 -0.006153771 -0.98545694 0.039632563
47861571.85499373 -2.4744556 -1.0393435 -1.4573779 0.17196395 -0.0023937442 -0.9843559 0.03828973
47891650.10499373 -2.4914806 -1.0599647 -1.2996465 0.17840348 0.0015592608 -0.9832401 0.037530873
47921707.85499373 -2.496364 -1.0714703 -1.1272049 0.18492274 0.0057567675 -0.98210317 0.035269234
47951745.85499373 -2.5167727 -1.0832038 -0.95716053 0.19201608 0.010203192 -0.98074883 0.0340225
47981766.85499373 -2.5244448 -1.1049521 -0.79748034 0.19964105 0.0143551575 -0.97918975 0.033539157
48011768.85499373 -2.555788 -1.1034575 -0.6475408 0.20624138 0.01745265 -0.9778418 0.031390417
48041748.85499373 -2.5531185 -1.1202432 -0.46496955 0.215153 0.020552097 -0.97588456 0.030595403
48071704.85499373 -2.5778213 -1.1508888 -0.30692703 0.22288813 0.02257107 -0.9741297 0.029712534
48101632.85499373 -2.5803525 -1.1458097 -0.14056937 0.23232403 0.024465898 -0.9719165 0.028377745
48131530.85499373 -2.5903797 -1.169519 0.020702764 0.24085751 0.027599446 -0.96979034 0.027067874
48161392.10499373 -2.6100738 -1.1745025 0.19100617 0.25060004 0.03102823 -0.9672664 0.025154062
48191211.85499373 -2.630451 -1.2042879 0.33742297 0.25910956 0.03602353 -0.96487117 0.024253283
48220989.85499373 -2.6401474 -1.2086141 0.50783443 0.2685889 0.040457837 -0.96215224 0.022051865
48250724.85499373 -2.6543665 -1.2374467 0.66559434 0.27804708 0.045689434 -0.9592574 0.020677833
48280415.85499373 -2.685916 -1.251456 0.8266238 0.28698272 0.050241888 -0.956429 0.01898413
48310062.85499373 -2.70881 -1.261511 0.97535515 0.29644373 0.053943846 -0.9533722 0.017112298
48339666.85499373 -2.7357147 -1.2816105 1.125385 0.30655578 0.057581775 -0.9499816 0.015586344
48369219.85499373 -2.7707577 -1.294962 1.2730663 0.31669262 0.060416315 -0.9464979 0.014051606
48398723.85499373 -2.7943764 -1.3134229 1.4321597 0.32723182 0.063322105 -0.94272894 0.013109676
