22095147.112355493 -0.0 -0.0 -0.0 -0.0 -0.0 1.0 -0.0
22126395.112355493 -0.0 -0.0 -0.0 -0.0 -0.0 1.0 -0.0
22157645.112355493 -0.0 -0.0 -0.0 -0.0 -0.0 1.0 -0.0
22188905.112355493 -0.0 -0.0 -0.0 -0.0 -0.0 1.0 -0.0
22220171.112355493 -0.0 -0.0 -0.0 -0.0 -0.0 1.0 -0.0
22251445.112355493 -0.0 -0.0 -0.0 -0.0 -0.0 1.0 -0.0
22282730.112355493 -0.0 -0.0 -0.0 -0.0 -0.0 1.0 -0.0
22314029.862355493 0.0012354231 -0.008955044 -0.0011497511 0.003140941 0.0010600548 0.99999434 0.0005640951
22345346.862355493 0.0012354231 -0.008955044 -0.0011497511 0.003140941 0.0010600548 0.99999434 0.0005640951
22376681.112355493 0.0035750896 -0.021697275 -0.0032328218 0.009630262 0.0016694296 0.9999467 0.003323396
22408036.112355493 0.0035750896 -0.021697275 -0.0032328218 0.009630262 0.0016694296 0.9999467 0.003323396
22439425.112355493 0.0044216244 -0.045759108 -0.013463284 0.015481331 0.0056129736 0.9998483 0.0056761233
22470859.112355493 0.0031490915 -0.06158021 -0.023839137 0.017142586 0.007595546 0.99978405 0.00896118
22502351.112355493 0.0003673522 -0.080365375 -0.042438626 0.017764198 0.009316752 0.9996132 0.019266054
22533914.112355493 -0.001779397 -0.10571162 -0.057337847 0.018412862 0.011606522 0.9995832 0.018967928
22565563.112355493 -0.004875429 -0.13190785 -0.08725631 0.01880298 0.012895058 0.9992451 0.031455196
22597312.862355493 -0.0071089207 -0.16321166 -0.115405634 0.019799396 0.014166864 0.9991222 0.03409108
22629180.862355493 -0.010161694 -0.19568597 -0.1590436 0.020439604 0.014795793 0.99862003 0.046059247
22661186.112355493 -0.014369214 -0.23689221 -0.20679355 0.022169216 0.015736135 0.99810255 0.055247467
22693354.112355493 -0.020991316 -0.28240734 -0.26991403 0.022327073 0.015714146 0.9972628 0.068713844
22725713.112355493 -0.02683383 -0.32662314 -0.34524447 0.0197985 0.015181838 0.99597824 0.08605244
22758280.112355493 -0.03674887 -0.36871836 -0.43451604 0.016501028 0.013002407 0.9942872 0.10465001
22791074.112355493 -0.048062906 -0.41157788 -0.54154146 0.011639101 0.0096242335 0.99223137 0.12348628
22824111.112355493 -0.057441622 -0.4474615 -0.66870874 0.0067632897 0.005928509 0.9893142 0.14552197
22857397.112355493 -0.055266008 -0.49108732 -0.8085007 0.00015700884 0.004115838 0.9866056 0.16307195
22890933.112355493 -0.06527774 -0.5024264 -0.97401726 -0.0014876282 -3.996968e-05 0.9817156 0.19034801
22924713.112355493 -0.07217674 -0.5327686 -1.1428629 -0.0051375437 -0.0056916527 0.978661 0.20533855
22958730.112355493 -0.0628349 -0.5130141 -1.324096 -0.012583385 -0.009453578 0.97323865 0.22925739
22992972.112355493 -0.07534921 -0.5149006 -1.5135844 -0.018055698 -0.015946291 0.9697819 0.24278164
23027424.112355493 -0.07279284 -0.47767788 -1.732167 -0.026253939 -0.019736892 0.96392053 0.26415622
23062075.112355493 -0.10792744 -0.41159436 -1.9601775 -0.02773525 -0.028884666 0.9568098 0.2879434
23096914.112355493 -0.08481891 -0.31713217 -2.19662 -0.035559352 -0.031190893 0.94760865 0.3159123
23131935.112355493 -0.11091964 -0.2007074 -2.422819 -0.036274977 -0.036227744 0.93645805 0.347013
23167130.112355493 -0.09538508 -0.01781565 -2.6550758 -0.037939105 -0.043323707 0.9221481 0.3825266
23202490.112355493 -0.21472128 0.1937421 -3.3834245 -0.0343275 -0.043757148 0.91337895 0.4032938
23238001.112355493 -0.29092818 0.49753642 -3.7125835 -0.02745343 -0.05227464 0.896922 0.43822914
23273649.112355493 -0.1260751 0.3959682 -3.5379844 -0.02972115 -0.04435206 0.8880501 0.45663616
23309418.112355493 -0.14150023 0.69025856 -3.8044662 -0.026115926 -0.05102947 0.87019926 0.48935392
23345295.112355493 -0.12585743 0.6304861 -3.6451712 -0.015927486 -0.050653756 0.85228 0.52038383
23381262.112355493 -0.047240287 1.0641643 -3.879195 -0.012141489 -0.0584465 0.8268769 0.559206
23417304.112355493 -0.15761319 1.1532042 -3.906814 0.010117879 -0.05663629 0.80160254 0.5950827
23453399.112355493 -0.17006895 1.7228177 -4.0894604 0.019936197 -0.060972657 0.77250004 0.6317663
23489522.862355493 0.14787383 1.7656286 -4.0404415 0.025666099 -0.061045364 0.7414744 0.6677054
23525648.112355493 0.36687467 2.2197776 -4.1260834 0.039661635 -0.066654816 0.7036201 0.7063306
23561753.112355493 0.29648095 2.8444374 -4.139644 0.05670344 -0.06761621 0.6614951 0.7447396
23597821.112355493 0.71011 3.5193858 -4.058873 0.07137157 -0.06916563 0.61305 0.7837678
23633835.112355493 0.8300083 3.6830912 -4.0319195 0.0906974 -0.07443851 0.56692404 0.81537116
23669776.112355493 0.78253925 4.281925 -3.944732 0.11174996 -0.07304171 0.5179734 0.8449145
23705626.112355493 1.0589612 5.4408636 -3.7890058 0.12217092 -0.073719755 0.47019312 0.8709524
23741373.112355493 1.2664219 6.141465 -3.7408211 0.13924013 -0.07804183 0.42488372 0.8910642
23777008.112355493 2.196661 7.2274275 -3.305872 0.14845729 -0.07861633 0.37921482 0.9099319
23812526.112355493 2.820241 8.713629 -0.912519 0.1609243 -0.079325385 0.31041908 0.93351537
23847920.112355493 5.9235053 9.228489 -1.1443458 0.1603316 -0.08565497 0.25876403 0.94868237
23883181.112355493 7.549103 10.151007 -5.184774 0.16943422 -0.09650606 0.2294021 0.9536002
23918297.112355493 7.5563235 12.430249 -9.339217 0.17387095 -0.09467977 0.216821 0.9559254
23953253.112355493 6.7621713 14.480791 -10.56147 0.18551396 -0.09344176 0.19002376 0.9595542
23988039.112355493 6.065568 15.644347 -10.273424 0.19539893 -0.11312168 0.1478934 0.96288645
24022640.112355493 8.799137 18.56159 -11.860279 0.21719949 -0.09930671 0.11108605 0.96468776
24057042.112355493 9.584687 20.303955 -12.315012 0.24171892 -0.088069804 0.053408317 0.96486443
24091229.112355493 7.118272 20.837776 -11.051447 0.2782539 -0.07741688 -0.0052323076 0.9573683
24125190.112355493 4.358917 19.886877 -7.988738 0.31464463 -0.060340315 -0.07934114 0.9439613
24158922.112355493 2.8838778 18.43931 -9.5969715 0.33750892 -0.032062393 -0.1513861 0.92851603
24192428.112355493 0.44001198 16.752163 -1.664998 0.36907667 -0.033135124 -0.19733973 0.9076021
24225719.112355493 -6.1471796 -5.497746 -3.4227731 0.40420213 0.059892602 -0.3475625 0.84393954
24258811.112355493 -5.515022 -15.905327 -0.52034664 0.42987713 0.068061285 -0.36332756 0.82375145
24291717.112355493 -1.3130951 -4.382495 -4.375389 0.48010203 0.051409196 -0.38995457 0.7840884
24324437.112355493 2.2428403 -10.162649 -4.401081 0.51526016 0.06417849 -0.39700475 0.7568193
24356960.112355493 12.804628 5.1033325 2.8578897 0.6043363 0.005605166 -0.39232945 0.6934146
24389266.112355493 15.531279 4.4413605 2.5412493 0.6416378 0.0145255085 -0.3948378 0.657414
24421317.112355493 7.3350964 12.953033 4.4233327 0.6563616 0.024242774 -0.40983367 0.6329598
24453071.112355493 8.996208 14.4138775 3.9970272 0.68365747 0.030864151 -0.42491752 0.59254116
24484489.862355493 2.0682306 20.21344 5.9632854 0.7041662 0.040181912 -0.4255351 0.5669704
24515559.862355493 -0.7833061 23.495178 6.8058786 0.72618675 0.047621626 -0.42792976 0.5359676
24546289.112355493 -3.5043774 26.53732 7.499216 0.7453946 0.05271468 -0.42824036 0.50815195
24576704.112355493 -6.248268 29.25076 8.092878 0.7631536 0.05703933 -0.4266963 0.4819475
24606831.112355493 -8.928726 31.874664 8.609247 0.77894664 0.05809086 -0.42319 0.4591056
24636704.862355493 -11.632637 34.230812 9.076775 0.7931828 0.05811456 -0.4171214 0.4398789
24666354.112355493 -14.335627 36.405098 9.552631 0.80640996 0.05549863 -0.408632 0.42384306
24695802.862355493 -17.037098 38.364162 9.981531 0.81849855 0.050620772 -0.39848125 0.41074383
24725071.112355493 -19.821966 40.11121 10.471378 0.8293875 0.043730754 -0.38730896 0.40024465
24754168.112355493 -22.714138 41.613205 11.009979 0.83969754 0.035716277 -0.3763693 0.38984433
24783097.112355493 -25.61382 42.87067 11.46666 0.84865934 0.026782453 -0.36794412 0.37904778
24811861.112355493 -28.623043 43.961487 11.94503 0.8558415 0.015262781 -0.36135334 0.36976504
24840469.112355493 -31.669743 44.771797 12.351234 0.86195964 0.003887714 -0.35664037 0.36030284
24868938.862355493 -34.732456 45.40801 12.754372 0.8668795 -0.008543104 -0.35270113 0.35220578
24897342.862355493 -37.824894 45.85903 13.100819 0.87064636 -0.020405222 -0.34983888 0.345212
24925643.862355493 -40.940796 46.079376 13.488075 0.8733222 -0.03045956 -0.34775406 0.33977622
24953802.112355493 -43.962204 46.227936 13.834595 0.87476575 -0.040385276 -0.34639636 0.33639777
24981899.112355493 -47.07011 46.112694 14.279327 0.87537974 -0.047394585 -0.3447277 0.33559954
25009963.112355493 -50.10092 45.98622 14.695232 0.87537646 -0.055048715 -0.3439021 0.3352866
25038013.862355493 -53.12191 45.65803 15.134808 0.87484556 -0.060202956 -0.34390914 0.33577883
25066067.112355493 -56.147594 45.266434 15.60397 0.87401026 -0.06477057 -0.34426057 0.33674246
25094131.112355493 -59.17276 44.732224 16.052017 0.8727404 -0.06782581 -0.34595624 0.33769542
25122208.112355493 -62.19236 44.08321 16.550358 0.87121695 -0.07089425 -0.34671897 0.34020728
25150290.112355493 -65.21769 43.35113 16.980675 0.869416 -0.07584489 -0.34587154 0.34458137
25178370.112355493 -68.249115 42.515823 17.387512 0.8673622 -0.0816366 -0.34326556 0.35098025
25206440.112355493 -71.28709 41.63425 17.725677 0.86507636 -0.08823265 -0.338843 0.35922608
25234491.112355493 -74.32934 40.515625 18.077286 0.8625235 -0.093869805 -0.333313 0.3689771
25262522.862355493 -77.34068 39.437653 18.346985 0.85993636 -0.10056499 -0.32817605 0.37775227
25290543.112355493 -80.33028 38.258453 18.586578 0.857168 -0.10557653 -0.32398152 0.38620287
25318570.112355493 -83.36987 36.965668 18.865593 0.85458225 -0.10942967 -0.32054082 0.39365968
25346609.112355493 -86.44867 35.620617 19.15216 0.85227424 -0.11245176 -0.31814104 0.39971188
25374681.112355493 -89.55869 34.196 19.445786 0.85039294 -0.115363725 -0.3160702 0.4045031
25402811.112355493 -92.659615 32.697266 19.75489 0.8487861 -0.11876228 -0.3131024 0.40917557
25430992.112355493 -95.81567 31.169014 20.011948 0.847417 -0.12321326 -0.30883223 0.41391507
25459230.112355493 -98.971344 29.542637 20.332092 0.84585625 -0.12829436 -0.30343103 0.4195205
25487501.112355493 -102.15841 27.803368 20.729172 0.84453297 -0.13324578 -0.29639634 0.42562783
25515834.112355493 -105.37761 26.031925 21.071213 0.8427015 -0.13924827 -0.2892592 0.43219587
25544263.112355493 -108.64102 24.273632 21.419525 0.8410761 -0.14668351 -0.28182042 0.43778113
25572755.112355493 -111.986305 22.389145 21.833557 0.8398074 -0.15226763 -0.27529418 0.44243792
25601306.112355493 -115.30704 20.473522 22.27002 0.8386569 -0.15578946 -0.27095875 0.44605562
25629915.112355493 -118.6906 18.495388 22.73648 0.8382501 -0.15760055 -0.26847854 0.44768095
25658592.112355493 -122.16841 16.505707 23.16803 0.83785266 -0.15908977 -0.26729178 0.4486074
25687336.112355493 -125.67473 14.491608 23.582603 0.8374635 -0.16011442 -0.26726317 0.44898632
25716141.112355493 -129.19208 12.375435 24.033707 0.8369101 -0.16022061 -0.26778606 0.44966814
25744997.112355493 -132.77246 10.296829 24.449707 0.8369249 -0.16139473 -0.26796114 0.44911596
25773876.112355493 -136.35504 8.135635 24.889732 0.8368335 -0.16181988 -0.2687406 0.44866768
25802743.862355493 -139.99419 6.0088425 25.339943 0.8366176 -0.1629132 -0.2685214 0.44880572
25831565.112355493 -143.62599 3.8217926 25.834343 0.83537114 -0.1645893 -0.2678255 0.45092678
25860304.112355493 -147.30873 1.6290131 26.320847 0.8337766 -0.16740973 -0.26610473 0.45384896
25888929.112355493 -151.0123 -0.5469818 26.794876 0.8321623 -0.17103137 -0.26236612 0.4576223
25917424.862355493 -154.74522 -2.705986 27.285042 0.8303252 -0.1751095 -0.2573854 0.46222243
25945784.112355493 -158.46922 -4.8923264 27.735008 0.8278336 -0.1798782 -0.25261825 0.46746063
25974016.112355493 -162.17442 -7.0344086 28.1893 0.82497936 -0.18443814 -0.24766938 0.4733408
26002144.112355493 -165.86688 -9.171967 28.609161 0.82164264 -0.188725 -0.24414423 0.47924927
26030188.112355493 -169.61502 -11.317413 29.082024 0.81886333 -0.19229196 -0.24076873 0.48426962
26058164.112355493 -173.35068 -13.4483795 29.548187 0.8160079 -0.19554606 -0.23806636 0.4890985
26086077.862355493 -177.225 -15.512131 29.999222 0.8132542 -0.19888213 -0.23457927 0.49400014
26113938.112355493 -181.13281 -17.60244 30.467484 0.81086963 -0.20157047 -0.23179424 0.4981277
26141750.112355493 -185.04924 -19.672653 30.962944 0.808796 -0.20371814 -0.22796483 0.5023745
26169527.112355493 -189.00134 -21.679565 31.353973 0.80753547 -0.20589942 -0.22540738 0.5046617
26197290.112355493 -192.99413 -23.694023 31.74443 0.8068174 -0.20685408 -0.22396435 0.5060603
26225039.112355493 -196.97087 -25.747467 32.184105 0.8065088 -0.20646693 -0.22444049 0.50649923
26252773.112355493 -201.0228 -27.82779 32.54065 0.8067526 -0.20508699 -0.22568901 0.5061167
26280510.112355493 -205.09012 -29.815178 32.819557 0.8065205 -0.20522615 -0.22797164 0.5054068
26308270.112355493 -209.26965 -31.80011 33.12612 0.80672324 -0.204937 -0.2298925 0.50432914
26336060.112355493 -213.45174 -33.724434 33.464188 0.8067989 -0.2043196 -0.23151664 0.50371534
26363882.112355493 -217.66425 -35.57486 33.75354 0.8067825 -0.2048496 -0.23320843 0.502745
26391743.112355493 -221.84772 -37.50679 34.074493 0.80680364 -0.2044234 -0.23494412 0.5020759
26419663.112355493 -226.11041 -39.32818 34.348663 0.8066591 -0.20536956 -0.23516141 0.50182027
26447613.112355493 -230.3377 -41.158768 34.626663 0.80653304 -0.20586438 -0.23545986 0.50168025
26475647.112355493 -234.61453 -42.991684 34.953094 0.80604905 -0.20588592 -0.23525819 0.5025431
26503804.862355493 -238.94382 -44.842285 35.22496 0.805496 -0.20656413 -0.23494323 0.5032982
26532006.112355493 -243.26561 -46.699142 35.466263 0.80480075 -0.20822054 -0.2357189 0.5033654
26560244.112355493 -247.68553 -48.51677 35.70923 0.8048978 -0.21029778 -0.23619996 0.5021196
26589180.112355493 -252.23813 -50.378693 36.00862 0.8051674 -0.21113701 -0.2376876 0.500631
26621208.112355493 -257.23163 -52.321533 36.214737 0.80568516 -0.21361467 -0.24210733 0.49661288
26652678.112355493 -262.1021 -54.2079 36.37625 0.8060553 -0.21694769 -0.24847385 0.4913954
26681885.112355493 -266.70557 -56.05887 36.653397 0.80668914 -0.2176223 -0.2553825 0.48649052
26712254.112355493 -271.4967 -57.932724 36.93016 0.80735415 -0.21875298 -0.26273167 0.48093504
26744027.112355493 -276.3882 -59.826355 37.155624 0.8073016 -0.22303535 -0.26903906 0.4755392
26773361.112355493 -280.87952 -61.49227 37.46315 0.8076516 -0.22733238 -0.27208698 0.4711556
26802107.112355493 -285.27896 -63.204613 37.911102 0.80796665 -0.23121418 -0.27408198 0.4675565
26831030.112355493 -289.70984 -65.007675 38.44844 0.8083209 -0.23565517 -0.2762126 0.46345502
26860189.862355493 -294.18573 -66.77419 39.13556 0.8102376 -0.24025036 -0.27632028 0.4576483
26889599.112355493 -298.67798 -68.5009 39.809708 0.8124157 -0.2457281 -0.27659273 0.45066053
26919086.862355493 -303.07904 -70.42623 40.713333 0.8150289 -0.24900189 -0.2762567 0.44430655
26950403.862355493 -307.7913 -72.348625 41.550903 0.81935024 -0.2542072 -0.27605948 0.43339938
26982752.112355493 -312.5723 -74.39056 42.61023 0.82410616 -0.25782257 -0.27654034 0.4217843
27013693.112355493 -317.0675 -76.37722 43.61911 0.82952815 -0.26040712 -0.27942088 0.4074251
27042961.112355493 -321.34106 -78.26393 44.709534 0.83601266 -0.2616036 -0.28274924 0.39076763
27072251.112355493 -325.5967 -80.070984 45.84906 0.8428583 -0.2627538 -0.28656885 0.37206003
27101725.112355493 -329.844 -81.90655 47.05136 0.84959763 -0.26293325 -0.29088202 0.35275722
27131738.112355493 -334.08557 -83.7032 48.321533 0.85651255 -0.26182184 -0.29640943 0.33162805
27160434.112355493 -338.04044 -85.484436 49.561615 0.86293614 -0.25903705 -0.30256224 0.31096175
27188939.112355493 -341.96106 -87.24617 50.89142 0.8690327 -0.25683218 -0.30709988 0.29070452
27217217.862355493 -345.77307 -89.01892 52.133392 0.8747083 -0.25444767 -0.31156453 0.27031365
27245294.112355493 -349.51196 -90.78598 53.408844 0.88022923 -0.25213286 -0.31459823 0.25030687
27273256.112355493 -353.1871 -92.578156 54.715607 0.8856596 -0.24977754 -0.3163281 0.23055331
27301113.112355493 -356.77493 -94.39641 56.019745 0.8906338 -0.24729535 -0.3179863 0.21095283
27328859.112355493 -360.25385 -96.17347 57.411896 0.8957577 -0.24417756 -0.3189969 0.19035852
27356481.112355493 -363.6428 -98.035995 58.830444 0.9003165 -0.24083894 -0.32018322 0.1700284
27383982.112355493 -366.94727 -99.88577 60.228455 0.90475297 -0.2377109 -0.3204514 0.14908564
27411372.112355493 -370.12738 -101.83511 61.65439 0.9085394 -0.23400754 -0.3212283 0.12887591
27438664.862355493 -373.37732 -103.75055 62.998505 0.9116598 -0.23105273 -0.32235065 0.10761614
27465913.112355493 -376.5415 -105.68059 64.43677 0.9141984 -0.22758226 -0.3237024 0.08754683
27493099.112355493 -379.56183 -107.645325 65.84735 0.91635454 -0.22360668 -0.325162 0.06755818
27520223.112355493 -382.61536 -109.5249 67.230255 0.9178558 -0.22054763 -0.32622847 0.049743716
27547329.112355493 -385.50336 -111.54262 68.47388 0.91881233 -0.21674646 -0.32816315 0.033373717
27574418.112355493 -388.35532 -113.54137 69.77789 0.9196048 -0.21331348 -0.32933983 0.018966831
27601522.862355493 -391.0734 -115.538864 71.03543 0.92022395 -0.20994489 -0.33026826 0.0058179707
27628669.112355493 -393.75977 -117.56528 72.25656 0.92052615 -0.20654398 -0.33157754 -0.00524927
27655839.112355493 -396.3701 -119.67728 73.50571 0.920415 -0.20381095 -0.3332386 -0.015794469
27683077.112355493 -398.87006 -121.75515 74.64368 0.91962373 -0.20132291 -0.3363349 -0.025302261
27710425.112355493 -401.37048 -123.917 75.708405 0.9184735 -0.19907396 -0.3400925 -0.03336456
27737817.112355493 -403.7411 -126.02077 76.76825 0.9169267 -0.19719215 -0.34452978 -0.040743385
27765309.112355493 -406.12866 -128.09163 77.73706 0.91520613 -0.19614737 -0.3489295 -0.04660729
27792959.112355493 -408.3449 -130.26143 78.77359 0.9137724 -0.19379964 -0.3532559 -0.051692367
27820730.112355493 -410.56348 -132.41325 79.73569 0.9122117 -0.19260164 -0.35713595 -0.05681845
27848618.112355493 -412.58203 -134.69417 80.579865 0.9104301 -0.1897766 -0.3622884 -0.062040865
27876625.112355493 -414.544 -136.91173 81.52493 0.9086177 -0.18819293 -0.36676827 -0.066921495
27904756.112355493 -416.46454 -139.26016 82.42233 0.9067894 -0.18562767 -0.37141508 -0.07298046
27933010.112355493 -418.30835 -141.5313 83.15985 0.90459883 -0.18383665 -0.37615007 -0.08010134
27961389.112355493 -419.97906 -143.81967 83.83838 0.90246797 -0.18090416 -0.38101426 -0.08748464
27989893.862355493 -421.6996 -146.1874 84.49176 0.90073395 -0.17774452 -0.38483295 -0.09480959
28018463.112355493 -423.3383 -148.50015 85.02542 0.89899516 -0.17423534 -0.38850904 -0.10252128
28047157.112355493 -424.87756 -150.86774 85.14493 0.8969474 -0.17003824 -0.39229372 -0.11259711
28076047.112355493 -426.52167 -153.14735 85.48047 0.8955607 -0.16605514 -0.39429736 -0.12217387
28105073.862355493 -428.02075 -155.36148 85.55316 0.89379084 -0.16238742 -0.39684242 -0.13147004
28134237.112355493 -429.57715 -157.73587 85.632965 0.8934025 -0.15787783 -0.3962972 -0.14090808
28163541.112355493 -431.19336 -160.0208 85.60629 0.89390314 -0.15565242 -0.39323848 -0.14857012
28192989.112355493 -432.78918 -162.22993 85.18262 0.8952947 -0.15442386 -0.38825867 -0.15445368
28222510.112355493 -434.167 -164.58464 84.85361 0.8983473 -0.15080112 -0.38057038 -0.15936552
28252186.112355493 -435.46393 -166.94919 84.19986 0.9012531 -0.1489589 -0.37230876 -0.16413482
28282100.862355493 -436.65002 -169.21088 83.39154 0.90368867 -0.14747068 -0.36460987 -0.16928932
28312187.862355493 -437.77954 -171.58397 82.640594 0.90609753 -0.14464352 -0.3569908 -0.17499487
28342444.112355493 -438.85388 -173.77975 81.63818 0.90773135 -0.14384782 -0.3503435 -0.18053009
28372875.112355493 -439.7847 -176.18777 80.680145 0.9095947 -0.141664 -0.34280056 -0.18723425
28403485.112355493 -440.59305 -178.62128 79.56793 0.91066873 -0.1400916 -0.33617505 -0.19504677
28434279.112355493 -441.3745 -180.94925 78.37344 0.9113196 -0.14053145 -0.3290158 -0.20370622
28465256.862355493 -441.9676 -183.42793 77.174835 0.91204685 -0.13893485 -0.3224869 -0.21182516
28496424.862355493 -442.47617 -185.91333 75.88309 0.9131256 -0.13673897 -0.31475726 -0.22007285
28527790.112355493 -442.80347 -188.2738 74.43292 0.91346663 -0.13589667 -0.3081943 -0.22831376
28559361.112355493 -443.02252 -190.77966 73.02945 0.9139699 -0.13375163 -0.30095425 -0.23705745
28591148.112355493 -443.1269 -193.38525 71.52542 0.91457826 -0.13209397 -0.29167375 -0.24703102
28623158.112355493 -443.09177 -195.93216 70.10895 0.91483164 -0.13239105 -0.28048924 -0.2586147
28655400.112355493 -442.75793 -198.52922 68.5939 0.9156383 -0.13286522 -0.2673366 -0.26922953
28687890.112355493 -442.2384 -201.15086 66.99536 0.9174342 -0.132775 -0.25123942 -0.27850327
28720639.112355493 -441.5684 -203.87173 65.39807 0.9196037 -0.1319607 -0.23162982 -0.2885533
28753664.112355493 -440.6244 -206.65952 63.862366 0.9213077 -0.1305315 -0.21122716 -0.29922688
28786979.112355493 -439.60165 -209.52608 62.405502 0.9226441 -0.12908623 -0.18725792 -0.31144705
28820606.112355493 -438.18393 -212.34427 60.884216 0.9224018 -0.12589008 -0.16365644 -0.3264097
28854562.112355493 -436.6416 -215.13528 59.308533 0.92021424 -0.12344162 -0.13838045 -0.3447011
28888850.862355493 -434.93182 -218.0928 57.826157 0.9158623 -0.11934457 -0.11295922 -0.36632428
28923471.862355493 -433.2397 -221.15323 56.41471 0.9090789 -0.116472095 -0.08949039 -0.38987345
28958415.112355493 -431.407 -224.1482 54.930923 0.90052897 -0.11320268 -0.06864683 -0.4141502
28993681.862355493 -429.39795 -227.06718 53.342648 0.89009875 -0.11071798 -0.051411994 -0.43911573
29029299.112355493 -427.31955 -229.99669 51.734726 0.87755626 -0.107578315 -0.03538986 -0.4659073
29065295.862355493 -425.21347 -232.94818 49.925354 0.86214757 -0.10526318 -0.022315208 -0.49509928
29101707.112355493 -423.0298 -235.82962 48.05619 0.84335417 -0.105955236 -0.01155808 -0.52668184
29138549.112355493 -420.83795 -238.5812 45.97688 0.82087535 -0.11126645 -0.0036283068 -0.56015205
29175787.112355493 -418.61667 -241.39673 43.858078 0.7955229 -0.11894445 0.005085289 -0.5941126
29213380.112355493 -416.37558 -244.09592 41.621758 0.76867384 -0.1295457 0.012839817 -0.62625366
29251308.862355493 -413.97638 -246.72214 39.39572 0.74105865 -0.13957042 0.01806351 -0.6565256
29289562.112355493 -411.49393 -249.22943 37.154533 0.7143326 -0.1477983 0.022802077 -0.6836408
29328110.862355493 -408.84076 -251.68234 34.852974 0.6892101 -0.15465097 0.026843742 -0.70735556
29366914.112355493 -406.13147 -253.8771 32.66456 0.66550046 -0.16155379 0.030596867 -0.7280614
29405929.112355493 -403.32248 -255.9718 30.561188 0.6428359 -0.16576125 0.03682863 -0.74694645
29445133.862355493 -400.38715 -257.76804 28.508743 0.6237936 -0.16654325 0.04494435 -0.7623155
29484517.112355493 -397.38773 -259.30252 26.519928 0.60915357 -0.16424647 0.054287773 -0.77395606
29524066.862355493 -394.2876 -260.6807 24.649796 0.59774214 -0.15797594 0.0655505 -0.7832312
29563784.112355493 -391.1181 -261.82068 22.943375 0.5888626 -0.15175352 0.07841771 -0.78997624
29603658.112355493 -387.7048 -262.64893 21.406052 0.5818998 -0.1461269 0.08922202 -0.79503393
29643670.112355493 -384.25916 -263.3436 20.016449 0.5741087 -0.14112917 0.09841027 -0.8004981
29683800.862355493 -380.61835 -263.7977 18.754517 0.5646795 -0.13740537 0.10312385 -0.8072313
29724035.112355493 -376.8939 -264.04877 17.680786 0.5522111 -0.13723852 0.10513842 -0.8155823
29764374.112355493 -373.02463 -264.10565 16.743347 0.5378153 -0.13959143 0.106481895 -0.824579
29804832.862355493 -369.12405 -263.87537 15.809998 0.5264324 -0.13989648 0.1087138 -0.8315523
29845434.112355493 -365.2571 -263.44562 15.226624 0.5191212 -0.13407771 0.11071644 -0.8368263
29886200.112355493 -361.25888 -262.69733 14.699905 0.5163131 -0.12573572 0.11320952 -0.8395207
29927144.112355493 -357.23035 -261.7742 14.274033 0.51857793 -0.11526302 0.11853605 -0.8388925
29968264.112355493 -353.20483 -260.7735 13.877045 0.5254806 -0.10154982 0.1286713 -0.83486617
30009548.112355493 -349.0225 -259.53812 13.57782 0.53712595 -0.08448224 0.13639022 -0.828104
30051006.112355493 -344.7495 -258.15836 13.295319 0.55305684 -0.065501906 0.14152859 -0.81841755
30092656.112355493 -340.50238 -256.72516 12.899902 0.5716196 -0.04646792 0.14727516 -0.80585474
30134505.112355493 -336.17084 -255.29279 12.458817 0.59063303 -0.024479078 0.15216805 -0.7920848
30176563.112355493 -331.75266 -253.81384 12.034973 0.6047284 -0.0062799305 0.1563133 -0.78091633
30218853.112355493 -327.3839 -252.2409 11.533997 0.6140347 0.0028572574 0.16285151 -0.7722905
30261399.112355493 -322.8878 -250.69055 11.028076 0.6174529 0.007713953 0.16923669 -0.76814806
30304170.112355493 -318.261 -249.04611 10.4713745 0.6165017 0.007962369 0.1710767 -0.7685019
30347106.112355493 -313.49686 -247.39905 9.753967 0.61315507 0.010205625 0.17161517 -0.7710285
30390159.112355493 -308.74377 -245.66858 8.861542 0.6090303 0.01438702 0.17508994 -0.773446
30433262.112355493 -304.00296 -243.57077 7.800003 0.608823 0.018146902 0.17418776 -0.77373374
30476360.112355493 -299.3297 -241.50784 6.6554565 0.61217475 0.02645026 0.18263923 -0.76888585
30519410.112355493 -294.39066 -239.48563 5.6065063 0.61658335 0.039697472 0.19205002 -0.76247364
30562362.862355493 -289.17593 -237.43549 4.5756226 0.6170447 0.049026303 0.20025285 -0.7594413
30605247.112355493 -283.99146 -235.86182 3.310089 0.60662353 0.053579822 0.2205572 -0.7619
30648143.112355493 -278.95612 -234.03896 2.4821777 0.5963682 0.048380833 0.23205018 -0.76691395
30691100.112355493 -273.92407 -232.19331 1.8270874 0.58516973 0.045316197 0.2380582 -0.77385473
30734178.112355493 -268.7229 -230.28368 1.2414856 0.57162493 0.05008048 0.237991 -0.78364354
30777470.112355493 -263.52838 -228.34146 0.62371826 0.5599859 0.061769422 0.23780291 -0.79123336
30821089.112355493 -258.75296 -226.39568 -0.15341187 0.5491001 0.06514386 0.24339148 -0.7968726
30864919.112355493 -254.14395 -224.65016 -0.8220215 0.5342853 0.06773675 0.24877648 -0.8050226
30908771.112355493 -249.53525 -222.9777 -1.3883972 0.5167759 0.070384175 0.24994056 -0.81579316
30952625.112355493 -245.04228 -221.33398 -1.8714294 0.498976 0.06999426 0.2488289 -0.82716864
30996478.112355493 -240.50755 -219.58723 -2.4884949 0.4830808 0.069196835 0.25144804 -0.8358341
31040331.112355493 -236.0449 -217.9002 -3.0737915 0.4696598 0.06947715 0.25598904 -0.84205836
31084183.862355493 -231.55537 -216.2021 -3.4500732 0.45453024 0.06840988 0.25527766 -0.8506208
31127991.862355493 -227.07649 -214.51328 -3.7913513 0.43565956 0.0638293 0.25324866 -0.86138946
31171639.112355493 -222.72131 -212.85533 -4.299164 0.41541788 0.054607444 0.2544945 -0.87159544
31215029.112355493 -218.50737 -211.28363 -4.777466 0.3923183 0.043578543 0.25787243 -0.8818669
31258146.112355493 -214.34584 -209.71434 -5.155304 0.36930868 0.03347768 0.2607495 -0.8913473
31301129.112355493 -210.1948 -208.12453 -5.529297 0.3435337 0.02317248 0.26371357 -0.90105647
31344567.112355493 -205.98738 -206.44272 -5.8690796 0.31309974 0.010740872 0.2682961 -0.9109723
31387295.112355493 -202.05585 -204.7233 -6.165756 0.2830388 -0.005766428 0.2745233 -0.9189629
31429911.112355493 -198.2378 -202.8915 -6.370468 0.25143522 -0.024858417 0.27872998 -0.92653763
31472352.112355493 -194.54082 -201.0646 -6.5720367 0.2202285 -0.04026165 0.28271297 -0.9327121
31514370.112355493 -190.95529 -199.2159 -6.7808075 0.1904206 -0.053293295 0.28542224 -0.93778145
31555929.112355493 -187.50494 -197.27998 -6.9038544 0.16319424 -0.06634629 0.28576165 -0.9419693
31597033.112355493 -184.17203 -195.38773 -7.0061035 0.13546012 -0.07783995 0.2888912 -0.94452816
31637764.862355493 -180.95538 -193.38135 -7.040512 0.11167067 -0.087123156 0.29090634 -0.94620967
31678160.112355493 -177.86351 -191.37398 -7.05896 0.09350578 -0.08843413 0.2915166 -0.9478682
31718219.112355493 -174.89766 -189.27563 -7.048233 0.08053789 -0.08115101 0.29006785 -0.95015204
31757973.112355493 -172.04654 -187.12851 -7.023163 0.06857511 -0.070604 0.289201 -0.95219505
31797469.112355493 -169.36035 -184.94025 -6.9131775 0.05530973 -0.06298437 0.2877676 -0.954025
31836708.112355493 -166.81058 -182.71065 -6.8619537 0.038837235 -0.059146382 0.28799656 -0.9550138
31875680.862355493 -164.40588 -180.48384 -6.750168 0.0192829 -0.0595821 0.2886217 -0.955393
31914396.112355493 -162.1196 -178.21907 -6.567871 -0.00287891 -0.06333346 0.29033002 -0.9548241
31952867.112355493 -159.89978 -175.91315 -6.3690033 -0.027208649 -0.069412164 0.29462352 -0.95270073
31991082.862355493 -157.79431 -173.58786 -6.193039 -0.05210071 -0.076252274 0.29934955 -0.9496636
32029007.862355493 -155.85426 -171.21017 -5.9792175 -0.07771014 -0.08467375 0.30293298 -0.9460566
32066608.112355493 -153.99269 -168.90201 -5.766571 -0.10616833 -0.092386134 0.30887064 -0.94063383
32103888.112355493 -152.2506 -166.53757 -5.4731445 -0.1359944 -0.10018452 0.31537592 -0.933813
32140875.112355493 -150.60904 -164.17987 -5.190506 -0.16418388 -0.10632702 0.32360074 -0.9257542
32177591.112355493 -149.1203 -161.78304 -4.927292 -0.19274114 -0.11194579 0.33289295 -0.9162431
32214036.112355493 -147.76775 -159.42004 -4.655487 -0.22112152 -0.11692149 0.34240088 -0.9056469
32250203.112355493 -146.60504 -157.06593 -4.3031006 -0.24967611 -0.12376227 0.35166582 -0.8936867
32286085.112355493 -145.56392 -154.73947 -3.9644623 -0.2785694 -0.13071842 0.3619411 -0.8799491
32321682.862355493 -144.66353 -152.44334 -3.6114044 -0.3065292 -0.13871428 0.37286115 -0.8647386
32356998.862355493 -143.89929 -150.18582 -3.2892609 -0.33296216 -0.14599845 0.38460422 -0.84846944
32392017.112355493 -143.2743 -147.99771 -2.9492798 -0.35701403 -0.15071097 0.39440855 -0.8332282
32426706.112355493 -142.76518 -145.85223 -2.678131 -0.37614697 -0.14988716 0.39990124 -0.822269
32461046.112355493 -142.32811 -143.78003 -2.391571 -0.390364 -0.14014833 0.40091482 -0.8168487
32495022.112355493 -142.07288 -141.7884 -2.079277 -0.40200236 -0.12866332 0.40056425 -0.8132577
32528639.112355493 -141.94208 -139.83162 -1.8399582 -0.41355032 -0.11560994 0.40325344 -0.80808234
32561924.112355493 -141.91122 -137.89784 -1.5246506 -0.42797008 -0.10232882 0.40706474 -0.80041784
32594918.112355493 -141.97922 -136.03693 -1.272644 -0.4425471 -0.090473555 0.41231534 -0.79117805
32627662.112355493 -142.08572 -134.23448 -1.0268631 -0.4565973 -0.07890121 0.4160992 -0.7824034
32660188.862355493 -142.25824 -132.4994 -0.77360916 -0.47059086 -0.06841774 0.41817364 -0.7739471
32692534.112355493 -142.51344 -130.7977 -0.5649414 -0.4837774 -0.05852422 0.4190613 -0.76610833
32724729.112355493 -142.85791 -129.14209 -0.344532 -0.4987231 -0.05089043 0.41764712 -0.75779706
32756797.112355493 -143.26595 -127.52606 -0.13479614 -0.51532847 -0.045960184 0.41601753 -0.74783266
32788767.112355493 -143.76627 -125.95968 0.07261276 -0.5323459 -0.045523047 0.41618767 -0.7357468
32820655.112355493 -144.32004 -124.45092 0.27287674 -0.5507128 -0.048097525 0.41867906 -0.7204929
32852459.862355493 -144.90901 -122.99297 0.45864677 -0.5693637 -0.051267426 0.42394227 -0.7024739
32884157.112355493 -145.50095 -121.58998 0.67249775 -0.58738565 -0.053578205 0.4301973 -0.6834017
32915713.112355493 -146.15195 -120.25775 0.9152136 -0.6053354 -0.05613339 0.43559527 -0.66383356
32947078.112355493 -146.87086 -118.98659 1.1390805 -0.62220824 -0.05928767 0.44032323 -0.64455986
32978207.112355493 -147.6349 -117.808044 1.3689737 -0.63877463 -0.061273348 0.44253427 -0.6263993
33009064.862355493 -148.40764 -116.70953 1.576292 -0.65387815 -0.060707923 0.44332275 -0.61010075
33039639.112355493 -149.2037 -115.692154 1.7532482 -0.6680222 -0.05868131 0.442958 -0.5950556
33069930.112355493 -150.07092 -114.769485 1.9344711 -0.68099666 -0.05495904 0.44162455 -0.5815419
33099962.112355493 -150.949 -113.93257 2.1450996 -0.69288075 -0.049962156 0.4399197 -0.569114
33129767.112355493 -151.8466 -113.14748 2.3085098 -0.70362 -0.043868307 0.43827078 -0.5575959
33159467.112355493 -152.77701 -112.43428 2.4967804 -0.71468073 -0.03707351 0.43560088 -0.5459935
33189077.112355493 -153.8034 -111.80797 2.6908684 -0.7253947 -0.03160097 0.43243775 -0.53460413
33218442.862355493 -154.77063 -111.25415 2.8809738 -0.7365397 -0.024831772 0.4297121 -0.5217665
33247581.112355493 -155.75629 -110.77488 3.081894 -0.747258 -0.017803779 0.4261373 -0.5096033
33276585.112355493 -156.76761 -110.372986 3.2666397 -0.75756407 -0.011232766 0.42232662 -0.4976051
33305474.112355493 -157.86438 -110.04332 3.4519424 -0.7676287 -0.0058193696 0.41664493 -0.4869491
33334260.112355493 -158.9458 -109.79382 3.6399612 -0.77723294 -0.00035869732 0.40994877 -0.47733733
33362954.112355493 -160.09904 -109.60997 3.824028 -0.7865555 0.0063394867 0.4030223 -0.46782833
33391572.112355493 -161.23547 -109.48469 4.025978 -0.7955154 0.013035772 0.39532208 -0.4590269
33420130.112355493 -162.34409 -109.39725 4.246811 -0.8033628 0.02145645 0.38611716 -0.45283723
33448652.112355493 -163.46864 -109.36303 4.45607 -0.8096195 0.029557532 0.37636727 -0.44943336
33477157.112355493 -164.60886 -109.384445 4.665413 -0.81420815 0.0365455 0.36675084 -0.44857943
33505674.112355493 -165.75337 -109.44302 4.8843155 -0.81826407 0.04289813 0.35727614 -0.4482828
33534227.112355493 -166.89305 -109.53418 5.112602 -0.8218682 0.048260383 0.348318 -0.4481944
33562828.11235549 -168.05132 -109.676956 5.3328476 -0.824186 0.052411526 0.34043202 -0.44952923
33591468.11235549 -169.22864 -109.86506 5.554329 -0.8254476 0.054631993 0.33292094 -0.45256516
33620115.11235549 -170.3786 -110.046165 5.785988 -0.8265714 0.05943368 0.32531136 -0.4554338
33648732.11235549 -171.54517 -110.26538 6.0247955 -0.8268295 0.06353827 0.3173867 -0.45998004
33677295.11235549 -172.71115 -110.518524 6.2913284 -0.8261988 0.06891923 0.30713612 -0.46723998
33705817.11235549 -173.89459 -110.77405 6.5121536 -0.82479614 0.076967895 0.29909807 -0.47363237
33734331.11235549 -175.09326 -111.09958 6.7454453 -0.8223075 0.08286309 0.29117107 -0.4818335
33762875.11235549 -176.31024 -111.43449 6.9941864 -0.82107836 0.08811706 0.28276753 -0.4879634
33791484.11235549 -177.55548 -111.806015 7.2733 -0.82003117 0.09384854 0.2733511 -0.49398437
33820195.86235549 -178.78647 -112.17584 7.548851 -0.8198968 0.10014123 0.26541698 -0.49728742
33849036.86235549 -180.04593 -112.56131 7.8431625 -0.8195646 0.10367081 0.25985637 -0.500041
33878001.11235549 -181.30917 -112.98094 8.138443 -0.81958276 0.105058506 0.25869602 -0.5003232
33907077.11235549 -182.57832 -113.43707 8.473236 -0.8206195 0.10372194 0.25960684 -0.49842718
33936258.11235549 -183.87427 -113.92527 8.804993 -0.8220173 0.10372427 0.26268643 -0.49449438
33965536.11235549 -185.1929 -114.426674 9.170723 -0.82338685 0.10435848 0.26316908 -0.4918186
33994903.11235549 -186.54506 -114.9685 9.546738 -0.8232423 0.10532831 0.26374593 -0.49154466
34024365.11235549 -187.93695 -115.54372 9.937294 -0.8220782 0.10354406 0.26425815 -0.4935926
34053932.11235549 -189.36829 -116.10142 10.344643 -0.8218135 0.101973645 0.2640944 -0.4944472
34083597.11235549 -190.83696 -116.669426 10.739441 -0.8224883 0.10024272 0.26440316 -0.49351332
34113322.11235549 -192.31061 -117.23748 11.121262 -0.82348436 0.09996232 0.26524648 -0.49145225
34143044.11235549 -193.80142 -117.846886 11.4802475 -0.82359874 0.099788815 0.26751763 -0.49006304
34172689.86235549 -195.3027 -118.46647 11.852364 -0.8228658 0.09994155 0.26911998 -0.4903857
34202178.11235549 -196.8378 -119.06165 12.242065 -0.82208496 0.10158039 0.26715806 -0.49242705
34231437.86235549 -198.39618 -119.65927 12.622986 -0.8220646 0.10389986 0.2633132 -0.4940454
34260448.11235549 -199.95967 -120.27142 12.98204 -0.8214591 0.10544578 0.2597815 -0.49658805
34289235.11235549 -201.49704 -120.88853 13.321075 -0.8215629 0.10668876 0.25727153 -0.49745688
34317838.86235549 -203.0477 -121.49478 13.654175 -0.8222705 0.108002394 0.25459418 -0.49738172
34346283.11235549 -204.56555 -122.097725 13.968071 -0.82331496 0.10948997 0.25386444 -0.4956988
34374584.86235549 -206.09554 -122.698204 14.277016 -0.8242975 0.11139368 0.2535783 -0.49378452
34402756.11235549 -207.61856 -123.290375 14.606476 -0.82593864 0.11245998 0.25201014 -0.49159852
34430865.11235549 -209.13942 -123.92259 14.937004 -0.82726103 0.11208218 0.25148025 -0.48972905
34458923.11235549 -210.68103 -124.52528 15.233131 -0.8297223 0.113534294 0.24966058 -0.4861486
34486890.11235549 -212.22966 -125.148735 15.558952 -0.8322473 0.11381004 0.24776734 -0.48272464
34514763.11235549 -213.77237 -125.76531 15.840088 -0.834184 0.11664258 0.2474505 -0.4788527
34542571.11235549 -215.35905 -126.381966 16.174637 -0.8366923 0.118958786 0.24487011 -0.47521952
34570369.11235549 -216.95062 -127.00933 16.489319 -0.8388906 0.121813715 0.24328345 -0.4714204
34598168.11235549 -218.51468 -127.62438 16.759583 -0.8402343 0.12854733 0.24414189 -0.46677262
34625981.11235549 -220.10193 -128.24353 17.01892 -0.84168804 0.13624354 0.24458566 -0.46171075
34653832.86235549 -221.7062 -128.85043 17.267624 -0.8428598 0.14525624 0.2436049 -0.4573234
34681737.11235549 -223.29124 -129.47162 17.521194 -0.84378916 0.15402344 0.24180835 -0.45367983
34709667.86235549 -224.86314 -130.07219 17.754639 -0.8445158 0.16354525 0.24081548 -0.4495042
34738229.11235549 -226.48434 -130.6868 18.00528 -0.8458146 0.1709152 0.23910281 -0.44521415
34767080.11235549 -228.11722 -131.28493 18.244919 -0.8475944 0.17721292 0.23920962 -0.43927017
34795563.11235549 -229.73051 -131.8714 18.457977 -0.8495305 0.18320657 0.23956296 -0.43283132
34823766.11235549 -231.33005 -132.45926 18.656967 -0.85190886 0.18728016 0.24021597 -0.4259975
34852337.11235549 -232.93979 -133.02545 18.886017 -0.85467607 0.19014694 0.24081439 -0.4187856
34880942.11235549 -234.5686 -133.60397 19.096405 -0.85757816 0.19144472 0.24228331 -0.41134843
34910185.11235549 -236.21713 -134.16272 19.290283 -0.86062104 0.19370617 0.24473944 -0.4023828
34939655.11235549 -237.90617 -134.75516 19.514328 -0.8642092 0.19427323 0.2463532 -0.39333254
34968530.11235549 -239.58168 -135.32211 19.739777 -0.8682423 0.1974276 0.24521711 -0.38346604
34997688.11235549 -241.26465 -135.92705 19.994537 -0.87207633 0.20047586 0.24263707 -0.37472597
35027027.11235549 -242.95555 -136.53064 20.255203 -0.8758154 0.20602813 0.2398709 -0.36463907
35056479.86235549 -244.64612 -137.19553 20.562973 -0.87971866 0.20972504 0.23847347 -0.35389394
35085974.11235549 -246.32562 -137.82037 20.829422 -0.8835715 0.21601309 0.23886551 -0.33997506
35115436.11235549 -247.94736 -138.48709 21.113724 -0.887668 0.22086377 0.2416567 -0.32383132
35144808.11235549 -249.51247 -139.18298 21.445572 -0.89258116 0.22263567 0.2465432 -0.30487502
35174046.11235549 -251.09534 -139.79521 21.803192 -0.8975537 0.22494112 0.25173587 -0.28359836
35203120.11235549 -252.6152 -140.3889 22.180222 -0.9025824 0.22511165 0.25871027 -0.26026642
35232024.86235549 -254.1301 -140.98639 22.581024 -0.90721387 0.225305 0.2650487 -0.23653725
35260781.11235549 -255.63907 -141.59216 22.984985 -0.9113813 0.22396329 0.2724598 -0.21210913
35289422.11235549 -257.1522 -142.1878 23.375519 -0.914476 0.2236692 0.28022724 -0.18755926
35317960.11235549 -258.6271 -142.80724 23.759155 -0.9170099 0.22092098 0.28939998 -0.16289407
35346394.11235549 -260.07718 -143.41586 24.125183 -0.91838175 0.21821983 0.30024207 -0.13714911
35374709.11235549 -261.47977 -144.00441 24.507019 -0.91886157 0.21481311 0.31185982 -0.110870354
35402880.11235549 -262.83856 -144.6029 24.883453 -0.9180343 0.21017942 0.325604 -0.083783396
35430893.11235549 -264.13654 -145.22493 25.26828 -0.9158438 0.20464082 0.340633 -0.057632416
35458751.86235549 -265.4152 -145.81729 25.609833 -0.91255003 0.20079322 0.35480782 -0.03234242
35486471.11235549 -266.6385 -146.41266 25.944214 -0.90837467 0.19746664 0.36848164 -0.009152462
35514078.11235549 -267.83035 -147.00368 26.259216 -0.90412277 0.19386503 0.3805939 0.011252161
35541600.11235549 -268.97943 -147.59128 26.546692 -0.90017205 0.18992575 0.39086416 0.029046182
35569067.11235549 -270.06784 -148.2009 26.829254 -0.896873 0.18641317 0.39875567 0.043160737
35596511.11235549 -271.12158 -148.81482 27.109924 -0.8941999 0.1833272 0.4045533 0.05598506
35623956.11235549 -272.1343 -149.42525 27.360596 -0.8914671 0.18028523 0.41017273 0.06739481
35651432.11235549 -273.11404 -150.04343 27.609772 -0.888955 0.17764346 0.41476968 0.078536436
35678955.11235549 -274.05164 -150.65929 27.83023 -0.88628554 0.17552766 0.41914615 0.08946819
35706540.11235549 -274.93274 -151.29834 28.056305 -0.8839178 0.17275904 0.42275056 0.10062611
35734200.11235549 -275.78268 -151.93542 28.271942 -0.8816872 0.1694356 0.42596686 0.111675814
35761941.11235549 -276.60025 -152.57793 28.467316 -0.87923795 0.16546877 0.4294493 0.12302056
35789766.11235549 -277.36108 -153.24622 28.636475 -0.877383 0.16083853 0.43186978 0.1334867
35817678.11235549 -278.08438 -153.88974 28.79361 -0.8760163 0.15731941 0.43254682 0.14404595
35845673.11235549 -278.7854 -154.56653 28.93219 -0.87722135 0.15319428 0.42874643 0.1522851
35873753.11235549 -279.44324 -155.21999 29.030212 -0.8802054 0.14952606 0.42165822 0.15838172
35901919.11235549 -280.0534 -155.87335 29.180786 -0.88598144 0.14566013 0.40983325 0.16080046
35930177.11235549 -280.6093 -156.50879 29.182648 -0.891114 0.14333634 0.3983698 0.16331597
35958483.86235549 -281.1258 -157.176 29.292938 -0.89781654 0.14050457 0.38349047 0.16467862
35986904.11235549 -281.59314 -157.8516 29.279053 -0.9044202 0.13829876 0.36875656 0.16406183
36015506.11235549 -282.0243 -158.55934 29.338745 -0.91238433 0.1346187 0.3508927 0.16219436
36044243.11235549 -282.46082 -159.24138 29.28543 -0.91968966 0.13309443 0.3330119 0.15987484
36073123.11235549 -282.85007 -159.94287 29.31958 -0.9267504 0.13144803 0.31404844 0.15883538
36102155.86235549 -283.2185 -160.67175 29.299042 -0.9332911 0.12929025 0.29510528 0.15863408
36131351.11235549 -283.5451 -161.36963 29.299805 -0.93946147 0.12908067 0.27435306 0.15962727
36160721.11235549 -283.82816 -162.0995 29.25415 -0.9457167 0.12710567 0.25346193 0.15881187
36190275.11235549 -284.11752 -162.85785 29.252457 -0.952679 0.12492724 0.2283963 0.15694295
36220027.86235549 -284.38226 -163.62292 29.234772 -0.95879275 0.12241618 0.20459102 0.15450987
36249882.86235549 -284.59125 -164.42435 29.211914 -0.9628582 0.119511314 0.18526356 0.1558802
36279957.11235549 -284.792 -165.22267 29.19374 -0.9650985 0.11798955 0.1699171 0.16059743
36310251.11235549 -284.9948 -166.00496 29.188736 -0.96499354 0.11722003 0.16011666 0.17149252
36340789.11235549 -285.21658 -166.87436 29.255188 -0.9644584 0.114815444 0.1505481 0.18431719
36371702.86235549 -285.32172 -167.73003 29.302216 -0.96227837 0.10979686 0.14820462 0.20000105
36402880.11235549 -285.4303 -168.60202 29.327759 -0.9589659 0.10525767 0.14812845 0.21763086
36434324.11235549 -285.5496 -169.50945 29.348206 -0.9545612 0.100180976 0.15017152 0.23711863
36466045.11235549 -285.64944 -170.4094 29.327972 -0.94862014 0.0958163 0.1537307 0.25943404
36498055.11235549 -285.74817 -171.27646 29.268005 -0.9407146 0.092183076 0.15924257 0.2849565
36530368.11235549 -285.82275 -172.15305 29.191635 -0.9308438 0.087958574 0.16666502 0.3130751
36562995.11235549 -285.919 -173.00711 29.061966 -0.91949546 0.084426835 0.17472538 0.34186432
36595947.11235549 -285.9761 -173.85757 28.878479 -0.90662426 0.08025218 0.1842228 0.37101763
36629229.11235549 -286.0434 -174.70009 28.65535 -0.8931191 0.07607502 0.19267994 0.39928105
36662847.11235549 -286.11548 -175.52852 28.392776 -0.87924516 0.071707994 0.19936007 0.42666334
36696803.11235549 -286.19733 -176.32132 28.073166 -0.8658253 0.06859675 0.20402765 0.45167887
36731109.11235549 -286.25244 -177.13332 27.713913 -0.85413176 0.06307256 0.205813 0.47341514
36765775.11235549 -286.3838 -177.92227 27.303223 -0.84616584 0.057960033 0.19970232 0.49067605
36800815.11235549 -286.42645 -178.69615 26.813843 -0.84349835 0.052083023 0.18427317 0.50183797
36836236.11235549 -286.3874 -179.44482 26.300583 -0.84159166 0.04712325 0.16306129 0.5127514
36872043.11235549 -286.2669 -180.18816 25.797348 -0.83805674 0.048103884 0.13854168 0.5255027
36908235.11235549 -286.07993 -180.92278 25.272133 -0.83230215 0.053256966 0.113650225 0.53992635
36944819.11235549 -285.83853 -181.63722 24.76722 -0.8251542 0.060125407 0.08596725 0.5550813
36981799.11235549 -285.47556 -182.32213 24.27368 -0.8170371 0.064597346 0.059319105 0.5698762
37019182.11235549 -285.03577 -182.96811 23.775002 -0.80670774 0.06457523 0.039673727 0.58607054
37056958.86235549 -284.59207 -183.58804 23.275558 -0.7932583 0.06209115 0.028115647 0.60505825
37095114.11235549 -284.14203 -184.20311 22.800901 -0.7742936 0.06447744 0.026507888 0.628975
37133627.11235549 -283.56403 -184.84097 22.401323 -0.7497879 0.06894286 0.032602187 0.6572687
37172476.11235549 -282.93567 -185.45798 22.00618 -0.7230305 0.07346084 0.04192968 0.6856182
37211645.11235549 -282.27832 -186.04245 21.605215 -0.69601774 0.076156944 0.051403847 0.7121216
37251128.86235549 -281.60562 -186.55008 21.142593 -0.6727472 0.07618156 0.05709248 0.7337221
37290920.11235549 -280.90045 -187.04514 20.67472 -0.65536404 0.072622135 0.058487996 0.7495354
37331016.11235549 -280.2057 -187.46683 20.161833 -0.64506274 0.06781377 0.053657003 0.7592209
37371398.86235549 -279.43182 -187.84167 19.63211 -0.63975555 0.05846645 0.0432206 0.7651318
37412056.11235549 -278.61212 -188.16016 19.09924 -0.6358536 0.050425638 0.029402196 0.7695993
37452964.11235549 -277.67212 -188.414 18.579933 -0.6305785 0.043677844 0.016869469 0.7747119
37494087.86235549 -276.70776 -188.60959 18.04262 -0.6258025 0.036790803 0.0037354743 0.7791045
37535392.11235549 -275.73587 -188.7457 17.52462 -0.62270844 0.027762521 -0.009936033 0.7818982
37576834.86235549 -274.67535 -188.82755 16.999474 -0.6167979 0.019451844 -0.021938775 0.78657526
37618385.11235549 -273.56226 -188.84702 16.496403 -0.6075453 0.01394225 -0.033473045 0.7934569
37660018.86235549 -272.3795 -188.81644 16.00592 -0.5977044 0.0078031425 -0.044540953 0.8004404
37701705.11235549 -271.17493 -188.7221 15.534607 -0.58881295 -0.0008815496 -0.05511291 0.8063877
37743421.11235549 -269.9765 -188.5484 15.056618 -0.58452344 -0.01367972 -0.06617397 0.8085582
37785156.11235549 -268.76294 -188.3378 14.563049 -0.5859095 -0.032778993 -0.07924699 0.80582607
37826916.11235549 -267.47577 -188.12628 14.118301 -0.5865612 -0.052809425 -0.0919624 0.8029322
37868720.11235549 -266.16077 -187.88522 13.659927 -0.58631396 -0.0716907 -0.10575581 0.79994506
37910593.11235549 -264.84528 -187.63144 13.213806 -0.58680314 -0.08851586 -0.123295605 0.7953775
37952554.11235549 -263.48312 -187.3407 12.80838 -0.59041893 -0.10378962 -0.14069815 0.78793234
37994589.11235549 -262.0209 -187.02585 12.426956 -0.59722084 -0.123432875 -0.1573304 0.7767489
38036660.86235549 -260.5315 -186.70432 12.058792 -0.6051823 -0.14193174 -0.17401494 0.7637595
38078742.11235549 -259.02655 -186.40887 11.715454 -0.60681945 -0.14951733 -0.18976983 0.75723326
38120819.11235549 -257.41315 -186.13672 11.410675 -0.6012978 -0.15048176 -0.19967723 0.7588974
38162878.11235549 -255.75003 -185.84634 11.105286 -0.59647995 -0.1491993 -0.20299444 0.762066
38204922.86235549 -254.05779 -185.51456 10.795639 -0.5920047 -0.1449663 -0.20038638 0.76704663
38246971.11235549 -252.32773 -185.2197 10.474579 -0.5836179 -0.14144279 -0.19989973 0.77422494
38289021.11235549 -250.61551 -184.90216 10.154953 -0.5743867 -0.13112928 -0.19981399 0.7829173
38331049.11235549 -248.78479 -184.52667 9.877243 -0.56351537 -0.12197007 -0.18947513 0.7947786
38373034.11235549 -246.99054 -184.17996 9.54657 -0.5526702 -0.112953395 -0.18386018 0.8049799
38415004.11235549 -245.14474 -183.84827 9.188095 -0.5466418 -0.11353351 -0.1825235 0.80930716
38457024.11235549 -243.29364 -183.41 8.822372 -0.5441505 -0.11475423 -0.18070944 0.8112188
38499193.11235549 -241.41757 -182.99078 8.406403 -0.539502 -0.12025082 -0.18551236 0.81244236
38541616.11235549 -239.61604 -182.5006 8.035278 -0.5356922 -0.112431005 -0.19489166 0.813886
38584407.11235549 -237.59853 -182.02515 7.7521515 -0.5243287 -0.113871574 -0.19170783 0.8218034
38627682.11235549 -235.72676 -181.54604 7.37323 -0.51116824 -0.10016077 -0.20029034 0.8297944
38671377.11235549 -233.8004 -181.08568 7.0948334 -0.4926818 -0.08666974 -0.20426613 0.84144425
38715230.11235549 -231.82831 -180.6335 6.8668976 -0.4662123 -0.07510294 -0.20910452 0.8563183
38759084.11235549 -229.93376 -180.13977 6.649048 -0.4397393 -0.053737 -0.21826899 0.8695404
38802937.11235549 -227.94006 -179.64542 6.542328 -0.40299147 -0.035045806 -0.2236654 0.8867601
38846790.11235549 -225.92235 -179.09808 6.4558716 -0.36348927 -0.0154995 -0.22865121 0.90296954
38890603.11235549 -223.91046 -178.42726 6.3814087 -0.32477105 0.0061195567 -0.22429036 0.9187928
38934320.86235549 -221.97778 -177.75967 6.2757263 -0.2877145 0.027954439 -0.22241573 0.93111235
38977898.11235549 -220.13507 -177.15538 6.178177 -0.25311688 0.04757544 -0.2275882 0.9390804
39021359.11235549 -218.32878 -176.50525 6.13501 -0.22642785 0.06144929 -0.23247713 0.94387966
39064760.11235549 -216.5602 -175.78607 6.1843414 -0.20557185 0.0622877 -0.23346382 0.9483434
39108072.11235549 -214.79321 -174.99416 6.2246704 -0.18621881 0.06172773 -0.23430835 0.95216167
39151195.11235549 -213.10812 -174.1763 6.275284 -0.16448858 0.064766325 -0.23715892 0.955251
39193975.86235549 -211.46991 -173.31425 6.3841095 -0.1395166 0.07161002 -0.23865548 0.95835835
39236296.11235549 -209.90416 -172.42023 6.5210266 -0.11557724 0.07918382 -0.24146023 0.9602441
39278154.11235549 -208.3818 -171.5126 6.6784515 -0.093394585 0.08225624 -0.2453395 0.9614156
39319593.86235549 -206.95416 -170.50912 6.8555603 -0.07021076 0.08338857 -0.24678075 0.9629206
39360649.11235549 -205.5987 -169.4971 7.041855 -0.042827666 0.08225382 -0.25075322 0.96359897
39401367.11235549 -204.28865 -168.50385 7.2268677 -0.011390917 0.08339081 -0.25982934 0.96197975
39441776.11235549 -203.073 -167.46878 7.4617767 0.024214393 0.094147645 -0.2672263 0.95871794
39481883.11235549 -201.88141 -166.41574 7.713455 0.061593838 0.10616144 -0.27440056 0.95375067
39521683.11235549 -200.7438 -165.36908 7.9534607 0.09853681 0.11821314 -0.2824305 0.9468628
39561134.11235549 -199.68661 -164.30244 8.206146 0.13353692 0.12966551 -0.28868213 0.9391578
39600170.11235549 -198.69615 -163.22495 8.47139 0.16752118 0.13986585 -0.29427123 0.93047225
39638768.11235549 -197.77997 -162.14069 8.7539215 0.20163798 0.14935021 -0.3002087 0.9202779
39676945.86235549 -196.9437 -161.0492 9.042603 0.23537618 0.15894914 -0.30635634 0.9085588
39714725.11235549 -196.20285 -159.9583 9.340164 0.2688511 0.16942507 -0.31265867 0.8951307
39752113.11235549 -195.54147 -158.88167 9.640289 0.3031769 0.18160151 -0.32029885 0.87892735
39789105.11235549 -194.95493 -157.81363 9.958099 0.33807603 0.19482927 -0.32747236 0.86052775
39825699.11235549 -194.44772 -156.77142 10.2668915 0.37338498 0.20957835 -0.33468264 0.83943325
39861893.11235549 -194.02145 -155.75874 10.588501 0.4085689 0.22343399 -0.34170827 0.81632364
39897681.11235549 -193.66783 -154.7593 10.91494 0.44254655 0.23647553 -0.34792012 0.7919492
39933054.86235549 -193.40811 -153.79398 11.230072 0.47506347 0.24699605 -0.3546771 0.76649326
39967998.11235549 -193.1802 -152.86049 11.528084 0.50747776 0.25277454 -0.36420164 0.7388698
40002505.11235549 -193.03394 -151.97394 11.830177 0.53903294 0.25801107 -0.37282583 0.70984125
40036596.11235549 -192.95071 -151.1311 12.095001 0.56815 0.2628584 -0.38116285 0.6803132
40070303.86235549 -192.91449 -150.32703 12.363987 0.5945528 0.2663302 -0.387426 0.6522855
40103672.11235549 -192.93507 -149.5528 12.568481 0.6176403 0.27081707 -0.39264566 0.62530637
40136728.11235549 -193.00545 -148.83916 12.772236 0.6378954 0.27450672 -0.39412585 0.6019971
40169490.11235549 -193.11214 -148.17249 12.9732 0.65735394 0.2745276 -0.39448225 0.5804345
40201977.11235549 -193.22278 -147.52045 13.162071 0.67529345 0.2661099 -0.39429924 0.56364214
40234196.11235549 -193.38913 -146.9148 13.303092 0.6889253 0.2554551 -0.39355657 0.5524834
40266152.11235549 -193.59737 -146.37619 13.443854 0.7008345 0.2444257 -0.38945737 0.54535323
40297842.11235549 -193.85144 -145.87575 13.586172 0.71296203 0.23250921 -0.38393313 0.5387207
40329262.11235549 -194.14206 -145.42398 13.705269 0.7243555 0.2211658 -0.38056317 0.5306284
40360414.11235549 -194.45193 -145.00845 13.814825 0.73441696 0.20944786 -0.377931 0.52338463
40391297.11235549 -194.77625 -144.62762 13.91428 0.7421301 0.19715033 -0.37624764 0.51847124
40421915.11235549 -195.12675 -144.28625 14.013058 0.74774915 0.18554428 -0.37513375 0.5154796
40452275.11235549 -195.4923 -143.96869 14.100786 0.7520729 0.17335396 -0.37489906 0.51360065
40482394.86235549 -195.86458 -143.68643 14.187626 0.7551449 0.15997705 -0.37398723 0.51409835
40512293.11235549 -196.26315 -143.43555 14.264519 0.7574701 0.14579476 -0.3735197 0.5152339
40541993.11235549 -196.6623 -143.20856 14.352501 0.7612385 0.13057134 -0.37472394 0.5128831
40571512.11235549 -197.08188 -143.01234 14.435032 0.7657265 0.11603335 -0.3779726 0.507283
40600868.11235549 -197.5444 -142.85045 14.524555 0.77036667 0.104622975 -0.3814562 0.5000805
40630075.86235549 -198.00864 -142.71844 14.602028 0.7737813 0.09432149 -0.38641194 0.4930028
40659142.11235549 -198.49841 -142.61942 14.688995 0.7769919 0.08632315 -0.39050728 0.486144
40688136.11235549 -198.9922 -142.54404 14.780968 0.7799058 0.07796244 -0.39393747 0.48008555
40716985.11235549 -199.49596 -142.50253 14.878456 0.78283453 0.07149476 -0.39620635 0.47442502
40745611.11235549 -200.01422 -142.48318 14.966026 0.78531194 0.06535501 -0.39994308 0.46803784
40774101.11235549 -200.53308 -142.48299 15.059853 0.7878551 0.05878878 -0.40441734 0.46073303
40802489.11235549 -201.06404 -142.51497 15.155609 0.7898285 0.055086315 -0.40942124 0.45333305
40830810.11235549 -201.60156 -142.56895 15.246803 0.7915192 0.053602356 -0.41359627 0.44672397
40859093.11235549 -202.13914 -142.6409 15.339287 0.79279953 0.052991986 -0.41536972 0.44286442
40887363.86235549 -202.67767 -142.7225 15.426506 0.79420877 0.050786745 -0.41483092 0.44109917
40915637.11235549 -203.2339 -142.82602 15.504303 0.79546714 0.04892243 -0.41221935 0.44149053
40943919.11235549 -203.78488 -142.96921 15.573242 0.7959766 0.045995217 -0.40855205 0.44428715
40972207.11235549 -204.32477 -143.11188 15.650528 0.7967992 0.04023504 -0.40238547 0.44897464
41000495.86235549 -204.87315 -143.27966 15.733124 0.7975382 0.033854082 -0.39478087 0.45490083
41028782.11235549 -205.42162 -143.46611 15.802719 0.7982819 0.026097676 -0.38884637 0.4591987
41057075.11235549 -205.97844 -143.67252 15.892242 0.79941183 0.018766008 -0.38153186 0.46370468
41085400.11235549 -206.53928 -143.89618 15.979774 0.799917 0.011228492 -0.37488908 0.46847093
41113780.11235549 -207.1015 -144.12991 16.070892 0.8005854 0.0039219004 -0.3671368 0.47355926
41142237.11235549 -207.6575 -144.3666 16.165817 0.8008543 -0.0048985435 -0.35913208 0.47919998
41170784.11235549 -208.23291 -144.63593 16.264336 0.8004486 -0.011457928 -0.34958386 0.48676673
41199430.11235549 -208.82442 -144.90826 16.348442 0.8001568 -0.01885196 -0.3408463 0.4931709
41228124.11235549 -209.42139 -145.20038 16.424507 0.7985941 -0.02463835 -0.33317718 0.500633
41256911.11235549 -210.03433 -145.48233 16.511765 0.7978712 -0.03170593 -0.32415733 0.50726557
41288950.11235549 -210.71542 -145.81369 16.568596 0.7949932 -0.039435066 -0.31760296 0.51532423
41319737.11235549 -211.36401 -146.11096 16.626648 0.79231167 -0.04975172 -0.30963257 0.5233495
41352312.11235549 -212.04434 -146.413 16.669724 0.7890223 -0.06487097 -0.29881227 0.53286666
41381926.11235549 -212.67511 -146.69891 16.727936 0.7854868 -0.07667126 -0.28561074 0.5436531
41411270.11235549 -213.30994 -146.97974 16.787712 0.7816805 -0.089208245 -0.2715315 0.5543357
41440349.11235549 -213.9353 -147.2582 16.828201 0.7774191 -0.10043922 -0.26031455 0.5637092
41469574.11235549 -214.5536 -147.54266 16.86724 0.77275103 -0.1112422 -0.25276256 0.5714824
41498766.11235549 -215.18387 -147.80699 16.914978 0.7695073 -0.12126256 -0.24573423 0.576861
41527835.11235549 -215.81586 -148.07172 16.971832 0.76679116 -0.12871322 -0.24089846 0.58088917
41556780.11235549 -216.45905 -148.32385 17.047546 0.7644548 -0.13543782 -0.23466893 0.58497524
41585678.11235549 -217.11981 -148.57608 17.124695 0.7631546 -0.1413772 -0.22835334 0.5877604
41614556.11235549 -217.79962 -148.83215 17.212837 0.76159227 -0.14448984 -0.22111602 0.59178346
41643427.11235549 -218.47986 -149.08284 17.285927 0.76127344 -0.14813179 -0.21576458 0.5932668
41672291.11235549 -219.18733 -149.31238 17.364296 0.76257527 -0.14983658 -0.20929025 0.59348595
41701142.11235549 -219.86465 -149.53683 17.434883 0.7638128 -0.1521477 -0.20718585 0.5920432
41729980.11235549 -220.5306 -149.75868 17.504395 0.7643935 -0.15510863 -0.20643899 0.59078497
41758805.11235549 -221.17554 -149.98767 17.587303 0.7631605 -0.1580602 -0.20879005 0.5907705
41787647.11235549 -221.83444 -150.2201 17.692894 0.7618219 -0.15939271 -0.20872027 0.5921632
41816543.11235549 -222.49457 -150.45969 17.809593 0.7599156 -0.16056079 -0.20785685 0.59459573
41845468.11235549 -223.18347 -150.67746 17.939552 0.7585247 -0.16408327 -0.19947886 0.5982685
41874435.11235549 -223.86256 -150.8981 18.042671 0.75494426 -0.17171615 -0.19598427 0.60179967
41903499.11235549 -224.54813 -151.11667 18.1669 0.75187325 -0.1774252 -0.19386698 0.6046673
41932686.11235549 -225.25446 -151.33981 18.31469 0.7496545 -0.17825377 -0.1920028 0.6077654
41962002.11235549 -225.9863 -151.55655 18.467903 0.7490531 -0.17559609 -0.19122435 0.6095235
41991444.11235549 -226.71616 -151.75345 18.598907 0.74936473 -0.175898 -0.19505644 0.6078368
42021001.11235549 -227.4479 -151.94498 18.73465 0.751746 -0.17471644 -0.20171401 0.6030453
42050657.11235549 -228.19324 -152.10033 18.876434 0.7581664 -0.17472452 -0.20786604 0.5928296
42080850.11235549 -228.93335 -152.2648 19.022896 0.76668996 -0.17183188 -0.22128737 0.577661
42110955.11235549 -229.68765 -152.43954 19.199867 0.77579015 -0.16481426 -0.23440063 0.56217647
42140904.11235549 -230.45822 -152.58606 19.384277 0.7883502 -0.15777728 -0.2479316 0.54050004
42171096.11235549 -231.24405 -152.71722 19.57692 0.80264884 -0.15371267 -0.26225984 0.5131736
42201489.11235549 -232.04642 -152.86124 19.79541 0.81701845 -0.14657559 -0.27550316 0.48486543
42232060.86235549 -232.85283 -153.04659 19.993927 0.8283807 -0.13692892 -0.29439002 0.4564761
42262696.11235549 -233.63602 -153.22865 20.172668 0.8382057 -0.13001241 -0.3155713 0.42535025
42293314.86235549 -234.4003 -153.39093 20.3741 0.84787303 -0.12596208 -0.3332505 0.39266923
42323836.11235549 -235.13441 -153.5681 20.595459 0.85668194 -0.119967006 -0.34850913 0.36089534
42353946.11235549 -235.84029 -153.7563 20.833298 0.86397725 -0.11643739 -0.3617315 0.33035746
42383591.11235549 -236.52487 -153.96843 21.075958 0.8706087 -0.11018455 -0.3741833 0.2998113
42412953.11235549 -237.18793 -154.19493 21.321472 0.87601215 -0.10304115 -0.3858813 0.2703348
42442073.11235549 -237.83398 -154.422 21.58548 0.8808098 -0.09663408 -0.39604914 0.24079263
42471079.11235549 -238.46837 -154.66176 21.85492 0.88475 -0.091213584 -0.40518892 0.21146998
42499857.11235549 -239.07867 -154.91231 22.118713 0.88776815 -0.08529273 -0.4138097 0.1826321
42528406.11235549 -239.67079 -155.17311 22.377045 0.88975865 -0.08091631 -0.4217898 0.15451697
42556728.11235549 -240.23624 -155.4492 22.64627 0.89088714 -0.07659254 -0.4291889 0.12747821
42584727.11235549 -240.78261 -155.7318 22.905914 0.8912114 -0.07409714 -0.4361986 0.09991376
42612567.11235549 -241.30873 -156.04286 23.168915 0.8910958 -0.070850626 -0.44213328 0.07380171
42640306.11235549 -241.80994 -156.36078 23.42514 0.8896878 -0.06773293 -0.44902468 0.047379
42667994.11235549 -242.29573 -156.69296 23.68747 0.88777816 -0.062877946 -0.45550913 0.02019406
42695675.11235549 -242.77112 -157.02109 23.922424 0.8843309 -0.057688564 -0.4631987 -0.008829504
42723384.11235549 -243.2338 -157.37595 24.15866 0.8795788 -0.049955018 -0.4715679 -0.0383322
42751150.11235549 -243.66357 -157.7498 24.395782 0.8729188 -0.03983357 -0.48149526 -0.067738384
42778997.11235549 -244.08607 -158.10748 24.608917 0.8639368 -0.032011587 -0.49280792 -0.098634996
42806940.11235549 -244.49033 -158.46814 24.805908 0.8530648 -0.02460187 -0.50462574 -0.13049182
42834986.11235549 -244.87799 -158.84352 25.009155 0.84100276 -0.016319694 -0.515409 -0.16371194
42863143.11235549 -245.24355 -159.24313 25.194458 0.82716835 -0.006130555 -0.5259807 -0.19773524
42891418.86235549 -245.61057 -159.61008 25.345062 0.81113565 0.003288484 -0.53661466 -0.23257908
42919830.11235549 -245.96913 -160.00623 25.488739 0.79445314 0.014378619 -0.54520243 -0.2671925
42948398.11235549 -246.31403 -160.37726 25.612854 0.77771246 0.023709182 -0.55104524 -0.3015799
42977145.11235549 -246.65707 -160.76639 25.721497 0.76144224 0.032397084 -0.55337065 -0.33606115
43006089.86235549 -246.99655 -161.14424 25.812866 0.74619764 0.039951324 -0.55224377 -0.36962122
43035251.11235549 -247.35175 -161.50555 25.896149 0.73356885 0.046251446 -0.5466637 -0.40111887
43064650.11235549 -247.70235 -161.87003 25.935425 0.72288656 0.054453142 -0.53797585 -0.43017653
43094302.11235549 -248.03311 -162.20752 25.958832 0.7155416 0.060382497 -0.5250625 -0.45679703
43124222.11235549 -248.36185 -162.52458 25.942474 0.71057916 0.06400465 -0.50874424 -0.4818298
43154418.11235549 -248.683 -162.85696 25.933807 0.7119138 0.066212006 -0.48706713 -0.5015579
43184896.11235549 -248.96997 -163.16672 25.895508 0.7170477 0.06894004 -0.46509933 -0.51456046
43215661.11235549 -249.2576 -163.48322 25.783142 0.7249358 0.074983194 -0.44435254 -0.5209572
43246723.11235549 -249.50893 -163.77669 25.676392 0.7355427 0.08384372 -0.422675 -0.52277434
43278090.11235549 -249.75235 -164.0896 25.560211 0.7479732 0.09274527 -0.4007415 -0.5209038
43309770.11235549 -249.90198 -164.39801 25.407898 0.75815123 0.09742589 -0.3763966 -0.5234889
43341771.11235549 -250.05879 -164.71118 25.247223 0.76493365 0.09659501 -0.3489489 -0.53271073
43374095.11235549 -250.14476 -165.03668 25.065613 0.76814514 0.094585374 -0.32303432 -0.54466105
43406742.11235549 -250.18878 -165.35022 24.867615 0.7683472 0.0890527 -0.29740846 -0.5596968
