1027872.532 -0.0 -0.0 -0.0 -0.0 -0.0 1.0 -0.0
1068302.367 -0.0 -0.0 -0.0 -0.0 -0.0 1.0 -0.0
1127874.138 -0.0 -0.0 -0.0 -0.0 -0.0 1.0 -0.0
1168303.723 -0.0 -0.0 -0.0 -0.0 -0.0 1.0 -0.0
1227875.744 -0.0 -0.0 -0.0 -0.0 -0.0 1.0 -0.0
1268305.079 -0.0 -0.0 -0.0 -0.0 -0.0 1.0 -0.0
1327877.099 -0.003817258 -0.009887522 -0.008845377 -5.7147172e-05 0.00070377457 0.99999976 -0.00018573269
1368316.934 -0.0036829014 -0.009259178 -0.008513932 -7.70751e-05 0.0009038835 0.99999964 -9.340353e-05
1427937.954 -0.0009535116 -0.008621502 -0.008660814 -7.538453e-05 0.0003928846 1.0 -0.00011730432
1468308.29 -0.0009535116 -0.008621502 -0.008660814 -7.538453e-05 0.0003928846 1.0 -0.00011730432
1527880.0610000002 -0.0053167124 -0.0033060345 -0.0086658085 9.7932985e-05 -0.0003331334 1.0 0.00015606104
1568309.6460000002 -0.0053167124 -0.0033060345 -0.0086658085 9.7932985e-05 -0.0003331334 1.0 0.00015606104
1627881.667 -0.0096424455 0.0011696485 -0.0085849315 1.5390391e-05 -0.00029286748 1.0 0.00011726873
1668311.002 -0.0096424455 0.0011696485 -0.0085849315 1.5390391e-05 -0.00029286748 1.0 0.00011726873
1727883.023 -0.011095814 0.0033639974 -0.008055896 -0.0002426467 -0.00045137564 0.9999999 -5.840433e-05
1768312.608 -0.011179068 0.0035108768 -0.0083792675 -0.00022842517 -0.0005556573 0.9999998 -0.00013382189
1827884.378 -0.011292326 0.0038430807 -0.0071892357 -0.00018075349 -0.00044453633 0.9999999 -0.00022236942
1868314.214 -0.0112235015 0.0041193496 -0.006955249 -0.00020323876 -0.00039417538 0.9999999 -0.00019902729
1927885.984 -0.011821528 0.0035089573 -0.006852169 -0.0002326422 -0.0004947202 0.9999998 -0.00019281788
1968315.5699999998 -0.012197678 0.0024229304 -0.008029894 -0.00017136744 -0.0005520822 0.9999998 -4.871668e-05
2027887.59 -0.0119512435 0.0015313871 -0.008180777 5.4946333e-05 -0.000498586 0.99999994 1.4691115e-05
2070426.1409999998 -0.012107578 0.0019907828 -0.0082299765 -0.00034262676 -0.0003048912 0.9999999 -0.00015045081
2119570.3329999996 -0.0135303065 0.0028373685 -0.007482795 -0.00018407487 -2.4483802e-06 1.0 -0.000107895146
2169603.0100000002 -0.01634664 0.0033297925 -0.0073145297 6.334464e-05 -0.00018641874 1.0 0.0001240352
2220364.6750000003 -0.016559131 0.0048828027 -0.0058384957 0.0002542114 -4.841999e-05 1.0 0.00030485075
2271515.5840000003 -0.015932227 0.005932894 -0.0055660415 9.032152e-05 -0.0002991917 0.9999999 0.00029133534
2321659.0100000002 -0.016351905 0.007239094 -0.005567786 0.00012452266 -0.00022242218 1.0 0.0003355863
2370819.202 -0.016821586 0.008799552 -0.0050122156 -0.000196982 2.6424766e-05 1.0 -9.384618e-07
2420122.141 -0.01778921 0.010205776 -0.004215168 -0.00010286566 0.00027551228 1.0 -8.169643e-05
2469932.572 -0.01712453 0.009370889 -0.0055282945 -0.000102135484 0.00016904733 1.0 -0.00011320212
2520210.746 -0.016532388 0.008259417 -0.0055010444 2.2428635e-06 -0.00019193161 1.0 5.2002517e-05
2570808.914 -0.015887827 0.0071145855 -0.004918646 -0.0001948864 -0.0008760288 0.99999964 -0.00014375617
2621121.0859999997 -0.016149715 0.0071206293 -0.0048277555 -0.00018530009 -0.0007043014 0.99999976 -0.00021060296
2670839.5190000003 -0.019148337 0.00770202 -0.005924743 -0.00036066212 -0.00011094186 0.99999976 -0.00066877756
2720396.454 -0.021353805 0.00927216 -0.0062395884 -0.0016904464 0.0015815469 0.9999951 -0.0021049422
2770166.886 -0.020927893 0.012492531 -0.004000495 -0.004665136 0.005074828 0.99996024 -0.005664556
2820290.812 -0.019658655 0.015386811 0.0004149387 -0.005893775 0.005957909 0.99989754 -0.011603034
2870564.985 -0.013501732 0.02097561 0.004850096 -0.0032974211 0.005152042 0.9998721 -0.014779299
2920851.158 -0.005232732 0.026071481 0.008304434 -0.0012936814 0.0060291407 0.99982566 -0.017626114
2970867.8359999997 0.0043915818 0.030850597 0.012206339 -9.860478e-05 0.004937221 0.99975646 -0.021511028
3020662.017 0.015832786 0.03304507 0.011214949 0.002225573 0.0033510576 0.999728 -0.02297322
3070496.448 0.029585259 0.036557443 0.0105373 0.0058789803 0.0014125353 0.99972224 -0.022781858
3120505.126 0.044058196 0.036124524 0.01108112 0.010429627 0.0009893068 0.9996692 -0.023489121
3170688.301 0.05874028 0.035125762 0.01431913 0.015308881 0.0012039541 0.9995954 -0.023943523
3220895.2249999996 0.0754921 0.030619077 0.014940851 0.018962225 0.0024441937 0.99951863 -0.024432508
3270991.402 0.09068501 0.025715463 0.015744641 0.024250602 0.0027437531 0.9994045 -0.024394626
3320936.08 0.10550635 0.017888114 0.017126225 0.028916957 0.0018081834 0.9992884 -0.02415327
3370849.76 0.1178617 0.009358212 0.018846687 0.031651996 8.422359e-05 0.99921006 -0.024031747
3420834.4379999996 0.12772839 -0.0010229137 0.020031065 0.032884788 -0.001738121 0.9991674 -0.024086304
3470922.864 0.1362542 -0.012399444 0.020884743 0.0346864 -0.003166327 0.9991075 -0.023898834
3521034.54 0.1440605 -0.025490047 0.022682196 0.036719766 -0.004119302 0.9990402 -0.023524748
3571082.968 0.14957292 -0.03956363 0.025967542 0.039309513 -0.005290357 0.9989424 -0.023256822
3621036.146 0.15377744 -0.054316808 0.02881855 0.041287914 -0.0071088453 0.9988433 -0.02359897
3670949.326 0.1563828 -0.06871688 0.032380942 0.044104338 -0.009190529 0.99868953 -0.024282394
3720915.504 0.15738316 -0.083620094 0.035833072 0.04752865 -0.010792098 0.99851793 -0.02421946
3770946.931 0.1560981 -0.098045714 0.03997406 0.05029592 -0.012167798 0.9983713 -0.02402101
3820959.6089999997 0.15385456 -0.11487272 0.04455434 0.051982448 -0.014034884 0.99823284 -0.02514333
3870992.287 0.14877534 -0.12880634 0.049089104 0.053368103 -0.01613102 0.9980829 -0.026874656
3920952.965 0.13867812 -0.13423252 0.055144064 0.054791894 -0.0162113 0.9979745 -0.027963504
3970874.644 0.12691617 -0.14354818 0.056870207 0.053511035 -0.015653616 0.997972 -0.030717168
4020820.0730000003 0.111045405 -0.14530158 0.06003487 0.04929032 -0.015601366 0.99813384 -0.032494955
4070812.7509999997 0.09344373 -0.14407742 0.06502861 0.043373633 -0.015452239 0.99831355 -0.035355996
4120836.929 0.07323707 -0.14093731 0.06946689 0.038500395 -0.015667824 0.99841124 -0.038042884
4170837.607 0.053628154 -0.1379462 0.0731546 0.033944704 -0.016466256 0.9984855 -0.04004208
4220806.784999999 0.033859223 -0.13250577 0.07741882 0.029322505 -0.017376902 0.99858207 -0.04089164
4270752.214 0.013253893 -0.12725201 0.081151836 0.02597174 -0.017108757 0.99864155 -0.04180656
4320697.393 -0.007800448 -0.12178515 0.08332688 0.022432745 -0.015301892 0.9987362 -0.042292517
4370682.0709999995 -0.027911706 -0.11491487 0.08539438 0.01834463 -0.012866705 0.9988335 -0.042774685
4420682.999 -0.048057742 -0.10666324 0.085709885 0.013653896 -0.010635266 0.9989123 -0.043298732
4470707.676 -0.06649244 -0.0951499 0.08610725 0.009339403 -0.008397714 0.998975 -0.043488406
4520708.353999999 -0.08182578 -0.0839917 0.086935684 0.005707968 -0.006268371 0.9989436 -0.045164544
4570693.032000001 -0.09621684 -0.0704482 0.08701858 0.0023760188 -0.0051722047 0.9989288 -0.04592387
4620677.961 -0.110066734 -0.0560768 0.08627238 -0.0009273459 -0.005642516 0.9988889 -0.04677878
4670686.638 -0.11994703 -0.040191337 0.08596797 -0.0030976234 -0.0051117623 0.99882996 -0.04799097
4720703.316 -0.12712643 -0.022993138 0.08478779 -0.0051854434 -0.004784639 0.9987356 -0.049773913
4770728.244 -0.13390638 -0.0050552143 0.08275385 -0.008760598 -0.005169036 0.99855685 -0.052733444
4820744.171 -0.13670345 0.01069549 0.080444776 -0.012523153 -0.005351218 0.9983193 -0.056330435
4870753.098999999 -0.13853899 0.027213832 0.0779066 -0.013972151 -0.006124204 0.99818057 -0.05833408
4920745.777000001 -0.13454619 0.04181814 0.075469255 -0.0136969695 -0.0068095424 0.9980913 -0.059831873
4970751.705 -0.12642361 0.054270636 0.072622135 -0.011772049 -0.0074935392 0.99798954 -0.06182402
5020723.883 -0.11292604 0.067820534 0.07008504 -0.009146132 -0.007989623 0.99788386 -0.06387874
5070740.061000001 -0.09386764 0.07800185 0.06554763 -0.0053906515 -0.0060728644 0.99780226 -0.06576294
5120796.238 -0.07312974 0.08747393 0.06138301 -0.00081924035 -0.0033594705 0.9976927 -0.06780397
5170860.915 -0.04928437 0.097053856 0.057951365 0.0030224626 0.00012141929 0.997622 -0.06885652
5220901.592 -0.024346484 0.10496104 0.054774497 0.00679191 0.0035636863 0.99742866 -0.07125471
5270917.5200000005 0.0017400353 0.111905314 0.05069369 0.011633093 0.004814642 0.99721754 -0.07347587
5320910.198 0.02858088 0.11511988 0.04833874 0.018548096 0.004552598 0.99699914 -0.07502004
5370903.376 0.05638015 0.11588731 0.046292406 0.025968896 0.002136672 0.9968473 -0.0749441
5420927.803 0.08346182 0.11132915 0.04455506 0.032986153 -0.00019826989 0.9967368 -0.07367274
5470999.98 0.10865638 0.1054297 0.041823186 0.038961638 -0.004047479 0.99649996 -0.07384757
5521143.1559999995 0.13422595 0.098580875 0.039973 0.04527093 -0.008642903 0.99609095 -0.07535827
5571295.080999999 0.15713155 0.08875133 0.0386077 0.05075106 -0.012084809 0.995742 -0.076001346
5621406.756999999 0.17682123 0.076961786 0.038300157 0.05484213 -0.013897834 0.9955594 -0.075238384
5671470.934 0.19486667 0.061661795 0.038001794 0.05853339 -0.014218727 0.99548656 -0.07333653
5721527.1110000005 0.21179958 0.04371901 0.03948799 0.06325937 -0.013432656 0.99546546 -0.06975919
5771551.288000001 0.22707033 0.022116642 0.04129587 0.06677799 -0.012052567 0.99547607 -0.0665048
5821552.215999999 0.23772168 0.0010132785 0.044049837 0.06945644 -0.00978311 0.99554724 -0.06297491
5871513.395 0.24531655 -0.021355076 0.046031762 0.07015495 -0.009218105 0.9957275 -0.059330586
5921498.323000001 0.25255853 -0.043469157 0.047983773 0.07208346 -0.010443815 0.9958279 -0.05496983
5971515.001 0.257751 -0.06712622 0.050697606 0.07472536 -0.0120207295 0.995804 -0.051439926
6021531.678 0.26034316 -0.08978666 0.05344437 0.07672989 -0.01334863 0.9957633 -0.048885815
6071484.857000001 0.2609785 -0.11236087 0.05732084 0.07944653 -0.013980074 0.99563944 -0.04685162
6121374.287 0.25809997 -0.13317508 0.060232352 0.082088105 -0.014542117 0.99548507 -0.045383688
6171261.717 0.25061703 -0.15434194 0.06211226 0.08382881 -0.016593313 0.99535066 -0.044436682
6221201.895 0.23500432 -0.16890614 0.060702242 0.08293601 -0.01830397 0.9955425 -0.041010395
6271162.324 0.21784025 -0.18558018 0.060299218 0.07955911 -0.019808987 0.9958875 -0.03854991
6321099.503 0.19673371 -0.19766463 0.059359178 0.07703007 -0.020435413 0.9961717 -0.035927113
6370997.183 0.17372644 -0.20824483 0.057100594 0.072488874 -0.019611038 0.9965789 -0.034515966
6420887.112 0.14285296 -0.2132474 0.05794365 0.06776159 -0.019090157 0.99691325 -0.034756634
6470816.291 0.11135702 -0.2157217 0.057397593 0.05953432 -0.017876895 0.9974145 -0.03606
6520801.47 0.077165954 -0.22017239 0.056579564 0.049528144 -0.016658356 0.9978931 -0.03845582
6570833.647 0.040831532 -0.22072546 0.054983675 0.038224686 -0.01478876 0.9983633 -0.039886713
6620787.075999999 0.0015154363 -0.21879126 0.051030863 0.025454381 -0.014473683 0.9987113 -0.04145306
6670652.756 -0.03637411 -0.21316971 0.045662716 0.012771074 -0.01477839 0.998928 -0.041968618
6720486.936 -0.07061253 -0.2066796 0.039830666 -0.0010037787 -0.013470576 0.99904704 -0.041504905
6770376.615999999 -0.100394376 -0.19707361 0.033502202 -0.015395612 -0.01122718 0.99896854 -0.041216616
6820369.544 -0.12519103 -0.18442827 0.024619121 -0.029555134 -0.008755799 0.99871373 -0.040258948
6870433.721 -0.14198856 -0.17163262 0.015738424 -0.040443853 -0.0062984074 0.9984104 -0.03874732
6920489.898 -0.15361314 -0.15872741 0.0067565762 -0.047863524 -0.0028266958 0.99816716 -0.036925964
6970498.575999999 -0.16316572 -0.14570352 -0.0033847813 -0.054132506 -0.0007710021 0.9978547 -0.03681139
7020476.004 -0.1640488 -0.12988603 -0.01269761 -0.062054962 0.0009729626 0.9973611 -0.037670672
7070452.682 -0.16584086 -0.112982035 -0.02093052 -0.06681708 0.0006694702 0.997029 -0.038317595
7120477.359999999 -0.16328233 -0.09650824 -0.028834876 -0.06945464 -0.00072885706 0.9968209 -0.039033215
7170541.0370000005 -0.15572156 -0.07834309 -0.0353686 -0.06965431 -0.0026721242 0.99676776 -0.039941136
7220605.464 -0.14231424 -0.06299871 -0.04124095 -0.070235 -0.003971664 0.99662554 -0.042294465
7270638.141 -0.1294702 -0.04725167 -0.04631835 -0.07040034 -0.0051943455 0.996473 -0.045370173
7320623.068999999 -0.11217489 -0.031169174 -0.047780607 -0.06804865 -0.0038724567 0.99652505 -0.047877602
7370607.4969999995 -0.087556094 -0.01637085 -0.048602115 -0.06410558 -0.0002848166 0.9966814 -0.050166655
7420616.425 -0.06372964 -0.0016555242 -0.0485043 -0.05974688 0.002866908 0.9968073 -0.052890833
7470657.102999999 -0.03743585 0.011513051 -0.043112103 -0.05437552 0.0047709416 0.99691075 -0.05647562
7520705.28 -0.0093992865 0.021879831 -0.036997385 -0.045559686 0.0027466232 0.9971383 -0.060266264
7570729.7069999995 0.022507984 0.028310955 -0.02933681 -0.03280739 -0.0018491821 0.99748605 -0.06278458
7620746.385 0.057012767 0.028160105 -0.021432962 -0.019167554 -0.005399308 0.997724 -0.0644231
7670747.063 0.09061884 0.020391256 -0.015297575 -0.0070474506 -0.00697668 0.9978691 -0.06449105
7720787.24 0.12373376 0.005343354 -0.01255486 0.002709006 -0.0058327373 0.9980447 -0.062171895
7770867.667 0.15556175 -0.014079459 -0.011312555 0.011901147 -0.0038413247 0.9981698 -0.059168056
7820995.341999999 0.18614472 -0.038046174 -0.010326179 0.023135168 -0.002810275 0.99819905 -0.0552776
7871122.518 0.21514457 -0.06366101 -0.012872092 0.033513993 -0.00244275 0.9981726 -0.050223887
7921234.194 0.2396515 -0.090717226 -0.0142513905 0.04255266 -0.0025490434 0.9981251 -0.04392247
7971298.620999999 0.259569 -0.117042825 -0.014235693 0.0508528 -0.002835744 0.9979408 -0.03899027
8021307.299000001 0.2733861 -0.14240769 -0.011332795 0.058523994 -0.003525205 0.9976447 -0.03560397
8071220.978 0.28366444 -0.16827765 -0.0097273085 0.062295087 -0.0034930862 0.9975199 -0.032576345
8121078.659000001 0.28494257 -0.19204341 -0.0074175084 0.064267635 -0.002637695 0.9975035 -0.029146774
8170928.839000001 0.28250542 -0.2184061 -0.0056302506 0.06296847 -0.0021979013 0.9976493 -0.026945483
8220810.769 0.27412567 -0.23686557 -0.006717251 0.06116669 -0.00058730954 0.99785465 -0.023333287
8270755.948000001 0.2589005 -0.2604575 -0.0045765247 0.0586791 0.00045023143 0.9980437 -0.021571672
8320740.626 0.23657742 -0.279422 -0.004264898 0.054505788 0.00029379272 0.9983115 -0.020080542
8370741.554 0.21276344 -0.29551354 -0.0016733833 0.051114254 -0.0008768062 0.9985012 -0.019545214
8420718.732 0.18486778 -0.30492002 0.00017037716 0.048918214 -0.0027513013 0.9986161 -0.019115921
8470664.160999998 0.15550825 -0.31099507 0.002618477 0.045567073 -0.0023347957 0.9987657 -0.019628512
8520609.09 0.12131529 -0.30892843 0.0027066711 0.037416656 -0.0020995676 0.99910164 -0.019789506
8570638.516999999 0.0879641 -0.30828205 0.00413457 0.026726492 0.00030089694 0.99938345 -0.022768172
8620499.697 0.055389885 -0.30025876 0.004565261 0.015155372 0.0033820916 0.99955857 -0.025328761
8670444.876 0.021689823 -0.28615963 0.0047391746 0.00440547 0.0053515406 0.9995931 -0.027671814
8720390.055 -0.008086114 -0.27384892 0.0061174473 -0.0032218853 0.0061315033 0.99951226 -0.030451464
8770350.984 -0.03697379 -0.2634961 0.0059536374 -0.0076170783 0.006415782 0.9994109 -0.03284266
8820359.661 -0.063817695 -0.2501669 0.0026555324 -0.014170828 0.0059336433 0.9993256 -0.033353437
8870392.339 -0.09245567 -0.23932265 -0.0015515351 -0.021616355 0.005304188 0.9992037 -0.033115834
8920440.765999999 -0.11816016 -0.22694007 -0.00788991 -0.028259046 0.005454274 0.9990716 -0.03205795
8970441.194 -0.13876176 -0.21690139 -0.014471406 -0.034188505 0.007263471 0.9988785 -0.031941026
9020417.872 -0.15747884 -0.20590006 -0.02180099 -0.03871873 0.010314617 0.9986883 -0.031877868
9070402.8 -0.17366101 -0.1932205 -0.030462436 -0.04488788 0.014977091 0.99839234 -0.031201297
9120419.478 -0.18851921 -0.17987637 -0.042277105 -0.052880716 0.020905582 0.9979132 -0.030594693
9170452.155 -0.20165843 -0.16196018 -0.050046396 -0.061717365 0.02485087 0.99730974 -0.030768584
9220500.582 -0.20854197 -0.14821608 -0.057224583 -0.06880426 0.028194804 0.99670583 -0.032381367
9270540.76 -0.21327639 -0.12256721 -0.06262088 -0.07325897 0.027692448 0.9964108 -0.032121833
9320557.437 -0.21691354 -0.09988796 -0.06615821 -0.07314803 0.024447538 0.99642706 -0.034421574
9370558.365 -0.21364962 -0.07345425 -0.06503573 -0.07066816 0.02020761 0.996507 -0.039642725
9420582.543000001 -0.20359823 -0.044231996 -0.05982526 -0.06728688 0.017211923 0.99645287 -0.047517624
9470623.219999999 -0.18814228 -0.015958132 -0.052065987 -0.062302534 0.015274949 0.99634546 -0.05639913
9520671.397 -0.17018956 0.009624643 -0.042925153 -0.053946644 0.013003115 0.9963543 -0.06479875
9570711.824000001 -0.14221433 0.03067194 -0.03464607 -0.04650503 0.010538652 0.99636817 -0.07054647
9620696.503 -0.113235466 0.048064414 -0.026894148 -0.03673497 0.0097711645 0.9964972 -0.074487746
9670657.681 -0.0835231 0.061100315 -0.022183545 -0.026882827 0.0099988775 0.9966398 -0.07672352
9720650.609000001 -0.05035901 0.07139884 -0.017481035 -0.017846402 0.010561827 0.99659693 -0.07977775
9770758.785 -0.015756723 0.07819895 -0.012980989 -0.006617478 0.01071416 0.99651515 -0.08245629
9820803.212 0.020824514 0.08052141 -0.007783235 0.006262311 0.010372584 0.99631506 -0.08490894
9870898.639 0.055767905 0.078231886 -0.00423609 0.01770123 0.008285484 0.9962537 -0.08424199
9920971.066000002 0.08944795 0.07082629 -0.00020200433 0.030565703 0.004330944 0.99609524 -0.08271268
9971019.242999999 0.12443351 0.05770879 0.002394983 0.043077625 0.002159528 0.99587905 -0.0797788
10021114.919 0.15631747 0.04208753 0.0050991597 0.053489633 -0.00094878784 0.9954697 -0.078601144
10071321.593999999 0.18696941 0.023342684 0.0097871665 0.06466988 -0.0036750566 0.99496156 -0.07652393
10121600.267 0.21550584 -0.0009047304 0.01373511 0.07491484 -0.006577307 0.99437934 -0.07452649
10171838.441 0.23980772 -0.025523106 0.017647991 0.08408467 -0.010739566 0.9937342 -0.07284773
10221728.371 0.26148313 -0.05210087 0.021409089 0.09275298 -0.015173219 0.993101 -0.07012259
10271491.052000001 0.28158727 -0.0823894 0.025256881 0.10006673 -0.018866712 0.9925281 -0.06722203
10321333.483000001 0.29615757 -0.112774946 0.028145328 0.10455342 -0.021230385 0.99228793 -0.06310755
10371350.161 0.3083549 -0.14709494 0.031017283 0.10889075 -0.020160446 0.9921112 -0.058751978
10421517.336 0.3174458 -0.18062416 0.03468817 0.114827104 -0.01835066 0.99169815 -0.05488947
10471589.513 0.32013285 -0.2109205 0.03830544 0.12181808 -0.015509122 0.99114263 -0.0505586
10521376.193999998 0.32348827 -0.24104984 0.039401416 0.12300283 -0.010764502 0.99117893 -0.04815482
10571051.627 0.31398562 -0.26086012 0.040562045 0.12039735 -0.0055400073 0.99163467 -0.04620115
10620854.307999998 0.29426908 -0.28247768 0.04476863 0.114739284 -0.0015174802 0.99234295 -0.04569504
10670854.986 0.2739135 -0.2958676 0.046933416 0.10899088 0.00032755206 0.993063 -0.044124275
10720990.162 0.24959229 -0.3091967 0.048120998 0.1041038 0.00054949994 0.9936614 -0.042416006
10771109.838 0.22016503 -0.3149963 0.050045565 0.0992707 -0.0011911839 0.9941919 -0.04155053
10821071.265999999 0.190708 -0.32109344 0.05054593 0.09163657 -0.0020254324 0.99489135 -0.042307254
10870905.697 0.15531747 -0.3233677 0.052046884 0.08352117 -0.002329174 0.99559635 -0.04250689
10920810.376999998 0.11877922 -0.32497728 0.052074052 0.073684424 -0.0029030729 0.99635136 -0.04296833
10970768.305000002 0.08122357 -0.32423627 0.051335275 0.06375501 -0.003610498 0.99702215 -0.043232575
11020836.482 0.04409364 -0.32115898 0.049472854 0.052990906 -0.0035438908 0.99765295 -0.04322129
11070900.659 0.006105231 -0.31970626 0.04722352 0.042467345 -0.003199269 0.9981081 -0.044347335
11120806.088000001 -0.02907936 -0.31435022 0.0451712 0.03257263 -0.0034092707 0.9983886 -0.046342533
11170593.020000001 -0.062381107 -0.30770275 0.042060647 0.021920789 -0.004129283 0.9985046 -0.049909957
11220419.201 -0.09620525 -0.30000642 0.03787939 0.011594698 -0.004318563 0.9984934 -0.05345914
11270380.129 -0.12822907 -0.29307404 0.033251833 0.0018528989 -0.0032552953 0.9984598 -0.055354077
11320468.056 -0.1596654 -0.28512037 0.027628973 -0.0060364725 -0.0009072265 0.9983887 -0.05641588
11370595.981 -0.18527627 -0.27307254 0.020830758 -0.014461072 0.0007498418 0.99828094 -0.056793053
11420628.159 -0.20644858 -0.25701562 0.013784311 -0.023033628 0.0034069489 0.99804693 -0.057966508
11470549.338 -0.23005429 -0.23733452 0.0067344503 -0.030524425 0.006667235 0.99769825 -0.060183167
11520439.018 -0.24090505 -0.21724719 0.0018128408 -0.033171244 0.009743519 0.9973552 -0.06393222
11570432.446 -0.24955565 -0.19441529 -0.003964369 -0.034126624 0.009944221 0.99717313 -0.06619838
11620551.622 -0.2550113 -0.16778015 -0.011568668 -0.03577586 0.011161493 0.9971135 -0.066032216
11670726.796999998 -0.25938717 -0.1413545 -0.0180702 -0.039538983 0.013906628 0.99695426 -0.0657683
11720814.973000001 -0.2634201 -0.11496086 -0.024716845 -0.044731792 0.016206589 0.99657553 -0.06762873
11770768.151999999 -0.26222533 -0.08647453 -0.030876763 -0.047391444 0.016528027 0.9963083 -0.0696463
11820666.082 -0.25765947 -0.06091269 -0.03470383 -0.045623075 0.015370947 0.9963 -0.071194835
11870626.76 -0.24590674 -0.035013247 -0.038342804 -0.044099573 0.013238227 0.99636793 -0.07163128
11920682.936999999 -0.23069046 -0.013083916 -0.041307695 -0.041590855 0.012999724 0.996289 -0.07422628
11970763.364 -0.21176161 0.010654531 -0.043994315 -0.0409706 0.013426443 0.9960434 -0.07770995
12020780.041000001 -0.19151019 0.03077573 -0.04705131 -0.041623868 0.013603688 0.9956628 -0.08208546
12070732.719999999 -0.16420822 0.04913087 -0.04771513 -0.03964616 0.013748826 0.9954474 -0.08557838
12120692.899 -0.13285853 0.06391813 -0.046467833 -0.032509748 0.01275234 0.99553925 -0.087648295
12170639.078 -0.095663324 0.07500092 -0.042729523 -0.019574959 0.010277685 0.9958696 -0.088062935
12220722.753999999 -0.054649957 0.08160916 -0.03829048 -0.005319537 0.0072954376 0.9960166 -0.08871045
12270775.931 -0.014033241 0.084173314 -0.035977796 0.006223306 0.005679212 0.9959984 -0.088973366
12320871.606999999 0.02375847 0.0816462 -0.034645468 0.015022853 0.005801292 0.9959669 -0.0882645
12370943.534 0.059989247 0.0749015 -0.03384896 0.02344007 0.00663466 0.9957885 -0.088384464
12420991.961 0.096457854 0.065217726 -0.032364067 0.032943573 0.0065870397 0.99558353 -0.087663524
12471040.138 0.12999001 0.051217068 -0.030202322 0.041277498 0.003953096 0.99521965 -0.088421986
12521167.814000001 0.1644838 0.03731326 -0.027825253 0.051024724 0.0010768342 0.994891 -0.08710548
12571366.738999998 0.1976337 0.017675051 -0.024228953 0.06137387 -0.00087333785 0.99453574 -0.08444646
12621597.413 0.2313317 -0.004524827 -0.020489229 0.073369 -0.0030497594 0.99397105 -0.081420496
12671749.338 0.2583303 -0.027091533 -0.016379405 0.08399146 -0.006572168 0.9933935 -0.07792128
12721630.768 0.28140572 -0.050468266 -0.0129729705 0.09085133 -0.0088739 0.9929823 -0.075190075
12771433.2 0.2993806 -0.075355835 -0.00924108 0.09425351 -0.009588338 0.9928188 -0.07304347
12821314.879 0.31490695 -0.101256676 -0.0051030065 0.097273216 -0.009591038 0.992645 -0.07142752
12871387.056 0.32985356 -0.13001297 0.001084612 0.103451364 -0.009337403 0.992196 -0.068976685
12921633.98 0.34158003 -0.15866114 0.0069204625 0.11077205 -0.009674805 0.9915864 -0.06627539
12971737.406 0.3487919 -0.18766202 0.011351239 0.11463355 -0.009139013 0.99131083 -0.06386311
13021553.837 0.34896764 -0.21606117 0.01676682 0.11680448 -0.006634869 0.99114287 -0.06283733
13071255.02 0.3448092 -0.24248551 0.023466334 0.115307465 -0.0019153804 0.9912742 -0.06384459
13121049.951000001 0.33672905 -0.27299687 0.031312734 0.112185225 0.0042001205 0.99145305 -0.06646506
13171098.127999999 0.32404822 -0.30181092 0.03980673 0.10870784 0.011293164 0.9916509 -0.06843647
13221289.303 0.30985394 -0.32968506 0.049019046 0.106223464 0.016820893 0.99174535 -0.06982042
13271416.979 0.29263136 -0.35677537 0.056587353 0.10657415 0.018350352 0.9916741 -0.069912136
13321336.658 0.27788812 -0.38459027 0.06437361 0.1089105 0.01528598 0.99177223 -0.06551911
13371069.341 0.25928405 -0.40981066 0.07056998 0.11241533 0.009161578 0.9917331 -0.06119243
13420879.772 0.23208284 -0.42919484 0.07707136 0.110754766 0.0074675693 0.9920146 -0.059872564
13470840.950000001 0.1992406 -0.44521227 0.08252723 0.10166677 0.011063222 0.99277794 -0.062717244
13520913.127 0.16178617 -0.4614679 0.087836616 0.088481426 0.016016286 0.99372387 -0.066539
13571009.053 0.12162169 -0.4753995 0.09220792 0.07665329 0.018757513 0.994458 -0.06946707
13621009.731 0.08202097 -0.4855424 0.09214122 0.06786269 0.018963832 0.99502337 -0.07045246
13670922.911 0.04340969 -0.49256852 0.087868676 0.060752198 0.017469505 0.99556065 -0.069735825
13720789.091 0.0009220266 -0.49067423 0.08316628 0.056085587 0.016776713 0.99592525 -0.068598926
13770663.021 -0.0371035 -0.48626143 0.07683813 0.050681606 0.017977498 0.99620146 -0.068490416
13820576.45 -0.07486676 -0.47617975 0.069090515 0.043063626 0.020889023 0.99651945 -0.06825063
13870545.378 -0.113799974 -0.45995188 0.059116025 0.033163704 0.021926418 0.9970214 -0.06608957
13920546.056 -0.14901252 -0.43969154 0.050703544 0.02527879 0.023064049 0.99734586 -0.06426764
13970530.734 -0.18396415 -0.41583925 0.042021237 0.018497786 0.022510584 0.9975696 -0.063293085
14020500.163 -0.21683285 -0.38925177 0.033637486 0.011836942 0.021518305 0.9976669 -0.06370053
14070476.841 -0.24620445 -0.3644498 0.026979687 0.0064292215 0.020042205 0.99766964 -0.06490218
14120477.519 -0.27280796 -0.33505175 0.019877387 0.0024747967 0.019987803 0.99763495 -0.06571798
14170518.196 -0.298911 -0.3087197 0.011742652 -0.0024354542 0.02053373 0.99755263 -0.06679296
14220558.624 -0.32159382 -0.280018 0.0014663687 -0.010280815 0.02266456 0.9975542 -0.065317504
14270575.300999999 -0.33978182 -0.2524448 -0.0077975923 -0.017198276 0.02571239 0.9973842 -0.06532915
14320591.479 -0.3524005 -0.22150803 -0.016540036 -0.0213695 0.028677039 0.99728066 -0.06443907
14370608.157 -0.3561297 -0.1952994 -0.028025001 -0.021630783 0.030633355 0.9973078 -0.063015796
14420648.583999999 -0.35656196 -0.15869176 -0.032641232 -0.020911964 0.030122703 0.9976184 -0.058420792
14470705.511 -0.34785217 -0.12737331 -0.04204659 -0.02115302 0.02780012 0.99775106 -0.057206735
14520737.438000001 -0.3391758 -0.094901726 -0.047218513 -0.019289674 0.024013504 0.9978221 -0.05832923
14570730.616 -0.32594284 -0.061143424 -0.05153175 -0.017234664 0.020184033 0.9978186 -0.06044549
14620726.044 -0.30872333 -0.030843116 -0.0537628 -0.014696812 0.017056094 0.99777573 -0.06274364
14670723.722000001 -0.29001027 -0.00065236416 -0.057041608 -0.015231688 0.011451386 0.9978088 -0.06336033
14720740.399999999 -0.26855364 0.023532316 -0.05964841 -0.014652218 0.0050350907 0.9978821 -0.063176766
14770741.328 -0.23867124 0.042164203 -0.06088688 -0.013340349 -0.0007823425 0.99802536 -0.061375834
14820726.006 -0.20611013 0.058315307 -0.057887584 -0.0076739625 -0.0066651106 0.99822176 -0.05873815
14870703.184 -0.16894272 0.06637161 -0.05294855 0.0018458336 -0.009146216 0.9983905 -0.05594116
14920703.862 -0.12960601 0.072109565 -0.04682648 0.008764257 -0.009316641 0.99826753 -0.057431493
14970736.290000001 -0.089875676 0.07711085 -0.043871135 0.0094851395 -0.0075090276 0.9980813 -0.060723037
15020831.966 -0.047739204 0.07945128 -0.0407929 0.013629672 -0.0070100687 0.9979311 -0.062439084
15070943.642 -0.0018854255 0.07802962 -0.038590796 0.020146472 -0.009031751 0.99772537 -0.06369203
15121031.818 0.04307195 0.071543574 -0.03485936 0.024398383 -0.010705191 0.9975121 -0.06526686
15171087.995 0.08550086 0.06167625 -0.031124141 0.024149537 -0.011714518 0.99711645 -0.07098194
15221144.422 0.12871495 0.044176944 -0.026649216 0.030466136 -0.0074604233 0.9968185 -0.07327372
15271232.099 0.17427002 0.024319846 -0.021979485 0.042022638 -0.0048255944 0.99633753 -0.07431211
15321359.775 0.21991622 -0.0031627128 -0.016687829 0.056652214 -0.00039036217 0.995796 -0.07197669
15371566.449000001 0.26308414 -0.036133997 -0.011608402 0.07081273 0.0036878937 0.9949896 -0.07048272
15421797.373 0.30104282 -0.07011061 -0.005455861 0.0867328 0.007634436 0.9939014 -0.06767019
15471798.050999999 0.33168846 -0.10419714 -0.0037200511 0.096900545 0.009684125 0.99306065 -0.06593344
15521640.481999999 0.35471463 -0.13859425 -0.0027133129 0.10124525 0.007638114 0.9926849 -0.065328255
15571458.663 0.37079856 -0.17397586 -0.000936672 0.1058988 0.0057663755 0.9922884 -0.06415605
15621333.093 0.38118842 -0.2125146 0.00058952 0.10747068 0.0047237067 0.9921131 -0.0643383
15671293.521 0.3832846 -0.24855836 0.0022702315 0.10797786 0.0051788795 0.9920023 -0.06515795
15721365.947999999 0.37823838 -0.28756055 0.0053124726 0.10899241 0.007821665 0.9919926 -0.063326545
15771445.875 0.37160584 -0.32288104 0.0048047774 0.10947029 0.009632811 0.9921692 -0.059361394
15821335.804 0.356709 -0.35723147 0.008691268 0.1122768 0.009922279 0.991907 -0.058446802
15871074.737 0.335893 -0.393705 0.013066524 0.113281414 0.010993446 0.99185663 -0.057156503
15920885.168000001 0.307342 -0.4260834 0.0141635835 0.11395832 0.012099904 0.99192786 -0.05427994
15970901.595 0.2655327 -0.45135626 0.014619538 0.10921675 0.0120707955 0.9925807 -0.052053362
16021029.271 0.21573457 -0.47395054 0.012529107 0.099619515 0.010804627 0.9936503 -0.051169608
16071085.447999999 0.16453426 -0.4909741 0.009214938 0.08965919 0.009857987 0.99476224 -0.04808557
16120967.128 0.10980592 -0.507223 0.0049952655 0.082663804 0.007990102 0.99558455 -0.04375287
16170753.809000002 0.056929246 -0.51811886 -0.0011697141 0.07482151 0.006131584 0.99646 -0.037836976
16220596.24 -0.0020528703 -0.523514 -0.0076720784 0.0646148 0.004546177 0.99737275 -0.032431778
16270541.419000002 -0.060424764 -0.5230296 -0.015493878 0.05154025 0.0043079117 0.9982536 -0.028545707
16320518.097000001 -0.1179838 -0.5146064 -0.023330573 0.038227372 0.0066892677 0.9988654 -0.027600933
16370431.776 -0.17400956 -0.50013363 -0.031237386 0.023170466 0.009473432 0.9992555 -0.029358946
16420313.705999998 -0.23009709 -0.47924295 -0.041462116 0.002157509 0.00980321 0.9993416 -0.034866974
16470226.886 -0.28403965 -0.4565597 -0.053421266 -0.020192184 0.009717992 0.99887747 -0.04173385
16520243.563 -0.33248258 -0.43219325 -0.065024495 -0.03999462 0.014187173 0.99803257 -0.046153717
16570402.739 -0.3685473 -0.4104918 -0.07427989 -0.056739014 0.021989651 0.996969 -0.048478227
16620625.662999999 -0.39943063 -0.379238 -0.08351808 -0.065493725 0.02515212 0.9963711 -0.04819301
16670761.339 -0.42018324 -0.35536775 -0.08948705 -0.06807824 0.022414692 0.9961748 -0.049987253
16720714.517 -0.43825254 -0.3253478 -0.095490575 -0.0683839 0.021918647 0.9961595 -0.05009619
16770580.196999997 -0.45086905 -0.29837057 -0.10233792 -0.07120351 0.02387869 0.99591595 -0.050114483
16820502.127 -0.45679018 -0.26505658 -0.10794676 -0.0751143 0.023585668 0.99565107 -0.049805254
16870550.303999998 -0.45892203 -0.23989311 -0.11322479 -0.076335125 0.023666829 0.99552655 -0.050395977
16920760.228 -0.4570222 -0.20839866 -0.11424456 -0.076386966 0.022246635 0.9953291 -0.05468376
16970832.155 -0.4487765 -0.17383693 -0.11769626 -0.07420167 0.020379938 0.9954083 -0.05693049
17020845.833 -0.4363879 -0.14347032 -0.11998771 -0.06954829 0.015585919 0.9956462 -0.06007372
17070775.262 -0.41598594 -0.110601895 -0.118079744 -0.060287796 0.009866506 0.9961607 -0.062705375
17120712.691 -0.3936084 -0.08113467 -0.11760097 -0.052461233 0.0057494924 0.99642414 -0.0659827
17170721.618 -0.36692467 -0.05025919 -0.1157289 -0.045324143 0.004975109 0.9964394 -0.070920125
17220793.545 -0.33637205 -0.02444212 -0.11277976 -0.040134504 0.006771032 0.99629736 -0.07573005
17270841.722 -0.3065163 -0.00026847352 -0.10697232 -0.034591164 0.0046388176 0.9961286 -0.080683626
17320826.4 -0.2690069 0.02028087 -0.10057005 -0.024203343 0.003528751 0.9961321 -0.0843958
17370755.580000002 -0.22674951 0.03706474 -0.09242297 -0.010400277 0.0031764219 0.9961686 -0.08677496
17420685.509 -0.18150084 0.05084369 -0.08360126 0.0040157493 0.003297136 0.99601465 -0.08903853
17470678.187000003 -0.13491298 0.05976352 -0.074689746 0.019098576 0.0055523505 0.99562466 -0.09130201
17520750.362999998 -0.088146776 0.06516916 -0.06634915 0.034236286 0.007308378 0.99492866 -0.09429466
17570893.539 -0.041201264 0.06854078 -0.058540963 0.047531813 0.009046723 0.9940797 -0.09728515
17621052.964 0.0037244442 0.06715999 -0.04996737 0.059901696 0.013409324 0.9932269 -0.09865268
17671172.64 0.04672133 0.06573317 -0.0416262 0.068990305 0.013700196 0.992297 -0.101977326
17721276.316000003 0.08793889 0.06264777 -0.033554558 0.078511685 0.012959507 0.9913564 -0.10430991
17771372.492999997 0.129846 0.05974259 -0.02648287 0.09073228 0.011875463 0.99017626 -0.10572421
17821468.169 0.17108203 0.0530564 -0.021087969 0.10031877 0.0118307555 0.98927593 -0.10549645
17871508.595999997 0.20895815 0.04576213 -0.015517272 0.10934299 0.010615033 0.9883979 -0.10488625
17921453.775000002 0.24197137 0.035087474 -0.010602801 0.11646578 0.008834937 0.9876785 -0.104157805
17971367.705 0.27352595 0.021381091 -0.006889604 0.12532036 0.0064743785 0.98674023 -0.10293973
18021360.382999998 0.3001836 0.0041163187 -0.0030228242 0.13407841 0.004035093 0.9858026 -0.10099564
18071495.558 0.3228098 -0.017023105 -0.0020638534 0.14003976 0.002286422 0.9852404 -0.09841261
18121711.483 0.3403745 -0.040455546 -0.00069890404 0.14292182 0.0018475568 0.9850892 -0.09575638
18171687.411000002 0.352445 -0.065676294 0.00040198583 0.14508979 0.0014527692 0.9850817 -0.092525914
18221545.841 0.36260533 -0.09317877 0.0008755843 0.14558858 0.0014445834 0.9852417 -0.09000352
18271411.521 0.36771512 -0.12262801 0.00088183023 0.14473641 0.0032536334 0.98566073 -0.086681925
18321372.950000003 0.36904472 -0.15445471 0.000836635 0.14345495 0.0046698498 0.9862133 -0.08235412
18371500.126000002 0.36691502 -0.18588717 0.00052953744 0.144441 0.0049858177 0.98638725 -0.07843536
18421675.301000003 0.36117932 -0.21689242 0.00037309108 0.14452629 0.0052489187 0.9866682 -0.0746363
18471628.479000002 0.34976634 -0.24490382 0.0020278962 0.14337675 0.004835196 0.9870243 -0.07212998
18521415.161000002 0.33600023 -0.27227 0.0030848088 0.13988476 0.003175894 0.98776937 -0.068802804
18571210.092 0.31674722 -0.29799226 0.0059370794 0.13766128 0.002297057 0.98827505 -0.066003695
18621123.272 0.29264456 -0.3174302 0.005316505 0.13514693 0.002381699 0.9888825 -0.061976306
18671242.947 0.2652099 -0.3342747 0.0036171451 0.13006915 0.003924375 0.989731 -0.059153628
18721394.123 0.23080912 -0.34950417 0.0016519955 0.118822955 0.0051734997 0.9912448 -0.057343263
18771363.551000003 0.19051903 -0.35995075 0.00042684848 0.10562032 0.005672382 0.992866 -0.055038847
18821102.734 0.15038359 -0.36592066 -0.0010760669 0.09110342 0.006371408 0.9944439 -0.052354503
18870857.416 0.11215525 -0.3648163 -0.0018225204 0.08070978 0.008139144 0.99535936 -0.051763978
18920834.094 0.07687331 -0.35899648 -0.0021159416 0.072036915 0.011482892 0.9959586 -0.052394938
18970993.769 0.03827599 -0.3488582 0.0004005863 0.06344552 0.011913998 0.99647427 -0.053589348
19021161.194 0.0033171917 -0.3371509 0.001588521 0.053568833 0.009514405 0.9970031 -0.054997906
19071122.123 -0.03023111 -0.32567355 0.002564974 0.044907704 0.0063249194 0.997464 -0.054854088
19120892.555000003 -0.06019756 -0.31267697 0.0035444829 0.037537955 0.0039480547 0.99793476 -0.0519762
19170663.236 -0.084686086 -0.30313545 0.0034456458 0.030185975 0.0040191184 0.9983953 -0.047743734
19220569.166 -0.108840376 -0.2935609 0.001712719 0.021715399 0.0056195688 0.99881 -0.043306842
19270661.092 -0.12669791 -0.28325048 0.00027788104 0.01494747 0.008833284 0.99909353 -0.038868457
19320729.018999998 -0.13717441 -0.27084923 0.00048136513 0.012309235 0.011423424 0.9993163 -0.032940213
19370761.696 -0.14398982 -0.26038745 0.0021004742 0.012630218 0.010778203 0.99951625 -0.026300207
19420730.625 -0.15485968 -0.25186217 0.0030674872 0.014249393 0.011281271 0.9996219 -0.020634687
19470573.055 -0.1599178 -0.23510736 0.005518933 0.014207247 0.0076798717 0.9997258 -0.016958723
19520523.234 -0.16094007 -0.22812621 0.010239355 0.016316637 0.0036366032 0.9997079 -0.017459499
19570526.662 -0.1648078 -0.21425694 0.017625622 0.021386692 -0.0023146174 0.9996145 -0.017556934
19620607.088 -0.1670491 -0.19905259 0.02557167 0.025878616 -0.009298045 0.99941385 -0.020392526
19670678.765 -0.16976848 -0.17811264 0.03362503 0.025908278 -0.0130726565 0.9993138 -0.023020921
19720719.442 -0.17966376 -0.15780112 0.037712634 0.020442896 -0.012114541 0.9994318 -0.023905419
19770720.12 -0.19082657 -0.13262884 0.040005274 0.011120353 -0.008132797 0.9996994 -0.020278962
19820721.048 -0.20386802 -0.10655284 0.041176602 -0.0013562525 -0.004335475 0.9997884 -0.020063445
19870721.726 -0.21244195 -0.07826025 0.042073175 -0.013819159 -0.0012066673 0.9996123 -0.024143623
19920722.404 -0.21638504 -0.051513955 0.04214295 -0.022857172 0.00038959648 0.9992289 -0.031923115
19970738.582 -0.20881005 -0.022889573 0.045979388 -0.025645534 -0.00062967214 0.9989671 -0.03750546
20020819.008 -0.19616097 -0.00067505985 0.049603693 -0.023967043 -0.003100241 0.99887145 -0.040889025
20070954.684 -0.17675154 0.016781064 0.053943254 -0.0225343 -0.003239992 0.99857676 -0.048230093
20121050.36 -0.15416773 0.031101944 0.057322096 -0.018940968 -0.002163623 0.9983698 -0.053798635
20171067.038000003 -0.12549998 0.04186231 0.059157748 -0.014700922 -0.0025352358 0.9983104 -0.05615982
20221067.716000002 -0.09621184 0.047845356 0.059742104 -0.008324656 -0.003971007 0.9983202 -0.057199977
20271092.143000003 -0.06448439 0.05357393 0.05700678 -0.00085099606 -0.00709542 0.9983309 -0.057310198
20321204.07 -0.03515017 0.055251557 0.052486602 0.003931829 -0.009308806 0.9982738 -0.057856306
20371355.745 -0.0047866176 0.053800695 0.047444638 0.00995536 -0.0095809605 0.9981717 -0.058843456
20421443.421 0.025437316 0.051476937 0.04115896 0.014700094 -0.009745416 0.9980353 -0.060120832
20471360.351 0.055838287 0.049707673 0.03383808 0.01816055 -0.009663039 0.9979362 -0.060829513
20521151.281999998 0.0857606 0.048143297 0.027054174 0.023068016 -0.012868841 0.99764395 -0.06331623
20571128.46 0.11976657 0.045455832 0.021246081 0.03133016 -0.014916763 0.99735206 -0.06391265
20621398.884 0.1558691 0.041649774 0.0150476955 0.040440515 -0.015997022 0.99705607 -0.06315039
20671819.555 0.19210687 0.035653647 0.0092885 0.049112886 -0.015995504 0.9966626 -0.06321185
20721931.231 0.22620313 0.029282961 0.0037867518 0.0563981 -0.016857708 0.9962167 -0.06393318
20771773.661999997 0.2572253 0.02189501 0.0003137289 0.06305252 -0.017939653 0.995814 -0.06369573
20821599.842 0.28688714 0.012264836 -0.0010668605 0.067855716 -0.017164195 0.9956576 -0.061376195
20871537.020999998 0.31427777 0.0015465394 -0.0013893521 0.07305324 -0.017220777 0.9953754 -0.05995449
20921577.698000003 0.34029967 -0.013282965 -0.00059593504 0.07782438 -0.018067937 0.99505454 -0.05902095
20971657.625 0.36516005 -0.029296571 0.002950792 0.079701245 -0.019066019 0.9948286 -0.060001943
21021682.053 0.38955313 -0.046790395 0.009899077 0.07965488 -0.019235138 0.99472606 -0.061686773
21071658.981 0.41590756 -0.06699995 0.018610189 0.07968492 -0.019915743 0.9945265 -0.064581536
21121620.158999998 0.44501168 -0.08537757 0.030352762 0.087074056 -0.021697605 0.9937102 -0.0669879
21171613.088000003 0.48090336 -0.110807136 0.041518807 0.10060596 -0.023590326 0.99250144 -0.06529039
21221645.765 0.5127522 -0.1372869 0.05496554 0.11545163 -0.025603829 0.9910108 -0.06255439
21271669.941999998 0.54192334 -0.1643725 0.065555796 0.12558098 -0.02532232 0.9898363 -0.061744835
21321615.121000003 0.56497765 -0.19370714 0.07418804 0.13043958 -0.021427164 0.98936266 -0.060729582
21371496.801 0.5827459 -0.22002326 0.08014531 0.1287819 -0.014387322 0.98988956 -0.057679184
21421363.231000002 0.5873163 -0.24576543 0.0880879 0.12286869 -0.0065138824 0.99070424 -0.058017258
21471268.411000002 0.58999854 -0.26839483 0.09573716 0.11662693 0.0007612016 0.99137396 -0.05979466
21521293.088 0.59104776 -0.29075438 0.10328349 0.114533134 0.0065549677 0.99162394 -0.05934031
21571452.514000002 0.5890869 -0.30950573 0.111384444 0.11488884 0.009620401 0.9915178 -0.060004935
21621556.19 0.58032465 -0.3267809 0.1214348 0.11515546 0.011575035 0.9913482 -0.06191994
21671409.12 0.5683842 -0.34272707 0.12672624 0.11121363 0.012452419 0.99172074 -0.062980615
21721201.051 0.5499921 -0.3511716 0.1309477 0.107917726 0.012339826 0.9920643 -0.06332406
21771106.231000002 0.5275614 -0.3651146 0.13749549 0.105494 0.011716806 0.9921277 -0.06645603
21821265.906000003 0.5020198 -0.37483776 0.13831776 0.10081641 0.010439001 0.99258924 -0.06703557
21871544.33 0.46583742 -0.3810155 0.13924757 0.09485343 0.00880447 0.99325377 -0.06612264
21921608.006 0.4284322 -0.3877361 0.13586919 0.08399061 0.009580158 0.9943022 -0.06493837
21971355.439 0.39075714 -0.39159572 0.13354144 0.07385236 0.010039253 0.99506086 -0.06556666
22021062.621 0.35328454 -0.39371175 0.12937647 0.063372284 0.010307409 0.9958277 -0.06484647
22070928.801000003 0.31584856 -0.3946732 0.12491714 0.055611063 0.009874766 0.9964061 -0.0631258
22121095.977 0.27610242 -0.39491418 0.11913892 0.047721434 0.010594232 0.99696904 -0.060524516
22171350.15 0.23591672 -0.39241278 0.11197532 0.03744762 0.013125302 0.9974828 -0.058766812
22221430.327 0.19565219 -0.3864312 0.102201074 0.025381804 0.017387703 0.9979077 -0.056866143
22271169.259 0.15467836 -0.37957546 0.09136408 0.01079424 0.02390586 0.9982153 -0.053649917
22320836.942 0.11674587 -0.3724956 0.0787683 -0.0046639484 0.029639352 0.9982539 -0.050882358
22370703.123 0.07994855 -0.36162767 0.064919926 -0.019100146 0.033291414 0.9980697 -0.048824523
22420711.3 0.05014825 -0.3425627 0.050800484 -0.029031262 0.034928463 0.99793726 -0.04537052
22470783.727 0.027247362 -0.32235208 0.03988075 -0.03186013 0.034007836 0.9979902 -0.04294344
22520816.404999997 0.012700708 -0.29868338 0.029277448 -0.034020662 0.032859433 0.9979835 -0.042329993
22570785.083 -1.6557868e-05 -0.2716933 0.019642895 -0.036302764 0.03293569 0.997882 -0.042765487
22620730.512 -0.008195307 -0.24576779 0.0119935 -0.039100476 0.032786895 0.9975493 -0.047870867
22670715.19 -0.013238559 -0.21662264 0.0037524025 -0.042655718 0.031432405 0.99716306 -0.053463966
22720787.367 -0.012968928 -0.18638179 -0.0009853032 -0.046186775 0.029227743 0.99677646 -0.058729965
22770915.042999998 -0.0070264046 -0.1575053 -0.0070315385 -0.0469913 0.0267538 0.99659085 -0.0623119
22821066.468 0.0062667294 -0.12936126 -0.011727135 -0.045214206 0.024277588 0.9965846 -0.06469425
22871178.143999998 0.025314521 -0.10773181 -0.014545871 -0.03935264 0.023485743 0.9966614 -0.0675714
22921194.822 0.049059346 -0.08687027 -0.017484928 -0.032759525 0.022358911 0.9966632 -0.07133951
22971156.0 0.076317415 -0.06615381 -0.021566752 -0.026262298 0.02264842 0.99652624 -0.07571576
23021132.679 0.108427696 -0.047024205 -0.023803895 -0.018341655 0.025201263 0.9962931 -0.080178335
23071189.106 0.14399041 -0.031377014 -0.025874399 -0.008875458 0.029300466 0.99605864 -0.08324646
23121308.781 0.18128929 -0.020546854 -0.027684875 0.0007064774 0.033278756 0.99587065 -0.084462285
23171420.708 0.21936788 -0.011508722 -0.028520122 0.011949776 0.03546404 0.9955847 -0.08608463
23221445.385 0.25596988 -0.00449843 -0.03153991 0.022122417 0.0362617 0.99536014 -0.086335756
23271398.564 0.289847 -0.0004617205 -0.03437875 0.029935293 0.034616627 0.9952327 -0.08612472
23321454.741 0.32244462 -0.00034273148 -0.036517885 0.037571713 0.031246476 0.99514246 -0.085460804
23371613.915999997 0.35420257 -0.004783217 -0.036656845 0.04537334 0.02837942 0.9949567 -0.08483568
23421741.592 0.3862481 -0.012477839 -0.0361821 0.05332119 0.02607754 0.99476665 -0.083163425
23471750.02 0.41899067 -0.023153242 -0.03544556 0.061216574 0.0244274 0.99450463 -0.08134079
23521663.698999997 0.45176184 -0.03709325 -0.034056436 0.06859737 0.023415675 0.99430037 -0.078185655
23571569.379 0.48187998 -0.05271626 -0.02916487 0.07625192 0.022745715 0.99391943 -0.07610838
23621530.307 0.51263523 -0.06943128 -0.0231126 0.08635238 0.02295408 0.99321634 -0.07441579
23671554.985 0.5442933 -0.08768622 -0.017154783 0.09781206 0.02312039 0.9922866 -0.07256426
23721587.162 0.57396847 -0.10722248 -0.010823826 0.10938568 0.021980474 0.99132776 -0.06943228
23771595.84 0.59751934 -0.12793279 -0.003706806 0.1188547 0.020450916 0.990451 -0.06679997
23821566.018 0.6176837 -0.14588216 0.0037748944 0.12657496 0.020029105 0.98959976 -0.06534584
23871478.448 0.63566214 -0.16736494 0.010665656 0.13240549 0.02085541 0.9889185 -0.0638286
23921408.377 0.64991343 -0.18610121 0.018258594 0.1386904 0.020797119 0.98813546 -0.06261624
23971369.055 0.6602361 -0.20677486 0.02481018 0.14182335 0.022283532 0.9876955 -0.062025484
24021369.733 0.6675525 -0.23069865 0.03334827 0.14400007 0.024665534 0.98735374 -0.061549556
24071486.909 0.67007565 -0.2510536 0.043105725 0.1459148 0.026919622 0.98704016 -0.061122492
24121434.588 0.6715633 -0.27278152 0.052818872 0.14936203 0.027750436 0.98650074 -0.06113326
24171379.766999997 0.6664273 -0.29351777 0.06339659 0.15088226 0.026051577 0.9862299 -0.06250213
24221301.446 0.65184957 -0.3085711 0.07818801 0.14952053 0.024562022 0.9864151 -0.0634483
24271262.373999998 0.6346126 -0.32539767 0.08936378 0.1458801 0.02356918 0.9869411 -0.064116456
24321326.551 0.6154732 -0.34450677 0.09942758 0.14199707 0.0235485 0.98755604 -0.06336717
24371446.227 0.59382135 -0.35823804 0.10605814 0.1363433 0.02515343 0.98839843 -0.062019873
24421447.155 0.5699457 -0.36816567 0.10923408 0.12920332 0.027157705 0.9893812 -0.06077786
24471289.336 0.54378974 -0.37203765 0.11184075 0.12041932 0.029655274 0.99043626 -0.060462963
24521123.516 0.5148781 -0.365687 0.11650802 0.110074446 0.032099046 0.991531 -0.060988646
24571132.194000002 0.48630968 -0.35409108 0.118792996 0.09825753 0.03455239 0.99249476 -0.06407725
24621355.118 0.464202 -0.33925247 0.121698044 0.08907291 0.036817893 0.9929841 -0.06850691
24671601.292 0.44721478 -0.31693563 0.124706835 0.08469203 0.037480418 0.9929907 -0.07343127
24721554.471 0.43760118 -0.29374844 0.125713 0.083763465 0.03738598 0.99260014 -0.079567336
24771372.652000003 0.43385515 -0.26497692 0.12336653 0.08312427 0.036524754 0.9922704 -0.084592044
24821270.581 0.42668715 -0.23657696 0.12089876 0.08363698 0.03424158 0.9918467 -0.08984776
24871382.258 0.4223983 -0.20848258 0.11465563 0.08071197 0.03142086 0.99181443 -0.09382158
24921774.179 0.42041835 -0.1848773 0.10668216 0.07769539 0.028485108 0.991897 -0.096397474
24972113.101 0.4207709 -0.16165325 0.09935277 0.07777105 0.027614586 0.99168736 -0.09871888
25022224.777 0.4287918 -0.14310366 0.09040962 0.079021834 0.027036708 0.99133885 -0.10135038
25072154.707 0.44160312 -0.12663218 0.07971446 0.082546264 0.02615255 0.9910093 -0.10199393
25122051.886 0.45570216 -0.11360179 0.06865867 0.08732792 0.02539824 0.99067134 -0.10148502
25171981.814999998 0.4726372 -0.10171862 0.057034448 0.091860235 0.026466247 0.9904179 -0.09966803
25221934.994 0.49282384 -0.092121474 0.047201175 0.09740029 0.02832155 0.98999673 -0.09806918
25271947.422000002 0.5139601 -0.08495918 0.038458347 0.10425123 0.028530566 0.98940015 -0.096979745
25321848.851 0.5380605 -0.07938255 0.029253023 0.11136705 0.027959773 0.98875505 -0.0958075
25371770.53 0.56211054 -0.07597528 0.022088125 0.11866038 0.026973186 0.9881675 -0.09336595
25421675.959999997 0.5888146 -0.07768062 0.016099576 0.12530729 0.025906226 0.9875059 -0.09197376
25471589.889000002 0.613477 -0.084577836 0.0138263665 0.13345495 0.024683496 0.98656875 -0.09089922
25521518.818 0.6431843 -0.09591924 0.013495225 0.14386207 0.023247663 0.9852537 -0.089657806
25571488.246999998 0.6738565 -0.11019153 0.013811195 0.1560595 0.021717064 0.9835521 -0.088312596
25621464.924999997 0.7031627 -0.12703107 0.016500574 0.16750868 0.020613205 0.9818461 -0.08656904
25671441.603 0.7287184 -0.14594631 0.022389233 0.17643903 0.021175914 0.98032147 -0.08596944
25721371.282 0.75399053 -0.16721156 0.028980745 0.18151587 0.023152176 0.9793123 -0.08639141
25771284.462 0.77606386 -0.19151504 0.037079476 0.18768297 0.025761517 0.9781119 -0.086073294
25821253.889999997 0.79539746 -0.21808907 0.04384791 0.1935998 0.02873421 0.97710013 -0.08347968
25871333.567 0.81010604 -0.24736224 0.051314484 0.19835044 0.031747073 0.9763217 -0.08028226
25921437.743 0.8218749 -0.27704728 0.055349775 0.19888271 0.03497563 0.976447 -0.075985216
25971398.672 0.8283028 -0.30579257 0.06265105 0.19994923 0.03740802 0.97640043 -0.07254804
26021224.852 0.830633 -0.3328924 0.07242055 0.20245993 0.0390206 0.97605264 -0.06934496
26071075.033 0.82745254 -0.3550918 0.08330171 0.20518714 0.037798982 0.97565424 -0.0675889
26121131.209999997 0.8202295 -0.3742997 0.095905334 0.20486182 0.036579553 0.97571355 -0.06838708
26171337.884 0.80473673 -0.392276 0.10989032 0.20360838 0.034802955 0.97595733 -0.06956809
26221489.81 0.78403807 -0.403362 0.1219151 0.19850095 0.033879366 0.9771095 -0.06860538
26271347.490000002 0.7568804 -0.41473877 0.13727543 0.1931374 0.034294795 0.978134 -0.06910682
26321078.672 0.7277114 -0.41908288 0.15026413 0.18601672 0.035343442 0.97939473 -0.070247255
26370960.602 0.6970305 -0.41978148 0.16246188 0.17732547 0.035193097 0.9808544 -0.0724007
26421217.026 0.6643649 -0.4192257 0.17644206 0.17124292 0.03655218 0.9817605 -0.07406941
26471583.448000003 0.6304503 -0.41210985 0.187798 0.16448942 0.03880397 0.98277545 -0.07476592
26521827.121999998 0.5913693 -0.39972925 0.19732231 0.1534374 0.040723566 0.9842737 -0.07748617
26571653.301999997 0.55059475 -0.3830635 0.2042634 0.14105392 0.0426285 0.98574674 -0.08117875
26621384.485 0.5095681 -0.36577556 0.20855924 0.12721144 0.04412958 0.98728675 -0.084467046
26671242.415 0.46995372 -0.34400558 0.21325831 0.11618747 0.04341081 0.98836094 -0.08808345
26721322.592 0.43384635 -0.3229207 0.21432602 0.10801112 0.040323783 0.98920935 -0.09040183
26771632.265 0.4002334 -0.30182442 0.21342824 0.10124333 0.035319682 0.99007773 -0.09082076
26821910.688 0.3697819 -0.28073257 0.21162114 0.09467096 0.029548418 0.99095124 -0.090443656
26871911.366 0.3431965 -0.26158398 0.20715103 0.08958955 0.025047194 0.9916267 -0.08957059
26921785.546 0.3199186 -0.24483144 0.19935578 0.082437515 0.023261726 0.99238443 -0.0885222
26971675.226 0.30079645 -0.22719185 0.18998355 0.07520882 0.023978073 0.9931223 -0.08646878
27021652.154 0.28742003 -0.21140304 0.18109143 0.071159616 0.023663634 0.99359274 -0.084556855
27071692.331 0.2799715 -0.19213763 0.17258757 0.07126728 0.023570456 0.9937581 -0.082524754
27121764.507999998 0.28426042 -0.17243622 0.1642342 0.073914565 0.021307696 0.99358255 -0.08292431
27171820.935 0.2920426 -0.15073186 0.15590979 0.07747967 0.018460443 0.99318635 -0.085071236
27221877.112 0.30502883 -0.13043328 0.14823157 0.08197024 0.017348936 0.99266 -0.08721296
27271980.788000003 0.3246912 -0.112630695 0.1425264 0.086401574 0.018514862 0.99194485 -0.090760596
27322116.464 0.353872 -0.09671425 0.1357381 0.09255516 0.02099942 0.99089843 -0.095461436
27372244.14 0.38942027 -0.08553126 0.13094279 0.10525672 0.023344299 0.98925763 -0.098719455
27422331.816 0.42662707 -0.07539217 0.12684028 0.11876071 0.026081126 0.98736644 -0.10160387
27472316.994 0.4635765 -0.070193075 0.123288736 0.12717028 0.03052928 0.9860326 -0.103128344
27522222.674 0.49711698 -0.06881962 0.119775966 0.13242777 0.03605153 0.98505497 -0.10406739
27572056.854 0.53036475 -0.07281591 0.11932142 0.13887227 0.042172965 0.98388714 -0.10441317
27621884.785 0.5656036 -0.07776298 0.11819124 0.14878727 0.045601156 0.9823709 -0.10358684
27671709.216000002 0.6021211 -0.087687016 0.11758661 0.16057649 0.045874793 0.9806209 -0.10243727
27721638.395 0.6404828 -0.10294497 0.11707696 0.17237973 0.046713952 0.97864205 -0.10179784
27771631.573000003 0.67526376 -0.122827984 0.11694367 0.18348654 0.046421748 0.97688866 -0.09932915
27821647.751000002 0.70549613 -0.14597228 0.11611354 0.19371551 0.04211185 0.9755656 -0.094724275
27871617.429 0.7302898 -0.169167 0.1157302 0.1999578 0.037145555 0.9747596 -0.09209168
27921514.858999997 0.7487738 -0.19247204 0.11608198 0.20000003 0.035182 0.9749209 -0.09105725
27971412.788 0.76440865 -0.21576454 0.11839578 0.19793092 0.035513047 0.9752701 -0.09170901
28021357.967 0.77974147 -0.2404806 0.1208836 0.19902782 0.035118744 0.97522086 -0.0899943
28071374.145 0.7972378 -0.26391912 0.12491297 0.20657775 0.03216958 0.97386104 -0.08880073
28121462.321 0.81160086 -0.2872508 0.12865414 0.21712606 0.026603248 0.97197586 -0.08609008
28171502.498 0.8193163 -0.31128073 0.13094363 0.22380127 0.021791505 0.97092366 -0.08213052
28221416.178 0.8146481 -0.33617696 0.13529243 0.22230807 0.017836584 0.97158885 -0.079221554
28271305.608 0.7975737 -0.3579542 0.14462101 0.2158529 0.016168075 0.9731353 -0.07844722
28321227.287 0.7743288 -0.37871137 0.15290044 0.20600584 0.016098844 0.9753248 -0.07774371
28371211.965 0.74648863 -0.39837098 0.16257758 0.1961362 0.016202314 0.97749245 -0.07600512
28421284.392 0.7171549 -0.4153524 0.171184 0.19017364 0.014986419 0.9788287 -0.07418801
28471380.068 0.68474114 -0.43140826 0.18434152 0.18444677 0.011326107 0.979943 -0.07458481
28521372.746000003 0.64843833 -0.4417236 0.1949565 0.17822744 0.0078023886 0.9811298 -0.074555025
28571230.926 0.60754365 -0.45248565 0.20504603 0.1699921 0.005457643 0.98255277 -0.075252734
28621112.856 0.56132793 -0.4609806 0.21206327 0.1598371 0.00398718 0.9843178 -0.07452976
28671161.033 0.5118788 -0.46694115 0.21476282 0.14828816 0.0039363536 0.9862815 -0.07241486
28721363.957999997 0.46091124 -0.47363248 0.21396488 0.13602951 0.0028130617 0.9882618 -0.0694736
28771456.134000003 0.41174778 -0.47771782 0.20935518 0.121952735 0.0037947004 0.9903442 -0.06581402
28821259.814999998 0.36026844 -0.47930408 0.2031172 0.10846167 0.0063433945 0.9921354 -0.06215502
28870973.998 0.3093942 -0.4779 0.1947411 0.09326888 0.0080218725 0.9938004 -0.059978187
28920847.678 0.2564795 -0.46659565 0.18307556 0.07732578 0.007201214 0.9953265 -0.057393406
28970975.354000002 0.21065533 -0.45237237 0.17086864 0.06351267 0.006401791 0.996398 -0.055822734
29021205.528 0.16403499 -0.433642 0.16035531 0.051951386 0.0051508565 0.99709356 -0.05548966
29071325.454 0.12255021 -0.41040534 0.15097427 0.03970498 0.0029382906 0.9975079 -0.05824861
29121191.634 0.08464664 -0.38555047 0.14506742 0.02882059 -0.0007906976 0.9976214 -0.0626133
29170938.316000003 0.05375069 -0.36049062 0.14150433 0.021283735 -0.0050810357 0.9974882 -0.06736864
29220820.246 0.029651558 -0.33433187 0.13893448 0.01816432 -0.008099171 0.99732935 -0.07027513
29270924.422000002 0.0078011435 -0.3107907 0.13624117 0.015378668 -0.010413057 0.99708223 -0.07404135
29321131.097 -0.010074113 -0.28697637 0.13321358 0.0109596215 -0.012002163 0.9969284 -0.07661363
29371290.272 -0.023240982 -0.26468596 0.13120687 0.008283278 -0.0124829095 0.9969551 -0.0765251
29421267.2 -0.030934984 -0.24031095 0.12719113 0.005499882 -0.0128426645 0.9968601 -0.07794152
29471030.382 -0.03625155 -0.21708928 0.12192537 0.004904344 -0.013114798 0.99653333 -0.082008
29520872.063 -0.034239594 -0.18866076 0.11459257 0.0049950187 -0.013234251 0.9962169 -0.08574313
29571023.738 -0.027655842 -0.1621072 0.10890819 0.009164949 -0.013358772 0.9957563 -0.09059179
29621429.158999998 -0.011155458 -0.13541393 0.10018096 0.016983071 -0.012852729 0.9951835 -0.09568802
29671883.080000002 0.008752221 -0.10912442 0.092339225 0.0269785 -0.011934579 0.9944223 -0.10126184
29721811.259 0.033621117 -0.08512666 0.08371233 0.037354648 -0.008802843 0.99351645 -0.10701507
29771597.69 0.06258978 -0.0635746 0.07353547 0.05068823 -0.00674308 0.99217784 -0.11387847
29821510.87 0.095123425 -0.044530503 0.06368329 0.064034104 -0.0056911977 0.9908592 -0.11859704
29871694.295 0.12926808 -0.03126106 0.05319727 0.07577496 -0.0038026057 0.9896485 -0.12181758
29922011.967 0.16407405 -0.024189016 0.04435651 0.08498216 -0.0006550854 0.9886183 -0.12414289
29972171.893 0.19867088 -0.021799421 0.037304442 0.09363728 0.003734964 0.9877342 -0.12489694
30022013.573 0.23485841 -0.023363652 0.03125719 0.103916414 0.008248651 0.98656684 -0.12577438
30071721.256 0.2706019 -0.031093776 0.024938121 0.11500064 0.0122193005 0.9854688 -0.12440609
30121491.937999997 0.30821693 -0.04148844 0.018929537 0.1286555 0.014535498 0.98395824 -0.1227306
30171453.116 0.34526536 -0.055039912 0.0121533135 0.14382191 0.015909292 0.981856 -0.12256016
30221572.542 0.37944722 -0.07297695 0.0052729743 0.1563456 0.01814004 0.98029476 -0.11936999
30271708.218000002 0.40808824 -0.0978954 -0.002280064 0.16481388 0.020825732 0.9794171 -0.11465122
30321716.895999998 0.43111166 -0.12443276 -0.008545552 0.17101854 0.022573486 0.97894555 -0.109127395
30371638.325 0.44798818 -0.15499936 -0.010960212 0.17572777 0.021506181 0.9788428 -0.10258728
30421536.004 0.46268642 -0.18372181 -0.012019038 0.18142486 0.018883727 0.97817266 -0.09953231
30471465.184 0.47418717 -0.21404965 -0.012502311 0.18632561 0.01944925 0.97751963 -0.09674687
30521426.362 0.48383456 -0.24489039 -0.01305491 0.19219622 0.023833966 0.9766794 -0.09268247
30571419.04 0.487437 -0.27700326 -0.014941486 0.19577275 0.028288035 0.9762282 -0.088608496
30621380.219 0.48105252 -0.305035 -0.010539924 0.1975418 0.030918917 0.97596043 -0.08673269
30671301.648000002 0.4646401 -0.32977623 -0.00501486 0.19423977 0.032659747 0.9767405 -0.08474825
30721215.327 0.44363868 -0.35284394 -0.0011376645 0.18840468 0.03415188 0.9779937 -0.0828594
30771192.006 0.4149541 -0.37312552 0.004705902 0.18032481 0.033369243 0.9796415 -0.08168199
30821272.432 0.3786457 -0.3895349 0.012696276 0.17225538 0.029137338 0.9813059 -0.080733165
30871392.108 0.34330785 -0.40120363 0.01984533 0.16571337 0.022259716 0.982491 -0.08218867
30921384.786000002 0.30319458 -0.40809712 0.028030612 0.16002953 0.016159164 0.9834207 -0.083744265
30971250.466000002 0.26042533 -0.41179726 0.034179606 0.1531012 0.013524578 0.9846088 -0.083201975
31021116.895999998 0.2209317 -0.41281477 0.038163725 0.1454578 0.013785679 0.9857005 -0.08394411
31071125.073999997 0.18102522 -0.40877753 0.039886337 0.13993461 0.015846223 0.9863963 -0.08479129
31121308.248999998 0.14098579 -0.40094274 0.04041335 0.13483548 0.018983796 0.9871399 -0.0837493
31171499.674 0.0996715 -0.39182526 0.03966313 0.12630327 0.020145707 0.98837733 -0.082169876
31221515.602 0.059630934 -0.3796407 0.035938032 0.11633796 0.022774652 0.98969156 -0.0803581
31271215.783999998 0.017568495 -0.36487028 0.03314294 0.10512486 0.024861287 0.99095917 -0.079565026
31321049.715 -0.021603758 -0.34948272 0.029543886 0.09569727 0.02531447 0.9919077 -0.07950111
31371073.893 -0.050293744 -0.32935056 0.024974298 0.09321765 0.023886532 0.99224156 -0.07871858
31421336.566000003 -0.07293656 -0.30463335 0.020095408 0.09847075 0.020386783 0.99180734 -0.078779824
31471559.490000002 -0.0901952 -0.2798108 0.012821761 0.1054554 0.01590236 0.99113065 -0.07928697
31521377.671 -0.10306351 -0.2574507 0.0048667253 0.106162526 0.011948851 0.99114925 -0.07880341
31571132.353 -0.120674245 -0.23429768 -0.0033154923 0.10274153 0.010270682 0.99143976 -0.07991178
31621030.283 -0.13410088 -0.2094675 -0.012178238 0.09740974 0.01154717 0.99170434 -0.083069466
31671229.458 -0.14139757 -0.18053775 -0.020213295 0.097157665 0.011621541 0.9913864 -0.08705411
31721579.13 -0.13944802 -0.15265153 -0.028972952 0.10198025 0.010522728 0.99062634 -0.09027036
31771658.805999998 -0.13550004 -0.12781739 -0.03769998 0.107502945 0.006172248 0.98991823 -0.092016734
31821453.488 -0.1261582 -0.10199054 -0.048633054 0.11254577 0.0012870067 0.98911214 -0.09481043
31871247.919 -0.11556715 -0.08122002 -0.060689785 0.11501337 4.2978387e-05 0.9885797 -0.0973767
31921233.097 -0.10260275 -0.06331318 -0.072780974 0.11864291 0.002689675 0.9879086 -0.09976676
31971440.022 -0.08792838 -0.045618128 -0.08560663 0.12362629 0.00503434 0.98708385 -0.10176801
32021718.195000004 -0.071614616 -0.031202236 -0.09839401 0.1259697 0.0066389134 0.9866972 -0.10254893
32071774.371999998 -0.04911431 -0.021396264 -0.11065729 0.1298917 0.007190314 0.9859028 -0.10522486
32121640.552 -0.027166096 -0.013722237 -0.118269116 0.13615677 0.0051240698 0.98468983 -0.10872494
32171466.733 -3.817305e-05 -0.008141267 -0.12560654 0.14476962 0.004989912 0.98318654 -0.111180544
32221380.162 0.028605312 -0.0123665705 -0.13013457 0.1533325 0.005973348 0.9817158 -0.11263931
32271470.839 0.0588482 -0.017012626 -0.13359815 0.16164826 0.008770991 0.9805114 -0.11131173
32321548.015 0.08693231 -0.026389476 -0.13714327 0.16866066 0.011956363 0.97961956 -0.10842579
32371628.192 0.11493581 -0.0377672 -0.14044294 0.17530562 0.014038853 0.97848254 -0.10790223
32421666.119 0.14087918 -0.05016123 -0.14341177 0.18059959 0.015858402 0.97763336 -0.10660845
32471502.8 0.16438083 -0.06680383 -0.14522257 0.18729831 0.017584112 0.97634405 -0.106594816
32521400.979000002 0.18659116 -0.085733876 -0.14961158 0.19232711 0.020044716 0.97561485 -0.103847265
32571354.158000004 0.20387414 -0.110035695 -0.15062514 0.19628417 0.022594504 0.975175 -0.09997927
32621362.586 0.218095 -0.13555619 -0.15348244 0.19874312 0.024394585 0.9749026 -0.09731956
32671363.264 0.22868963 -0.16241452 -0.15252946 0.20076367 0.02578817 0.97467613 -0.0950549
32721308.443000004 0.23665269 -0.1911856 -0.1533187 0.20104806 0.025635943 0.97481877 -0.09301053
32771245.621999998 0.23735431 -0.21805035 -0.1531261 0.19916888 0.024265084 0.9754891 -0.090355
32821199.05 0.22999716 -0.24468215 -0.15126044 0.19565469 0.024815615 0.9765681 -0.08612858
32871231.228000004 0.21874225 -0.26356608 -0.14904064 0.19079092 0.026395084 0.9776636 -0.08411972
32921318.904 0.20694396 -0.2877518 -0.14605463 0.18571456 0.029456323 0.978687 -0.08254885
32971375.081000004 0.19257313 -0.30739647 -0.13991019 0.18246078 0.033028923 0.9794157 -0.07976324
33021328.26 0.17587727 -0.32247722 -0.13299848 0.17961383 0.034217186 0.9800182 -0.07831002
33071234.189 0.1558139 -0.33366716 -0.12421823 0.17428528 0.032167614 0.9812182 -0.07616306
33121163.368 0.12761669 -0.34450436 -0.116108894 0.16533472 0.028500946 0.9832491 -0.07122721
33171188.046 0.10206389 -0.3533351 -0.108203396 0.15454061 0.02679617 0.9853425 -0.06707824
33221283.972 0.073289275 -0.35995215 -0.10112781 0.14242615 0.025927816 0.9873129 -0.06523605
33271308.65 0.046810586 -0.36052537 -0.09297853 0.12804241 0.026814865 0.9894903 -0.061605457
33321174.330000002 0.019186245 -0.36027712 -0.08470035 0.11392974 0.02611258 0.99145174 -0.057979923
33370992.511 -0.0039342623 -0.35498062 -0.07750813 0.10183986 0.02456529 0.9930952 -0.05279406
33420961.939 -0.023244098 -0.34583324 -0.07315654 0.093030974 0.023642339 0.9943109 -0.04617568
33471105.115 -0.04343291 -0.3321233 -0.07081668 0.08506877 0.022236148 0.9952898 -0.040831596
33521224.790999997 -0.06748941 -0.31703 -0.067035064 0.07384388 0.02079828 0.99634904 -0.037458375
33571160.72 -0.0875047 -0.29726186 -0.06412814 0.061486825 0.018804694 0.997289 -0.035782784
33620817.653 -0.10593247 -0.27571505 -0.06015844 0.05345882 0.015189594 0.99788624 -0.033683203
33670608.585 -0.117095 -0.25245935 -0.053616334 0.0517118 0.0101692565 0.9980714 -0.03280467
33720657.012 -0.12953867 -0.22826228 -0.045954242 0.053124078 0.0043924917 0.9980202 -0.033382833
33770871.936000004 -0.1380419 -0.19575453 -0.04197145 0.052132834 -0.0032221212 0.9980873 -0.033069614
33821078.861 -0.15011624 -0.16535483 -0.039665136 0.049491707 -0.009478958 0.99811214 -0.03511287
33871095.538 -0.16193993 -0.13630979 -0.040730868 0.044441447 -0.012523498 0.99812394 -0.040208902
33920937.219 -0.17263271 -0.10658012 -0.042356163 0.03699147 -0.014673774 0.99807733 -0.04751892
33970787.399 -0.17521021 -0.07722997 -0.042803768 0.03257773 -0.016368182 0.9978439 -0.054574158
34020843.576000005 -0.17380722 -0.05183942 -0.04481204 0.033264816 -0.015962794 0.9975914 -0.058737364
34071082.5 -0.16511719 -0.028285127 -0.04909823 0.03502651 -0.014621038 0.9973662 -0.061807495
34121321.174 -0.15567455 -0.0049403748 -0.05565618 0.03638847 -0.0116976565 0.9970863 -0.06601631
34171337.352 -0.13643412 0.012718464 -0.05853248 0.04079806 -0.0076563084 0.9966605 -0.070320316
34221037.285 -0.11084436 0.023704948 -0.06360569 0.049887292 -0.0036158618 0.9960894 -0.072829485
34270775.967 -0.08019313 0.031486847 -0.06720323 0.0621833 0.00018739075 0.9952662 -0.074688986
34320911.643 -0.04731633 0.034360714 -0.070515156 0.07370285 0.004005384 0.9943724 -0.075996116
34371411.812 -0.014241824 0.032483313 -0.07522948 0.08288657 0.008698536 0.99367297 -0.075287394
34421990.481 0.01994477 0.026247885 -0.080842905 0.094288096 0.013910474 0.99273556 -0.07343293
34471897.410000004 0.05695686 0.017054155 -0.0872452 0.108641095 0.017584344 0.99144 -0.070247
34521533.094000004 0.09095785 0.0060641123 -0.09177364 0.12394973 0.018293407 0.98978615 -0.068009354
34571328.025 0.12261144 -0.004243434 -0.096830815 0.13653654 0.01797846 0.98824316 -0.066409014
34621368.203 0.1489791 -0.017217547 -0.10119863 0.1453446 0.016297309 0.9870119 -0.06646
34671559.377 0.17110628 -0.029549709 -0.10377511 0.1533265 0.013808202 0.9859122 -0.06540248
34721702.552999996 0.19194248 -0.0455585 -0.10515237 0.16014342 0.010246166 0.98496944 -0.063909605
34771684.981 0.20840141 -0.06326777 -0.10470697 0.16698852 0.007651077 0.984018 -0.06135872
34821474.163 0.22104764 -0.08095278 -0.1047508 0.17176473 0.0034758404 0.9832811 -0.060359064
34871324.343 0.228075 -0.09805063 -0.10024549 0.17658962 0.0009030665 0.9825791 -0.057911027
34921277.522 0.23247112 -0.117016114 -0.09594168 0.17977218 0.0008686885 0.98212576 -0.05576956
34971333.699 0.2316248 -0.13400939 -0.09213378 0.1793639 0.0020054001 0.9821959 -0.055819854
35021421.625 0.22485283 -0.14399596 -0.08736517 0.17598093 0.0032079995 0.9827867 -0.056132346
35071446.302999996 0.21607785 -0.15640101 -0.08303555 0.17236082 0.003395599 0.98342746 -0.056131296
35121406.981 0.2057992 -0.16710831 -0.080326036 0.1701983 0.003595015 0.98395246 -0.053453438
35171360.410000004 0.1953081 -0.17690128 -0.0787907 0.16819687 0.0031885852 0.9844901 -0.04978847
35221345.588 0.1837747 -0.18454808 -0.079535194 0.16670886 0.0016948109 0.98497206 -0.045116384
35271330.265999995 0.16876821 -0.19150177 -0.08005136 0.16439375 -0.00081554207 0.98558503 -0.03995196
35321306.945 0.15182087 -0.19590853 -0.08059399 0.15869704 -0.002445731 0.9867452 -0.03381346
35371244.124 0.13203532 -0.19980823 -0.08165622 0.15275909 -0.0051417276 0.9877803 -0.030469252
35421173.802999996 0.11137758 -0.19927819 -0.07990507 0.14712265 -0.009008149 0.9886356 -0.029553924
35471127.231 0.092989534 -0.19615722 -0.07948936 0.14218768 -0.011645695 0.9893374 -0.029302834
35521175.408 0.07569818 -0.18895611 -0.07501921 0.1379995 -0.013545156 0.98990023 -0.029500991
35571287.085 0.05941545 -0.1785321 -0.07169572 0.13434449 -0.01442234 0.99035835 -0.030558717
35621327.511999995 0.044861645 -0.16605286 -0.068233624 0.12984909 -0.015055823 0.9908808 -0.032677997
35671233.191 0.031715356 -0.15040651 -0.06394797 0.12425004 -0.014027384 0.991521 -0.03537386
35721138.371 0.022018911 -0.13122389 -0.0596087 0.12054944 -0.0116805835 0.99185234 -0.03950054
35771179.048 0.011123143 -0.108583406 -0.055002116 0.11926784 -0.011584305 0.9918583 -0.04310692
35821425.471999995 0.0026040575 -0.085875675 -0.050792675 0.11484755 -0.010551523 0.9922726 -0.045758933
35871688.144999996 -0.0061163297 -0.06372954 -0.046551175 0.10769485 -0.0064913165 0.9929391 -0.049311265
35921728.323 -0.013144229 -0.040052366 -0.04479602 0.099766456 -0.0013306569 0.9935118 -0.054582592
35971646.752000004 -0.016796647 -0.016748993 -0.044230923 0.092907645 0.003830473 0.9938661 -0.059864756
36021539.682000004 -0.01770728 0.0045973216 -0.045445602 0.08784082 0.008160996 0.99408597 -0.06332907
36071484.861 -0.014713465 0.020172574 -0.046832304 0.08588893 0.011424087 0.99417615 -0.06408058
36121493.288 -0.0015998267 0.03166713 -0.049770083 0.087451965 0.012266254 0.99410796 -0.06285811
36171509.966 0.014005864 0.041470397 -0.049866553 0.09202827 0.010623702 0.99389434 -0.059934203
36221550.143 0.033522137 0.051280804 -0.0495488 0.09951537 0.0077402494 0.9933997 -0.05651508
36271606.57 0.058717888 0.056963515 -0.05116261 0.1098194 0.0074749887 0.9923969 -0.055067383
36321686.747 0.0838101 0.06335782 -0.051813982 0.11945275 0.010342983 0.9912565 -0.055088278
36371735.173999995 0.10758676 0.06728451 -0.05300119 0.12558153 0.0140389735 0.99041057 -0.055848856
36421727.852 0.12923063 0.07115499 -0.053091604 0.12972851 0.016374033 0.9897973 -0.05660231
36471689.031 0.14797933 0.07448812 -0.05138598 0.1369135 0.015985321 0.9888168 -0.056925885
36521634.20900001 0.16690606 0.07110623 -0.05060543 0.14594954 0.014373353 0.98762107 -0.055649064
36571602.888 0.18375026 0.06700653 -0.051020052 0.15396035 0.011963796 0.98661715 -0.05234243
36621580.066 0.19642434 0.061492186 -0.051482033 0.15925483 0.010482685 0.9859802 -0.048692733
36671564.993999995 0.2062984 0.054748572 -0.0543034 0.16275002 0.010587871 0.98559415 -0.044771016
36721534.173 0.21282855 0.048826706 -0.057633556 0.16414933 0.011943355 0.98555017 -0.04004023
36771511.100999996 0.2183131 0.045476582 -0.062099516 0.16398932 0.014115114 0.9857434 -0.034903616
36821480.279 0.21817802 0.042350367 -0.06540053 0.16215773 0.015727323 0.9861739 -0.030306514
36871456.958 0.21590312 0.043891832 -0.064544074 0.1607464 0.016323766 0.98648596 -0.027194414
36921433.636 0.2114027 0.05005868 -0.060990896 0.16075154 0.016323278 0.9865602 -0.024321366
36971426.814 0.21111353 0.051450774 -0.061227743 0.15921502 0.016247414 0.9867654 -0.026091551
37021435.242 0.2077478 0.050932292 -0.055343073 0.1564493 0.015299465 0.98708564 -0.030848192
37071473.669 0.20101838 0.047009114 -0.048315205 0.15242605 0.0136419665 0.9875489 -0.03643461
37121492.596999995 0.19526716 0.038137846 -0.041068435 0.14963801 0.013209842 0.9878299 -0.040324934
37171556.274000004 0.19498375 0.023997229 -0.03799752 0.15144895 0.011453215 0.9875172 -0.04173664
37221612.701000005 0.19564548 0.00561025 -0.035808146 0.1548115 0.008928777 0.9870486 -0.04109428
37271653.378 0.19480161 -0.011536194 -0.034679305 0.15796661 0.0063026994 0.9865971 -0.040410038
37321638.056 0.1945395 -0.031154267 -0.03790906 0.15861192 0.0052038403 0.98655176 -0.039126825
37371599.235 0.18832311 -0.04779716 -0.04261954 0.15795536 0.004873938 0.98679775 -0.03544761
37421544.663 0.18284932 -0.06392247 -0.047073353 0.1565873 0.0040590474 0.9871343 -0.032092497
37471505.342 0.1735248 -0.074596435 -0.051094603 0.15558189 0.002570105 0.98738885 -0.029171994
37521458.521 0.15939145 -0.08122715 -0.055456202 0.15335256 0.0003278827 0.9878175 -0.02644737
37571419.949 0.14267005 -0.08510121 -0.061739724 0.14957167 -0.0015527479 0.9884688 -0.023566464
37621388.628000006 0.123265795 -0.08456252 -0.06725907 0.14471719 -0.0044653355 0.98921156 -0.022305336
37671349.806 0.100639336 -0.07928197 -0.07147109 0.13657334 -0.0062813167 0.9903541 -0.022517687
37721334.484 0.076729424 -0.071594045 -0.07307267 0.12671882 -0.0069072014 0.99160343 -0.024846297
37771343.162 0.054754924 -0.06162511 -0.07377332 0.115865625 -0.006579231 0.9928406 -0.02827514
37821391.589 0.035209507 -0.048816383 -0.07239354 0.108383596 -0.005363122 0.99359083 -0.03164733
37871447.766 0.020768113 -0.036011484 -0.07137276 0.10293998 -0.0019714327 0.9941042 -0.034005277
37921511.943 0.010726263 -0.021112928 -0.06997274 0.099039614 0.001266341 0.9945059 -0.03387789
37971544.621 0.0012822642 -0.0052668974 -0.0662313 0.09616209 0.00043522718 0.9948647 -0.031573754
38021545.548 -0.007351801 0.008763839 -0.059077382 0.09485518 -0.0029657832 0.9949825 -0.031680036
38071514.227 -0.012623361 0.02419555 -0.05106981 0.097210206 -0.007989254 0.9945818 -0.035963923
38121451.406 -0.014575187 0.0385198 -0.04327466 0.10006908 -0.012233222 0.994009 -0.042222742
38171444.584 -0.014654954 0.04668266 -0.038111966 0.10031719 -0.013559596 0.9937592 -0.046853133
38221524.511 -0.012186782 0.0505157 -0.03554156 0.09852152 -0.012056799 0.99388075 -0.048468377
38271660.186000004 -0.012149252 0.053504795 -0.030964075 0.09771291 -0.009408691 0.99414474 -0.045165233
38321739.863000005 -0.01123077 0.055706628 -0.03107999 0.098095685 -0.0063034166 0.9942973 -0.041355494
38371809.79 -0.008477341 0.058750138 -0.03365149 0.09797777 0.00051990146 0.99463314 -0.033242535
38421638.47 -0.006716441 0.061506968 -0.037859295 0.093281336 0.009613578 0.99532896 -0.022943305
