1027872.532 -0.0 -0.0 -0.0 -0.0 -0.0 1.0 -0.0
1068302.367 -9.1292495e-05 0.00014454428 -0.00011558886 3.929783e-05 9.594062e-05 1.0 -3.5361466e-06
1127874.138 0.00032233325 -0.00037410972 0.00044983928 -0.0002489518 -3.4436463e-05 1.0 -9.52711e-05
1168303.723 0.00032233325 -0.00037410972 0.00044983928 -0.0002489518 -3.4436463e-05 1.0 -9.52711e-05
1227875.744 0.00023137724 -0.0015223364 -7.11044e-05 -0.00020239112 0.00026514055 0.99999994 -0.00018588649
1268305.079 0.00023137724 -0.0015223364 -7.11044e-05 -0.00020239112 0.00026514055 0.99999994 -0.00018588649
1327877.099 -0.0007567295 -0.0014795784 -0.0007849643 -5.4358236e-05 0.00053134956 0.9999999 -0.00018597629
1368316.934 -0.00067270565 -0.0015636345 -0.0016327768 -6.136432e-05 0.00091199484 0.99999964 -9.852698e-05
1427937.954 -0.00038895762 -0.0013891826 -0.0019132647 -0.00014360572 0.00030820593 1.0 -0.00014910617
1468308.29 -0.00038895762 -0.0013891826 -0.0019132647 -0.00014360572 0.00030820593 1.0 -0.00014910617
1527880.0610000002 -0.0011560224 -0.000531613 -0.0018100453 -6.291433e-05 -0.0006079663 0.9999999 -0.00011570684
1568309.6460000002 -0.0014818333 -0.00014713319 -0.0012420898 1.8159306e-05 -0.00035488288 1.0 -0.0002011498
1627881.667 -0.0020028772 0.00062181096 -0.0010792284 -0.00010703578 -6.75064e-05 1.0 -0.0001875748
1668311.002 -0.0020760729 0.0008995784 -0.0008797634 -0.00020571495 0.00071724225 0.9999997 -0.00035680228
1727883.023 -0.0023391591 0.0010895339 -0.00078500155 -6.0169823e-05 0.00025108733 1.0 -0.00013465293
1768312.608 -0.0022257154 0.0010694799 -0.0005803583 -0.00024353797 -0.00015837628 0.99999994 -0.00036374916
1827884.378 -0.0023687037 0.0010401424 -0.0005983874 -0.00021758492 -0.00029924227 0.9999998 -0.0004755124
1868314.214 -0.0022773282 0.0010714344 -0.00047498057 -0.0002691435 0.00036581495 0.9999997 -0.0007290823
1927885.984 -0.0024503432 0.0008120895 -0.00025122619 -0.00038078357 9.16267e-05 0.9999997 -0.00076594215
1968315.5699999998 -0.0025581273 0.00073742867 -0.00068829634 -0.00017987561 -0.0004062612 0.9999999 -0.00031622773
2027887.59 -0.002622959 0.0004022299 -0.0011239089 -0.00043205908 -0.0003746011 0.9999998 -0.00043812743
2070426.1409999998 -0.0024379417 0.00045295022 -0.00084165076 -0.0005600899 0.00012565062 0.99999964 -0.00065634615
2119570.3329999996 -0.0027045389 0.0006393834 -0.000493891 -0.00028477615 0.00022788416 0.99999976 -0.0005770528
2169603.0100000002 -0.0032776804 0.0007203914 -0.0005047503 -0.0004906394 0.00031195482 0.9999998 -0.00041251048
2220364.6750000003 -0.0035838683 0.0011846687 -0.00033778188 -0.0005434712 0.00024639902 0.9999997 -0.00049620616
2271515.5840000003 -0.00335329 0.0012109197 -0.00038040662 -0.00053604296 0.00034768725 0.99999964 -0.000645941
2321659.0100000002 -0.0034145042 0.0016844565 -0.00013727746 5.0749615e-05 -0.0003492674 1.0 0.00010306964
2370819.202 -0.0035187423 0.0020474994 -5.7775444e-05 -0.00013872453 0.000396772 0.99999994 -0.00031378036
2420122.141 -0.003823324 0.0025119826 7.390224e-05 0.00041367806 0.0006147339 0.9999997 0.000291566
2469932.572 -0.003531341 0.0024626914 0.00022041658 0.00010841029 0.0006054042 0.99999976 0.00040528868
2520210.746 -0.0033859778 0.0017590852 -0.00013624775 -0.0008733033 8.234962e-05 0.99999917 -0.00094171305
2570808.914 -0.0033198097 0.0012548307 -0.0002674507 -0.0012099303 -0.000297571 0.999998 -0.0016230447
2621121.0859999997 -0.0035208142 0.0013193347 -0.00010894654 -0.0011184638 -0.000913736 0.999997 -0.001983657
2670839.5190000003 -0.0041875932 0.0011221891 -2.7146943e-05 -0.002213711 0.00042029328 0.999987 -0.0045874813
2720396.454 -0.0039546615 0.0008750978 -5.4741406e-05 -0.006209402 0.00319885 0.9999402 -0.0084172515
2770166.886 -0.0034484172 0.0013744509 0.00017419207 -0.008619276 0.0045695165 0.9998879 -0.011361589
2820290.812 -0.0032471677 0.0017228108 0.00044853127 -0.00718961 0.0045310184 0.9998507 -0.015050461
2870564.985 -0.0023128432 0.0026241224 0.0013314012 -0.003490135 0.0032615878 0.9998316 -0.017719958
2920851.158 -0.0009507685 0.0041419095 0.0017796353 -0.001391664 0.0031392775 0.99980754 -0.019319983
2970867.8359999997 0.00067081425 0.00550809 0.002057361 -0.00030214447 0.0030255397 0.99979347 -0.020095576
3020662.017 0.0026659453 0.0063927453 0.0020032448 0.0018580026 0.002595952 0.9997736 -0.021039143
3070496.448 0.0049912566 0.0069550183 0.0023323954 0.0056304904 0.0013503648 0.99975044 -0.021579811
3120505.126 0.0075645894 0.006885269 0.002476933 0.010089936 0.0010886401 0.9997004 -0.022275023
3170688.301 0.01050819 0.006404208 0.002846997 0.014930384 0.0015483506 0.99961627 -0.023281809
3220895.2249999996 0.012664157 0.0059451177 0.0029842362 0.0186653 0.002308411 0.9995524 -0.023266708
3270991.402 0.015429749 0.005138404 0.0031121636 0.023441698 0.0027168207 0.9994543 -0.023113078
3320936.08 0.018069701 0.0038195378 0.003469693 0.02809716 0.0021414452 0.9993427 -0.022808632
3370849.76 0.020298082 0.0021270635 0.0035747096 0.031123746 0.00042782174 0.9992573 -0.022716073
3420834.4379999996 0.0211935 0.00047832722 0.0037766881 0.03271993 -0.001762948 0.99919516 -0.02313833
3470922.864 0.022675514 -0.0014912239 0.00403922 0.034505952 -0.0032333334 0.999134 -0.02302631
3521034.54 0.024093436 -0.0037811808 0.004371104 0.03647652 -0.0040325522 0.99906534 -0.02284255
3571082.968 0.025030559 -0.0062433504 0.004699621 0.039162427 -0.005214214 0.9989717 -0.022242595
3621036.146 0.025511092 -0.00869206 0.005382049 0.041528694 -0.0070524807 0.99885195 -0.022814827
3670949.326 0.026004538 -0.010631721 0.005768625 0.04392821 -0.0090895565 0.99872434 -0.023183629
3720915.504 0.026235458 -0.013144631 0.00646836 0.04732872 -0.010441476 0.99855435 -0.023242135
3770946.931 0.026189832 -0.01589891 0.007156659 0.049856234 -0.011690089 0.9984053 -0.023762435
3820959.6089999997 0.025444228 -0.018224815 0.007888326 0.052065447 -0.013848065 0.9982645 -0.02377939
3870992.287 0.02429988 -0.02041403 0.00861299 0.054018263 -0.015888954 0.9980953 -0.025207853
3920952.965 0.02278048 -0.022202598 0.009537722 0.05490415 -0.016166087 0.99797696 -0.027679773
3970874.644 0.020580979 -0.023995712 0.010288023 0.054012027 -0.015602677 0.9979469 -0.03068024
4020820.0730000003 0.018045632 -0.024190396 0.010751745 0.049717765 -0.0155313965 0.9981151 -0.032451846
4070812.7509999997 0.015354788 -0.023363693 0.011182467 0.043262705 -0.015931303 0.99834013 -0.034518603
4120836.929 0.0120524615 -0.022688715 0.011813884 0.03821791 -0.01604341 0.9984594 -0.03689035
4170837.607 0.008683591 -0.022230772 0.012517028 0.033850726 -0.016896423 0.99852175 -0.0390265
4220806.784999999 0.0054198075 -0.02138331 0.013186744 0.029359039 -0.017819177 0.998612 -0.039933354
4270752.214 0.001910743 -0.020591827 0.013791772 0.026125206 -0.017480733 0.9986676 -0.04092521
4320697.393 -0.0014093571 -0.019546513 0.014244755 0.022518517 -0.015758803 0.9987693 -0.041285884
4370682.0709999995 -0.004703397 -0.01841669 0.014613373 0.018330278 -0.0132924495 0.9988692 -0.041806445
4420682.999 -0.008014907 -0.017014664 0.014677516 0.013533903 -0.011186503 0.9989468 -0.0423915
4470707.676 -0.010997066 -0.015374094 0.014711052 0.009166742 -0.008479787 0.99899554 -0.043035954
4520708.353999999 -0.0137373395 -0.013265977 0.014845427 0.0057982225 -0.0068293023 0.9989782 -0.04429829
4570693.032000001 -0.016203282 -0.011030448 0.01485734 0.0025480485 -0.005781787 0.9989597 -0.045163337
4620677.961 -0.01831044 -0.008389011 0.014887461 -0.0009315989 -0.006111084 0.99893826 -0.04565386
4670686.638 -0.02020112 -0.00597747 0.014701877 -0.0028222436 -0.006130905 0.99886096 -0.047236927
4720703.316 -0.021375306 -0.0031697203 0.01456547 -0.004897271 -0.0054722726 0.9987692 -0.04905349
4770728.244 -0.022443915 -0.00025730807 0.014324503 -0.008568396 -0.0057526105 0.998583 -0.052205794
4820744.171 -0.02292402 0.0025071807 0.013826229 -0.012247128 -0.005965945 0.9983733 -0.055363927
4870753.098999999 -0.023325032 0.005203771 0.013486506 -0.013537996 -0.0067629307 0.99823165 -0.057486158
4920745.777000001 -0.022648681 0.0075727883 0.012953733 -0.013538057 -0.0072253114 0.9981414 -0.05897721
4970751.705 -0.021142421 0.00976611 0.012407729 -0.011828597 -0.008059474 0.9980506 -0.06074719
5020723.883 -0.018639516 0.011735426 0.0119466465 -0.009599995 -0.008089574 0.9979177 -0.06326609
5070740.061000001 -0.015907854 0.013325011 0.011119105 -0.0050646346 -0.0066993255 0.9978302 -0.065301925
5120796.238 -0.012348831 0.015133757 0.010384966 -0.00062068395 -0.0039976323 0.99775577 -0.06683688
5170860.915 -0.008265364 0.016674817 0.00986602 0.0028097767 6.236909e-05 0.9976876 -0.06790943
5220901.592 -0.0039748577 0.018105626 0.009254631 0.0064323777 0.0034452912 0.9975197 -0.07001033
5270917.5200000005 0.00030437007 0.01929919 0.00872108 0.011312527 0.004933055 0.9973179 -0.072144665
5320910.198 0.004877206 0.019703249 0.008350788 0.018161368 0.0044730627 0.99707985 -0.074040145
5370903.376 0.009494748 0.019683106 0.008007803 0.025572464 0.0019889704 0.99689484 -0.07445027
5420927.803 0.013953151 0.018967576 0.0078048925 0.032723922 -0.000109807756 0.99679863 -0.07295045
5470999.98 0.018276235 0.017911244 0.0073128357 0.038444452 -0.003879961 0.9965671 -0.0732191
5521143.1559999995 0.02240912 0.016859515 0.007219767 0.04507454 -0.008471794 0.99614614 -0.07476268
5571295.080999999 0.026069619 0.015523843 0.007068275 0.050900258 -0.011861297 0.9958238 -0.07485648
5621406.756999999 0.029391227 0.013303721 0.0068401312 0.054887448 -0.013672904 0.9956165 -0.07448739
5671470.934 0.032386966 0.010783793 0.006859892 0.058550373 -0.014089922 0.99554384 -0.072566286
5721527.1110000005 0.03525795 0.007866488 0.007048982 0.06315636 -0.01300069 0.9955454 -0.068787314
5771551.288000001 0.037687372 0.004466976 0.007419967 0.067017846 -0.011596689 0.9955509 -0.0652124
5821552.215999999 0.03974491 0.0006759153 0.0076948726 0.068908565 -0.0095187295 0.99563915 -0.062158924
5871513.395 0.041101538 -0.0030736653 0.008025774 0.069386095 -0.008936631 0.995827 -0.05860312
5921498.323000001 0.04227013 -0.0068523088 0.008446779 0.07154239 -0.010042118 0.99589807 -0.054479145
5971515.001 0.043039516 -0.0106699355 0.008948719 0.07426487 -0.011984816 0.9958718 -0.050798584
6021531.678 0.043426942 -0.014335738 0.009427071 0.076343305 -0.013353728 0.9958332 -0.04805807
6071484.857000001 0.04365197 -0.018303148 0.009883603 0.078792505 -0.013896896 0.99571806 -0.046305697
6121374.287 0.043177612 -0.021676762 0.01043448 0.08148735 -0.014811347 0.99555486 -0.04484437
6171261.717 0.041823123 -0.025154673 0.010435403 0.083188854 -0.016654689 0.9954378 -0.04365537
6221201.895 0.039390985 -0.028050954 0.010309394 0.08203174 -0.0185502 0.9956127 -0.04101408
6271162.324 0.036301423 -0.030684369 0.010203823 0.07905914 -0.020111453 0.9959301 -0.03832088
6321099.503 0.03272792 -0.032315906 0.009796429 0.07664717 -0.02051631 0.9962366 -0.034883764
6370997.183 0.028672503 -0.03406987 0.009641784 0.072405234 -0.020408234 0.99659663 -0.033709146
6420887.112 0.023901543 -0.035079025 0.00947691 0.06693571 -0.019625254 0.9969835 -0.034033347
6470816.291 0.018773323 -0.035941396 0.009297629 0.058392093 -0.01833763 0.9974776 -0.035953272
6520801.47 0.013111916 -0.03618946 0.009479414 0.04864317 -0.017010888 0.9979536 -0.037857436
6570833.647 0.0068636667 -0.036249526 0.009204692 0.03765375 -0.0153461695 0.9984013 -0.039264597
6620787.075999999 0.00072536763 -0.035656143 0.008847183 0.024548873 -0.014871306 0.9987655 -0.04054265
6670652.756 -0.005525548 -0.0345779 0.008024816 0.011833103 -0.015060672 0.9989802 -0.0408883
6720486.936 -0.011259604 -0.03356165 0.0072162133 -0.0018754861 -0.014136021 0.99907076 -0.040673476
6770376.615999999 -0.016421184 -0.031958476 0.00590374 -0.015968127 -0.011749847 0.9989952 -0.040194936
6820369.544 -0.020407394 -0.030238977 0.0044258437 -0.030246772 -0.009078059 0.99870604 -0.03986333
6870433.721 -0.023377955 -0.027841546 0.0029666652 -0.040758144 -0.0063935234 0.9984344 -0.037769992
6920489.898 -0.025502939 -0.025662502 0.0013344331 -0.0478411 -0.0030674539 0.9982073 -0.03583437
6970498.575999999 -0.026723212 -0.02345527 -0.000104706356 -0.05466219 -0.0008963092 0.9978625 -0.035800237
7020476.004 -0.027029844 -0.020804081 -0.0016151543 -0.062303714 0.00080235203 0.9973834 -0.03666121
7070452.682 -0.02714834 -0.017983874 -0.0029382873 -0.06750953 -0.00012007741 0.9970099 -0.037601344
7120477.359999999 -0.02710848 -0.01539208 -0.0042984537 -0.06970863 -0.0015133113 0.99682283 -0.03850676
7170541.0370000005 -0.02570865 -0.012336531 -0.005300428 -0.069873534 -0.0033271366 0.9967802 -0.03918923
7220605.464 -0.023663228 -0.00923479 -0.0062014298 -0.07055743 -0.005156408 0.996654 -0.040939596
7270638.141 -0.021816768 -0.0073448606 -0.007087545 -0.07000025 -0.0058986344 0.99651206 -0.04504441
7320623.068999999 -0.01884641 -0.004734352 -0.007439621 -0.06774529 -0.004011078 0.9965593 -0.0475826
7370607.4969999995 -0.015339558 -0.0026250598 -0.0077124825 -0.0633372 -0.0012019969 0.9967158 -0.05044581
7420616.425 -0.01094934 -0.00036451616 -0.007426808 -0.059518717 0.002482488 0.9967906 -0.05347884
7470657.102999999 -0.006769026 0.001435546 -0.006887758 -0.05390458 0.00431977 0.99687904 -0.05751443
7520705.28 -0.0019647311 0.003472147 -0.0057208957 -0.045278173 0.0022484236 0.9971174 -0.06084228
7570729.7069999995 0.003324902 0.0044224905 -0.0044740033 -0.032602157 -0.0023275018 0.99743927 -0.063613124
7620746.385 0.008868467 0.004387744 -0.0034051244 -0.018673845 -0.0060268287 0.997683 -0.06514391
7670747.063 0.014491953 0.003003302 -0.0023314892 -0.006727068 -0.0075494065 0.99780554 -0.06543649
7720787.24 0.020023273 0.0006050347 -0.0019054955 0.0029797682 -0.0062665585 0.99799895 -0.06284971
7770867.667 0.02540121 -0.002588084 -0.00156532 0.011980864 -0.0044280733 0.9981218 -0.059914578
7820995.341999999 0.030586109 -0.0064156516 -0.0015907716 0.022978993 -0.0030707708 0.9981878 -0.055531926
7871122.518 0.03523505 -0.010712816 -0.0017180443 0.033653375 -0.0030177666 0.99813837 -0.050775163
7921234.194 0.039115734 -0.015148708 -0.0019793494 0.043064732 -0.002994469 0.99808705 -0.044257715
7971298.620999999 0.042522337 -0.01955421 -0.0020128181 0.051277664 -0.0032025583 0.9979032 -0.03936309
8021307.299000001 0.045206863 -0.024117308 -0.0016563493 0.05816148 -0.003752023 0.99763143 -0.036534388
8071220.978 0.04702237 -0.028521549 -0.0015109014 0.06169175 -0.003691877 0.99752295 -0.033591952
8121078.659000001 0.04763697 -0.032549355 -0.00094120164 0.06302415 -0.0024667326 0.99754596 -0.030396963
8170928.839000001 0.04717924 -0.03652127 -0.00052140397 0.062312406 -0.0019787075 0.9976726 -0.027616303
8220810.769 0.04568188 -0.040294755 -0.00041705507 0.06074419 -0.00031967505 0.99783593 -0.025169767
8270755.948000001 0.042823687 -0.04369361 -7.6392105e-05 0.058497094 0.00040586016 0.99802905 -0.022716649
8320740.626 0.039052863 -0.047016226 0.00030882133 0.05480001 0.00036655134 0.9982626 -0.021648873
8370741.554 0.034898188 -0.050183225 0.0007188723 0.051590506 -0.0012388576 0.9984277 -0.021888353
8420718.732 0.030305313 -0.05204797 0.0012619257 0.04952032 -0.0028480925 0.9985268 -0.021998586
8470664.160999998 0.024972089 -0.053017996 0.0014161487 0.04660946 -0.0024520853 0.9986637 -0.022190034
8520609.09 0.019593801 -0.053016033 0.001489146 0.03818117 -0.001910509 0.99900717 -0.022877032
8570638.516999999 0.014883202 -0.05231933 0.0014162526 0.026090989 9.2294234e-05 0.99934524 -0.025067605
8620499.697 0.009019634 -0.0512016 0.0014056863 0.0152003765 0.0030180598 0.99949217 -0.02784535
8670444.876 0.0032340072 -0.048895624 0.0012364282 0.004646256 0.00490248 0.99952316 -0.030130174
8720390.055 -0.0018049331 -0.046740226 0.0014181456 -0.0028662607 0.0059268847 0.9994446 -0.032668635
8770350.984 -0.0065754238 -0.04442355 0.0013037886 -0.0074604424 0.0057465667 0.99936825 -0.034269422
8820359.661 -0.011233341 -0.042310204 0.0007498206 -0.013697583 0.005282936 0.99927944 -0.035001665
8870392.339 -0.016008252 -0.040261075 -0.00018926192 -0.02126368 0.0044953306 0.99917775 -0.0342281
8920440.765999999 -0.01995732 -0.03812104 -0.001262944 -0.028255858 0.004561279 0.9990397 -0.033175074
8970441.194 -0.024036495 -0.036901914 -0.0022457743 -0.03333371 0.006624898 0.9988583 -0.033573754
9020417.872 -0.027129686 -0.03475742 -0.0034179827 -0.03793666 0.009594859 0.99868894 -0.033004396
9070402.8 -0.029468168 -0.032914724 -0.0048316545 -0.04452975 0.014332004 0.99836457 -0.032863278
9120419.478 -0.032243416 -0.030564774 -0.006611049 -0.05218288 0.020216208 0.99791807 -0.03205813
9170452.155 -0.03426439 -0.027956935 -0.00800104 -0.06118189 0.024451988 0.9972917 -0.032684796
9220500.582 -0.03632438 -0.025330191 -0.009457592 -0.06717212 0.02745469 0.9967991 -0.03355203
9270540.76 -0.03736682 -0.021822901 -0.010406743 -0.071247146 0.027037088 0.9964983 -0.03440948
9320557.437 -0.037450474 -0.01779577 -0.010478138 -0.07159402 0.023801463 0.99647117 -0.03678573
9370558.365 -0.036959354 -0.0132606765 -0.010513948 -0.06942231 0.019121813 0.99653745 -0.041570302
9420582.543000001 -0.03555431 -0.008439435 -0.009718804 -0.065496296 0.016716935 0.9964881 -0.049420692
9470623.219999999 -0.0329961 -0.0037220563 -0.008247348 -0.06040777 0.014698457 0.99635106 -0.05847619
9520671.397 -0.029161746 0.00066627684 -0.0068993755 -0.05312854 0.012312451 0.99629223 -0.06654001
9570711.824000001 -0.025139214 0.0043017184 -0.0058267205 -0.04515291 0.010179006 0.9963399 -0.071863875
9620696.503 -0.02042912 0.0070240786 -0.004593453 -0.03505126 0.009604446 0.99644786 -0.075966015
9670657.681 -0.015137062 0.009227544 -0.003761746 -0.025619473 0.010772841 0.99656373 -0.07802813
9720650.609000001 -0.00967427 0.010678678 -0.0030740618 -0.016544212 0.01115181 0.9964639 -0.08161916
9770758.785 -0.003866007 0.011644831 -0.0024763807 -0.005401849 0.011509249 0.99634695 -0.08444625
9820803.212 0.002281615 0.01207316 -0.0018784135 0.0073257666 0.011194701 0.99614906 -0.08664928
9870898.639 0.008123805 0.01137741 -0.0013544585 0.018812621 0.009360884 0.9960287 -0.08651789
9920971.066000002 0.013975863 0.010164038 -0.00079062977 0.03129391 0.0053548454 0.9958746 -0.08500499
9971019.242999999 0.020006169 0.007887625 -0.00050190714 0.043589342 0.003305186 0.99566215 -0.08213454
10021114.919 0.025350401 0.005329698 -7.277341e-05 0.053960133 -2.2598651e-05 0.99525815 -0.08092947
10071321.593999999 0.030643906 0.0020013056 0.00045688247 0.064812794 -0.0025925392 0.9947545 -0.079095855
10121600.267 0.035393227 -0.0020959787 0.0011532927 0.07512444 -0.005582218 0.99416864 -0.07716133
10171838.441 0.039640028 -0.006412474 0.0018136157 0.084029354 -0.009818004 0.99352735 -0.07580277
10221728.371 0.04345067 -0.011088356 0.0024212096 0.09242735 -0.014279476 0.9929004 -0.07349915
10271491.052000001 0.046980485 -0.016308643 0.0031557088 0.099531464 -0.017844845 0.99234796 -0.07085599
10321333.483000001 0.049474824 -0.021686396 0.0034994255 0.1037749 -0.020330874 0.9921297 -0.06705317
10371350.161 0.051272675 -0.027518079 0.0041695875 0.108473316 -0.019387953 0.9919285 -0.06273399
10421517.336 0.052999385 -0.033224642 0.004615702 0.11407775 -0.017545119 0.991561 -0.059036225
10471589.513 0.05425504 -0.03922189 0.005275148 0.11988905 -0.014441929 0.9910889 -0.056221683
10521376.193999998 0.053840384 -0.04355877 0.005533204 0.12275285 -0.010151932 0.9909949 -0.05251557
10571051.627 0.05140453 -0.04773665 0.006701989 0.12145013 -0.005355484 0.99119306 -0.05251273
10620854.307999998 0.048652977 -0.051394016 0.0072303372 0.11495985 -0.0009839425 0.99201256 -0.05190778
10670854.986 0.044794586 -0.05400341 0.0078253085 0.109757066 0.0007862839 0.99265325 -0.05091479
10720990.162 0.040711556 -0.056123193 0.008134771 0.104798466 0.00062975904 0.9932746 -0.0492187
10771109.838 0.035978697 -0.057375707 0.008441597 0.099829525 -0.00054646493 0.99381495 -0.04863753
10821071.265999999 0.030573888 -0.058317307 0.008615914 0.09272933 -0.0014924571 0.99447244 -0.049230248
10870905.697 0.024927694 -0.05880926 0.008910554 0.084290124 -0.001637146 0.9952082 -0.04952982
10920810.376999998 0.018808516 -0.05899298 0.008957051 0.07440847 -0.0021934132 0.9959791 -0.049842607
10970768.305000002 0.012590195 -0.058792204 0.008678157 0.06430512 -0.0028200033 0.99668014 -0.04985661
11020836.482 0.0061765965 -0.058568154 0.008421151 0.053702008 -0.002735643 0.9972877 -0.05025835
11070900.659 -0.00011564672 -0.058163274 0.008181178 0.043230742 -0.00244263 0.9977478 -0.05123139
11120806.088000001 -0.0059716837 -0.05746774 0.0077737435 0.033226687 -0.0026235115 0.9980133 -0.05346575
11170593.020000001 -0.011931919 -0.05594382 0.007126066 0.022933023 -0.0033747638 0.9981408 -0.056371015
11220419.201 -0.017648647 -0.054664683 0.006497936 0.012726205 -0.0034654299 0.9981128 -0.059974298
11270380.129 -0.023080852 -0.053870354 0.0057007154 0.0029196697 -0.002773809 0.9980423 -0.062413618
11320468.056 -0.027957913 -0.05216724 0.004682936 -0.0055365013 -0.00046970023 0.99800104 -0.06295324
11370595.981 -0.03245651 -0.0502764 0.0036096983 -0.013668049 0.0010743816 0.99788797 -0.06349553
11420628.159 -0.036555585 -0.047783837 0.0026133142 -0.02151307 0.0037536279 0.99763525 -0.06516907
11470549.338 -0.03990962 -0.044381797 0.0012606356 -0.029566573 0.0071269306 0.99729425 -0.066927224
11520439.018 -0.04170388 -0.04042435 0.00014706785 -0.032377444 0.0105158305 0.9969865 -0.06970816
11570432.446 -0.042908076 -0.036002077 -0.0007358803 -0.03372297 0.010846181 0.99683595 -0.071156956
11620551.622 -0.043973166 -0.031766765 -0.0020098803 -0.035117183 0.012160705 0.9967618 -0.07130857
11670726.796999998 -0.044791054 -0.027580038 -0.003234664 -0.03861092 0.014973795 0.9965929 -0.07132738
11720814.973000001 -0.045384116 -0.023060635 -0.00441571 -0.044057064 0.017221838 0.9962071 -0.073032886
11770768.151999999 -0.045464944 -0.018154064 -0.005533989 -0.046301283 0.01746066 0.99596715 -0.07483858
11820666.082 -0.044226922 -0.013883092 -0.00645173 -0.044903096 0.016732274 0.9959394 -0.076213576
11870626.76 -0.042359326 -0.009793661 -0.0069230157 -0.04357318 0.0144815855 0.9959506 -0.07729265
11920682.936999999 -0.039739564 -0.005789103 -0.0075457054 -0.041027736 0.014179627 0.9959095 -0.07924674
11970763.364 -0.0366882 -0.0023102446 -0.008278942 -0.04041247 0.014408812 0.995579 -0.0835572
12020780.041000001 -0.03323007 0.0012351011 -0.008674131 -0.04099196 0.0151075395 0.9952022 -0.08754526
12070732.719999999 -0.028938457 0.004212816 -0.008866074 -0.038689863 0.015329498 0.9949644 -0.09118056
12120692.899 -0.02360299 0.006753129 -0.008896711 -0.031548776 0.014157148 0.9950653 -0.09300167
12170639.078 -0.017372712 0.00853612 -0.008302385 -0.018645037 0.01134743 0.99535996 -0.093713485
12220722.753999999 -0.01033816 0.009619007 -0.0076967767 -0.004566526 0.00848905 0.99549586 -0.09431405
12270775.931 -0.0034464132 0.010183422 -0.007211064 0.0068790466 0.0068403184 0.9954845 -0.09442802
12320871.606999999 0.0029936307 0.009733046 -0.0071358285 0.015538192 0.007047849 0.99544746 -0.09377236
12370943.534 0.009105152 0.00863779 -0.007031418 0.023867983 0.0077588162 0.9952569 -0.093989335
12420991.961 0.015086924 0.0068384632 -0.006834534 0.033635397 0.007626639 0.99501556 -0.093565844
12471040.138 0.020926304 0.0045329593 -0.0065743867 0.041507967 0.0050012055 0.99467874 -0.0941608
12521167.814000001 0.026754284 0.0020190058 -0.006168733 0.051199358 0.002061205 0.99433696 -0.093104355
12571366.738999998 0.03233612 -0.0012037359 -0.005480531 0.061552923 -0.00015264735 0.9939999 -0.09041855
12621597.413 0.037938856 -0.0049452637 -0.0046560317 0.07374964 -0.0025125393 0.9934329 -0.087440185
12671749.338 0.0427787 -0.00889061 -0.004124534 0.08385585 -0.005990991 0.9929001 -0.08415389
12721630.768 0.04662187 -0.013091393 -0.0035483842 0.090703815 -0.008649134 0.99246275 -0.08194971
12771433.2 0.049785953 -0.017346105 -0.0030165142 0.093920834 -0.009221466 0.9923365 -0.07976322
12821314.879 0.052521065 -0.021892127 -0.0021233824 0.09671233 -0.009318169 0.99216694 -0.078515574
12871387.056 0.05509488 -0.026554052 -0.0009669762 0.1029334 -0.00909973 0.99175096 -0.07584263
12921633.98 0.0571637 -0.03131111 5.607003e-05 0.110162444 -0.009319325 0.991179 -0.07308655
12971737.406 0.05824084 -0.036612064 0.0008253562 0.114148736 -0.008956602 0.9908689 -0.07119462
13021553.837 0.058450393 -0.041675422 0.0017542614 0.11587576 -0.0064834836 0.99073225 -0.07057223
13071255.02 0.057637297 -0.045912404 0.0030487843 0.11469947 -0.0019720588 0.9908378 -0.071278796
13121049.951000001 0.05576121 -0.050974626 0.0044801133 0.11236589 0.0040118773 0.990912 -0.073833115
13171098.127999999 0.053611632 -0.055530097 0.0059702154 0.10915425 0.0110481465 0.991101 -0.07537996
13221289.303 0.05155128 -0.0605971 0.0073080603 0.10590542 0.01690143 0.9912358 -0.07713664
13271416.979 0.048561662 -0.06563182 0.009152522 0.10651252 0.018124852 0.9910672 -0.078182146
13321336.658 0.045700334 -0.06996582 0.010551414 0.10915917 0.01475373 0.9912014 -0.07339238
13371069.341 0.04248283 -0.07443905 0.011841058 0.11277593 0.008569237 0.9911434 -0.069590874
13420879.772 0.038232543 -0.07739063 0.012591932 0.11056572 0.006850257 0.991541 -0.067637034
13470840.950000001 0.03251404 -0.08049978 0.013824669 0.10183153 0.010575606 0.9921954 -0.07118091
13520913.127 0.026357321 -0.08292922 0.014588532 0.08836979 0.015449197 0.99317706 -0.074509114
13571009.053 0.019638859 -0.08534212 0.015232398 0.076411456 0.018524827 0.99389243 -0.07743388
13621009.731 0.01300491 -0.08697854 0.015246009 0.06763443 0.01890809 0.99444985 -0.07834279
13670922.911 0.006101135 -0.088337936 0.014892013 0.061108034 0.017404119 0.994935 -0.07789406
13720789.091 -0.0009480147 -0.0882669 0.014058391 0.056367446 0.017006049 0.9952847 -0.07708448
13770663.021 -0.0077079134 -0.0873133 0.012909231 0.051254 0.018120466 0.99559444 -0.076396026
13820576.45 -0.0140313 -0.08591811 0.011748793 0.043714408 0.020868268 0.99587166 -0.07676732
13870545.378 -0.020734452 -0.08321003 0.01008773 0.033991348 0.02214911 0.99638486 -0.07464169
13920546.056 -0.026911523 -0.0802267 0.008443127 0.026231123 0.022974927 0.9966828 -0.073535435
13970530.734 -0.03272634 -0.075910345 0.007162632 0.019382343 0.02279949 0.9969512 -0.072060905
14020500.163 -0.038129628 -0.07121625 0.0055080047 0.0124825025 0.022018775 0.99707776 -0.0720795
14070476.841 -0.0438984 -0.06684474 0.0042982902 0.008072538 0.020204788 0.99709207 -0.07303406
14120477.519 -0.048561864 -0.061826374 0.0029361525 0.004407929 0.020609615 0.99706644 -0.07358257
14170518.196 -0.052335624 -0.05724709 0.0016165216 -0.0014121071 0.02092232 0.99698806 -0.07466697
14220558.624 -0.056390528 -0.052674633 -0.00024213537 -0.008930261 0.02331731 0.99699116 -0.073384106
14270575.300999999 -0.05914939 -0.048060752 -0.002101449 -0.016373415 0.026342107 0.99682784 -0.07329592
14320591.479 -0.061590787 -0.042908724 -0.003914199 -0.020071091 0.029153338 0.99675626 -0.07227913
14370608.157 -0.06233741 -0.037914537 -0.005488924 -0.020266725 0.030498635 0.99685085 -0.07033838
14420648.583999999 -0.06262448 -0.032223497 -0.0070416923 -0.019552136 0.029860381 0.9971616 -0.066293456
14470705.511 -0.060953964 -0.027053492 -0.008093195 -0.019798975 0.028175747 0.99726576 -0.06538508
14520737.438000001 -0.05949025 -0.021483976 -0.009203246 -0.017988661 0.02435685 0.99733967 -0.06630921
14570730.616 -0.057134308 -0.015692387 -0.009988562 -0.016264318 0.020283481 0.9973218 -0.0683621
14620726.044 -0.05409139 -0.01029187 -0.010463452 -0.013936169 0.016941773 0.99729276 -0.070186
14670723.722000001 -0.051023416 -0.0055902023 -0.010924076 -0.014203317 0.011974677 0.9972674 -0.07150255
14720740.399999999 -0.047013316 -0.0015759745 -0.011410498 -0.014071949 0.0059759077 0.9973344 -0.0713473
14770741.328 -0.042132746 0.0016960829 -0.011360774 -0.012615137 -0.00012952535 0.997495 -0.069603756
14820726.006 -0.03659729 0.0042879 -0.010968575 -0.0071780267 -0.0062196786 0.99769497 -0.0671905
14870703.184 -0.03039108 0.00566418 -0.010040227 0.0024207905 -0.008781853 0.9978778 -0.06447475
14920703.862 -0.023603123 0.006642592 -0.009013396 0.009179119 -0.008789787 0.9977456 -0.065896034
14970736.290000001 -0.017154062 0.007509522 -0.008568436 0.01020198 -0.00789529 0.9975069 -0.06937971
15020831.966 -0.01003239 0.00799669 -0.007883734 0.01444452 -0.007508209 0.99733806 -0.07107681
15070943.642 -0.0023104616 0.00774652 -0.007500694 0.020972596 -0.009504197 0.99711204 -0.072370425
15121031.818 0.005192322 0.006655414 -0.006858536 0.025289899 -0.011185783 0.99688256 -0.073895484
15171087.995 0.012328635 0.005009388 -0.006158181 0.025072401 -0.012155989 0.9964355 -0.07962357
15221144.422 0.01942926 0.0021772713 -0.0053723417 0.031623136 -0.008165981 0.99612087 -0.08170997
15271232.099 0.02693218 -0.0011160552 -0.0043534026 0.04352846 -0.005761271 0.99559516 -0.08284005
15321359.775 0.03460688 -0.0056278002 -0.0033269026 0.058101248 -0.0015011462 0.99507445 -0.08030508
15371566.449000001 0.041836023 -0.011041507 -0.0023797436 0.072427355 0.0027248918 0.9942706 -0.078566745
15421797.373 0.048245586 -0.016628988 -0.0013947845 0.088345096 0.0067434926 0.99320555 -0.0754487
15471798.050999999 0.053520672 -0.02242015 -0.0011257159 0.09836497 0.008773973 0.99237335 -0.07377379
15521640.481999999 0.05733721 -0.027992582 -0.0010878448 0.102764376 0.006776183 0.99202573 -0.07265433
15571458.663 0.060399618 -0.034114122 -0.0007253516 0.10677304 0.0049085123 0.99167687 -0.07178066
15621333.093 0.062208574 -0.04034226 -0.00063399994 0.108190395 0.0039765583 0.9915605 -0.071321666
15671293.521 0.062506944 -0.046510242 -0.0001988903 0.10889149 0.0043266234 0.9914027 -0.07242051
15721365.947999999 0.06168477 -0.052702755 0.00025547255 0.109850176 0.0069690384 0.9914618 -0.069913544
15771445.875 0.059951972 -0.059211563 0.0007424977 0.111302964 0.008567114 0.99148154 -0.067101955
15821335.804 0.05808414 -0.06493662 0.0013747031 0.11318655 0.009209284 0.9913326 -0.06605962
15871074.737 0.054280795 -0.0707373 0.0019192826 0.114561155 0.010049061 0.9912957 -0.06409134
15920885.168000001 0.049532283 -0.0761921 0.0022963327 0.11513383 0.011408746 0.9913983 -0.061184157
15970901.595 0.042527165 -0.080659784 0.0019106562 0.10991364 0.011274347 0.99212 -0.059074726
16021029.271 0.034211144 -0.08443001 0.0015217357 0.10014835 0.009915822 0.99322104 -0.058172677
16071085.447999999 0.025234208 -0.08751027 0.0010117826 0.09053331 0.008910079 0.99431777 -0.055285778
16120967.128 0.0154743 -0.08972477 0.00043037048 0.084232025 0.0067931092 0.99515074 -0.050336767
16170753.809000002 0.00634003 -0.091849536 -0.00060020306 0.0764805 0.0049850903 0.9960528 -0.04477427
16220596.24 -0.0038942883 -0.09282795 -0.0012591771 0.06663711 0.0032129325 0.9969825 -0.039687045
16270541.419000002 -0.013452764 -0.09309884 -0.0027956 0.05307164 0.0034723086 0.9979354 -0.03600468
16320518.097000001 -0.023108883 -0.09222748 -0.0040328084 0.039673276 0.006075616 0.9985567 -0.03568913
16370431.776 -0.032740705 -0.09012405 -0.005691782 0.024635047 0.008915133 0.9989454 -0.03770515
16420313.705999998 -0.04249569 -0.086696416 -0.007518345 0.0039195297 0.009857239 0.9990129 -0.043137133
16470226.886 -0.05140595 -0.08265911 -0.009384764 -0.018625617 0.010424426 0.9985268 -0.04988706
16520243.563 -0.059620753 -0.07819817 -0.0119512845 -0.03851704 0.014606358 0.9977122 -0.053605746
16570402.739 -0.06648388 -0.074342385 -0.0132125225 -0.054431535 0.022615109 0.9967065 -0.05569573
16620625.662999999 -0.07226341 -0.070139505 -0.015560533 -0.0624473 0.02485403 0.9961212 -0.056790594
16670761.339 -0.07605781 -0.064800814 -0.017250488 -0.064542785 0.023020992 0.99606377 -0.056225542
16720714.517 -0.080003336 -0.060330264 -0.018069498 -0.06372044 0.02293262 0.9960801 -0.05690681
16770580.196999997 -0.08149785 -0.056557328 -0.018903961 -0.06755877 0.0239483 0.9956874 -0.058897622
16820502.127 -0.08352864 -0.04896395 -0.020361802 -0.06993691 0.023953667 0.9957251 -0.055376865
16870550.303999998 -0.084583044 -0.04404298 -0.021264525 -0.070487976 0.02400115 0.9957037 -0.055041756
16920760.228 -0.084157154 -0.037466936 -0.022131586 -0.0708298 0.022819418 0.9955835 -0.057236947
16970832.155 -0.08260886 -0.03306922 -0.02269875 -0.06872349 0.020812834 0.9955256 -0.061422743
17020845.833 -0.07891188 -0.026923051 -0.022293549 -0.065827444 0.016605398 0.9956489 -0.06382996
17070775.262 -0.07556173 -0.021602826 -0.021812724 -0.05642849 0.011668327 0.9961088 -0.06668688
17120712.691 -0.071024306 -0.01592014 -0.022164445 -0.049549017 0.007111559 0.9963702 -0.06885334
17170721.618 -0.06639079 -0.010576764 -0.02191565 -0.042450164 0.0066718343 0.9963595 -0.07362974
17220793.545 -0.061216276 -0.006078173 -0.021558788 -0.037350494 0.008247266 0.99620646 -0.07816491
17270841.722 -0.05570453 -0.0015610558 -0.020761127 -0.032418624 0.006243662 0.99602455 -0.08273596
17320826.4 -0.049226526 0.0020602788 -0.019799512 -0.022036944 0.005240676 0.996015 -0.08626133
17370755.580000002 -0.041967854 0.00503286 -0.018402373 -0.008338862 0.004464332 0.99601257 -0.08871026
17420685.509 -0.034143392 0.0073470697 -0.017133743 0.0058982135 0.0048189885 0.9958239 -0.090976246
17470678.187000003 -0.026143288 0.0090446295 -0.015660597 0.020893833 0.0070228223 0.9954244 -0.09297547
17520750.362999998 -0.017810736 0.009974001 -0.014361235 0.035436645 0.009025126 0.99471366 -0.095956
17570893.539 -0.009702235 0.010583211 -0.013132335 0.04863846 0.010789628 0.9938538 -0.09885615
17621052.964 -0.0017275589 0.010296617 -0.011766176 0.060539067 0.015212787 0.9929953 -0.1003193
17671172.64 0.0056938473 0.010092549 -0.010443152 0.06952528 0.015249009 0.9920708 -0.103582315
17721276.316000003 0.012921012 0.009550793 -0.009017764 0.078809656 0.014553069 0.99112165 -0.106090486
17771372.492999997 0.02034427 0.00890615 -0.008046711 0.0906407 0.013354032 0.98995054 -0.107721865
17821468.169 0.027564503 0.00771998 -0.007122567 0.10002957 0.013187238 0.9890585 -0.107626945
17871508.595999997 0.034188196 0.0065594316 -0.0061882758 0.108751975 0.012011858 0.98822814 -0.106929556
17921453.775000002 0.040190283 0.0045686103 -0.0054038255 0.11542188 0.010239062 0.9875422 -0.10645842
17971367.705 0.045733694 0.002163655 -0.004630537 0.12411095 0.007838532 0.9866229 -0.10540531
18021360.382999998 0.050273035 -0.0009491446 -0.0039031624 0.13302854 0.0053528463 0.9856517 -0.10375747
18071495.558 0.05439539 -0.004504397 -0.0036382878 0.1385926 0.0036324486 0.9851634 -0.10115349
18121711.483 0.057223964 -0.008642765 -0.0033840437 0.14181009 0.0030902936 0.9849642 -0.098620705
18171687.411000002 0.05954157 -0.0132450545 -0.003288416 0.14355397 0.002605813 0.98498565 -0.09585792
18221545.841 0.061095607 -0.01778899 -0.0030821334 0.14444219 0.002629648 0.9851246 -0.09305469
18271411.521 0.06214834 -0.022958968 -0.0030942457 0.14336129 0.0043726456 0.9855694 -0.08989698
18321372.950000003 0.06232416 -0.028474258 -0.0029557028 0.14232348 0.005824321 0.98608416 -0.0857219
18371500.126000002 0.062072113 -0.033867415 -0.0029438124 0.14305553 0.0061527463 0.98631066 -0.081784114
18421675.301000003 0.060930725 -0.039423153 -0.002852213 0.14346929 0.006262312 0.9865173 -0.07849222
18471628.479000002 0.05915122 -0.04416627 -0.0024632541 0.1421112 0.006011229 0.9869178 -0.075905554
18521415.161000002 0.056634642 -0.049095258 -0.0020276492 0.1387654 0.004104553 0.98761505 -0.073102534
18571210.092 0.053484138 -0.053366307 -0.0019089269 0.1362679 0.003267053 0.9882053 -0.06979063
18621123.272 0.04934051 -0.057257567 -0.0015611862 0.13400961 0.0035011827 0.9887246 -0.06673075
18671242.947 0.044912685 -0.060238067 -0.0019441812 0.12840779 0.0049376003 0.98962927 -0.06419552
18721394.123 0.038946524 -0.06286409 -0.0021791384 0.11729295 0.0063143196 0.99111766 -0.06235621
18771363.551000003 0.032185767 -0.06473544 -0.002440932 0.10391631 0.0068263044 0.99274385 -0.060120758
18821102.734 0.025200242 -0.06578677 -0.0025574106 0.08953301 0.007487404 0.99429435 -0.05750305
18870857.416 0.01866891 -0.06559354 -0.0027394765 0.07897127 0.009267418 0.9952088 -0.05689561
18920834.094 0.012364351 -0.064462736 -0.0027939554 0.07066936 0.0125703355 0.99577475 -0.057275314
18970993.769 0.0061035426 -0.06284898 -0.0025918428 0.061441228 0.013202985 0.99630374 -0.058562297
19021161.194 -0.00013819616 -0.060696185 -0.002233238 0.051966466 0.010804283 0.9968057 -0.05967571
19071122.123 -0.0059096124 -0.058626708 -0.001999405 0.04334415 0.0075671338 0.9972553 -0.05954691
19120892.555000003 -0.01099606 -0.05694673 -0.0018156915 0.035834324 0.005401216 0.9976929 -0.057408445
19170663.236 -0.0155286845 -0.055321336 -0.0019298546 0.02884983 0.005242122 0.9981548 -0.053171024
19220569.166 -0.019505532 -0.053567756 -0.0021204385 0.020225955 0.0070552076 0.9985914 -0.048542768
19270661.092 -0.022623027 -0.051684704 -0.002334448 0.013512182 0.010350435 0.9988869 -0.043991905
19320729.018999998 -0.02473197 -0.04956804 -0.0022961681 0.011286499 0.012317826 0.9991298 -0.03821678
19370761.696 -0.02595814 -0.048034173 -0.002115133 0.011640223 0.011927656 0.9993543 -0.031831782
19420730.625 -0.02737912 -0.046576254 -0.0017690666 0.012575865 0.012001707 0.99950284 -0.026305858
19470573.055 -0.027888963 -0.044528894 -0.001402268 0.012158327 0.00977486 0.99959856 -0.02365336
19520523.234 -0.029143233 -0.042548206 -0.0009555475 0.015473811 0.0045945114 0.9996062 -0.022954145
19570526.662 -0.029511448 -0.040502667 0.00048414993 0.020294067 -0.0006740449 0.9995169 -0.023530912
19620607.088 -0.029843193 -0.03787242 0.0017995134 0.024509383 -0.007762333 0.99932504 -0.026240222
19670678.765 -0.030298337 -0.033864457 0.0028995632 0.024409514 -0.011730334 0.9992314 -0.02834233
19720719.442 -0.031549703 -0.02964757 0.003394635 0.018405754 -0.010742021 0.99937564 -0.028181195
19770720.12 -0.03354349 -0.0256265 0.0036442652 0.009167503 -0.0068639936 0.9996183 -0.02514415
19820721.048 -0.0357892 -0.021293975 0.003946649 -0.0033418657 -0.0030053246 0.99967283 -0.025180476
19870721.726 -0.037320767 -0.01620057 0.0040937224 -0.015710633 -0.00012769175 0.999463 -0.028755302
19920722.404 -0.037880678 -0.011408867 0.004308393 -0.025139 0.0011344287 0.99901325 -0.0365978
19970738.582 -0.03650262 -0.006723223 0.0049214256 -0.028102968 0.00038175305 0.9987004 -0.04251767
20020819.008 -0.03479102 -0.0034046508 0.005258439 -0.025534697 -0.0021153053 0.99858236 -0.04665642
20070954.684 -0.031669132 -0.00028480787 0.0059574503 -0.02399691 -0.002344283 0.99826527 -0.053714212
20121050.36 -0.02729851 0.0023440965 0.0065350765 -0.020980768 -0.001327945 0.99803185 -0.059079926
20171067.038000003 -0.02268422 0.0043037576 0.0068680136 -0.016378282 -0.0017288933 0.99798214 -0.061322104
20221067.716000002 -0.017538203 0.005505323 0.006811913 -0.01006778 -0.003125058 0.99803215 -0.0618122
20271092.143000003 -0.012197015 0.0062002917 0.0064664152 -0.0024875747 -0.0063429815 0.99801433 -0.062618524
20321204.07 -0.0072338395 0.006504103 0.005656643 0.0024898208 -0.008579019 0.99796146 -0.06319098
20371355.745 -0.002011455 0.0062937834 0.0048714187 0.008455173 -0.008984396 0.99786294 -0.06416756
20421443.421 0.0031364928 0.0059598107 0.0036915068 0.013281936 -0.009254684 0.9977452 -0.06513398
20471360.351 0.0083717555 0.005381074 0.0024640106 0.016722703 -0.009261039 0.997608 -0.06642941
20521151.281999998 0.013595803 0.005156323 0.0013117563 0.021574933 -0.0123437 0.99731934 -0.0688212
20571128.46 0.019411676 0.004645875 0.00028644974 0.029873036 -0.014537374 0.99703 -0.06948019
20621398.884 0.025540601 0.0038411974 -0.0007771954 0.03909391 -0.015769208 0.9967249 -0.06901107
20671819.555 0.031856645 0.00281858 -0.0018190271 0.047655933 -0.015669635 0.9963551 -0.06899293
20721931.231 0.037659064 0.001904475 -0.0025964302 0.05506334 -0.016525134 0.99592984 -0.06941701
20771773.661999997 0.043152437 0.0004540518 -0.003220182 0.061469007 -0.017519325 0.9955342 -0.06947254
20821599.842 0.048134603 -0.0009981379 -0.0035576143 0.06645473 -0.016849872 0.9954146 -0.066705875
20871537.020999998 0.052914426 -0.0030081258 -0.003619068 0.07152754 -0.017126605 0.995134 -0.06556544
20921577.698000003 0.057315823 -0.005480421 -0.0033572852 0.07641623 -0.01795523 0.9948187 -0.06460608
20971657.625 0.061692994 -0.008313868 -0.0027078374 0.07803498 -0.01891916 0.99459964 -0.06575918
21021682.053 0.065848954 -0.011351086 -0.0015676024 0.07811044 -0.019233031 0.99447197 -0.06748638
21071658.981 0.07012748 -0.014766013 0.00011684356 0.07863407 -0.019893635 0.9942168 -0.07038446
21121620.158999998 0.075335056 -0.017978335 0.0021056668 0.08565438 -0.021846414 0.99341816 -0.07284585
21171613.088000003 0.08151087 -0.022345822 0.004091126 0.09917582 -0.023933511 0.99223197 -0.07118422
21221645.765 0.08725065 -0.027018586 0.006223792 0.11349363 -0.02588676 0.9908372 -0.06848814
21271669.941999998 0.09211482 -0.031715084 0.008123242 0.123815924 -0.025868764 0.9896552 -0.06769844
21321615.121000003 0.09619601 -0.036469806 0.009640448 0.12860635 -0.021874309 0.9892414 -0.066206425
21371496.801 0.09857656 -0.041234355 0.011103626 0.12793286 -0.0152693475 0.98961127 -0.06379348
21421363.231000002 0.09985872 -0.045489866 0.01217674 0.12149058 -0.0069395253 0.99053097 -0.06356378
21471268.411000002 0.10011011 -0.04959934 0.013506779 0.11532301 0.00010690162 0.991139 -0.06591036
21521293.088 0.10010174 -0.05353773 0.015000067 0.11332847 0.00595613 0.99136174 -0.065750875
21571452.514000002 0.09981493 -0.056822073 0.01637892 0.11376179 0.008990571 0.9912439 -0.06643068
21621556.19 0.09844323 -0.059291717 0.0179473 0.11365292 0.01100199 0.99117225 -0.06737648
21671409.12 0.096563764 -0.061729692 0.018695924 0.10954755 0.012038318 0.9915882 -0.06787791
21721201.051 0.092760675 -0.064290754 0.020263288 0.10710637 0.011281126 0.9916685 -0.07067276
21771106.231000002 0.08916595 -0.06605732 0.020851351 0.10425389 0.010862855 0.991858 -0.072325
21821265.906000003 0.08424331 -0.06775093 0.021465939 0.1003981 0.00943565 0.99220073 -0.07327248
21871544.33 0.0784229 -0.0689914 0.02133601 0.09369889 0.007978468 0.9929317 -0.07241259
21921608.006 0.07179561 -0.07030824 0.021133859 0.08317035 0.008599217 0.99390984 -0.07177735
21971355.439 0.065078 -0.071066655 0.020733945 0.07324793 0.009085941 0.9946354 -0.07247535
22021062.621 0.05847244 -0.07136897 0.020019634 0.06297815 0.009426354 0.99538964 -0.07172405
22070928.801000003 0.051722623 -0.07165251 0.01935756 0.05565271 0.008918243 0.9959395 -0.07019789
22121095.977 0.04493335 -0.07157103 0.018377248 0.047717806 0.00969099 0.99653393 -0.067447625
22171350.15 0.03801738 -0.07123855 0.017081307 0.03741121 0.012311797 0.99705774 -0.06576304
22221430.327 0.031101884 -0.0702181 0.015480152 0.025448214 0.016658401 0.99749225 -0.06390633
22271169.259 0.024200954 -0.06920763 0.013682471 0.010659298 0.023240505 0.99781156 -0.060979
22320836.942 0.017705511 -0.06791739 0.011504665 -0.0047840327 0.029084118 0.9978767 -0.058080375
22370703.123 0.011521918 -0.066000625 0.009270021 -0.0193666 0.03284366 0.997698 -0.056079976
22420711.3 0.006240911 -0.063438825 0.0068870364 -0.02894988 0.034692407 0.9975345 -0.053697266
22470783.727 0.0024273784 -0.059851617 0.0047247857 -0.0320227 0.033341587 0.9976234 -0.0510936
22520816.404999997 -0.00047549617 -0.05555023 0.0031034884 -0.03342687 0.03266095 0.9976514 -0.050076056
22570785.083 -0.0025869948 -0.051257238 0.0014961434 -0.035663392 0.03270853 0.9975217 -0.051076386
22620730.512 -0.0040764185 -0.04644655 0.00013909927 -0.038503263 0.032595154 0.9971744 -0.05566357
22670715.19 -0.0049762996 -0.04134518 -0.0012402507 -0.041998416 0.031232527 0.9967521 -0.061204776
22720787.367 -0.0049312366 -0.03632665 -0.002510487 -0.04568712 0.029052954 0.99632967 -0.06630163
22770915.042999998 -0.003975327 -0.03188832 -0.003413622 -0.046593532 0.026006108 0.9960554 -0.07089737
22821066.468 -0.0018215083 -0.026760176 -0.0045412076 -0.044472672 0.024310054 0.9960831 -0.072455876
22871178.143999998 0.0009604244 -0.022987371 -0.0052036224 -0.038003135 0.023475535 0.9961721 -0.07513875
22921194.822 0.0058735367 -0.019491564 -0.0056972303 -0.032355923 0.022956714 0.9960939 -0.07888663
22971156.0 0.010513244 -0.016401652 -0.006397893 -0.025825989 0.023266723 0.99583745 -0.084258065
23021132.679 0.016040683 -0.013022666 -0.007003012 -0.017962623 0.025908044 0.99558383 -0.08842545
23071189.106 0.022165546 -0.010350332 -0.0074141463 -0.0085749 0.029872568 0.9953154 -0.091550924
23121308.781 0.028565856 -0.008496941 -0.0077852043 0.0010011073 0.033823583 0.9951088 -0.09280952
23171420.708 0.03515365 -0.007062456 -0.008185144 0.012207036 0.035997737 0.9948042 -0.094444595
23221445.385 0.041401234 -0.006045768 -0.008709804 0.022395674 0.036533233 0.9945407 -0.095145606
23271398.564 0.047244027 -0.0054248977 -0.009392082 0.030139541 0.034809582 0.9944171 -0.09494566
23321454.741 0.052891582 -0.0055390364 -0.009907017 0.037700966 0.03130945 0.9943196 -0.094482146
23371613.915999997 0.058282923 -0.006177634 -0.009897352 0.045644954 0.028486572 0.99415535 -0.09359662
23421741.592 0.063889496 -0.007597946 -0.00989142 0.053409953 0.026032109 0.9939746 -0.09210957
23471750.02 0.06954688 -0.009395162 -0.009751666 0.061308324 0.02437611 0.9937292 -0.090274535
23521663.698999997 0.07506792 -0.011863736 -0.009467194 0.06890954 0.023277082 0.993529 -0.08723395
23571569.379 0.08028268 -0.014573509 -0.008690271 0.0764976 0.0224644 0.9931789 -0.08508305
23621530.307 0.08580871 -0.017475216 -0.007732132 0.08627959 0.022628767 0.9925153 -0.08340966
23671554.985 0.0912468 -0.020665783 -0.006650801 0.09774861 0.022635998 0.99159884 -0.081637345
23721587.162 0.09629749 -0.024020942 -0.0055427165 0.10939649 0.021347485 0.99066645 -0.0784647
23771595.84 0.10052636 -0.027654856 -0.0043685795 0.11867871 0.019868687 0.9898362 -0.07579548
23821566.018 0.10383398 -0.030764002 -0.0027983203 0.12671332 0.019178893 0.9889491 -0.07453536
23871478.448 0.107038885 -0.034482833 -0.0016612562 0.13231002 0.020130761 0.9883155 -0.07294759
23921408.377 0.10952355 -0.03772712 -0.00027075026 0.13856907 0.019868812 0.9875511 -0.07174103
23971369.055 0.11107256 -0.041332778 0.0012096212 0.14203121 0.021150192 0.9870549 -0.07143255
24021369.733 0.11220403 -0.045509472 0.0028168259 0.14453638 0.023634769 0.9866626 -0.07104622
24071486.909 0.11306145 -0.049041983 0.0041716266 0.14579898 0.02625736 0.98645926 -0.07036615
24121434.588 0.11297387 -0.05318828 0.006170802 0.14946346 0.026403505 0.9858442 -0.071237125
24171379.766999997 0.11182199 -0.05672228 0.008200936 0.15131293 0.024852132 0.9855038 -0.07258899
24221301.446 0.10944671 -0.05915064 0.010621652 0.14979835 0.023027433 0.9857254 -0.073318735
24271262.373999998 0.10649918 -0.06249367 0.012729911 0.14628524 0.021932183 0.9861676 -0.074788004
24321326.551 0.10338107 -0.06537782 0.014707906 0.14224999 0.021988615 0.986849 -0.073556654
24371446.227 0.10021452 -0.06748037 0.0155753195 0.13551433 0.024071444 0.9878807 -0.07175133
24421447.155 0.095923625 -0.06876217 0.01627087 0.12873815 0.026210604 0.9888615 -0.069945864
24471289.336 0.091250196 -0.069382206 0.01690403 0.12024896 0.028649855 0.98987436 -0.06977216
24521123.516 0.08610453 -0.068296835 0.017397426 0.11020584 0.03154731 0.99094987 -0.06984186
24571132.194000002 0.08136628 -0.06625688 0.01787387 0.09791938 0.033946924 0.9919196 -0.07317803
24621355.118 0.07770902 -0.063121915 0.018123168 0.088552065 0.036175963 0.99246407 -0.076583326
24671601.292 0.074886344 -0.05982703 0.018616019 0.08397962 0.037075277 0.9923596 -0.08243393
24721554.471 0.07293439 -0.05533101 0.01868372 0.083475366 0.0367914 0.9919581 -0.08773476
24771372.652000003 0.07183272 -0.050592043 0.01838265 0.08349296 0.035721865 0.99149156 -0.09325938
24821270.581 0.07083456 -0.045996282 0.017833885 0.08361007 0.033701666 0.99100244 -0.098932795
24871382.258 0.06999903 -0.041047286 0.016792739 0.080825925 0.030981023 0.99092895 -0.10279708
24921774.179 0.06962132 -0.036821 0.015319241 0.07779825 0.02788192 0.99101067 -0.10520449
24972113.101 0.06981808 -0.032793935 0.013822405 0.07782293 0.027306383 0.9908017 -0.107284576
25022224.777 0.07086994 -0.02945577 0.012226401 0.0795498 0.02661187 0.99042314 -0.10966151
25072154.707 0.07276947 -0.026601518 0.0104473615 0.0834326 0.025390226 0.9900577 -0.110363424
25122051.886 0.07548418 -0.02439689 0.00833805 0.0877857 0.02489808 0.9897677 -0.10969862
25171981.814999998 0.078626014 -0.02248653 0.006478763 0.09218461 0.026104227 0.98950356 -0.1081817
25221934.994 0.08204202 -0.021000996 0.0046776207 0.097734384 0.027794829 0.9890721 -0.10682688
25271947.422000002 0.085903086 -0.019865774 0.0029785926 0.1043545 0.028044399 0.98850596 -0.10573469
25321848.851 0.09013676 -0.018917901 0.0012889282 0.11133367 0.027528638 0.9878838 -0.10455901
25371770.53 0.094491675 -0.01834317 -1.6763224e-05 0.11833974 0.026707452 0.9873603 -0.10199098
25421675.959999997 0.09899548 -0.018715767 -0.0010630696 0.12507303 0.025539083 0.9866986 -0.10065003
25471589.889000002 0.10350136 -0.019885402 -0.0013037374 0.1331318 0.024492236 0.985781 -0.099558234
25521518.818 0.10849405 -0.021767322 -0.0014874067 0.14362493 0.02269997 0.9844798 -0.098265946
25571488.246999998 0.113785334 -0.02416489 -0.0011984817 0.1559498 0.021026347 0.9827847 -0.096808694
25621464.924999997 0.118800454 -0.027091917 -0.00064938096 0.1674836 0.019710394 0.9810733 -0.095162526
25671441.603 0.12340882 -0.030271068 0.00035180128 0.17614105 0.0201261 0.9796182 -0.094432786
25721371.282 0.1274924 -0.034045685 0.0015758029 0.18173902 0.022075182 0.9785014 -0.0949672
25771284.462 0.13133165 -0.038317543 0.002997499 0.18778017 0.024644118 0.9773221 -0.094725065
25821253.889999997 0.13481525 -0.04301942 0.004115648 0.19364439 0.027506612 0.97633547 -0.09227326
25871333.567 0.13754871 -0.047866903 0.005218205 0.19796355 0.030630426 0.9757225 -0.08853199
25921437.743 0.13902657 -0.053403378 0.0065941666 0.19964696 0.03329958 0.9755884 -0.0852031
25971398.672 0.13991667 -0.058382094 0.008206674 0.20110248 0.035616804 0.9754938 -0.08186021
26021224.852 0.14044558 -0.06332631 0.009829545 0.20320259 0.036942106 0.9752426 -0.07903138
26071075.033 0.14009555 -0.06691513 0.011858057 0.20579737 0.03583385 0.97490376 -0.07698095
26121131.209999997 0.13855025 -0.07047306 0.014180489 0.20587471 0.034332726 0.9748474 -0.07816313
26171337.884 0.13583677 -0.072960004 0.0167308 0.20460455 0.032555576 0.9751373 -0.07864086
26221489.81 0.13236071 -0.0748494 0.018951837 0.1992002 0.031709824 0.9763566 -0.07772743
26271347.490000002 0.12813121 -0.076505065 0.021094652 0.1928994 0.032430958 0.9776134 -0.07752464
26321078.672 0.12293467 -0.07728019 0.02366211 0.18623705 0.033481404 0.97875386 -0.07896618
26370960.602 0.117376916 -0.077435754 0.025984345 0.17782737 0.033139225 0.98013043 -0.0813851
26421217.026 0.11199462 -0.07684326 0.028185245 0.17131954 0.034451604 0.98115885 -0.082401834
26471583.448000003 0.10601734 -0.07569572 0.030031525 0.1646635 0.036688637 0.98214805 -0.08321695
26521827.121999998 0.09899833 -0.07352041 0.031917833 0.1540021 0.038580276 0.9835558 -0.08609886
26571653.301999997 0.091982156 -0.07077594 0.033152375 0.14167245 0.04059342 0.9849673 -0.09011443
26621384.485 0.084814526 -0.067584306 0.03407094 0.12812255 0.042200286 0.98645735 -0.09330417
26671242.415 0.07811371 -0.06381638 0.034462634 0.11668768 0.04168621 0.9875593 -0.09681425
26721322.592 0.07186272 -0.060131844 0.034636952 0.10851008 0.038576744 0.9883867 -0.09914203
26771632.265 0.06600198 -0.05646785 0.03448632 0.10180622 0.03376321 0.98922867 -0.09961075
26821910.688 0.060690876 -0.052969962 0.034104183 0.095404096 0.027946847 0.99006164 -0.099474095
26871911.366 0.056081075 -0.049667865 0.03322465 0.090239406 0.023701144 0.9907504 -0.09853368
26921785.546 0.052072138 -0.046958562 0.03195711 0.0831338 0.021927923 0.9914786 -0.097868465
26971675.226 0.048648253 -0.044109643 0.030347083 0.07605415 0.022471912 0.99220216 -0.096154824
27021652.154 0.046249457 -0.04085298 0.028781338 0.07217949 0.022603832 0.9927645 -0.09326279
27071692.331 0.04502717 -0.038190648 0.027311208 0.07214453 0.021921525 0.99285537 -0.092481695
27121764.507999998 0.04605088 -0.03449823 0.025390828 0.07418005 0.020305559 0.99277514 -0.09210062
27171820.935 0.047305334 -0.030799974 0.02395647 0.07797557 0.017588487 0.99232996 -0.094296135
27221877.112 0.04978256 -0.02725069 0.022431463 0.08200547 0.016497724 0.9918312 -0.09630059
27271980.788000003 0.05314463 -0.024305677 0.02125519 0.08649762 0.017670905 0.9910645 -0.099985525
27322116.464 0.058115326 -0.02159723 0.020114379 0.092908114 0.020004526 0.989952 -0.10470385
27372244.14 0.06432104 -0.019425645 0.019268548 0.10545768 0.022005662 0.9883502 -0.10751028
27422331.816 0.07106999 -0.01785021 0.018485181 0.11846462 0.02466924 0.98646086 -0.1106916
27472316.994 0.07744092 -0.016972493 0.017763846 0.12699966 0.02907149 0.9851112 -0.11216962
27522222.674 0.0831296 -0.016585398 0.017339872 0.13247366 0.034437373 0.9841363 -0.11287433
27572056.854 0.08896052 -0.017282633 0.017124526 0.13888553 0.04072669 0.9829846 -0.11310793
27621884.785 0.09518287 -0.018254645 0.016977308 0.14872238 0.04410441 0.98146266 -0.112550475
27671709.216000002 0.10143308 -0.01995032 0.016852386 0.16070132 0.04421674 0.9797111 -0.11129362
27721638.395 0.10780308 -0.022469124 0.017051792 0.17295426 0.04473 0.97768426 -0.110542424
27771631.573000003 0.113935836 -0.026050158 0.017080324 0.18392931 0.044272028 0.9759484 -0.108326904
27821647.751000002 0.11919994 -0.030017655 0.017147683 0.19403194 0.039894506 0.9746878 -0.10365219
27871617.429 0.12352285 -0.034012567 0.017022785 0.20015603 0.03495044 0.9739308 -0.100870594
27921514.858999997 0.12646626 -0.038000047 0.017459836 0.20059322 0.032802716 0.97401196 -0.099935524
27971412.788 0.12937419 -0.042265482 0.017805293 0.19814256 0.033311114 0.97439647 -0.10090311
28021357.967 0.13205223 -0.046354476 0.018499808 0.1992458 0.032608204 0.97437197 -0.09918274
28071374.145 0.13502935 -0.050221942 0.019205926 0.20674516 0.02969174 0.9730706 -0.09751076
28121462.321 0.13741428 -0.054677267 0.019980002 0.21732162 0.023886355 0.97112674 -0.09546548
28171502.498 0.13875559 -0.058913846 0.020719193 0.22410896 0.018916113 0.97003263 -0.091946065
28221416.178 0.13747951 -0.06286703 0.021545611 0.22307678 0.01484843 0.9706722 -0.088384844
28271305.608 0.13472864 -0.06683476 0.023264095 0.21648675 0.013226278 0.9722144 -0.088077836
28321227.287 0.13072237 -0.070582 0.024748383 0.20655209 0.013185216 0.97440785 -0.08770254
28371211.965 0.12562013 -0.07391031 0.026640434 0.19713423 0.013311508 0.9765073 -0.085990615
28421284.392 0.12041305 -0.07692589 0.028683046 0.19151923 0.012057256 0.9777549 -0.08467837
28471380.068 0.11488166 -0.0798552 0.030622222 0.18543583 0.008667994 0.9789294 -0.08506299
28521372.746000003 0.10857424 -0.08203986 0.032690283 0.17929986 0.0052866302 0.980037 -0.08573937
28571230.926 0.10123226 -0.08378131 0.034544285 0.17133062 0.0027148372 0.98140836 -0.08646432
28621112.856 0.093375266 -0.08522599 0.03581467 0.16100971 0.0014936466 0.9832155 -0.08579628
28671161.033 0.084874555 -0.08624938 0.036363885 0.1493948 0.0015200021 0.98522055 -0.083781876
28721363.957999997 0.07616944 -0.08721928 0.036127154 0.13701484 0.0007137104 0.98729515 -0.08046531
28771456.134000003 0.067495644 -0.08806803 0.035448156 0.12313787 0.001738094 0.9893847 -0.077149086
28821259.814999998 0.058621783 -0.08832823 0.034429967 0.10962649 0.004431218 0.99123716 -0.073561855
28870973.998 0.04942974 -0.08759367 0.033056676 0.09504016 0.006087534 0.99293506 -0.07078438
28920847.678 0.041056935 -0.08577978 0.03073397 0.077831104 0.0055141216 0.9946066 -0.06833453
28970975.354000002 0.032904014 -0.0833538 0.028731864 0.06431168 0.004635416 0.9956749 -0.06688824
29021205.528 0.024976 -0.079847924 0.026725987 0.052549455 0.0035925081 0.99641806 -0.066157386
29071325.454 0.017635439 -0.075749986 0.025085462 0.04050077 0.0011005527 0.99681103 -0.068747684
29121191.634 0.0113307685 -0.0713991 0.023801854 0.029242028 -0.0026618368 0.99690354 -0.072946504
29170938.316000003 0.0059504667 -0.06689681 0.023051586 0.021861698 -0.006815133 0.99674004 -0.07736221
29220820.246 0.0014573289 -0.062348034 0.022655696 0.019310297 -0.009727994 0.9965333 -0.080337025
29270924.422000002 -0.0021618174 -0.05842564 0.022317069 0.016277682 -0.011894295 0.9962336 -0.084334336
29321131.097 -0.0053266212 -0.053752217 0.021579765 0.011986322 -0.013643448 0.99613595 -0.08592752
29371290.272 -0.007890776 -0.04973507 0.021011613 0.0097292075 -0.014285038 0.9961799 -0.08559766
29421267.2 -0.009362127 -0.045498285 0.02014026 0.007216718 -0.014400735 0.9960899 -0.08686525
29471030.382 -0.00995549 -0.041621644 0.019177197 0.0062464927 -0.014576684 0.995715 -0.091105096
29520872.063 -0.010107457 -0.036646385 0.018102793 0.0074013826 -0.01467444 0.9953532 -0.094877966
29571023.738 -0.008667946 -0.032014847 0.016957778 0.011273918 -0.014301782 0.994882 -0.09938979
29621429.158999998 -0.0057600182 -0.027168853 0.015421568 0.019049624 -0.013904474 0.99428767 -0.10409522
29671883.080000002 -0.0020387722 -0.022699283 0.013799947 0.028610472 -0.012946282 0.9934763 -0.10963018
29721811.259 0.0023608084 -0.018288039 0.012194913 0.038855832 -0.009702564 0.99258447 -0.11477037
29771597.69 0.007326854 -0.01441699 0.010346828 0.05222939 -0.007725681 0.9912145 -0.12126923
29821510.87 0.013103575 -0.0112054795 0.008396051 0.06537499 -0.006748848 0.98986405 -0.12589595
29871694.295 0.019123223 -0.008728941 0.0065341224 0.07697662 -0.0048217434 0.9886823 -0.1286807
29922011.967 0.025293 -0.0075606694 0.0049788863 0.08586702 -0.0017674903 0.9876458 -0.13107078
29972171.893 0.031367384 -0.007106688 0.003726071 0.094427235 0.0025962961 0.9867766 -0.13171497
30022013.573 0.037876584 -0.007342144 0.0025667395 0.10434589 0.0072340295 0.9856631 -0.13239324
30071721.256 0.044204433 -0.00879143 0.0015511608 0.11521475 0.011207332 0.9845723 -0.13121563
30121491.937999997 0.050958566 -0.0107328985 0.0005624 0.12844394 0.013697969 0.98308676 -0.12982665
30171453.116 0.05760487 -0.013218697 -0.00052400364 0.14337519 0.014991223 0.9809914 -0.12990265
30221572.542 0.06367808 -0.016271899 -0.0017635658 0.1557288 0.017203415 0.97950536 -0.1265779
30271708.218000002 0.06860007 -0.020417895 -0.002789387 0.16434738 0.019881986 0.978667 -0.12167856
30321716.895999998 0.072687455 -0.025129687 -0.0037338515 0.17037082 0.021664979 0.97823495 -0.11645127
30371638.325 0.07568555 -0.03041504 -0.004089401 0.17492758 0.020788478 0.97819763 -0.10998949
30421536.004 0.07804046 -0.035844386 -0.0039978484 0.18090501 0.017969528 0.9774178 -0.10772661
30471465.184 0.08012946 -0.041005265 -0.003954826 0.18574895 0.018666781 0.97679985 -0.10493296
30521426.362 0.08170667 -0.046421543 -0.0038555048 0.1918614 0.022900075 0.9759391 -0.101032965
30571419.04 0.08254586 -0.05195045 -0.0038401491 0.1952916 0.027447147 0.9755273 -0.0972338
30621380.219 0.081889145 -0.05695023 -0.003460223 0.19629088 0.030555299 0.9754219 -0.09533323
30671301.648000002 0.07891108 -0.061054207 -0.0020829737 0.19346493 0.032449055 0.97611624 -0.09335677
30721215.327 0.07521476 -0.0650332 -0.0014608969 0.18766625 0.03359539 0.9773919 -0.091421396
30771192.006 0.070009746 -0.06872225 -0.0003130386 0.18014412 0.033084203 0.9789084 -0.09050925
30821272.432 0.06400332 -0.071473695 0.00089871336 0.17152087 0.028739482 0.98069495 -0.08939829
30871392.108 0.05741887 -0.07350265 0.0026057633 0.1657437 0.021679744 0.9817004 -0.09123243
30921384.786000002 0.050599907 -0.07436787 0.0036692128 0.1597376 0.015689906 0.98274076 -0.09196969
30971250.466000002 0.043691047 -0.07528486 0.004580626 0.1522902 0.013674383 0.983969 -0.09179216
31021116.895999998 0.03667591 -0.07580361 0.0054283566 0.14496842 0.013906808 0.98495364 -0.09304424
31071125.073999997 0.029416787 -0.07480387 0.005675936 0.13991159 0.015720055 0.9856116 -0.093527675
31121308.248999998 0.022536302 -0.07357789 0.0055895047 0.13472494 0.01897262 0.9863769 -0.09246556
31171499.674 0.015513171 -0.071958974 0.0052861134 0.12608813 0.020367345 0.9876639 -0.090593
31221515.602 0.008542584 -0.07003109 0.0045782486 0.11618911 0.023144264 0.9889695 -0.08890333
31271215.783999998 0.0009490532 -0.067706585 0.004022794 0.10539851 0.02503517 0.9901844 -0.08831328
31321049.715 -0.005364162 -0.06480687 0.0029547093 0.095406026 0.025840428 0.9912342 -0.08766316
31371073.893 -0.010755759 -0.06159518 0.002305275 0.09349847 0.024170559 0.99150234 -0.087160334
31421336.566000003 -0.014490586 -0.057226263 0.0013001087 0.09842236 0.020884562 0.9910992 -0.08717456
31471559.490000002 -0.017388795 -0.053050455 0.00010566716 0.105368935 0.01621699 0.9904016 -0.0879721
31521377.671 -0.019727612 -0.049346864 -0.0013926488 0.10632531 0.0122151375 0.99038994 -0.087599285
31571132.353 -0.02258394 -0.045147758 -0.0031721648 0.1024462 0.010819884 0.9907617 -0.08819906
31621030.283 -0.025145644 -0.040995233 -0.0046456973 0.0972746 0.01170569 0.99097043 -0.09153305
31671229.458 -0.026292453 -0.036226276 -0.00620766 0.096806884 0.01217623 0.9906145 -0.09572472
31721579.13 -0.025974957 -0.030989122 -0.007903138 0.10162503 0.010846567 0.9899006 -0.098242335
31771658.805999998 -0.025241954 -0.026498139 -0.0094329845 0.10700803 0.0063333665 0.98922485 -0.09971675
31821453.488 -0.023897145 -0.022372669 -0.0114588775 0.11227085 0.0012334996 0.98832995 -0.10294462
31871247.919 -0.022052974 -0.018856945 -0.013623545 0.11473439 -1.2654064e-05 0.987783 -0.10545518
31921233.097 -0.019937638 -0.0153212 -0.015862178 0.1184364 0.0024027287 0.9871586 -0.10716817
31971440.022 -0.017079018 -0.012307712 -0.018129308 0.123029426 0.00486987 0.98637235 -0.10913125
32021718.195000004 -0.014098171 -0.009944099 -0.020471234 0.12513587 0.0065752002 0.98599434 -0.11005905
32071774.371999998 -0.010671601 -0.00814994 -0.022339476 0.12979451 0.006662223 0.98509413 -0.11268844
32121640.552 -0.0068978164 -0.0068476005 -0.023667973 0.13596374 0.0046275165 0.98386085 -0.11623406
32171466.733 -0.0021936325 -0.0058508622 -0.024819974 0.14475408 0.004274793 0.9823087 -0.118733704
32221380.162 0.0027995761 -0.005840627 -0.025669273 0.15322568 0.0057346243 0.9809966 -0.11888947
32271470.839 0.008021003 -0.0069654635 -0.026479693 0.16147158 0.008620249 0.9797548 -0.11803951
32321548.015 0.013138658 -0.008442055 -0.026959676 0.16834079 0.011730825 0.97893584 -0.11492786
32371628.192 0.017955134 -0.010462726 -0.027408868 0.17495431 0.0136527 0.9778036 -0.11447664
32421666.119 0.022568122 -0.012528853 -0.028002013 0.18013795 0.01548805 0.97699434 -0.11310405
32471502.8 0.026820969 -0.015361816 -0.028484575 0.18652211 0.017306881 0.97578585 -0.112925194
32521400.979000002 0.030720524 -0.018899418 -0.029048184 0.19147897 0.019818852 0.97504026 -0.1106327
32571354.158000004 0.03378673 -0.023354677 -0.029418308 0.19531955 0.022397518 0.9746235 -0.107041106
32621362.586 0.03602097 -0.028112708 -0.029305719 0.19827472 0.024151817 0.9741858 -0.10519456
32671363.264 0.03787789 -0.032703593 -0.029027492 0.20031399 0.025534915 0.97397584 -0.10292439
32721308.443000004 0.039555922 -0.03792327 -0.029399015 0.20004274 0.025694339 0.97421706 -0.10111311
32771245.621999998 0.038763966 -0.042272404 -0.02863153 0.19967516 0.02391917 0.9746286 -0.09826885
32821199.05 0.038341954 -0.047107223 -0.028632455 0.19483921 0.02487542 0.97598183 -0.09422502
32871231.228000004 0.03641645 -0.0509189 -0.028082836 0.19011676 0.026186215 0.97698206 -0.093145385
32921318.904 0.03437575 -0.054702267 -0.027692834 0.18522803 0.029507723 0.978045 -0.09081827
32971375.081000004 0.031869702 -0.05813225 -0.026459342 0.18195423 0.03320661 0.978777 -0.08823598
33021328.26 0.029164732 -0.060603645 -0.025217231 0.17898713 0.034568116 0.97942793 -0.08654295
33071234.189 0.025369512 -0.06304162 -0.023607168 0.17409666 0.03237146 0.9804989 -0.085231416
33121163.368 0.02090201 -0.06557933 -0.021978961 0.16453244 0.029077325 0.98258495 -0.08130542
33171188.046 0.01570869 -0.06663556 -0.020694368 0.15469453 0.027003333 0.98463386 -0.07639751
33221283.972 0.010953934 -0.067560144 -0.019320007 0.14237818 0.026368521 0.9866615 -0.07437959
33271308.65 0.00611263 -0.06799412 -0.018074384 0.12816156 0.027293405 0.988828 -0.07105584
33321174.330000002 0.0014515483 -0.06786274 -0.016775258 0.11388461 0.026845187 0.9908528 -0.06723374
33370992.511 -0.0025438457 -0.066941604 -0.015689684 0.10180872 0.025482524 0.9925444 -0.061977755
33420961.939 -0.006030605 -0.06505756 -0.014905288 0.09318738 0.024353322 0.9938305 -0.05499183
33471105.115 -0.009808412 -0.06271602 -0.014263935 0.08563541 0.022879174 0.9948214 -0.04973416
33521224.790999997 -0.013883506 -0.060091037 -0.013736174 0.07427657 0.02179253 0.99592346 -0.04630962
33571160.72 -0.017845033 -0.057091393 -0.013142833 0.06255494 0.019739106 0.9968179 -0.04529195
33620817.653 -0.02117764 -0.053321734 -0.012537861 0.054721523 0.016103597 0.99744225 -0.043072734
33670608.585 -0.022455135 -0.04856398 -0.011850925 0.05190845 0.011320173 0.99774885 -0.040921956
33720657.012 -0.024946261 -0.044327594 -0.010634715 0.053693388 0.005157329 0.99768156 -0.04149829
33770871.936000004 -0.02696949 -0.039419793 -0.010115836 0.053124387 -0.002588874 0.9976879 -0.0423086
33821078.861 -0.029239198 -0.03387375 -0.009891175 0.050654035 -0.008906588 0.9977115 -0.043894798
33871095.538 -0.03115767 -0.028556071 -0.010021562 0.045495037 -0.011772097 0.9977071 -0.048706062
33920937.219 -0.03333993 -0.02378128 -0.01027166 0.038406797 -0.014005132 0.99756396 -0.056523327
33970787.399 -0.033640902 -0.01817014 -0.010815121 0.03365315 -0.015749441 0.99734205 -0.062675774
34020843.576000005 -0.033277176 -0.013584065 -0.011307318 0.03412587 -0.015356376 0.9970819 -0.0665394
34071082.5 -0.03217095 -0.009550074 -0.012178113 0.036526818 -0.014281808 0.9968004 -0.06964702
34121321.174 -0.030040326 -0.0052169 -0.013314666 0.037028655 -0.011109135 0.99655455 -0.07337893
34171337.352 -0.026548225 -0.002324829 -0.014224178 0.041150626 -0.0070635164 0.9960905 -0.07785009
34221037.285 -0.022137376 -9.604586e-05 -0.014868678 0.050361272 -0.0032943746 0.9955233 -0.07991464
34270775.967 -0.016734978 0.0012222885 -0.015451409 0.06251832 0.0006187711 0.9946888 -0.08176362
34320911.643 -0.010897201 0.0018467022 -0.016144373 0.073934525 0.004521531 0.99380684 -0.082833074
34371411.812 -0.004995969 0.0015300605 -0.017156998 0.082928434 0.009426689 0.99313366 -0.081972905
34421990.481 0.0010742258 0.00042513636 -0.017994426 0.09408881 0.0142507935 0.9922138 -0.08034962
34471897.410000004 0.00748154 -0.0011963571 -0.018925162 0.108503476 0.017784173 0.9909276 -0.07728748
34521533.094000004 0.013473836 -0.0030429615 -0.019631516 0.12377672 0.01854529 0.98930407 -0.0749201
34571328.025 0.019362032 -0.005003632 -0.020575175 0.13579078 0.018333184 0.98783094 -0.07358578
34621368.203 0.02417991 -0.0071400553 -0.021198539 0.14431965 0.016767122 0.9866565 -0.07348233
34671559.377 0.028350616 -0.009288129 -0.021670649 0.15187055 0.014460553 0.98563546 -0.07245038
34721702.552999996 0.031846736 -0.0120394 -0.021659093 0.15893984 0.010783331 0.98467255 -0.071005784
34771684.981 0.03507359 -0.015250484 -0.021631652 0.1652291 0.008296229 0.9838276 -0.06865715
34821474.163 0.036909882 -0.018103864 -0.021214407 0.17062147 0.0041037677 0.9830064 -0.06760028
34871324.343 0.03863057 -0.021540228 -0.020759651 0.17462826 0.0018426054 0.9824345 -0.065758295
34921277.522 0.03937455 -0.02482352 -0.019990083 0.17783487 0.0018384856 0.98200023 -0.063614964
34971333.699 0.03956763 -0.02791256 -0.019338334 0.17690803 0.0034340092 0.982142 -0.06394545
35021421.625 0.038184747 -0.029921485 -0.018546827 0.17399348 0.004292417 0.9826159 -0.064605445
35071446.302999996 0.036848117 -0.031843215 -0.017703198 0.17018679 0.004761467 0.9833048 -0.064229965
35121406.981 0.0355032 -0.034364454 -0.017355824 0.1674201 0.005359734 0.9838815 -0.06260218
35171360.410000004 0.03313368 -0.035678007 -0.01671956 0.16636844 0.0046045994 0.98431295 -0.058551673
35221345.588 0.030918226 -0.036989745 -0.016747285 0.16506904 0.0029059718 0.9848026 -0.053923167
35271330.265999995 0.02847125 -0.038266584 -0.01679154 0.16281629 0.00087429956 0.98544836 -0.048802134
35321306.945 0.025120664 -0.03899563 -0.017153718 0.15744671 -0.0008640137 0.98661834 -0.04235696
35371244.124 0.021475688 -0.039473552 -0.017071608 0.15200862 -0.0036440447 0.9876141 -0.03871063
35421173.802999996 0.017722163 -0.039545886 -0.016863389 0.14655977 -0.007490442 0.9884432 -0.038003184
35471127.231 0.01456543 -0.038943652 -0.016565746 0.1415973 -0.010339036 0.9891468 -0.037841592
35521175.408 0.011631624 -0.037636004 -0.0163349 0.13709158 -0.011994074 0.9897768 -0.037469722
35571287.085 0.008753754 -0.035889752 -0.015662419 0.13339521 -0.013444008 0.99020886 -0.038877886
35621327.511999995 0.0061335717 -0.03360461 -0.015044719 0.12894846 -0.014117465 0.99071074 -0.040808674
35671233.191 0.0037832747 -0.03131218 -0.014198108 0.12351922 -0.012884504 0.9912718 -0.044240776
35721138.371 0.0018014457 -0.027633965 -0.013624668 0.12022476 -0.010774326 0.99154305 -0.04766919
35771179.048 -7.9415404e-05 -0.023662606 -0.012809691 0.11892965 -0.0108333025 0.9915159 -0.05132992
35821425.471999995 -0.0017072625 -0.01952659 -0.012360027 0.11461416 -0.009756358 0.99192244 -0.053464156
35871688.144999996 -0.0032920172 -0.01552846 -0.011758533 0.10760103 -0.0057172836 0.9925598 -0.056697242
35921728.323 -0.0045366553 -0.011394818 -0.0115513895 0.09975074 -0.00062372896 0.99308276 -0.061936438
35971646.752000004 -0.005278696 -0.007355051 -0.011510865 0.09298526 0.004340969 0.9933829 -0.06727082
36021539.682000004 -0.005428768 -0.003712422 -0.011777302 0.087925136 0.008829337 0.99356306 -0.07087837
36071484.861 -0.004920529 -0.0006885316 -0.012016729 0.08579819 0.011837354 0.99370265 -0.07108905
36121493.288 -0.0026348217 0.0014436825 -0.012415229 0.08761299 0.013084902 0.9936262 -0.069711976
36171509.966 0.00020643123 0.003180953 -0.012673841 0.09168906 0.010973473 0.99348897 -0.066727035
36221550.143 0.0035027084 0.0047161025 -0.012552296 0.09925242 0.007908722 0.99298596 -0.06376047
36271606.57 0.0079780035 0.0057074553 -0.012903807 0.10929986 0.007671211 0.99202484 -0.062301613
36321686.747 0.012550019 0.0069104983 -0.01314808 0.11869724 0.010675381 0.99093175 -0.0620585
36371735.173999995 0.016788248 0.0077359984 -0.013335 0.12465589 0.014411626 0.99012053 -0.062566854
36421727.852 0.020513842 0.008353977 -0.013219624 0.128907 0.016538123 0.9894803 -0.0635477
36471689.031 0.023850229 0.008719189 -0.012915976 0.13598955 0.015890913 0.98849046 -0.06435044
36521634.20900001 0.027133523 0.0083854925 -0.01276892 0.14488903 0.014325539 0.98736477 -0.06255257
36571602.888 0.03017442 0.007809521 -0.012730912 0.15278238 0.012016554 0.98642385 -0.059001587
36621580.066 0.032486223 0.006626634 -0.01307205 0.15780993 0.010368487 0.9858412 -0.05572822
36671564.993999995 0.03421375 0.0055547883 -0.013283522 0.16141288 0.0106667355 0.9854738 -0.05170599
36721534.173 0.03535263 0.0045329058 -0.013767264 0.16294508 0.012003674 0.9854409 -0.04702275
36771511.100999996 0.036063917 0.0038872426 -0.014492982 0.16321091 0.014075271 0.98559564 -0.04201683
36821480.279 0.036591657 0.0034268806 -0.015103338 0.16048868 0.01602824 0.9862067 -0.037187442
36871456.958 0.036198106 0.0038323107 -0.01516913 0.15910761 0.016757753 0.98654366 -0.033699933
36921433.636 0.03532391 0.0044853934 -0.0149264475 0.1589489 0.01669776 0.9866455 -0.03141779
36971426.814 0.03521006 0.0053044176 -0.014560851 0.15780677 0.016607085 0.9867994 -0.032375734
37021435.242 0.034344506 0.005252529 -0.013360432 0.15546894 0.015470555 0.9870209 -0.03714623
37071473.669 0.033221975 0.0043314244 -0.012270962 0.15129535 0.013902262 0.987448 -0.04316259
37121492.596999995 0.03233056 0.0025824541 -0.0110980505 0.14835918 0.013325539 0.9877063 -0.04741566
37171556.274000004 0.03224378 0.00023704686 -0.010404051 0.15016592 0.011881234 0.9873932 -0.048619103
37221612.701000005 0.032222986 -0.0030510712 -0.00979325 0.15388753 0.009281071 0.9868608 -0.048355673
37271653.378 0.032306258 -0.006128714 -0.009798141 0.1565816 0.0068924506 0.9864883 -0.047702868
37321638.056 0.03203458 -0.009307423 -0.010058461 0.1576584 0.00577204 0.9863959 -0.04619278
37371599.235 0.031246424 -0.012388088 -0.010689729 0.15678023 0.0055272314 0.9866877 -0.0428585
37421544.663 0.030215012 -0.015506554 -0.011538444 0.15550415 0.00474337 0.9870129 -0.040020064
37471505.342 0.028577821 -0.017263785 -0.012324109 0.15461457 0.0033263 0.9872846 -0.03677398
37521458.521 0.026051166 -0.01849081 -0.01313823 0.15236941 0.0010232441 0.9877312 -0.034199588
37571419.949 0.023034813 -0.019115005 -0.014253726 0.14890277 -0.0006074597 0.9883671 -0.030954562
37621388.628000006 0.019622825 -0.019325769 -0.015187488 0.14400056 -0.003690266 0.9891108 -0.030168008
37671349.806 0.015572298 -0.018267704 -0.015961573 0.13620004 -0.0054902537 0.9902074 -0.030146591
37721334.484 0.011342324 -0.017059697 -0.016330244 0.12635529 -0.006022115 0.9914307 -0.032607336
37771343.162 0.007325682 -0.015045184 -0.016430564 0.11586446 -0.0057274993 0.99261296 -0.035527814
37821391.589 0.003963293 -0.012876598 -0.016243894 0.10833595 -0.004476625 0.9933403 -0.038967907
37871447.766 0.0014036663 -0.010707484 -0.016187552 0.10284284 -0.0012589126 0.9938365 -0.04136285
37921511.943 -0.00056159694 -0.008093907 -0.01590927 0.099283315 0.0017408477 0.99420077 -0.041288115
37971544.621 -0.0022508781 -0.0054660193 -0.015471133 0.09636802 0.0010642763 0.9945706 -0.039261263
38021545.548 -0.0037881066 -0.00299329 -0.014299353 0.09499118 -0.002478977 0.9947036 -0.039183483
38071514.227 -0.004582621 -0.0002746287 -0.012870993 0.096939586 -0.0076834164 0.994305 -0.043603074
38121451.406 -0.0049289432 0.0021029413 -0.011760876 0.09978509 -0.011720147 0.99368954 -0.04986618
38171444.584 -0.004874194 0.003539919 -0.011001275 0.09982493 -0.013037637 0.9934253 -0.05450962
38221524.511 -0.0048859804 0.0046685897 -0.010270465 0.09900713 -0.01173232 0.9934732 -0.0554172
38271660.186000004 -0.0048911385 0.004879164 -0.0094122505 0.09820522 -0.009275769 0.9937238 -0.052751284
38321739.863000005 -0.0043327524 0.0054828175 -0.009345927 0.09805388 -0.0059908046 0.99397266 -0.048661668
38371809.79 -0.003968869 0.006106257 -0.009852038 0.098118074 0.0007632563 0.99435514 -0.040375564
38421638.47 -0.0037516258 0.006621019 -0.010630506 0.09365954 0.009807341 0.9951055 -0.029947486
