25944.163571428573 -0.0 -0.0 -0.0 -0.0 -0.0 1.0 -0.0
75970.16357142857 -0.0 -0.0 -0.0 -0.0 -0.0 1.0 -0.0
125961.16357142857 -0.00080792187 0.00019038712 0.051302973 0.0011865101 -0.00011849319 0.99999934 0.00015632831
175986.16357142857 -0.00080792187 0.00019038712 0.051302973 0.0011865101 -0.00011849319 0.99999934 0.00015632831
225992.16357142857 -0.0015168859 7.8824465e-05 0.10463356 0.002177515 -0.0011670412 0.99999684 0.0005446363
275988.16357142857 -0.0015168859 7.8824465e-05 0.10463356 0.002177515 -0.0011670412 0.99999684 0.0005446363
326008.16357142857 -0.002101557 -0.0002316441 0.16048028 0.0031150721 -0.0022313006 0.9999926 -0.00022033931
376012.16357142857 -0.002101557 -0.0002316441 0.16048028 0.0031150721 -0.0022313006 0.9999926 -0.00022033931
425956.16357142857 -0.0027679696 0.00020023416 0.21890299 0.0041818735 -0.0025962342 0.9999879 -0.0002072467
475989.16357142857 -0.0027679696 0.00020023416 0.21890299 0.0041818735 -0.0025962342 0.9999879 -0.0002072467
525998.1635714285 -0.002683675 0.00042964847 0.28175008 0.0053794896 -0.0028108046 0.9999816 2.4248575e-05
576010.1635714285 -0.002683675 0.00042964847 0.28175008 0.0053794896 -0.0028108046 0.9999816 2.4248575e-05
626009.1635714285 -0.002800983 0.0005695426 0.3463622 0.006714777 -0.0035502156 0.9999711 0.00036474626
675999.1635714285 -0.002800983 0.0005695426 0.3463622 0.006714777 -0.0035502156 0.9999711 0.00036474626
726011.1635714285 -0.0027474903 2.75301e-05 0.41380376 0.007909523 -0.0043680407 0.9999592 0.00028481553
776002.1635714285 -0.0030114814 -4.760755e-05 0.44852737 0.008609705 -0.0045641325 0.9999525 0.00029495583
825993.1635714285 -0.0028379373 -0.00015884866 0.4829304 0.009233738 -0.004855264 0.9999456 0.00034231384
876003.1635714285 -0.0023572426 0.00032295927 0.51363474 0.009932188 -0.0048813806 0.9999386 0.0005952106
925999.1635714285 -0.002266782 -2.4429672e-05 0.5496803 0.010645741 -0.0053664525 0.99992865 0.00074893463
976016.1635714285 -0.002064644 2.407538e-05 0.5877691 0.011378413 -0.005621023 0.99991894 0.0010323139
1026004.1635714286 -0.0012007904 5.6945923e-05 0.6239996 0.011996693 -0.005913122 0.9999097 0.001317273
1075999.1635714285 -0.0009102812 0.00025053305 0.662928 0.012755321 -0.0060894084 0.99989885 0.0015851896
1126018.1635714285 -0.00033823826 9.950966e-05 0.7018197 0.013464423 -0.0064909947 0.9998865 0.0018745264
1176014.1635714285 0.000716488 -0.00051279285 0.7397754 0.014114085 -0.0065533663 0.9998769 0.0020307133
1226014.1635714285 0.0011191887 -0.00038390083 0.78069353 0.014881942 -0.006826925 0.9998636 0.0021972945
1276038.1635714285 0.0026149945 -0.0011459375 0.820765 0.015489493 -0.00692058 0.9998541 0.0020139057
1326037.1635714285 0.003557512 -0.0012575892 0.8630264 0.016141118 -0.0067327437 0.9998455 0.0017806566
1376044.1635714285 0.0044704527 -0.0014502332 0.90548277 0.016766228 -0.006882683 0.9998345 0.0016004402
1425981.1635714285 0.0055458983 -0.0018157584 0.94947124 0.01737455 -0.0068848734 0.9998244 0.0014260787
1476007.1635714285 0.0066523612 -0.001464948 0.9946352 0.017917287 -0.0070358594 0.9998137 0.0014664305
1526014.1635714285 0.008070958 -0.000993711 1.0406659 0.018375115 -0.007099873 0.99980515 0.0013077493
1576025.1635714285 0.008843546 -0.0015405028 1.0861934 0.018978301 -0.00716724 0.99979365 0.0010482259
1626021.1635714285 0.009725248 -0.0016456059 1.1335944 0.01947641 -0.007124625 0.9997847 0.00073301117
1676040.1635714285 0.011681098 -0.0016349498 1.1799021 0.01981283 -0.0070692943 0.9997786 0.000516392
1726036.1635714285 0.012923854 -0.001035445 1.2281833 0.020149717 -0.007030496 0.99977225 0.00017439006
1776033.1635714285 0.014174002 -0.0016239891 1.2753886 0.020396193 -0.0069780136 0.9997676 -0.00028401535
1826058.1635714285 0.016966952 -0.0019366632 1.3236145 0.020368664 -0.006360437 0.9997721 -0.0006499493
1876054.1635714285 0.017213304 -0.0034455685 1.3708366 0.020449923 -0.0057591842 0.9997734 -0.0013859324
1926053.1635714285 0.01803435 -0.0033431926 1.4195303 0.02036183 -0.0056427903 0.999775 -0.0019031658
1976081.1635714285 0.018672494 -0.0026742485 1.4698741 0.02017189 -0.005410242 0.99977934 -0.0022905075
2026080.1635714285 0.019063521 -0.0024260236 1.5192804 0.019962568 -0.0055458876 0.9997817 -0.0027036888
2076081.1635714285 0.020347595 -0.002771351 1.5704671 0.019572118 -0.005603304 0.9997879 -0.0031187034
2126106.1635714285 0.021536078 -0.0021170843 1.6212999 0.019070685 -0.005137476 0.99979895 -0.003468491
2176104.1635714285 0.022603013 -0.0022806686 1.6714406 0.018340271 -0.0046899905 0.9998131 -0.0039240476
2226132.1635714285 0.02334968 -0.0024988772 1.7205578 0.017764334 -0.0046805376 0.9998213 -0.004463268
2276138.1635714285 0.024905114 -0.0013973096 1.7723782 0.016920082 -0.0047753574 0.9998333 -0.004929543
2326138.1635714285 0.02526219 4.40226e-05 1.824617 0.016184216 -0.0049111284 0.99984294 -0.0052983663
2376148.1635714285 0.025083581 -0.00045157628 1.8764346 0.015490032 -0.0050595514 0.9998493 -0.005993738
2426108.1635714285 0.02535687 0.00080529414 1.9294627 0.014568396 -0.0050506187 0.9998615 -0.006266698
2476164.1635714285 0.025628066 0.00033641647 1.981179 0.013398346 -0.004947859 0.9998763 -0.006588473
2526156.1635714285 0.025944676 0.001077231 2.0336483 0.012174458 -0.004935846 0.99988985 -0.006912605
2576178.1635714285 0.026835335 0.0013088675 2.0879307 0.010770259 -0.005057951 0.9999032 -0.007212646
2626185.1635714285 0.02545081 0.0017446609 2.141238 0.009605608 -0.0047002295 0.9999159 -0.0073452713
2676212.1635714285 0.026458971 0.0019297628 2.193467 0.007917466 -0.0042863344 0.9999312 -0.0075222487
2726208.1635714285 0.025895787 0.0025253855 2.247059 0.006267904 -0.0042846133 0.99993956 -0.007954244
2776236.1635714285 0.028154802 0.004311531 2.3014727 0.0039779292 -0.0042651156 0.9999501 -0.008117025
2826241.1635714285 0.027253805 0.0055722487 2.3570557 0.0016849446 -0.004225745 0.99995464 -0.008374606
2876243.1635714285 0.026731368 0.006473527 2.4127772 -0.0008290138 -0.0040678736 0.99995464 -0.008572181
2926271.1635714285 0.023917265 0.007654721 2.4678395 -0.0033800208 -0.0038786535 0.9999491 -0.0086816065
2976273.1635714285 0.021385115 0.007943628 2.5234976 -0.0062999334 -0.0034731296 0.99993247 -0.009134891
3026292.1635714285 0.018820597 0.009099734 2.5790465 -0.009794614 -0.0033089896 0.99990016 -0.009635186
3076293.1635714285 0.01642263 0.010250012 2.6362243 -0.013597929 -0.0031738004 0.99984974 -0.010277735
3126294.1635714285 0.0109864725 0.01199191 2.694854 -0.017378144 -0.00323622 0.9997811 -0.011195621
3176318.1635714285 0.0063877096 0.013644754 2.754075 -0.021516938 -0.003772593 0.9996858 -0.012287498
3226319.1635714285 0.00036161896 0.01467158 2.8133597 -0.025652703 -0.0043992447 0.999575 -0.013131854
3276334.1635714285 -0.005756744 0.015830355 2.8720465 -0.030299913 -0.004618929 0.99943876 -0.013519702
3326326.1635714285 -0.012286328 0.017020004 2.9279532 -0.035155762 -0.0042126654 0.9992778 -0.013793009
3376339.1635714285 -0.018944055 0.018288227 2.9862638 -0.040362574 -0.0037090804 0.9990816 -0.013894165
3426286.1635714285 -0.026781091 0.020329332 3.0455806 -0.045494173 -0.0026922312 0.99886984 -0.013496225
3476316.1635714285 -0.036126178 0.021433482 3.1037438 -0.05075044 -0.0022111947 0.99862105 -0.013247823
3526326.1635714285 -0.04559703 0.022865148 3.1648073 -0.056126896 -0.0022821913 0.99833727 -0.012933859
3576340.1635714285 -0.055666644 0.02451192 3.2238417 -0.061795972 -0.0025061886 0.99800086 -0.013013592
3626329.1635714285 -0.066656426 0.025937421 3.2837355 -0.067515664 -0.0018818185 0.99762684 -0.013373502
3676322.1635714285 -0.07808812 0.026777742 3.3435595 -0.07360578 -0.00088472455 0.9971916 -0.013800148
3726339.1635714285 -0.08977529 0.028920334 3.4046404 -0.08003385 1.86523e-05 0.99669415 -0.013978486
3776332.1635714285 -0.10394814 0.030439986 3.4650307 -0.08626593 0.0005607378 0.9961691 -0.014323176
3826326.1635714285 -0.118110806 0.03184146 3.5252788 -0.09274945 0.000998576 0.99558014 -0.01472488
3876339.1635714285 -0.13291322 0.033439208 3.5865748 -0.099409275 0.001534818 0.99493307 -0.014954982
3926332.1635714285 -0.15003389 0.03514115 3.647815 -0.10593249 0.0018091718 0.99425805 -0.01503263
3976326.1635714285 -0.16688022 0.036535703 3.707127 -0.11277324 0.0020787523 0.99350107 -0.015283845
4026343.1635714285 -0.18467239 0.03806992 3.7672546 -0.11998476 0.0021526692 0.99264854 -0.015744768
4076329.1635714285 -0.20392075 0.039982904 3.8278883 -0.12702641 0.0026010326 0.99176425 -0.016166104
4126316.1635714285 -0.22320156 0.041630957 3.887191 -0.13408576 0.0036182683 0.9908215 -0.016753655
4176318.1635714285 -0.24388772 0.0428552 3.9496825 -0.14109634 0.004200947 0.9898295 -0.017658837
4226304.1635714285 -0.26437137 0.04424618 4.008712 -0.14836422 0.0046511716 0.9887519 -0.01833458
4276294.1635714285 -0.28761208 0.045675393 4.0693846 -0.15516426 0.0048951027 0.98769945 -0.018707681
4326300.1635714285 -0.31105962 0.04762154 4.128986 -0.16200937 0.004492698 0.9866037 -0.01860142
4376294.1635714285 -0.33582455 0.049279567 4.1893888 -0.16860968 0.0040868353 0.98549867 -0.018614592
4426232.1635714285 -0.36081684 0.051178087 4.2482715 -0.1754501 0.003840372 0.9843066 -0.018525481
4476267.1635714285 -0.3879696 0.053279385 4.3087716 -0.18235314 0.0035812787 0.98305357 -0.018447138
4526270.1635714285 -0.41510987 0.05518482 4.3677144 -0.18940529 0.003134243 0.9817215 -0.018406002
4576252.1635714285 -0.44326538 0.056793954 4.427164 -0.19655423 0.0031627747 0.98030716 -0.018825056
4626242.1635714285 -0.47163248 0.058274705 4.485335 -0.20397648 0.0030311563 0.9787834 -0.019168764
4676256.1635714285 -0.5017384 0.05998685 4.544012 -0.21127506 0.0022942259 0.9772373 -0.01910365
4726237.1635714285 -0.5322374 0.061298333 4.6012893 -0.21854022 0.0016446392 0.9756414 -0.019011036
4776214.1635714285 -0.56484145 0.06277579 4.658639 -0.2255969 0.0010581566 0.9740404 -0.018716576
4826219.1635714285 -0.5977051 0.06442402 4.71528 -0.2329072 0.0004929242 0.9723301 -0.01811746
4876196.1635714285 -0.63170063 0.0666864 4.772587 -0.24024083 0.00031774235 0.97055936 -0.017288338
4926175.1635714285 -0.6657049 0.06776115 4.8273377 -0.24741675 -6.647958e-05 0.968767 -0.01659947
4976174.1635714285 -0.70238006 0.070482194 4.88478 -0.25454172 -0.00021091201 0.9669315 -0.015874933
5026145.1635714285 -0.7393132 0.07229284 4.9399676 -0.26166543 -0.0003560067 0.9650315 -0.015666625
5076139.1635714285 -0.776527 0.07371229 4.9949317 -0.26892504 -0.0009845332 0.9630332 -0.015670696
5126116.1635714285 -0.8157494 0.07569225 5.049995 -0.27601397 -0.0013992535 0.9610238 -0.015738335
5176090.1635714285 -0.8550588 0.077304356 5.1050267 -0.28312933 -0.0014867018 0.95893854 -0.016506106
5226066.1635714285 -0.89438874 0.07848067 5.15923 -0.2903005 -0.00034724732 0.95677906 -0.01730417
5276070.1635714285 -0.934673 0.08000733 5.2127776 -0.2971595 0.0006909818 0.95467156 -0.017261263
5326044.1635714285 -0.97688675 0.08178773 5.2667117 -0.30388737 0.00060613384 0.9525673 -0.0163643
5376020.1635714285 -1.0192325 0.083302066 5.3185406 -0.31032076 0.0005891601 0.9505078 -0.015349443
5425954.1635714285 -1.0620756 0.08416551 5.3710723 -0.31669047 0.0009311832 0.9484197 -0.01436788
5475964.1635714285 -1.1055748 0.08491673 5.4217014 -0.3229095 0.0008498217 0.9463331 -0.013507583
5525954.1635714285 -1.1525679 0.08694677 5.4760785 -0.32915038 0.0010805345 0.9441842 -0.013232011
5575950.1635714285 -1.1983654 0.088022076 5.527099 -0.33504042 0.0010307578 0.9420973 -0.014126519
5625926.1635714285 -1.2443882 0.08990672 5.5789394 -0.3406509 0.0013509276 0.9400658 -0.015215197
5675930.1635714285 -1.2908642 0.09149262 5.6305623 -0.34586188 0.0028757667 0.93813425 -0.01659656
5725910.1635714285 -1.3385928 0.092904024 5.6816516 -0.35077843 0.004257132 0.93628186 -0.01768403
5775893.1635714285 -1.3851752 0.0937183 5.731886 -0.3555477 0.0058984724 0.93446267 -0.018184628
5825903.1635714285 -1.4343642 0.09473321 5.7819924 -0.3600014 0.0074208137 0.932748 -0.01803029
5875893.1635714285 -1.4819049 0.09603702 5.8292136 -0.3640001 0.008977579 0.93119663 -0.01720802
5925872.1635714285 -1.532591 0.09805272 5.8791366 -0.36777243 0.010057566 0.9297267 -0.015830461
5975882.1635714285 -1.5816364 0.09887866 5.928105 -0.3714903 0.010893873 0.92825747 -0.014640985
6025869.1635714285 -1.6307362 0.09996314 5.975353 -0.37502104 0.011334612 0.9268448 -0.013766735
6075860.1635714285 -1.6826365 0.100665174 6.023491 -0.37826768 0.011269074 0.92553294 -0.013242654
6125871.1635714285 -1.7332605 0.10149124 6.0716496 -0.38132334 0.011123996 0.9242878 -0.012687598
6175858.1635714285 -1.7854218 0.10120951 6.119006 -0.3841402 0.01096348 0.9231234 -0.012621454
6225864.1635714285 -1.8380599 0.10262781 6.1686597 -0.38677314 0.010228316 0.9220408 -0.011944822
6275860.1635714285 -1.8904757 0.1027923 6.216291 -0.3891812 0.009680106 0.9210435 -0.011101277
6325851.1635714285 -1.9436184 0.1027469 6.2636733 -0.39124778 0.009014177 0.9201858 -0.010103938
6375837.1635714285 -1.9971645 0.10311918 6.3111753 -0.3931044 0.008515099 0.9194057 -0.009466261
6425790.1635714285 -2.0519457 0.103753276 6.361635 -0.39475217 0.008297122 0.9187046 -0.009146476
6475830.1635714285 -2.1053581 0.1038373 6.4090242 -0.39635482 0.0077988333 0.91801894 -0.009130487
6525832.1635714285 -2.1589646 0.10450213 6.4568834 -0.3978751 0.00782861 0.91735846 -0.009367173
6575814.1635714285 -2.2139964 0.10518842 6.50456 -0.39915395 0.007452256 0.91680086 -0.009838339
6625812.1635714285 -2.2656665 0.10541643 6.5504165 -0.40026063 0.0077647017 0.91630685 -0.0106245065
6675829.1635714285 -2.3198705 0.105571404 6.597967 -0.40145966 0.008079489 0.9157766 -0.010872679
6725826.1635714285 -2.3731363 0.10659145 6.6451674 -0.4026857 0.008523797 0.9152359 -0.01072085
6775815.1635714285 -2.4258966 0.10737549 6.690694 -0.4035756 0.008704767 0.9148454 -0.01043511
6825833.1635714285 -2.4810152 0.107455105 6.7381277 -0.40427426 0.008700856 0.9145405 -0.01011406
6875826.1635714285 -2.5348678 0.10811396 6.7845087 -0.40506828 0.008545642 0.9141976 -0.009459389
6925819.1635714285 -2.5892015 0.10871142 6.8311133 -0.40582803 0.008194499 0.91387 -0.008839918
6975840.1635714285 -2.6435552 0.10817607 6.876232 -0.406476 0.0075671496 0.91358954 -0.008617425
7025834.1635714285 -2.698294 0.10863869 6.923687 -0.40696734 0.0071434765 0.91337353 -0.00868716
7075843.1635714285 -2.7520828 0.10867998 6.9702625 -0.4075354 0.006554006 0.91312087 -0.009071377
7125836.1635714285 -2.8073442 0.10917971 7.0169826 -0.40781286 0.0061356863 0.9129937 -0.009668703
7175833.1635714285 -2.8617926 0.10926036 7.0631905 -0.40807632 0.00561637 0.912871 -0.010429912
7225827.1635714285 -2.9173079 0.109556146 7.1090937 -0.4082079 0.004975352 0.9128095 -0.010979707
7275828.1635714285 -2.9705613 0.110374555 7.1548724 -0.40830836 0.0043641096 0.912764 -0.011276582
7325841.1635714285 -3.0249515 0.11094464 7.2017293 -0.4086713 0.003974597 0.9125975 -0.011744776
7375830.1635714285 -3.0784523 0.111744806 7.2471313 -0.4088155 0.0038098418 0.9125273 -0.0122217825
7425787.1635714285 -3.1318665 0.111956045 7.2932863 -0.40899017 0.0034948415 0.9124423 -0.012797731
7475814.1635714285 -3.187416 0.11372372 7.3400993 -0.40881553 0.0032837917 0.9125165 -0.013142997
7525822.1635714285 -3.2410965 0.11439515 7.386403 -0.40877303 0.0034803469 0.9125254 -0.013783908
7575838.1635714285 -3.29346 0.11520161 7.43141 -0.408799 0.003945962 0.91249955 -0.014575594
7625830.1635714285 -3.3482742 0.11666348 7.4774804 -0.40860108 0.0041439 0.9125772 -0.015193914
7675846.1635714285 -3.4037857 0.11921857 7.52447 -0.40833718 0.0040925047 0.9126923 -0.0153904045
7725843.1635714285 -3.4570522 0.11984208 7.570778 -0.40829763 0.0042635677 0.9127018 -0.01582345
7775837.1635714285 -3.5114524 0.121282235 7.617299 -0.4081328 0.0043887035 0.9127752 -0.015806504
7825834.1635714285 -3.5642 0.12223453 7.6632996 -0.40829587 0.0048126583 0.9127053 -0.015502606
7875851.1635714285 -3.619122 0.12362595 7.709902 -0.40799868 0.004929918 0.9128509 -0.01469547
7925840.1635714285 -3.6720214 0.12424384 7.7551513 -0.407987 0.005078008 0.9128742 -0.013475582
7975837.1635714285 -3.7248495 0.12490812 7.801219 -0.4079898 0.0053503825 0.91288996 -0.012152152
8025855.1635714285 -3.7791598 0.12603894 7.8466988 -0.40775958 0.0058456752 0.9130054 -0.01091686
8075852.1635714285 -3.8320825 0.12612356 7.892878 -0.40768138 0.0061556725 0.9130475 -0.010113268
8125844.1635714285 -3.885446 0.12683734 7.938285 -0.40756282 0.0060369014 0.9131096 -0.009331218
8175858.1635714285 -3.93897 0.12696171 7.9836 -0.40720004 0.0059063407 0.9132742 -0.009135585
8225845.1635714285 -3.9942105 0.12801832 8.03009 -0.4068182 0.005782614 0.913447 -0.00895068
8275842.1635714285 -4.04646 0.12718324 8.0751705 -0.40655667 0.005530086 0.9135639 -0.009066229
8325859.1635714285 -4.099196 0.12721348 8.121847 -0.40652955 0.0052924994 0.9135781 -0.008992933
8375852.1635714285 -4.1511645 0.12701815 8.167165 -0.40641046 0.0048083323 0.91363674 -0.008681395
8425794.163571429 -4.2047935 0.12800059 8.212522 -0.40613803 0.0043629 0.91376454 -0.008206168
8475839.163571429 -4.2568436 0.12812781 8.257745 -0.40592462 0.0039436715 0.9138657 -0.0077002747
8525840.163571429 -4.3104763 0.12846935 8.303079 -0.40559927 0.0037351868 0.9140124 -0.007523263
8575825.163571429 -4.362375 0.12844694 8.348574 -0.40546402 0.0033093283 0.91407657 -0.0072143823
8625823.163571429 -4.4146 0.12849383 8.392913 -0.40514717 0.0026807473 0.9142213 -0.0069285203
8675840.163571429 -4.466769 0.12956207 8.438099 -0.4048517 0.0017856607 0.9143589 -0.0063037514
8725833.163571429 -4.518324 0.12963116 8.482155 -0.40459928 0.001526379 0.9144736 -0.005933788
8775854.163571429 -4.570463 0.12999652 8.529226 -0.4044151 0.0012221787 0.91455865 -0.005431399
8825843.163571429 -4.621125 0.1295241 8.573607 -0.40421966 0.0009498887 0.9146481 -0.00494745
8875843.163571429 -4.671693 0.12906931 8.617754 -0.40398926 0.0007472411 0.91475344 -0.0042803017
8925838.163571429 -4.7229605 0.12953296 8.662085 -0.40358526 0.0005666945 0.9149351 -0.0035094793
8975854.163571429 -4.7744484 0.12953198 8.708162 -0.40328318 0.00038820005 0.915071 -0.0027728665
9025845.163571429 -4.8244834 0.12923871 8.752349 -0.40286386 0.00039094308 0.9152568 -0.0023534787
9075858.163571429 -4.875149 0.12924108 8.796816 -0.40251946 0.00054820563 0.9154089 -0.0020904748
9125848.163571429 -4.9245152 0.12871926 8.8398075 -0.40213513 0.000342891 0.91557854 -0.001800647
9175864.163571429 -4.9752398 0.12810785 8.884899 -0.4017687 0.00036524385 0.9157394 -0.0017778113
9225858.163571429 -5.0244493 0.12745532 8.929077 -0.4014772 0.00053627463 0.9158671 -0.001807893
9275855.163571429 -5.0750628 0.12761538 8.973283 -0.40095827 0.0008284828 0.91609406 -0.001852415
9325868.163571429 -5.124821 0.1271624 9.016821 -0.40043017 0.00084393634 0.9163255 -0.0016160266
9375857.163571429 -5.1737337 0.12620676 9.060881 -0.40007687 0.0008477234 0.9164803 -0.0013058027
9425799.163571429 -5.222647 0.12514493 9.1048975 -0.3996891 0.0011754069 0.9166496 -0.00096432917
9475850.163571429 -5.270793 0.12417853 9.148647 -0.39926022 0.0015949238 0.9168361 -0.00056460843
9525832.163571429 -5.32097 0.1237201 9.192331 -0.39864174 0.0013884588 0.91710573 -2.7019698e-05
9575842.163571429 -5.369592 0.124359906 9.237154 -0.3981505 0.0014451648 0.91731876 0.00064819795
9625843.163571429 -5.4186754 0.12312186 9.281686 -0.3975802 0.0012312421 0.91756624 0.0008919753
9675855.163571429 -5.4667397 0.12234066 9.325082 -0.3969774 0.0014932633 0.91782665 0.0009952583
9725850.163571429 -5.514632 0.12128873 9.368658 -0.3963819 0.001502947 0.9180839 0.0010520061
9775846.163571429 -5.562115 0.12031926 9.41153 -0.39576292 0.0012382433 0.9183509 0.0013926325
9825872.163571429 -5.608542 0.11915247 9.454821 -0.39509547 0.0009166601 0.91863763 0.0019464528
9875869.163571429 -5.6547027 0.117969856 9.497423 -0.39441255 0.00081171485 0.91893005 0.0023767576
9925866.163571429 -5.702185 0.11719683 9.540562 -0.39360604 0.00074794586 0.9192746 0.0028071064
9975883.163571429 -5.748031 0.11588792 9.582796 -0.3928923 0.00049238675 0.9195797 0.0029662529
10025885.163571429 -5.7948823 0.11465352 9.625899 -0.39211679 0.000121712634 0.91991043 0.0030425591
10075882.163571429 -5.839217 0.1135721 9.668762 -0.39124495 -5.1136867e-05 0.92028195 0.0029235561
10125904.163571429 -5.8848643 0.11241915 9.711745 -0.39026442 -0.00030980195 0.9206986 0.002782572
10175906.163571429 -5.9300904 0.11135915 9.754129 -0.3892607 -0.000781674 0.9211226 0.002952671
10225897.163571429 -5.9754195 0.109181665 9.797156 -0.38818526 -0.0017024224 0.92157406 0.0032447015
10275923.163571429 -6.0216722 0.10854701 9.840119 -0.38699043 -0.0020816512 0.92207354 0.0038135832
10325918.163571429 -6.0649414 0.10740406 9.882568 -0.3858545 -0.0022969805 0.92254734 0.0041838735
10375920.163571429 -6.109142 0.10622493 9.925345 -0.38455632 -0.0024382009 0.9230882 0.004325718
10425874.163571429 -6.1531014 0.10514822 9.968075 -0.38322768 -0.0027516128 0.92363906 0.004460826
10475904.163571429 -6.198536 0.10415566 10.011616 -0.38166538 -0.0035083017 0.924282 0.0046940967
10525906.163571429 -6.242209 0.10348244 10.054064 -0.38012078 -0.0041016904 0.92491657 0.004553753
10575921.163571429 -6.2848487 0.10211765 10.097137 -0.37861103 -0.0045328 0.9255352 0.004207368
10625919.163571429 -6.32763 0.1015432 10.139262 -0.3768347 -0.0044401768 0.9262627 0.003666565
10675916.163571429 -6.370583 0.100986615 10.182809 -0.37521678 -0.0043039047 0.9269197 0.0036983425
10725933.163571429 -6.4123526 0.09934452 10.224425 -0.37323067 -0.0046559935 0.927717 0.004288843
10775931.163571429 -6.453373 0.09790246 10.267129 -0.37133932 -0.004467064 0.9284711 0.005349553
10825917.163571429 -6.495172 0.09703933 10.309743 -0.3691628 -0.004314472 0.92933315 0.0063412907
10875934.163571429 -6.5359397 0.097334586 10.353312 -0.36704704 -0.0036920006 0.9301667 0.007265309
10925927.163571429 -6.576629 0.09658049 10.396986 -0.3649252 -0.0033513312 0.93099517 0.0081526125
10975923.163571429 -6.6168046 0.09508999 10.438608 -0.36254352 -0.0029069234 0.9319221 0.008658244
11025940.163571429 -6.656117 0.09386423 10.481863 -0.36024213 -0.002185511 0.9328134 0.008945109
11075931.163571429 -6.6948924 0.09255418 10.525703 -0.35781917 -0.001196454 0.933747 0.008979965
11125919.163571429 -6.733307 0.090693325 10.568743 -0.35516214 -3.416893e-05 0.9347647 0.0086506205
11175940.163571429 -6.772883 0.0887818 10.613044 -0.3523599 0.00079038803 0.93582726 0.008330263
11225934.163571429 -6.8111954 0.08758551 10.657693 -0.34958622 0.0019077297 0.9368695 0.007832469
11275935.163571429 -6.849925 0.08650563 10.701605 -0.3463389 0.0024443883 0.9380763 0.0075049624
11325924.163571429 -6.8873353 0.0847134 10.746395 -0.34309003 0.0025484345 0.93927014 0.0073814876
11375945.163571429 -6.9240656 0.083776385 10.790599 -0.33971933 0.003085022 0.9404951 0.0070920326
11425875.163571429 -6.9615583 0.0822132 10.83729 -0.3365007 0.003913145 0.9416539 0.0063228947
11475898.163571429 -6.9981375 0.08086832 10.8829155 -0.33310443 0.004782699 0.9428603 0.005756357
11525906.163571429 -7.0332875 0.079480216 10.928112 -0.32945234 0.0050121844 0.9441429 0.0055091325
11575919.163571429 -7.0682373 0.07774374 10.974504 -0.3256575 0.005589971 0.9454569 0.0052241096
11625913.163571429 -7.10344 0.076357916 11.021869 -0.3215838 0.005986496 0.9468494 0.004925859
11675902.163571429 -7.137981 0.07518138 11.06691 -0.31706917 0.0061477455 0.9483722 0.004428783
11725914.163571429 -7.170914 0.07355933 11.113239 -0.3125648 0.0064194524 0.9498676 0.0037037067
11775910.163571429 -7.205337 0.07300843 11.162149 -0.30789733 0.006675617 0.95139104 0.0031199446
11825904.163571429 -7.2393413 0.07237548 11.209402 -0.3027823 0.0065562916 0.9530338 0.0025421262
11875920.163571429 -7.2715626 0.07140726 11.258584 -0.29779002 0.005634937 0.954612 0.0023053684
11925918.163571429 -7.302226 0.071111865 11.304306 -0.29223374 0.0052276715 0.9563309 0.0018346666
11975906.163571429 -7.333433 0.06999254 11.352897 -0.28667644 0.005092245 0.95801306 0.0013192724
12025926.163571429 -7.3631587 0.068821475 11.401003 -0.28095493 0.0046870345 0.9597092 0.0008023602
12075922.163571429 -7.3931284 0.06824017 11.450686 -0.27502978 0.0042633666 0.96142626 3.9835235e-05
12125921.163571429 -7.420965 0.068158135 11.498839 -0.26887855 0.004183172 0.96316475 -0.0006994386
12175942.163571429 -7.4489145 0.06772081 11.547003 -0.26222757 0.0037242917 0.9649982 -0.0011583774
12225946.163571429 -7.4753118 0.06701694 11.595969 -0.25546697 0.0035304986 0.96681017 -0.0015474849
12275940.163571429 -7.5015817 0.067002796 11.647442 -0.24857953 0.0035124277 0.9686032 -0.001940136
12325957.163571429 -7.526285 0.066868715 11.697835 -0.24160826 0.0039012742 0.9703621 -0.0027516168
12375959.163571429 -7.5516725 0.06596801 11.747116 -0.23419051 0.0039780545 0.97217745 -0.0031817001
12425906.163571429 -7.5738072 0.06567626 11.795425 -0.22690624 0.0040619476 0.9739033 -0.003087245
12475937.163571429 -7.596183 0.06562154 11.84613 -0.2194425 0.004573806 0.97561055 -0.0028585417
12525972.163571429 -7.616377 0.0650522 11.895111 -0.21184681 0.004656228 0.977287 -0.003067689
12575959.163571429 -7.6377587 0.06393258 11.945874 -0.20408358 0.004552834 0.97893673 -0.0034922697
12625958.163571429 -7.6576777 0.063477606 11.996584 -0.19641913 0.003935388 0.98050576 -0.0035425902
12675985.163571429 -7.6757007 0.06417078 12.048485 -0.18883088 0.0037178218 0.98199564 -0.0036981595
12725983.163571429 -7.693002 0.06353412 12.098939 -0.18124987 0.0036636677 0.9834213 -0.0041921115
12775980.163571429 -7.70939 0.06323295 12.149311 -0.17360014 0.0037450872 0.9847983 -0.0046254983
12825991.163571429 -7.72521 0.06291787 12.200161 -0.1659209 0.0036936798 0.9861199 -0.0049216966
12875990.163571429 -7.7415514 0.06264029 12.251699 -0.15823284 0.0039016793 0.98738 -0.005284295
12925982.163571429 -7.755688 0.062894724 12.30147 -0.15053974 0.004265502 0.9885788 -0.0056348024
12976001.163571429 -7.7697034 0.06265313 12.352663 -0.14284202 0.0041348985 0.9897198 -0.0058114333
13025996.163571429 -7.7826657 0.06272922 12.403297 -0.13516693 0.00412246 0.99079806 -0.0056679663
13075992.163571429 -7.7964725 0.063136704 12.456173 -0.12744541 0.0036698217 0.9918241 -0.005404775
13126001.163571429 -7.80828 0.063162185 12.508496 -0.12008505 0.003555104 0.9927434 -0.0052569318
13175994.163571429 -7.818091 0.06260673 12.558858 -0.11299537 0.0033497221 0.99357724 -0.005014494
13225992.163571429 -7.8285003 0.06253302 12.610895 -0.105866864 0.0034000906 0.9943632 -0.004759872
13276013.163571429 -7.8365 0.062027216 12.661022 -0.0989388 0.0036405693 0.99507725 -0.00438885
13326000.163571429 -7.8441205 0.061969776 12.711938 -0.09197564 0.004101008 0.9957445 -0.004070081
13375995.163571429 -7.8530183 0.06253289 12.763017 -0.08463525 0.0038710032 0.9963986 -0.0034359517
13425945.163571429 -7.8602276 0.06234358 12.814288 -0.07750095 0.0032050712 0.99698395 -0.0025131532
13475990.163571429 -7.8654213 0.0613972 12.865057 -0.07048176 0.0029787964 0.99750704 -0.0018291447
13525971.163571429 -7.871066 0.061039828 12.915831 -0.06341675 0.002548107 0.9979834 -0.00102616
13575986.163571429 -7.876641 0.061014082 12.967428 -0.056311995 0.0015736191 0.998412 -0.00019838716
13625982.163571429 -7.880783 0.060494617 13.019464 -0.049376827 0.0007604092 0.9987798 0.00054347113
13676002.163571429 -7.8839116 0.0596499 13.069212 -0.042277917 0.0007755378 0.999105 0.0011251019
13725993.163571429 -7.8862014 0.059290696 13.123352 -0.03527647 0.0003568547 0.99937606 0.0017485283
13775989.163571429 -7.888776 0.058758788 13.173152 -0.028127357 -0.001396644 0.99959993 0.0026293627
13826010.163571429 -7.889935 0.05833014 13.2258 -0.020927094 -0.0023133417 0.9997728 0.0033373216
13876005.163571429 -7.8902664 0.05765154 13.277991 -0.013705504 -0.0022469256 0.9998968 0.0036680743
13926004.163571429 -7.8896356 0.056980643 13.329737 -0.0064562308 -0.0024370262 0.9999695 0.0036570143
13976022.163571429 -7.8878264 0.056895424 13.382367 0.00062306726 -0.0025993304 0.9999906 0.00344208
14026011.163571429 -7.8861217 0.05594329 13.432714 0.0078090867 -0.0024607915 0.999963 0.0026555897
14076010.163571429 -7.8833413 0.0554311 13.485754 0.014872947 -0.0027819523 0.9998825 0.0024565256
14126034.163571429 -7.8801103 0.053897284 13.536789 0.021816837 -0.003108338 0.9997548 0.0021710498
14176043.163571429 -7.875863 0.05310357 13.587914 0.028599322 -0.0031812675 0.99958456 0.0016693248
14226048.163571429 -7.871377 0.052304506 13.641035 0.03533185 -0.0038187192 0.9993681 0.00078168325
14276077.163571429 -7.8663545 0.052127242 13.692195 0.042012315 -0.004713833 0.999106 0.00018879732
14326082.163571429 -7.860109 0.051766407 13.744846 0.048486285 -0.005841746 0.9988067 -0.00038024576
14376088.163571429 -7.852559 0.05132768 13.796526 0.055157483 -0.0056316904 0.9984617 -0.0004239473
14426052.163571429 -7.845136 0.05150016 13.850066 0.061925404 -0.0055905837 0.998065 -0.00056432205
14476096.163571429 -7.8358436 0.050018698 13.90237 0.068645395 -0.0055265673 0.99762493 -0.0013669676
14526119.163571429 -7.826623 0.050098367 13.954475 0.07567706 -0.0050530285 0.9971176 -0.0020112263
14576141.163571429 -7.8161626 0.049694814 14.00757 0.08264788 -0.005032498 0.9965635 -0.0022838446
14626158.163571429 -7.8061204 0.049979147 14.059261 0.09018082 -0.005157762 0.99591094 -0.0014959094
14676171.163571429 -7.7938204 0.04851006 14.109788 0.09756982 -0.005732546 0.9952117 -0.0009847174
14726206.163571429 -7.780788 0.04831846 14.158754 0.10520811 -0.0060041496 0.9944321 -0.00019077146
14776217.163571429 -7.76821 0.048399977 14.211213 0.11296886 -0.0067688427 0.9935753 0.00068680063
14826224.163571429 -7.753946 0.04755117 14.262174 0.120469175 -0.0069135185 0.99269164 0.0016511643
14876247.163571429 -7.7386436 0.046666604 14.311189 0.12810062 -0.0056331838 0.9917411 0.0028609189
14926246.163571429 -7.723176 0.046558477 14.364447 0.13601598 -0.0052505997 0.99068445 0.004051102
14976248.163571429 -7.707285 0.047092423 14.415234 0.1441743 -0.005015854 0.9895255 0.0052790535
15026267.163571429 -7.6891794 0.044051796 14.461528 0.15235117 -0.0055645946 0.9882951 0.0055618477
15076261.163571429 -7.6704655 0.042658824 14.509957 0.16058265 -0.0059398655 0.98698723 0.005843398
15126260.163571429 -7.651546 0.04218826 14.559716 0.16875961 -0.0061402535 0.9856175 0.006382005
15176274.163571429 -7.6322975 0.041670606 14.6098385 0.1769813 -0.006186055 0.98417246 0.0066324365
15226273.163571429 -7.610667 0.039993633 14.65539 0.18472986 -0.0060841274 0.9827497 0.0063952273
15276280.163571429 -7.589143 0.04005772 14.706932 0.19294964 -0.0051341797 0.9811699 0.007049481
15326274.163571429 -7.5670576 0.039493557 14.7541485 0.20119739 -0.0047864704 0.97950995 0.0075516985
15376288.163571429 -7.5438967 0.038123943 14.800452 0.20942764 -0.004986306 0.977781 0.007713748
15426224.163571429 -7.519897 0.03583903 14.846459 0.21790096 -0.005908291 0.97592366 0.0075743105
15476259.163571429 -7.495143 0.03532037 14.893984 0.22625104 -0.005858587 0.9740192 0.007915724
15526271.163571429 -7.4706125 0.0339531 14.939342 0.23439561 -0.0060758404 0.9720893 0.008019799
15576288.163571429 -7.4439535 0.032303207 14.986049 0.242423 -0.005750199 0.9701198 0.0081095
15626284.163571429 -7.417782 0.032581866 15.0348625 0.2507895 -0.0050579454 0.9679906 0.008565517
15676278.163571429 -7.3882346 0.031328343 15.077757 0.25866202 -0.0034971763 0.96591717 0.009264085
15726291.163571429 -7.35869 0.030329786 15.117527 0.26630464 -0.0015492731 0.96383154 0.010405581
15776284.163571429 -7.3296375 0.02849751 15.160614 0.2742442 -0.0015408781 0.9615997 0.010670197
15826278.163571429 -7.2997603 0.026539877 15.203953 0.28228024 -0.0021727444 0.9592689 0.010785291
15876299.163571429 -7.269699 0.025543593 15.244207 0.29043153 -0.0016769624 0.9568321 0.010913217
15926292.163571429 -7.2382393 0.024816275 15.289141 0.29843932 -0.0014560265 0.95436317 0.011083923
15976285.163571429 -7.2066116 0.0240255 15.33014 0.3058348 -0.0011572363 0.95201993 0.011040211
16026299.163571429 -7.174035 0.02236098 15.370092 0.31301773 -0.00045221162 0.9496815 0.011167914
16076292.163571429 -7.141098 0.021899737 15.411169 0.32018486 0.0009678878 0.9472808 0.011824597
16126289.163571429 -7.106352 0.020479232 15.450145 0.3271925 0.0015396214 0.9448781 0.012173469
16176306.163571429 -7.072458 0.016635776 15.490141 0.3347437 0.0023990208 0.9422287 0.012087475
16226300.163571429 -7.037834 0.013920985 15.528333 0.34218088 0.0025879163 0.93955183 0.012164299
16276297.163571429 -7.00222 0.013521954 15.56672 0.34946594 0.0018569331 0.93685234 0.01333783
16326303.163571429 -6.9661775 0.012795284 15.604503 0.3567144 0.0009084226 0.9341057 0.014166097
16376302.163571429 -6.929105 0.011345297 15.644305 0.3640909 0.0007382707 0.93124706 0.0147069795
16426237.163571429 -6.8909216 0.009379402 15.6819515 0.37122944 0.0007002051 0.9284263 0.014590608
16476258.163571429 -6.853772 0.0077362806 15.719148 0.37857527 -0.00013167513 0.92546636 0.013883074
16526262.163571429 -6.8142314 0.005696431 15.755467 0.38610366 0.00016134603 0.92236453 0.012945885
16576262.163571429 -6.773908 0.006108463 15.793777 0.39370742 -0.00034427067 0.919151 0.012482728
16626255.163571429 -6.7332907 0.0049578696 15.830743 0.40135178 -0.00090515305 0.91584855 0.01172341
16676251.163571429 -6.6924086 0.0011952519 15.862502 0.40877616 -0.0009783894 0.912572 0.0106518725
16726265.163571429 -6.649703 0.0004541278 15.898967 0.41667777 -0.0012281019 0.90899426 0.01037674
16776260.163571429 -6.606703 -0.00029686093 15.932078 0.42450798 -0.0012237179 0.9053565 0.011007488
16826252.16357143 -6.5631714 -0.0017693937 15.965892 0.43262398 -0.002772535 0.90150386 0.01093832
16876262.16357143 -6.5195446 -0.0009135902 15.998312 0.44084406 -0.0048151985 0.8975009 0.011207785
16926247.16357143 -6.4750357 -0.004215196 16.028688 0.44905102 -0.0066462234 0.8934144 0.010943421
16976234.16357143 -6.4291396 -0.0045196116 16.060205 0.45713443 -0.008095508 0.8893028 0.010160674
17026222.16357143 -6.382843 -0.0067261457 16.090801 0.4652588 -0.008142565 0.88508666 0.009466139
17076229.16357143 -6.3346915 -0.0064179003 16.119612 0.4729328 -0.007679354 0.8810098 0.009868158
17126218.16357143 -6.286529 -0.008928597 16.149118 0.48063546 -0.008603828 0.8768288 0.009319979
17176217.16357143 -6.2354307 -0.0092638135 16.180016 0.4886695 -0.008741579 0.872377 0.009180761
17226203.16357143 -6.18639 -0.01056695 16.207413 0.49645954 -0.008659386 0.8679732 0.008688072
17276198.16357143 -6.136612 -0.011758208 16.23409 0.5040767 -0.0094049545 0.8635733 0.0077022086
17326182.16357143 -6.0868225 -0.013697647 16.259418 0.51153636 -0.010372949 0.8591753 0.0063820095
17376202.16357143 -6.037303 -0.015065253 16.283619 0.5187908 -0.010802999 0.8548161 0.0053798254
17426136.16357143 -5.9836655 -0.017121054 16.31235 0.52604234 -0.011753167 0.85036683 0.0042012334
17476177.16357143 -5.93114 -0.017852593 16.335913 0.53299844 -0.012471088 0.84601855 0.0031266646
17526182.16357143 -5.8777666 -0.01856403 16.359247 0.5398543 -0.012396348 0.8416636 0.0024780347
17576167.16357143 -5.8233757 -0.01876318 16.381334 0.5464686 -0.011729906 0.83739436 0.0022846886
17626168.16357143 -5.769128 -0.020530753 16.404497 0.553192 -0.010876896 0.83298 0.0021516918
17676186.16357143 -5.7124805 -0.020930784 16.42346 0.55944884 -0.010148659 0.8288002 0.0020660555
17726186.16357143 -5.6571875 -0.021140533 16.445515 0.56592846 -0.010215012 0.8243902 0.0012610026
17776176.16357143 -5.6023073 -0.022417163 16.46497 0.57230276 -0.010352472 0.81997705 0.00019219704
17826197.16357143 -5.548809 -0.023651881 16.481842 0.5782535 -0.010742725 0.81578606 -0.000751894
17876191.16357143 -5.4932785 -0.024173163 16.49972 0.58419573 -0.01114884 0.811535 -0.0014432464
17926190.16357143 -5.4373665 -0.023846272 16.515339 0.5898178 -0.010770842 0.8074627 -0.0017451141
17976189.16357143 -5.3824053 -0.024867818 16.53035 0.59524673 -0.010363053 0.80347335 -0.0021292148
18026200.16357143 -5.3273344 -0.025195736 16.543713 0.6005964 -0.009767394 0.79948974 -0.0021940405
18076199.16357143 -5.2732115 -0.027441565 16.557856 0.6061966 -0.009356324 0.7952563 -0.0023825422
18126201.16357143 -5.212618 -0.026248693 16.574955 0.6118017 -0.008996052 0.790958 -0.0018096658
18176221.16357143 -5.157337 -0.02595232 16.585758 0.6170434 -0.008576658 0.78688085 -0.0015429658
18226220.16357143 -5.1024933 -0.027169872 16.597565 0.6221754 -0.008384044 0.7828309 -0.0018293404
18276220.16357143 -5.0461674 -0.028097585 16.609104 0.6271176 -0.0081419945 0.77887905 -0.0021739765
18326234.16357143 -4.9897194 -0.028051756 16.619133 0.63183403 -0.007866484 0.77506036 -0.0023338762
18376242.16357143 -4.933075 -0.03024938 16.629086 0.6365018 -0.0072296476 0.7712373 -0.002517351
18426180.16357143 -4.876807 -0.029966779 16.637295 0.640986 -0.006644311 0.76752 -0.0024151218
18476208.16357143 -4.8188334 -0.030723035 16.645815 0.6453895 -0.006017774 0.76382643 -0.0023406402
18526218.16357143 -4.762829 -0.03177894 16.653624 0.6496622 -0.005491803 0.76019937 -0.0024259388
18576235.16357143 -4.705619 -0.03321998 16.660786 0.65383905 -0.0050078826 0.7566127 -0.002572444
18626229.16357143 -4.649703 -0.03378708 16.667862 0.65796846 -0.0044191387 0.7530275 -0.0027588378
18676250.16357143 -4.591778 -0.03406769 16.674398 0.6618617 -0.003842409 0.7496094 -0.0031780521
18726248.16357143 -4.5358543 -0.034366295 16.680408 0.66565937 -0.0035611633 0.7462374 -0.0038290643
18776245.16357143 -4.4787292 -0.035054676 16.686165 0.66936296 -0.0035485055 0.74291366 -0.0044609807
18826270.16357143 -4.4206915 -0.035505205 16.691103 0.6727807 -0.003406043 0.73981893 -0.004741573
18876274.16357143 -4.363783 -0.035882406 16.694366 0.6760212 -0.003198017 0.7368599 -0.0047507384
18926264.16357143 -4.306756 -0.037004054 16.698683 0.6793074 -0.0027342986 0.7338349 -0.004508086
18976288.16357143 -4.251092 -0.03719998 16.702261 0.68253654 -0.0023105142 0.7308376 -0.0038629868
19026287.16357143 -4.1944494 -0.037516452 16.705105 0.68565273 -0.0023754302 0.72791743 -0.0033098683
19076290.16357143 -4.1370277 -0.038214423 16.707558 0.6887702 -0.0026128807 0.7249694 -0.0028791935
19126312.16357143 -4.0803204 -0.03843322 16.708693 0.6916407 -0.002353872 0.722235 -0.0020786517
19176310.16357143 -4.0246983 -0.039063912 16.709904 0.6944324 -0.0021502255 0.7195529 -0.0016474043
19226303.16357143 -3.9680386 -0.040033344 16.710402 0.69706446 -0.0016698147 0.7170051 -0.0014690589
19276305.16357143 -3.9114723 -0.04024751 16.711079 0.69951653 -0.00090630644 0.71461445 -0.0014311357
19326319.16357143 -3.8568249 -0.04108469 16.711536 0.70188755 -0.00030155355 0.7122857 -0.0017103927
19376311.16357143 -3.798748 -0.041326944 16.71128 0.70414287 0.00017793557 0.7100556 -0.001964023
19426264.16357143 -3.7426472 -0.042130463 16.71133 0.7063113 0.0009840535 0.70789754 -0.0021190818
19476313.16357143 -3.6868267 -0.042552948 16.710999 0.70835114 0.0016970086 0.7058545 -0.0023148363
19526299.16357143 -3.6314507 -0.042260554 16.71013 0.71024984 0.0023812288 0.7039416 -0.0024048896
19576318.16357143 -3.5761795 -0.042633902 16.709284 0.7119966 0.002694152 0.70217335 -0.0024985655
19626317.16357143 -3.5202045 -0.042922705 16.708403 0.7137349 0.002894851 0.7004051 -0.0026258372
19676320.16357143 -3.4642258 -0.042518344 16.706825 0.71532214 0.0030644275 0.6987832 -0.0026054597
19726344.16357143 -3.409336 -0.042765625 16.705435 0.7169087 0.003193055 0.6971553 -0.0025134634
19776340.16357143 -3.353325 -0.043340944 16.703596 0.7185371 0.0032065825 0.69547653 -0.0025646265
19826363.16357143 -3.2986698 -0.04348525 16.701622 0.7200611 0.0028384086 0.6938992 -0.0027838282
19876363.16357143 -3.243679 -0.04355068 16.699413 0.7215717 0.0024720742 0.6923296 -0.00282126
19926365.16357143 -3.187416 -0.044154294 16.69728 0.72300977 0.00231724 0.6908287 -0.002696883
19976364.16357143 -3.1282768 -0.043472968 16.695477 0.724341 0.001977989 0.6894354 -0.0022552083
20026382.16357143 -3.073759 -0.043701034 16.693056 0.7255502 0.002004866 0.68816376 -0.0018884666
20076373.16357143 -3.019453 -0.04432282 16.690208 0.72664076 0.0025553312 0.68701136 -0.0014530951
20126369.16357143 -2.9656143 -0.044653792 16.686909 0.7275313 0.0030999456 0.6860665 -0.0011749597
20176386.16357143 -2.9104443 -0.045210995 16.683214 0.72827226 0.0034723384 0.6852783 -0.0010809365
20226380.16357143 -2.8548012 -0.045053788 16.680527 0.7289452 0.003830792 0.68456054 -0.0011214205
20276393.16357143 -2.7986012 -0.045300104 16.677156 0.7294053 0.004200511 0.68406725 -0.0015384364
20326386.16357143 -2.7443352 -0.04534345 16.674498 0.72987247 0.004503362 0.68356556 -0.0020474023
20376387.16357143 -2.6905136 -0.045425255 16.671974 0.7302504 0.0047379066 0.6831585 -0.0025325352
20426329.16357143 -2.6360226 -0.04534183 16.669018 0.7304982 0.004410371 0.68289363 -0.0030395892
20476359.16357143 -2.5823364 -0.045893442 16.666157 0.73068625 0.004283823 0.682693 -0.0031083722
20526372.16357143 -2.5278263 -0.04574575 16.662605 0.730706 0.0041196793 0.68267274 -0.0031399701
20576389.16357143 -2.4752617 -0.045465842 16.660051 0.7309227 0.003703563 0.68244356 -0.0030404257
20626378.16357143 -2.421732 -0.04588395 16.65695 0.7310451 0.0031697678 0.68231565 -0.002901331
20676371.16357143 -2.3694324 -0.046035137 16.654049 0.73117226 0.0028875843 0.68218195 -0.0025581378
20726392.16357143 -2.3179588 -0.046837047 16.651585 0.73137724 0.0026229022 0.681964 -0.0023676527
20776385.16357143 -2.2644482 -0.046730474 16.648615 0.731432 0.0021202299 0.68190736 -0.0022432974
20826383.16357143 -2.2125893 -0.046694845 16.64551 0.73154104 0.0018931546 0.6817917 -0.0020352157
20876376.16357143 -2.1605644 -0.04716869 16.642075 0.73169535 0.002272167 0.68162614 -0.0016080491
20926389.16357143 -2.1085453 -0.04827011 16.639189 0.7318978 0.002225401 0.6814085 -0.0018143773
20976382.16357143 -2.057869 -0.048309587 16.636469 0.7321021 0.0020783658 0.681189 -0.0019196644
21026400.16357143 -2.0067806 -0.04934602 16.634083 0.7323416 0.0025219976 0.6809296 -0.002104579
21076397.16357143 -1.959755 -0.050707918 16.630856 0.732538 0.0026025944 0.6807168 -0.0024653655
21126390.16357143 -1.9101219 -0.050825298 16.628063 0.73280025 0.0024638053 0.68043417 -0.0026765764
21176387.16357143 -1.8606453 -0.05109862 16.625074 0.73300576 0.002364249 0.68021256 -0.002820798
21226397.16357143 -1.8107586 -0.052117582 16.621542 0.73325294 0.002592625 0.6799455 -0.002749782
21276386.16357143 -1.7619247 -0.052613057 16.618471 0.73352367 0.0026015458 0.67965406 -0.0025848716
21326399.16357143 -1.7125092 -0.05277145 16.615454 0.7337677 0.0028197584 0.67939115 -0.0021908
21376408.16357143 -1.6640663 -0.053015396 16.612427 0.73400545 0.0031124195 0.6791344 -0.0016786723
21426342.16357143 -1.6162643 -0.05404088 16.609953 0.73428136 0.0029492402 0.6788372 -0.0015081542
21476371.16357143 -1.5676556 -0.05414466 16.60634 0.7344605 0.0027767252 0.67864484 -0.0011799758
21526372.16357143 -1.5208416 -0.05369538 16.60379 0.7347698 0.0023506703 0.6783117 -0.0010516518
21576385.16357143 -1.473959 -0.05444612 16.6009 0.7350647 0.0019860729 0.677993 -0.0012216333
21626375.16357143 -1.4275761 -0.05532995 16.598606 0.7352346 0.0016772469 0.67780924 -0.0013898284
21676361.16357143 -1.3785381 -0.05573833 16.593 0.73516077 0.0016384382 0.67788863 -0.0017365932
21726377.16357143 -1.3315125 -0.05616497 16.589867 0.73533124 0.0020554073 0.677702 -0.0019632436
21776360.16357143 -1.2857323 -0.056046423 16.58643 0.7354316 0.0024348057 0.677592 -0.0018790986
21826351.16357143 -1.2401695 -0.057238597 16.58281 0.7355426 0.0030035018 0.67746913 -0.0019418652
21876366.16357143 -1.1960773 -0.057038326 16.580538 0.7357821 0.0031328828 0.67720765 -0.0021873992
21926359.16357143 -1.1515255 -0.057313334 16.577122 0.73587996 0.003741679 0.67709804 -0.0022364792
21976354.16357143 -1.1080837 -0.05760199 16.574379 0.7360658 0.0041558077 0.67689264 -0.002501961
22026346.16357143 -1.0647545 -0.057705436 16.571562 0.7362429 0.004378096 0.67669827 -0.0025904102
22076352.16357143 -1.0217361 -0.057894565 16.569258 0.736498 0.004166929 0.67642176 -0.0026548079
22126344.16357143 -0.97925377 -0.057785403 16.566452 0.7367485 0.003671281 0.6761523 -0.0025074508
22176360.16357143 -0.9369564 -0.05822729 16.564018 0.73693776 0.0033761635 0.67594856 -0.0022221531
22226354.16357143 -0.8952236 -0.05817143 16.560701 0.7370457 0.0024457325 0.675835 -0.002188839
22276364.16357143 -0.8534794 -0.05871445 16.558077 0.7371104 0.0018412698 0.6757672 -0.0019328808
22326342.16357143 -0.811924 -0.05901324 16.5548 0.7371687 0.001900002 0.6757044 -0.0014811831
22376337.16357143 -0.7686405 -0.05939365 16.552912 0.73733366 0.0014981863 0.6755262 -0.0010625214
22426282.16357143 -0.72730446 -0.05954458 16.550045 0.7374067 0.0010714643 0.6754475 -0.0009484922
22476300.16357143 -0.68824387 -0.060330573 16.547283 0.73755985 0.0010809907 0.6752807 -0.00065600144
22526299.16357143 -0.6462078 -0.060730513 16.543898 0.7376474 0.00087789586 0.6751854 -0.0005207208
22576306.16357143 -0.6073265 -0.061713703 16.541983 0.7378987 0.00075464207 0.67491066 -0.0006744441
22626292.16357143 -0.5690918 -0.062806495 16.53911 0.73795956 0.0012335223 0.6748436 -0.00056000095
22676298.16357143 -0.5271416 -0.06272043 16.533852 0.737826 0.0017068881 0.6749887 -0.00053832727
22726283.16357143 -0.48777962 -0.0632454 16.530508 0.7378882 0.0024086717 0.6749181 -0.00092493184
22776273.16357143 -0.44857597 -0.06323851 16.528011 0.7380628 0.002924205 0.6747243 -0.0014268736
22826262.16357143 -0.41051292 -0.06408382 16.524399 0.73814166 0.003476048 0.6746342 -0.0018840213
22876274.16357143 -0.37046242 -0.0634591 16.522463 0.7383903 0.0035909822 0.67436 -0.0023366676
22926261.16357143 -0.3324318 -0.06367314 16.519623 0.73848474 0.0035397646 0.67425543 -0.0027422556
22976270.16357143 -0.29341316 -0.06397121 16.516928 0.73859113 0.0033612023 0.67413735 -0.0032685918
23026260.16357143 -0.25341606 -0.0645128 16.514523 0.73869467 0.0032432186 0.6740222 -0.0037180576
23076253.16357143 -0.21580887 -0.065105505 16.511461 0.73875993 0.0035760442 0.6739474 -0.0039993827
23126242.16357143 -0.17798233 -0.06554622 16.508785 0.73882437 0.0039925603 0.67387336 -0.0041604214
23176259.16357143 -0.14075089 -0.06542863 16.506186 0.7389636 0.004154271 0.6737206 -0.0040109055
23226244.16357143 -0.10179329 -0.06519783 16.50309 0.7390495 0.004304911 0.6736283 -0.0035194275
23276258.16357143 -0.06430054 -0.06536169 16.5008 0.7392523 0.004144762 0.6734087 -0.003101662
23326247.16357143 -0.025489807 -0.06422716 16.497913 0.7394044 0.0034244142 0.6732471 -0.002805135
23376239.16357143 0.012062073 -0.06454555 16.494963 0.73957497 0.0031506922 0.67306143 -0.0027073296
23426176.16357143 0.048376083 -0.06490199 16.492216 0.7397168 0.0030918045 0.6729054 -0.0028181502
23476199.16357143 0.0857563 -0.064852335 16.489403 0.7397909 0.0029268046 0.6728237 -0.0030315616
23526192.16357143 0.123428345 -0.06530665 16.486734 0.7398198 0.0030786388 0.6727901 -0.003253773
23576200.16357143 0.16124725 -0.0650408 16.484362 0.73992246 0.0026659274 0.67267793 -0.0034857267
23626188.16357143 0.19719887 -0.06541466 16.481243 0.73990417 0.002506471 0.6726991 -0.0033816064
23676180.16357143 0.23518372 -0.06527832 16.478708 0.74004847 0.0023911537 0.6725428 -0.0029688668
23726192.16357143 0.27122307 -0.06649866 16.474861 0.7400475 0.002305998 0.67254514 -0.00275041
23776180.16357143 0.30710602 -0.067042716 16.471539 0.74003166 0.0024198995 0.672563 -0.0025287254
23826184.16357143 0.34506416 -0.06753094 16.469276 0.74016726 0.0024926371 0.6724145 -0.0022629697
23876176.16357143 0.3812027 -0.06778011 16.46637 0.7402482 0.0021562157 0.6723266 -0.002219875
23926164.16357143 0.41879272 -0.067847915 16.462896 0.7402566 0.0021293648 0.67231804 -0.0020301896
23976154.16357143 0.45622826 -0.0671702 16.459705 0.7404073 0.001768075 0.67215353 -0.0019089686
24026166.16357143 0.49274445 -0.06706311 16.456259 0.74032295 0.0016366779 0.67224723 -0.0017196588
24076153.16357143 0.52895355 -0.067662045 16.453604 0.7403926 0.0015829791 0.67217076 -0.0016489174
24126160.16357143 0.56443214 -0.06891777 16.450382 0.74041206 0.0017965875 0.6721488 -0.0016988798
24176147.16357143 0.60046196 -0.06896705 16.44749 0.7404368 0.0018433463 0.67212147 -0.0016328704
24226136.16357143 0.6376362 -0.069705665 16.44502 0.74060035 0.0020364402 0.6719407 -0.0016367149
24276147.16357143 0.67357254 -0.06964963 16.442303 0.74070865 0.0021182115 0.6718217 -0.0013629154
24326131.16357143 0.70983887 -0.06955839 16.438643 0.74071085 0.0021714 0.67181957 -0.0010882916
24376125.16357143 0.7459812 -0.07036412 16.436592 0.74089116 0.0021565466 0.67162067 -0.0011648879
24426066.16357143 0.78206444 -0.07056766 16.433346 0.7409164 0.0020843372 0.6715933 -0.001012788
24476088.16357143 0.81723976 -0.07084957 16.43018 0.7409628 0.0021060056 0.6715422 -0.0008412504
24526085.16357143 0.85359955 -0.070853464 16.428192 0.74111724 0.0019371567 0.6713725 -0.00075763377
24576088.16357143 0.8899746 -0.071043134 16.424631 0.741106 0.0019574426 0.67138493 -0.0006273364
24626080.16357143 0.92500496 -0.07094049 16.421999 0.74117994 0.0018694747 0.67130363 -0.00049859413
24676062.16357143 0.9612274 -0.07194338 16.41895 0.7412328 0.0022211638 0.67124426 -0.00032190376
24726074.16357143 0.99650955 -0.07230464 16.415916 0.7412613 0.0023818787 0.6712123 -0.00012821575
24776060.16357143 1.0326595 -0.07222405 16.412983 0.74132824 0.00217244 0.6711392 -5.480661e-05
24826049.16357143 1.067955 -0.072717085 16.410376 0.74149287 0.0018919257 0.6709581 3.2606436e-05
24876060.16357143 1.103899 -0.07310379 16.407896 0.74156046 0.0014072913 0.67088455 2.450034e-06
24926047.16357143 1.1377449 -0.07328786 16.405085 0.7416215 0.0006171786 0.6708183 -0.000113213515
24976049.16357143 1.1738567 -0.07391133 16.401974 0.74157965 0.00065868656 0.6708646 -2.5534217e-05
25026035.16357143 1.2092075 -0.07415561 16.39914 0.7415825 0.0008186473 0.6708612 6.538219e-05
25076021.16357143 1.2445374 -0.074353956 16.395817 0.7414867 0.0010801848 0.6709666 0.00025762978
25126028.16357143 1.2794285 -0.075171575 16.392973 0.7415076 0.0013503642 0.67094314 0.00016977843
25176018.16357143 1.313715 -0.07515167 16.38998 0.7416219 0.0014956995 0.6708164 0.00039606605
25226007.16357143 1.348589 -0.07529346 16.387415 0.74181646 0.0013725323 0.6706014 0.00053016335
25276018.16357143 1.383915 -0.07552816 16.383747 0.7417296 0.0013793793 0.6706972 0.00073521683
25326006.16357143 1.4198341 -0.07634072 16.38217 0.74194735 0.0012957723 0.67045665 0.00057993387
25376010.16357143 1.4545898 -0.076917715 16.378819 0.7418114 0.0009665822 0.670608 0.00012975429
25425940.16357143 1.4910717 -0.0771655 16.376928 0.74195135 0.0010004509 0.67045295 -0.00021750892
25475960.16357143 1.5254192 -0.0780591 16.37282 0.7419423 0.0008159332 0.6704628 -0.0008951642
25525958.16357143 1.5603352 -0.078377664 16.370382 0.7419646 0.0009637125 0.67043805 -0.00077111076
25575961.16357143 1.5951576 -0.07894529 16.367243 0.7419288 0.0011862088 0.67047745 -0.00060543156
25625957.16357143 1.629715 -0.07950659 16.363829 0.7417627 0.001273923 0.6706611 -0.0004758261
25675971.16357143 1.664751 -0.07963235 16.36076 0.74182165 0.0009876883 0.6705965 -0.00044788126
25725963.16357143 1.7002907 -0.08005696 16.357756 0.741929 0.0012563288 0.6704774 -2.3548446e-05
25775954.16357143 1.7357197 -0.08020712 16.354723 0.7420149 0.00084874633 0.6703829 -0.0001389493
25825967.16357143 1.7705765 -0.080151066 16.35322 0.7421235 0.00061501 0.67026293 -0.00029178296
25875956.16357143 1.8060131 -0.081310205 16.349699 0.74206674 0.00057292584 0.6703253 -0.00084376754
25925946.16357143 1.8407001 -0.08149243 16.346786 0.7420186 0.0005634861 0.6703786 -0.0008398262
25975964.16357143 1.8759155 -0.081726424 16.34422 0.7420492 0.00036262788 0.67034465 -0.0010123858
26025955.16357143 1.9108734 -0.082172215 16.341581 0.742081 8.964536e-05 0.6703094 -0.0010591941
26075946.16357143 1.9456921 -0.082880616 16.337955 0.74195915 5.616831e-07 0.67044467 -0.00079677376
26125957.16357143 1.9804268 -0.08301645 16.336061 0.74206793 -0.0003635492 0.67032427 -0.0006799779
26175947.16357143 2.0148335 -0.08398774 16.333462 0.7420484 -0.0004792431 0.6703461 -0.00032821347
26225938.16357143 2.0502949 -0.08365679 16.331743 0.74222344 -0.0010687986 0.6701517 -0.00019940129
26275943.16357143 2.0857391 -0.08334608 16.327261 0.7421136 -0.0013678033 0.67027277 3.2659646e-05
26325952.16357143 2.1206856 -0.08375701 16.3245 0.74217767 -0.0013537315 0.67020184 0.00012380365
26375931.16357143 2.1560764 -0.0839902 16.321411 0.7421363 -0.0014920589 0.6702474 0.00017600544
26425883.16357143 2.1910362 -0.08426584 16.318825 0.7421916 -0.0019335649 0.6701849 0.00021694634
26475907.16357143 2.2275076 -0.084615365 16.31622 0.74220675 -0.0023003488 0.6701668 0.00053489837
26525915.16357143 2.2629433 -0.08518518 16.313587 0.74220437 -0.0028314171 0.6701674 0.00065174774
26575918.16357143 2.298852 -0.08530989 16.310717 0.74215245 -0.003359793 0.6702219 0.0009952226
26625910.16357143 2.335867 -0.08552763 16.306944 0.7421692 -0.0044022882 0.67019707 0.0012188982
26675922.16357143 2.3723907 -0.086024426 16.304087 0.74219435 -0.0052353404 0.6701626 0.0014853162
26725906.16357143 2.4102945 -0.0867594 16.30091 0.74215454 -0.0057571554 0.6702013 0.0019149961
26775895.16357143 2.4482021 -0.08759141 16.297161 0.7421022 -0.0056600086 0.67025983 0.0020429164
26825908.16357143 2.486619 -0.08847375 16.293316 0.7419935 -0.005089136 0.67038417 0.0022184232
26875902.16357143 2.5274305 -0.08860016 16.290348 0.74197334 -0.0050790804 0.6704076 0.0018778105
26925891.16357143 2.5674086 -0.08836877 16.287977 0.7421585 -0.0047562844 0.6702046 0.002028398
26975911.16357143 2.608695 -0.08992629 16.284103 0.74234337 -0.0045883376 0.6700023 0.0015401364
27025896.16357143 2.6497974 -0.09102045 16.280224 0.74232495 -0.0043457425 0.67002475 0.0013088399
27075891.16357143 2.69209 -0.09120013 16.27663 0.7423411 -0.0041131624 0.67000884 0.0010053656
27125883.16357143 2.7358618 -0.091703415 16.27205 0.7422018 -0.0036839421 0.670166 0.00071191654
27175901.16357143 2.7789974 -0.092458144 16.268524 0.74220294 -0.0034470588 0.6701664 0.00016354286
27225892.16357143 2.8241787 -0.09239656 16.264877 0.74237823 -0.0033511412 0.66997266 -0.00014543373
27275898.16357143 2.8687124 -0.092385076 16.260653 0.7422891 -0.0040499135 0.6700674 0.00034335456
27325886.16357143 2.9121952 -0.09367879 16.256573 0.7424102 -0.00440446 0.66993076 0.000802057
27375896.16357143 2.9575443 -0.09471933 16.252836 0.74238235 -0.0046365927 0.6699597 0.0009475069
27425835.16357143 3.0027018 -0.094487935 16.249348 0.7423747 -0.0048076487 0.66996676 0.0011485842
27475861.16357143 3.0500498 -0.09447766 16.24425 0.7422014 -0.004868207 0.670158 0.0012833325
27525864.16357143 3.0966473 -0.096310236 16.241184 0.7422488 -0.004707629 0.6701071 0.0010478158
27575866.16357143 3.1465836 -0.09554301 16.23656 0.74209887 -0.0048559327 0.6702721 0.0010479088
27625861.16357143 3.1921368 -0.09731996 16.233664 0.74214995 -0.005022767 0.6702147 0.0006344422
27675852.16357143 3.240117 -0.09783143 16.22941 0.7420041 -0.0051684505 0.6703753 0.00050403253
27725866.16357143 3.2889442 -0.098650746 16.225513 0.74195474 -0.005038531 0.6704309 0.0005342521
27775863.16357143 3.3381624 -0.099702515 16.22166 0.74197006 -0.00527517 0.67041224 0.00032114232
27825857.16357143 3.3854818 -0.099730276 16.218172 0.74189574 -0.0052784802 0.6704944 0.00048354492
27875868.16357143 3.4349365 -0.10064046 16.214891 0.74186945 -0.0053372965 0.67052287 0.00052597444
27925862.16357143 3.4839401 -0.102327466 16.210752 0.74187684 -0.0052586305 0.6705153 0.0005955438
27975853.16357143 3.5331259 -0.103270724 16.206491 0.74174935 -0.005227325 0.6706562 0.0009084606
28025868.16357143 3.58216 -0.10453914 16.202976 0.7417694 -0.0049357465 0.6706361 0.0010741986
28075858.16357143 3.631446 -0.10482124 16.198204 0.7416497 -0.0050170114 0.6707675 0.0012693049
28125853.16357143 3.6834993 -0.10593459 16.195345 0.74171084 -0.005025729 0.6706997 0.0012876738
28175862.16357143 3.7334757 -0.107062265 16.191473 0.7416868 -0.0049968953 0.67072654 0.0012596138
28225860.16357143 3.7833328 -0.10789233 16.187105 0.7416837 -0.004845153 0.670731 0.0013273577
28275861.16357143 3.8336258 -0.108623296 16.183018 0.7415908 -0.004700889 0.67083454 0.0014356346
28325858.16357143 3.883257 -0.1101208 16.178703 0.74149084 -0.004727442 0.6709447 0.0015169733
28375871.16357143 3.934988 -0.11074207 16.1749 0.7413959 -0.004627754 0.6710496 0.0017934716
28425805.16357143 3.9861822 -0.11205812 16.170876 0.741342 -0.004599859 0.6711083 0.0021436594
28475854.16357143 4.0360394 -0.11239341 16.166807 0.74132055 -0.00457818 0.6711315 0.0023319651
28525835.16357143 4.0877743 -0.114010476 16.162642 0.74123055 -0.0042833537 0.67123204 0.0025565089
28575848.16357143 4.1384993 -0.114992686 16.158699 0.74115986 -0.0039458456 0.6713118 0.0026679127
28625842.16357143 4.1903114 -0.11630195 16.154152 0.7410799 -0.0036352598 0.6714016 0.002695784
28675835.16357143 4.241947 -0.11700694 16.150257 0.74104583 -0.0031460589 0.67144144 0.0027495078
28725844.16357143 4.292877 -0.11758068 16.146067 0.74103236 -0.0033208968 0.6714566 0.00248865
28775841.16357143 4.344571 -0.11941314 16.142225 0.74110395 -0.0034733457 0.6713779 0.0021397339
28825855.16357143 4.3958807 -0.12046428 16.138283 0.7409995 -0.0039687837 0.67149085 0.002034155
28875844.16357143 4.448203 -0.12023165 16.13367 0.7409205 -0.004507611 0.67157286 0.002530159
28925861.16357143 4.4995584 -0.12260501 16.130308 0.74086744 -0.0052006138 0.67162526 0.0028228888
28975850.16357143 4.551427 -0.12354118 16.125853 0.74070305 -0.0060712877 0.67179656 0.0034065011
29025864.16357143 4.601619 -0.12378743 16.121748 0.74064624 -0.0069499128 0.6718476 0.003977969
29075857.16357143 4.6524916 -0.12673204 16.116768 0.7405874 -0.0070181913 0.67190623 0.004798157
29125848.16357143 4.7045364 -0.12791103 16.111906 0.74046606 -0.0072957207 0.67203313 0.0053231595
29175862.16357143 4.7560463 -0.12918594 16.10871 0.7404723 -0.007621299 0.6720228 0.0052958727
29225853.16357143 4.8088894 -0.13008761 16.10408 0.7404426 -0.008088204 0.67205215 0.005036723
29275849.16357143 4.860797 -0.13162914 16.099829 0.7405391 -0.008350085 0.6719476 0.004321889
29325858.16357143 4.9113417 -0.13342753 16.093735 0.7403402 -0.008835775 0.67216784 0.0029793314
29375851.16357143 4.964802 -0.13605054 16.08922 0.740301 -0.008853072 0.6722146 0.0018939076
29425793.16357143 5.016838 -0.13714972 16.08532 0.7402084 -0.00907871 0.6723151 0.0012679965
29475818.16357143 5.0700226 -0.13809061 16.081831 0.7400348 -0.009811706 0.6724968 0.0005628137
29525823.16357143 5.1199293 -0.13960703 16.077623 0.73988825 -0.00979004 0.67265856 0.0001768722
29575832.16357143 5.174821 -0.14025475 16.072842 0.7397639 -0.009572497 0.6727984 0.00038194566
29625826.16357143 5.2249527 -0.14057454 16.066973 0.7396532 -0.009288047 0.6729229 0.0012688243
29675843.16357143 5.2777863 -0.14159283 16.062239 0.7395652 -0.009841681 0.6730102 0.0019783753
29725832.16357143 5.3254156 -0.1419678 16.061834 0.7398674 -0.010793705 0.67266136 0.0025453004
29775825.16357143 5.376712 -0.14336652 16.05809 0.7399762 -0.011171679 0.6725321 0.0033281967
29825843.16357143 5.427347 -0.14523463 16.053873 0.74013823 -0.011454835 0.6723457 0.003933361
29875832.16357143 5.4808836 -0.14596543 16.049967 0.7402331 -0.0122553 0.6722259 0.004133697
29925849.16357143 5.5318174 -0.14734827 16.044985 0.74027437 -0.012813763 0.6721679 0.004476747
29975842.16357143 5.5818377 -0.14886606 16.041039 0.740328 -0.012736691 0.6721086 0.0047338763
30025836.16357143 5.63408 -0.15110067 16.03619 0.74017733 -0.011657622 0.67229533 0.004543793
30075853.16357143 5.687434 -0.15161349 16.031694 0.7401577 -0.011828744 0.6723206 0.0034092772
30125846.16357143 5.738411 -0.15258041 16.027048 0.7401871 -0.011332556 0.67230034 0.002633269
30175856.16357143 5.791277 -0.15390153 16.022202 0.7403213 -0.010519179 0.67216766 0.0020907864
30225852.16357143 5.841983 -0.1550849 16.019655 0.7405041 -0.009111085 0.6719886 0.0014485662
30275852.16357143 5.8931656 -0.15661742 16.014797 0.7404029 -0.007058362 0.6721258 0.00082962384
30325868.16357143 5.9452486 -0.15725103 16.010614 0.74052465 -0.0051496 0.6720094 0.00051460305
30375869.16357143 5.99784 -0.15766263 16.005932 0.7407078 -0.003642666 0.6718175 9.025339e-05
30425812.16357143 6.0489597 -0.15741426 16.00404 0.741122 -0.0027399429 0.67136467 0.00043938638
30475844.16357143 6.10017 -0.15945487 15.998303 0.7413246 -0.0019906876 0.6711436 0.00045363544
30525854.16357143 6.15135 -0.16039607 15.994384 0.74162745 -0.0022410033 0.67080826 3.4830107e-05
30575869.16357143 6.20247 -0.16084385 15.989632 0.7417888 -0.0026222188 0.6706285 0.00012490415
30625868.16357143 6.2534075 -0.16344368 15.985402 0.7418552 -0.0028209575 0.6705543 0.00012097535
30675888.16357143 6.3055534 -0.16395444 15.980482 0.7417707 -0.0031824922 0.6706453 0.0010717093
30725884.16357143 6.3561745 -0.16534925 15.97624 0.7418777 -0.0025538716 0.6705264 0.0022993449
30775875.16357143 6.4078035 -0.16646521 15.970852 0.7419372 -0.0014144036 0.67045814 0.0036221475
30825894.16357143 6.459029 -0.16703565 15.965467 0.74202687 -0.0002905296 0.67035156 0.004990135
30875888.16357143 6.511091 -0.16806406 15.959606 0.742064 0.00063576695 0.67029965 0.006248932
30925880.16357143 6.562234 -0.16942537 15.954142 0.74210787 0.0011161634 0.670245 0.0068069454
30975898.16357143 6.614461 -0.17008002 15.951265 0.7425242 0.0007366476 0.6697827 0.0069572916
31025889.16357143 6.6664057 -0.17124736 15.946338 0.7426454 -0.00040045238 0.6696477 0.007050079
31075904.16357143 6.716611 -0.17346439 15.942281 0.74271196 -0.0017205592 0.66957074 0.007151931
31125902.16357143 6.7682905 -0.17475343 15.937946 0.74253976 -0.0030498856 0.6697448 0.0082109375
31175897.16357143 6.8191175 -0.17663597 15.933679 0.7422283 -0.0036742054 0.67006814 0.009612074
31225911.16357143 6.871052 -0.17655616 15.929471 0.74208176 -0.0043836744 0.6702053 0.010969569
31275908.16357143 6.921794 -0.17813607 15.9241905 0.74195 -0.004922093 0.6703304 0.011970577
31325897.16357143 6.9738693 -0.17968598 15.919678 0.7420257 -0.0050943634 0.6702349 0.012536413
31375910.16357143 7.0253305 -0.18161245 15.914005 0.74201953 -0.0050460696 0.67024827 0.01220046
31425848.16357143 7.0764933 -0.18352628 15.910412 0.7421566 -0.0052552964 0.67012024 0.010718189
31475897.16357143 7.130473 -0.18441935 15.907324 0.74223244 -0.005745645 0.6700501 0.009533356
31525874.16357143 7.18132 -0.18580787 15.902526 0.74206245 -0.0066365004 0.6702508 0.007951853
31575887.16357143 7.2324877 -0.18587485 15.90003 0.7421773 -0.0076112156 0.67012525 0.00686045
31625877.16357143 7.283703 -0.18827046 15.895489 0.74200255 -0.008101172 0.67032295 0.0058077327
31675897.16357143 7.335289 -0.18979836 15.891897 0.7419191 -0.008339367 0.6704162 0.0053537562
31725892.16357143 7.3865156 -0.19149159 15.8871155 0.74172956 -0.008119852 0.67062944 0.0052522505
31775889.16357143 7.4386454 -0.19276825 15.882387 0.7416081 -0.007901905 0.67076945 0.004837432
31825909.16357143 7.4911375 -0.19446176 15.878302 0.7416458 -0.0078386385 0.6707323 0.004280059
31875904.16357143 7.544688 -0.19326274 15.874338 0.7418603 -0.0075420626 0.67050076 0.0039148442
31925922.16357143 7.5959063 -0.19458269 15.869747 0.7420253 -0.007065503 0.6703283 0.0029061474
31975921.16357143 7.649226 -0.19522065 15.865574 0.7421837 -0.0065524285 0.67016095 0.002210273
32025918.16357143 7.6992817 -0.19796808 15.860941 0.7422402 -0.006138259 0.6701045 0.0013599711
32075940.16357143 7.75266 -0.19783619 15.85672 0.74227124 -0.0065212287 0.67006606 0.0015452598
32125940.16357143 7.8032427 -0.1985515 15.852661 0.7423572 -0.006478253 0.6699687 0.0024321808
32175961.16357143 7.855644 -0.20024143 15.847942 0.74244446 -0.0060875546 0.66987294 0.003078747
32225951.16357143 7.9094152 -0.19998437 15.844397 0.74267155 -0.006524558 0.6696184 0.0027479718
32275956.16357143 7.961128 -0.201565 15.840187 0.7426866 -0.0071069747 0.66959643 0.0026152902
32325951.16357143 8.013253 -0.20237005 15.836113 0.7427944 -0.007988801 0.6694686 0.002143179
32375967.16357143 8.0652 -0.20258656 15.83258 0.7427968 -0.00859518 0.6694601 0.0014694809
32425900.16357143 8.118383 -0.20344001 15.828672 0.74271965 -0.008751431 0.66954505 0.00066578324
32475944.16357143 8.1717415 -0.20476863 15.823904 0.7427811 -0.008182113 0.66948426 0.00035522788
32525930.16357143 8.223695 -0.20671082 15.81831 0.7425802 -0.0069028093 0.6697202 0.0013973695
32575947.16357143 8.275987 -0.20803905 15.8128605 0.7424279 -0.0065123574 0.66988885 0.0027239423
32625946.16357143 8.327022 -0.21003395 15.808993 0.7425251 -0.007009019 0.66977537 0.0029092615
32675967.16357143 8.381236 -0.2113275 15.80368 0.742657 -0.008159133 0.6696172 0.002616931
32725963.16357143 8.4320345 -0.21306378 15.800091 0.7430523 -0.009190499 0.66916674 0.002178606
32775977.16357143 8.486606 -0.2137388 15.796004 0.743373 -0.009912115 0.6687992 0.0024366097
32825970.16357143 8.538691 -0.21517614 15.791767 0.7434636 -0.01019608 0.66869575 0.0019910724
32875966.16357143 8.592254 -0.21638003 15.786417 0.7433393 -0.009371666 0.6688461 0.0019519213
32925986.16357143 8.644401 -0.21744993 15.781275 0.74318236 -0.007665508 0.66903764 0.0031397804
32975980.16357143 8.697517 -0.21888754 15.775953 0.74319893 -0.005728961 0.66903454 0.0039105355
33026002.16357143 8.751022 -0.22006616 15.770838 0.7432853 -0.0038265483 0.66894925 0.004385611
33075992.16357143 8.804357 -0.22095042 15.766752 0.7437687 -0.002183436 0.66841656 0.0047710803
33126014.16357143 8.8573 -0.2222324 15.762113 0.74411416 -0.001379321 0.6680347 0.0046789357
33176014.16357143 8.909494 -0.22365661 15.7581005 0.7444298 -0.0013402626 0.6676852 0.0043605943
33226012.16357143 8.962694 -0.2243281 15.752907 0.7445264 -0.00044544486 0.66757345 0.0050982498
33276025.16357143 9.016058 -0.2256814 15.746981 0.744539 0.0006243808 0.66755205 0.00596141
33326046.16357143 9.070645 -0.22691181 15.742298 0.74469465 0.00055210956 0.66738 0.005794835
33376059.16357143 9.123912 -0.22773412 15.737781 0.74470246 -0.00068170327 0.6673775 0.0050133206
33426001.16357143 9.17786 -0.22793552 15.733596 0.7448589 -0.0022595741 0.6672014 0.004737285
33476034.16357143 9.230158 -0.22913033 15.729901 0.74506694 -0.0032758866 0.6669649 0.004742312
33526046.16357143 9.283738 -0.23005697 15.7248335 0.7450447 -0.0042894077 0.66698486 0.004604456
33576066.16357143 9.336292 -0.23097406 15.720681 0.7450228 -0.0057680937 0.6669984 0.0045757424
33626058.16357143 9.388336 -0.23229174 15.715487 0.74473625 -0.0064398027 0.66729885 0.006222888
33676082.16357143 9.441552 -0.2340482 15.709945 0.74458426 -0.007316376 0.6674356 0.008399471
33726080.16357143 9.494516 -0.23546147 15.704608 0.74450266 -0.0086918995 0.6674905 0.009834733
33776078.16357143 9.547064 -0.23679912 15.700673 0.7449189 -0.011365533 0.66698825 0.0096650785
33826099.16357143 9.6003475 -0.23891132 15.696303 0.74537295 -0.013594886 0.6664443 0.00929286
33876092.16357143 9.653381 -0.24121639 15.692248 0.7455531 -0.015052585 0.6662046 0.009779102
33926108.16357143 9.705572 -0.2437179 15.687468 0.7454539 -0.015786204 0.6662884 0.010445948
33976104.16357143 9.760179 -0.24499188 15.681837 0.74530995 -0.01639046 0.6664356 0.010394665
34026122.16357143 9.811326 -0.24807648 15.677029 0.745325 -0.015660012 0.6664304 0.010768068
34076118.16357143 9.866772 -0.25055614 15.671202 0.7452588 -0.014336108 0.6665241 0.011381785
34126117.16357143 9.920095 -0.25471598 15.665613 0.745436 -0.013196995 0.6663511 0.0112829
34176139.16357143 9.973652 -0.2567964 15.660645 0.74559224 -0.012477421 0.6661963 0.0109116575
34226132.16357143 10.027614 -0.2592045 15.6557045 0.7459174 -0.011583105 0.66585165 0.010708126
34276140.16357143 10.081172 -0.2613482 15.650407 0.7461375 -0.010956879 0.6656153 0.010724366
34326160.16357143 10.132939 -0.26370144 15.645134 0.7460899 -0.010927745 0.6656733 0.010465132
34376159.16357143 10.186489 -0.26566595 15.639066 0.74594647 -0.010837191 0.66583604 0.010437978
34426110.16357143 10.239156 -0.2676596 15.634433 0.74610484 -0.010588754 0.66566366 0.010358955
34476159.16357143 10.29114 -0.27007473 15.628955 0.74605775 -0.009909437 0.6657264 0.010391507
34526156.16357143 10.342342 -0.27193376 15.624257 0.74599445 -0.0093145 0.66580665 0.01034981
34576141.16357143 10.393875 -0.2730267 15.619108 0.7459042 -0.00884079 0.6659134 0.010399342
34626163.16357143 10.445384 -0.2756307 15.613776 0.74577326 -0.0084557505 0.6660685 0.010180838
34676156.16357143 10.494983 -0.27772576 15.609096 0.74569213 -0.0082067475 0.6661684 0.009777339
34726149.16357143 10.543747 -0.28006977 15.604565 0.745739 -0.008186445 0.6661259 0.009089497
34776158.16357143 10.591527 -0.2816509 15.60087 0.7457343 -0.008397727 0.6661372 0.0084358
34826152.16357143 10.640436 -0.2832934 15.596032 0.7456531 -0.008511958 0.66623116 0.008062688
34876169.16357143 10.686301 -0.28525934 15.591853 0.7455733 -0.008719165 0.6663203 0.007857121
34926162.16357143 10.731639 -0.28726083 15.587842 0.7454811 -0.008732411 0.66642314 0.007870059
