947695.7899999999 -0.0 -0.0 -0.0 -0.0 -0.0 1.0 -0.0
988125.268 -0.0 -0.0 -0.0 -0.0 -0.0 1.0 -0.0
1047697.132 -0.0 -0.0 -0.0 -0.0 -0.0 1.0 -0.0
1088126.61 -0.0 -0.0 -0.0 -0.0 -0.0 1.0 -0.0
1147698.224 -0.0 -0.0 -0.0 -0.0 -0.0 1.0 -0.0
1188136.202 -0.0 -0.0 -0.0 -0.0 -0.0 1.0 -0.0
1247754.064 -0.0013408224 -0.0010744851 -0.0005436777 -0.0002021165 -0.0004085675 0.9999999 0.00010428515
1288129.044 -0.0013408224 -0.0010744851 -0.0005436777 -0.0002021165 -0.0004085675 0.9999999 0.00010428515
1347700.907 -0.0013408224 -0.0010744851 -0.0005436777 -0.0002021165 -0.0004085675 0.9999999 0.00010428515
1388130.1360000002 -0.0013408224 -0.0010744851 -0.0005436777 -0.0002021165 -0.0004085675 0.9999999 0.00010428515
1447702.249 -0.0013408224 -0.0010744851 -0.0005436777 -0.0002021165 -0.0004085675 0.9999999 0.00010428515
1488131.478 -0.0013408224 -0.0010744851 -0.0005436777 -0.0002021165 -0.0004085675 0.9999999 0.00010428515
1547703.091 -0.0013408224 -0.0010744851 -0.0005436777 -0.0002021165 -0.0004085675 0.9999999 0.00010428515
1588132.82 -0.0013408224 -0.0010744851 -0.0005436777 -0.0002021165 -0.0004085675 0.9999999 0.00010428515
1647704.433 -0.0013408224 -0.0010744851 -0.0005436777 -0.0002021165 -0.0004085675 0.9999999 0.00010428515
1688133.911 -0.0013408224 -0.0010744851 -0.0005436777 -0.0002021165 -0.0004085675 0.9999999 0.00010428515
1747705.775 -0.0013408224 -0.0010744851 -0.0005436777 -0.0002021165 -0.0004085675 0.9999999 0.00010428515
1788135.003 -0.0013408224 -0.0010744851 -0.0005436777 -0.0002021165 -0.0004085675 0.9999999 0.00010428515
1847706.867 -0.0013408224 -0.0010744851 -0.0005436777 -0.0002021165 -0.0004085675 0.9999999 0.00010428515
1888136.095 -0.0013408224 -0.0010744851 -0.0005436777 -0.0002021165 -0.0004085675 0.9999999 0.00010428515
1947707.9579999999 -0.0013408224 -0.0010744851 -0.0005436777 -0.0002021165 -0.0004085675 0.9999999 0.00010428515
1988137.4370000002 -0.0013408224 -0.0010744851 -0.0005436777 -0.0002021165 -0.0004085675 0.9999999 0.00010428515
2047709.3 -0.0013408224 -0.0010744851 -0.0005436777 -0.0002021165 -0.0004085675 0.9999999 0.00010428515
2089565.7520000003 -0.0013408224 -0.0010744851 -0.0005436777 -0.0002021165 -0.0004085675 0.9999999 0.00010428515
2138916.31 -0.0013408224 -0.0010744851 -0.0005436777 -0.0002021165 -0.0004085675 0.9999999 0.00010428515
2188924.856 -0.0013408224 -0.0010744851 -0.0005436777 -0.0002021165 -0.0004085675 0.9999999 0.00010428515
2239456.392 -0.0013408224 -0.0010744851 -0.0005436777 -0.0002021165 -0.0004085675 0.9999999 0.00010428515
2290321.671 -0.0013408224 -0.0010744851 -0.0005436777 -0.0002021165 -0.0004085675 0.9999999 0.00010428515
2340496.714 -0.0013408224 -0.0010744851 -0.0005436777 -0.0002021165 -0.0004085675 0.9999999 0.00010428515
2389990.0190000003 -0.0013408224 -0.0010744851 -0.0005436777 -0.0002021165 -0.0004085675 0.9999999 0.00010428515
2439480.825 -0.0013408224 -0.0010744851 -0.0005436777 -0.0002021165 -0.0004085675 0.9999999 0.00010428515
2489285.125 -0.0013408224 -0.0010744851 -0.0005436777 -0.0002021165 -0.0004085675 0.9999999 0.00010428515
2539365.169 -0.0013408224 -0.0010744851 -0.0005436777 -0.0002021165 -0.0004085675 0.9999999 0.00010428515
2589627.21 -0.0013408224 -0.0010744851 -0.0005436777 -0.0002021165 -0.0004085675 0.9999999 0.00010428515
2639858.001 -0.0013408224 -0.0010744851 -0.0005436777 -0.0002021165 -0.0004085675 0.9999999 0.00010428515
2689835.048 -0.0013408224 -0.0010744851 -0.0005436777 -0.0002021165 -0.0004085675 0.9999999 0.00010428515
2739645.097 -0.0013408224 -0.0010744851 -0.0005436777 -0.0002021165 -0.0004085675 0.9999999 0.00010428515
2789487.1459999997 -0.0013408224 -0.0010744851 -0.0005436777 -0.0002021165 -0.0004085675 0.9999999 0.00010428515
2839455.943 -0.0013408224 -0.0010744851 -0.0005436777 -0.0002021165 -0.0004085675 0.9999999 0.00010428515
2889575.736 -0.0013408224 -0.0010744851 -0.0005436777 -0.0002021165 -0.0004085675 0.9999999 0.00010428515
2939631.531 -0.002904698 -0.00076471065 -0.0009006523 -0.00055617036 -0.0023715922 0.9999971 -0.00013463212
2989672.077 -0.002904698 -0.00076471065 -0.0009006523 -0.00055617036 -0.0023715922 0.9999971 -0.00013463212
3039640.873 -0.002904698 -0.00076471065 -0.0009006523 -0.00055617036 -0.0023715922 0.9999971 -0.00013463212
3089585.92 -0.002904698 -0.00076471065 -0.0009006523 -0.00055617036 -0.0023715922 0.9999971 -0.00013463212
3139546.967 -0.003553599 -0.001228944 -0.0011355617 -0.0005545619 -0.0017509408 0.99999833 -7.1603215e-05
3189563.762 -0.003553599 -0.001228944 -0.0011355617 -0.0005545619 -0.0017509408 0.99999833 -7.1603215e-05
3239603.8079999997 -0.003553599 -0.001228944 -0.0011355617 -0.0005545619 -0.0017509408 0.99999833 -7.1603215e-05
3289635.8529999997 -0.003553599 -0.001228944 -0.0011355617 -0.0005545619 -0.0017509408 0.99999833 -7.1603215e-05
3339636.399 -0.003553599 -0.001228944 -0.0011355617 -0.0005545619 -0.0017509408 0.99999833 -7.1603215e-05
3389613.445 -0.003553599 -0.001228944 -0.0011355617 -0.0005545619 -0.0017509408 0.99999833 -7.1603215e-05
3439598.241 -0.003553599 -0.001228944 -0.0011355617 -0.0005545619 -0.0017509408 0.99999833 -7.1603215e-05
3489590.787 -0.003553599 -0.001228944 -0.0011355617 -0.0005545619 -0.0017509408 0.99999833 -7.1603215e-05
3539607.583 -0.003553599 -0.001228944 -0.0011355617 -0.0005545619 -0.0017509408 0.99999833 -7.1603215e-05
3589639.628 -0.0030266016 -0.0006384555 -0.0010424877 -0.0005632165 -0.0014215087 0.99999887 -0.00013732084
3639632.175 -0.0030266016 -0.0006384555 -0.0010424877 -0.0005632165 -0.0014215087 0.99999887 -0.00013732084
3689609.2210000004 -0.0030266016 -0.0006384555 -0.0010424877 -0.0005632165 -0.0014215087 0.99999887 -0.00013732084
3739585.767 -0.0030266016 -0.0006384555 -0.0010424877 -0.0005632165 -0.0014215087 0.99999887 -0.00013732084
3789578.313 -0.0030266016 -0.0006384555 -0.0010424877 -0.0005632165 -0.0014215087 0.99999887 -0.00013732084
3839579.109 -0.0030266016 -0.0006384555 -0.0010424877 -0.0005632165 -0.0014215087 0.99999887 -0.00013732084
3889595.655 -0.0030266016 -0.0006384555 -0.0010424877 -0.0005632165 -0.0014215087 0.99999887 -0.00013732084
3939612.201 -0.0030266016 -0.0006384555 -0.0010424877 -0.0005632165 -0.0014215087 0.99999887 -0.00013732084
3989612.996 -0.002820352 0.0010085643 -0.00061530044 -0.00049657165 -0.0013781996 0.9999989 -0.00023776453
4039597.543 -0.002820352 0.0010085643 -0.00061530044 -0.00049657165 -0.0013781996 0.9999989 -0.00023776453
4089582.089 -0.002820352 0.0010085643 -0.00061530044 -0.00049657165 -0.0013781996 0.9999989 -0.00023776453
4139575.1350000002 -0.002820352 0.0010085643 -0.00061530044 -0.00049657165 -0.0013781996 0.9999989 -0.00023776453
4189583.181 -0.002820352 0.0010085643 -0.00061530044 -0.00049657165 -0.0013781996 0.9999989 -0.00023776453
4239591.977 -0.002820352 0.0010085643 -0.00061530044 -0.00049657165 -0.0013781996 0.9999989 -0.00023776453
4289600.522 -0.002820352 0.0010085643 -0.00061530044 -0.00049657165 -0.0013781996 0.9999989 -0.00023776453
4339601.068 -0.002820352 0.0010085643 -0.00061530044 -0.00049657165 -0.0013781996 0.9999989 -0.00023776453
4389593.864 -0.002820352 0.0010085643 -0.00061530044 -0.00049657165 -0.0013781996 0.9999989 -0.00023776453
4439594.409999999 -0.002820352 0.0010085643 -0.00061530044 -0.00049657165 -0.0013781996 0.9999989 -0.00023776453
4489594.956 -0.002820352 0.0010085643 -0.00061530044 -0.00049657165 -0.0013781996 0.9999989 -0.00023776453
4539603.502 -0.002820352 0.0010085643 -0.00061530044 -0.00049657165 -0.0013781996 0.9999989 -0.00023776453
4589612.298 -0.002820352 0.0010085643 -0.00061530044 -0.00049657165 -0.0013781996 0.9999989 -0.00023776453
4639620.8440000005 -0.0033885115 -0.0008988318 -0.00092737377 -0.00049998716 -0.0010295489 0.9999994 -0.00018778165
4689613.39 -0.0033885115 -0.0008988318 -0.00092737377 -0.00049998716 -0.0010295489 0.9999994 -0.00018778165
4739613.936000001 -0.0033885115 -0.0008988318 -0.00092737377 -0.00049998716 -0.0010295489 0.9999994 -0.00018778165
4789622.731000001 -0.0032688617 -0.0011580264 -0.0014963084 -0.0004993951 -0.001241781 0.99999917 -0.00018296784
4839623.527000001 -0.0032513766 -0.0010368348 -0.001214872 -0.00058037054 -0.001221649 0.9999991 -0.00020398051
4889623.823 -0.003495605 -0.00055220386 -0.0013483077 -0.00059618574 -0.0010361841 0.99999934 -0.000144712
4939624.369 -0.0037022163 4.573891e-05 -0.0015238941 -0.0005643203 -0.0010495037 0.9999993 -0.00010236536
4989624.915 -0.003637425 0.00034709056 -0.001358334 -0.0005361538 -0.0010939494 0.9999992 -0.00024145145
5039617.711 -0.0035831188 0.0005029228 -0.0011977268 -0.00056543935 -0.0010801527 0.9999992 -0.00031229435
5089618.257 -0.0037745393 0.00027214424 -0.0013560331 -0.0005033777 -0.0010957139 0.9999993 -0.00032165035
5139610.803 -0.0041449494 0.00020522777 -0.0012756481 -0.000521317 -0.0010553037 0.9999993 -0.0001982954
5189603.598999999 -0.0043324335 -6.725419e-05 -0.0014762431 -0.0005226134 -0.001031405 0.99999934 -0.00016070827
5239660.394 -0.004307523 -0.0002474174 -0.0013499499 -0.00049998256 -0.0012155295 0.9999991 -0.00017332663
5289620.691000001 -0.004557047 -0.00038479723 -0.0017816211 -0.0005174002 -0.001069363 0.99999934 -0.00014486299
5339629.237000001 -0.004653709 -0.00040104694 -0.0020539295 -0.00053288357 -0.0011314853 0.9999993 -5.1759696e-05
5389629.782 -0.005096465 2.167205e-05 -0.0024179693 -0.000550554 -0.0011438916 0.9999992 -2.9728708e-06
5439638.578 -0.0051148967 0.00084646937 -0.0025527594 -0.00053357566 -0.0010133696 0.9999994 -4.0374576e-05
5489631.124 -0.0047265254 0.0014192932 -0.0025304796 -0.00044385268 -0.0013083026 0.999999 -0.00032892037
5539615.671 -0.0039633666 0.0020004343 -0.0017075886 -0.00043408113 -0.0013672365 0.999999 -0.00020705441
5589600.467 -0.0029173647 0.0022878693 -0.00075757236 -0.00048050494 -0.0012563085 0.99999917 -0.00020648271
5639593.513 -0.0012689714 0.0024161104 0.00037450853 -0.0005128271 -0.001431086 0.99999887 -0.00017621205
5689586.058999999 0.0009039018 0.0021503877 0.0017186932 -0.00044399142 -0.0008721992 0.9999996 -0.00013829052
5739586.605 0.0024261086 0.0013162666 0.0012807461 0.00023033416 0.0004643891 0.9999999 1.4568449e-05
5789595.151000001 0.003917248 -0.00033903564 0.0009490536 0.0008387041 0.001687876 0.9999982 5.8170608e-05
5839603.4459999995 0.005644886 -0.002210814 0.0010070878 0.0007615478 0.003288808 0.99999404 0.0007291547
5889604.242 0.007275944 -0.004951719 0.0013902498 -0.0007830663 0.002417991 0.9999968 -0.00037305307
5939620.788 0.008628193 -0.009225819 0.0031701855 0.005914899 0.013956623 0.99988407 -0.0014688955
5989717.332 0.009328343 -0.012140845 0.003747963 0.0059407963 0.013342962 0.9998925 -0.0013210925
6039685.379 0.009389616 -0.01484296 0.0042437776 0.005760193 0.013367287 0.99989337 -0.0011981853
6089733.424 0.009713991 -0.017290844 0.0046354346 0.0059205494 0.01340483 0.9998924 -0.00067718653
6139781.469 0.011430093 -0.017688684 0.004958188 0.0027492747 0.013505447 0.99986136 0.0093452
6189829.7639999995 0.011320724 -0.020006439 0.005638421 0.0027766784 0.012978415 0.9998656 0.009632552
6239854.308999999 0.010308118 -0.021846281 0.006882285 0.002124421 0.012001048 0.9998653 0.010996721
6289878.855 0.009704746 -0.023627842 0.007070423 -0.004743335 0.0135815395 0.999826 0.011875915
6339902.9 0.009040387 -0.024886113 0.008411482 -0.012939784 0.015869338 0.9997065 0.012952309
6389927.6959999995 0.0075653004 -0.025307344 0.008788491 -0.017980715 0.014680231 0.99965096 0.01261746
6439959.740999999 0.0064397524 -0.025292354 0.009623174 -0.023258504 0.011738918 0.99956167 0.0140642
6490000.285999999 0.004849942 -0.025070135 0.010405604 -0.028641263 0.011175765 0.9994449 0.012834587
6540048.331 0.0029449519 -0.02462508 0.011100179 -0.034052577 0.012386093 0.9992894 0.010378798
6590080.376 0.001654257 -0.023823263 0.011679594 -0.035601687 0.013149759 0.999251 0.007551521
6640089.172 0.00023597786 -0.02254514 0.012214569 -0.035101656 0.012626645 0.99929154 0.004995509
6690081.718 -0.002188645 -0.020895623 0.01257052 -0.036683146 0.011382594 0.9992587 0.0026216547
6740066.264 -0.0044026086 -0.019288234 0.0124367615 -0.03939238 0.010947745 0.9991612 0.0023386283
6790043.561 -0.00643284 -0.017393932 0.012187073 -0.039826475 0.008976977 0.99916476 0.0017501108
6840044.107 -0.008583415 -0.015074495 0.011947554 -0.039624516 0.0050265505 0.9992016 0.00089212216
6890060.652 -0.0110776685 -0.0126886 0.0116860205 -0.0424819 0.0045700236 0.99908674 -0.00043313595
6940068.698 -0.01292868 -0.010332108 0.011153272 -0.04638981 0.0074592647 0.9988945 -0.0014750217
6990045.995 -0.013836807 -0.008192854 0.010564415 -0.04882978 0.01005552 0.9987486 -0.0039839474
7040014.541 -0.014214141 -0.0058933557 0.010058584 -0.050584394 0.0101467455 0.99864715 -0.0064959866
7089975.588 -0.0140176695 -0.003967389 0.009659595 -0.052920263 0.00965915 0.9984968 -0.010505147
7139928.885 -0.013221728 -0.0020964353 0.009627999 -0.05457007 0.009958076 0.99834955 -0.014872622
7189907.181000001 -0.011827861 -0.0003945581 0.010122917 -0.055035736 0.011858483 0.998215 -0.019933237
7239826.978 -0.010020694 0.001338079 0.010642342 -0.05568693 0.01454313 0.9980464 -0.024309428
7289787.525 -0.0070610335 0.0025661995 0.011122471 -0.055507984 0.017343512 0.99795324 -0.026597245
7339740.822000001 -0.003304448 0.0036931215 0.011589874 -0.054046515 0.018684236 0.9979945 -0.027147073
7389701.869 0.0013139392 0.004890948 0.012362727 -0.050841875 0.018135283 0.9981534 -0.027858568
7439670.915 0.006935014 0.005863224 0.013158009 -0.045174938 0.016586717 0.99841493 -0.029184008
7489647.461999999 0.013186972 0.0064192363 0.013809732 -0.038842686 0.015546774 0.99868304 -0.02969559
7539608.507999999 0.020098248 0.0065818904 0.014421203 -0.033361014 0.0170548 0.9988507 -0.029891603
7589561.805 0.027324788 0.0064899204 0.014998412 -0.028024416 0.019810364 0.9989425 -0.030596223
7639506.852 0.034889173 0.0062579503 0.015625728 -0.02076178 0.022139037 0.99902105 -0.032183025
7689467.399 0.04237141 0.0056442986 0.016395275 -0.011783581 0.023266925 0.99909246 -0.033677515
7739451.944999999 0.049329013 0.0044319117 0.017020438 -0.0047986107 0.02491127 0.99912924 -0.033124015
7789444.990999999 0.05563807 0.00244636 0.017630093 -0.00073689385 0.027675502 0.9991201 -0.031505566
7839437.7870000005 0.06141043 -0.00022139732 0.018203462 0.0035074165 0.030080764 0.9991318 -0.02860867
7889430.333 0.06659347 -0.0033972682 0.018742483 0.006737407 0.031749085 0.99917454 -0.024431119
7939438.879 0.07103791 -0.00687754 0.019129507 0.008436014 0.032094657 0.9992683 -0.019018203
7989471.174 0.07506224 -0.010627705 0.019432485 0.010751191 0.03095425 0.99937665 -0.0131367585
8039535.2190000005 0.07830332 -0.014339094 0.019753695 0.014476096 0.02858461 0.9994537 -0.008102474
8089615.262999999 0.08060772 -0.018067578 0.020097569 0.01671936 0.027098842 0.9994844 -0.00414964
8139679.308 0.08205468 -0.02168471 0.02048218 0.016807856 0.028034102 0.999465 -0.0012037976
8189703.353999999 0.08311716 -0.025075568 0.020862605 0.019052923 0.028093386 0.999423 0.0012096667
8239704.15 0.08382167 -0.028320957 0.021316351 0.022388738 0.027104253 0.999374 0.003978283
8289704.696 0.08348088 -0.031450756 0.02155399 0.024454447 0.026325222 0.99932486 0.0076749795
8339747.241 0.081979856 -0.034277953 0.021748036 0.024094684 0.026589924 0.99927497 0.01272772
8389745.787 0.07964777 -0.036915928 0.021799993 0.02163301 0.02658684 0.99925375 0.017807545
8439770.331999999 0.07660194 -0.038997244 0.021729264 0.019980488 0.024396216 0.99924576 0.022663051
8489794.627999999 0.07295279 -0.04039652 0.021771196 0.01778539 0.021161102 0.9992721 0.026288806
8539818.922999999 0.06867463 -0.041079555 0.021775438 0.01330256 0.019237002 0.999323 0.02839921
8589835.468999999 0.064012975 -0.04121779 0.021692505 0.006699102 0.018658046 0.9993905 0.028734991
8639852.014 0.059419893 -0.04072889 0.021947183 0.0019364732 0.018457433 0.99945945 0.027136365
8689884.06 0.05518762 -0.039469767 0.022313263 -0.0019934294 0.018077131 0.99956226 0.023335114
8739924.105 0.051247634 -0.037744038 0.02283334 -0.0056729126 0.017853135 0.9996538 0.018476827
8789956.9 0.047950357 -0.035580553 0.02319357 -0.010020857 0.018078793 0.9996893 0.0139319245
8839980.946 0.044909004 -0.033220336 0.023459803 -0.014024564 0.017656758 0.9997024 0.009313842
8889989.491 0.0426 -0.030699965 0.023780841 -0.016948722 0.016670428 0.9997022 0.0055121924
8940006.037 0.04112132 -0.028189221 0.024041723 -0.018458093 0.016483136 0.99969065 0.0025003117
8990030.831999999 0.040126372 -0.025558 0.024442658 -0.020515775 0.017322788 0.9996376 -0.0019385603
9040038.878 0.039477177 -0.02275448 0.024738709 -0.023930106 0.018791854 0.9995074 -0.0076916683
9090015.925 0.039061025 -0.019794907 0.025250359 -0.027093751 0.020281507 0.99932253 -0.01446179
9139960.972 0.03906976 -0.017044991 0.02554733 -0.030572198 0.021035738 0.9990962 -0.020727972
9189898.269 0.03929891 -0.014469806 0.025660103 -0.033247016 0.021570671 0.9988823 -0.025762038
9239827.316 0.04002158 -0.011963089 0.025757208 -0.037253063 0.022166124 0.99860245 -0.030235503
9289772.363 0.041071247 -0.009593038 0.025767287 -0.04209733 0.0226548 0.9982189 -0.035687327
9339733.659999998 0.042400163 -0.00718082 0.025756847 -0.046099067 0.022646723 0.9978217 -0.041399356
9389694.705999998 0.044273876 -0.0048248926 0.025482804 -0.049877197 0.021708163 0.9974261 -0.046714783
9439655.253 0.046331815 -0.0023437394 0.02509524 -0.053111497 0.020836422 0.9970604 -0.05114213
9489608.299999999 0.048946578 5.0423463e-05 0.024722375 -0.055563785 0.019822419 0.9967345 -0.055137113
9539563.347000001 0.05215858 0.0022397991 0.024325134 -0.056365676 0.019715117 0.9964375 -0.05955365
9589514.644 0.055827297 0.00434424 0.024226028 -0.05610451 0.019844383 0.9962146 -0.06336466
9639459.691 0.059901427 0.0057855947 0.024062306 -0.05633301 0.020415463 0.99596304 -0.06683867
9689404.738 0.06429667 0.006627182 0.023979845 -0.05685141 0.021428455 0.9957566 -0.0691195
9739357.784 0.06941506 0.007270617 0.02393596 -0.055799406 0.022682492 0.9956893 -0.07053322
9789318.331 0.07517447 0.0077303424 0.024089286 -0.052374333 0.022729808 0.9958392 -0.071025975
9839295.626999998 0.08129698 0.007972518 0.024341995 -0.04761153 0.0219129 0.99606246 -0.07150287
9889280.174 0.08761783 0.007838962 0.024467288 -0.04329502 0.02272184 0.9961248 -0.07310728
9939264.719999999 0.093993954 0.0073190564 0.024504844 -0.0413531 0.023582544 0.9962255 -0.07258505
9989242.015999999 0.100470774 0.0066948696 0.024796795 -0.03438067 0.020497935 0.99666977 -0.071044
10039234.561999999 0.10640609 0.005914156 0.025040017 -0.02717356 0.016166111 0.99716973 -0.0682121
10089243.108000001 0.11158232 0.0046375184 0.025085492 -0.024889752 0.01445772 0.9975023 -0.06450276
10139251.654 0.116121694 0.0026787973 0.024778083 -0.026110634 0.015310196 0.9976629 -0.061258685
10189312.199000001 0.120458245 0.00033021075 0.024138654 -0.025679395 0.016698765 0.9979478 -0.056230962
10239300.495 0.12469537 -0.0024143697 0.023500524 -0.022173293 0.016180588 0.99832004 -0.051026557
10289348.54 0.12857135 -0.005325275 0.022829989 -0.018947791 0.015729005 0.99861425 -0.04650945
10339388.585 0.1319887 -0.008162497 0.022244427 -0.016151268 0.015484139 0.99881595 -0.043198835
10389428.879999999 0.1351468 -0.010934651 0.021731183 -0.011409796 0.014225295 0.998992 -0.041017894
10439445.425999999 0.13759957 -0.013619787 0.02143748 -0.006755244 0.013088213 0.99913764 -0.03882164
10489461.970999999 0.13893773 -0.016117092 0.02127548 -0.0040492583 0.01286114 0.99922323 -0.03703088
10539470.517 0.1391801 -0.018717429 0.021086799 -0.00285638 0.014420844 0.99926424 -0.035426334
10589494.813000001 0.13891575 -0.021227367 0.02097594 -0.0022627495 0.017574372 0.9992923 -0.033179473
10639527.358 0.13817298 -0.023860998 0.02083359 -0.0017306128 0.021238998 0.99932826 -0.029815273
10689567.403 0.13640745 -0.026426643 0.020653104 -0.0015007099 0.023816463 0.9993651 -0.026458219
10739692.696999999 0.13438307 -0.02839537 0.020806124 -0.002134115 0.02534153 0.9994055 -0.023278851
10789624.243999999 0.13184838 -0.029997917 0.021256318 -0.0016048329 0.025521575 0.99943924 -0.021616891
10839648.789 0.1291269 -0.030850878 0.021713482 -0.0005726542 0.024595985 0.99946374 -0.021611964
10889664.835 0.1260825 -0.03117654 0.022246368 2.2792415e-06 0.023223743 0.9994654 -0.023011636
10939665.381 0.12308655 -0.0306594 0.023016708 0.0009735886 0.021663979 0.99943894 -0.025525574
10989666.177000001 0.120230705 -0.02945105 0.023728548 0.0027449946 0.019912431 0.9993532 -0.029820116
11039666.723000001 0.11724304 -0.027825288 0.024420314 0.0020120363 0.019159012 0.99920297 -0.034962997
11089651.769 0.114158556 -0.026112063 0.024837963 -0.0016794681 0.019997768 0.9990128 -0.03963166
11139636.315 0.1113222 -0.024354551 0.02519875 -0.005350843 0.021460505 0.9988002 -0.04369185
11189621.112 0.108767465 -0.022305757 0.025353143 -0.008002851 0.022413181 0.99861157 -0.04699658
11239615.408 0.10633791 -0.020259101 0.025412403 -0.010728202 0.022384252 0.9984752 -0.04930691
11289590.704 0.10417061 -0.018146854 0.025294503 -0.0138300955 0.021194553 0.9984327 -0.049917813
11339575.25 0.10266683 -0.015913751 0.025089454 -0.016246596 0.01926193 0.99843365 -0.049952894
11389552.297 0.10155823 -0.013696659 0.024800403 -0.019220917 0.016742228 0.9983621 -0.051218472
11439537.092999998 0.10076423 -0.011512428 0.024433631 -0.023154067 0.014032424 0.9982319 -0.0529165
11489521.639 0.10018784 -0.00933715 0.023903584 -0.028483745 0.012285242 0.99807847 -0.05363972
11539506.184999999 0.09994925 -0.0070965653 0.02336892 -0.034703452 0.010670677 0.99788535 -0.053914268
11589483.232 0.100097 -0.0046722507 0.022741646 -0.04007998 0.008817875 0.9976041 -0.05569586
11639468.028 0.100497626 -0.0023044618 0.022152148 -0.046607718 0.007804892 0.99723125 -0.057417084
11689444.574000001 0.10125486 0.00020094417 0.021402637 -0.05440775 0.006636782 0.99681705 -0.057892937
11739413.621 0.102406986 0.0027177597 0.020662643 -0.061646838 0.004035825 0.9964069 -0.057937063
11789382.667000001 0.10438938 0.0052452227 0.019962711 -0.06841894 -0.0005357628 0.9959778 -0.057851486
11839359.464 0.10692319 0.007601221 0.01954771 -0.070573926 -0.0067253173 0.99577785 -0.058314368
11889344.01 0.11020443 0.009301174 0.019300682 -0.07147254 -0.010541138 0.9956219 -0.05930908
11939366.806 0.1139423 0.010250916 0.019130055 -0.073880695 -0.01040984 0.9953076 -0.061612435
11989297.853 0.11819137 0.011054098 0.019162707 -0.07471762 -0.0082555115 0.9951079 -0.06410531
12039275.149 0.12280768 0.01146431 0.01949247 -0.074025385 -0.006436366 0.9950198 -0.0664422
12089251.445999999 0.12786025 0.0115790935 0.01987407 -0.07307722 -0.0050714123 0.99502087 -0.06758319
12139235.992 0.13315795 0.011440293 0.020330345 -0.071652375 -0.0031608199 0.995141 -0.067455955
12189228.788 0.1388448 0.010995756 0.020908015 -0.06913876 -0.002035133 0.99540234 -0.06625716
12239237.333999999 0.14470707 0.010420982 0.02162424 -0.06549092 -0.0018267853 0.9957808 -0.06425113
12289253.878999999 0.15065841 0.009477986 0.022423934 -0.06176515 -0.0015135477 0.9961437 -0.06229419
12339270.424999999 0.15652609 0.008349053 0.0231726 -0.05844805 -0.0012752992 0.9964712 -0.060227696
12389279.220999999 0.16229461 0.0068040024 0.023931904 -0.055351768 -0.0007571787 0.9967662 -0.05824763
12439271.766999999 0.16792901 0.005217528 0.02469305 -0.05048633 -0.000625793 0.99714214 -0.056198955
12489280.313000001 0.17309609 0.0033860493 0.025253536 -0.04623301 -9.368906e-05 0.9975063 -0.053326767
12539288.358 0.17782813 0.0017785284 0.025577344 -0.04302355 -0.00078231393 0.99775195 -0.051375538
12589313.154 0.18184234 0.00015938922 0.025862811 -0.040194895 -0.0026605232 0.9979158 -0.05041133
12639329.699 0.18507285 -0.0015885382 0.026118213 -0.038783863 -0.003613376 0.9980035 -0.049716983
12689330.245 0.18775444 -0.0037871979 0.026203591 -0.039176676 -0.002724991 0.9979947 -0.049642034
12739323.041 0.18972102 -0.0063160993 0.02598744 -0.03813466 -0.0016597335 0.9980831 -0.048714902
12789331.587 0.19136658 -0.009004971 0.025849434 -0.03721727 -0.0015369017 0.9982202 -0.04657251
12839347.633 0.19242452 -0.012081869 0.025882753 -0.035540584 -0.0029670103 0.9984318 -0.04315258
12889380.178000001 0.19328995 -0.015389275 0.026173221 -0.031968664 -0.003931074 0.99872684 -0.038824018
12939428.223000001 0.19349408 -0.018775163 0.02667618 -0.028441602 -0.0032446173 0.9989837 -0.03481551
12989476.268 0.19305755 -0.021971498 0.027409676 -0.025123164 -0.0020416598 0.99917597 -0.031813275
13039516.563000001 0.19205952 -0.024868205 0.028373769 -0.022671787 -0.00069329666 0.9993207 -0.029046068
13089577.358000001 0.1903554 -0.027298367 0.02944622 -0.019810382 0.0010576538 0.9994298 -0.027322605
13139557.904000001 0.18843952 -0.029454457 0.030482411 -0.016947791 0.0028313566 0.99949884 -0.026587624
13189566.45 0.18597415 -0.031023515 0.03141951 -0.013542122 0.003156927 0.9995654 -0.025992868
13239582.496 0.18314125 -0.032245077 0.0322916 -0.012335555 0.002216344 0.99957174 -0.026444497
13289599.041 0.17974901 -0.032620337 0.03330536 -0.012445007 0.0011782126 0.9995633 -0.02677876
13339615.587 0.17605339 -0.03263405 0.034080677 -0.013419009 -7.2879215e-05 0.9995116 -0.028225163
13389624.133000001 0.17229582 -0.032135706 0.03468547 -0.015179325 -0.0014303982 0.9994147 -0.030624855
13439632.929000001 0.1685562 -0.031057756 0.03532588 -0.016748765 -0.003765232 0.9993093 -0.032960285
13489625.475 0.16483074 -0.029526003 0.035694163 -0.019104285 -0.0059658987 0.9991557 -0.03588025
13539626.021000002 0.16132979 -0.027739907 0.03593947 -0.021536814 -0.007591284 0.99897677 -0.03903873
13589610.817 0.15813844 -0.025588743 0.036100563 -0.024249556 -0.008412144 0.99876696 -0.04249522
13639603.363 0.15538661 -0.023313696 0.036017157 -0.02683377 -0.008952446 0.99844915 -0.047949966
13689595.909 0.1530354 -0.020801464 0.035782106 -0.030067535 -0.008613304 0.9980665 -0.05371395
13739572.955 0.15129863 -0.018232075 0.035416562 -0.03283462 -0.0076502264 0.997709 -0.0586535
13789557.502 0.15015304 -0.015690703 0.034946565 -0.035684295 -0.006621224 0.9973121 -0.06365094
13839526.298 0.14960511 -0.01315283 0.034486417 -0.03874318 -0.005384371 0.99688125 -0.06854087
13889503.345 0.1496824 -0.010682327 0.034006983 -0.039915647 -0.0046850014 0.9964979 -0.07332637
13939471.891 0.15000455 -0.008334809 0.033557486 -0.04182251 -0.0047977525 0.99613893 -0.077040195
13989433.188000001 0.15041326 -0.0063127093 0.033020154 -0.04652742 -0.0053564366 0.9956862 -0.08009773
14039394.234000001 0.15114336 -0.004323098 0.03243034 -0.051235255 -0.007623614 0.9953167 -0.08161921
14089362.781000001 0.15241623 -0.0026744138 0.031912405 -0.053966526 -0.011164344 0.9951359 -0.08165546
14139347.827000001 0.15409805 -0.0012439599 0.03144015 -0.056706443 -0.014210436 0.9950107 -0.08084677
14189348.623 0.15592606 1.213362e-05 0.030967657 -0.060109776 -0.016291331 0.9947539 -0.08115449
14239341.419 0.15824866 0.001437011 0.030638793 -0.0651247 -0.017966896 0.99434143 -0.081983
14289346.465 0.1610165 0.0027352024 0.030407915 -0.069058485 -0.021004839 0.99395615 -0.08270957
14339318.511999998 0.16433652 0.0038421294 0.030380037 -0.0715165 -0.02435526 0.9937094 -0.08266795
14389295.558 0.16800363 0.0048754676 0.030435782 -0.074071266 -0.02687754 0.9934738 -0.08246712
14439280.104 0.1720622 0.005677435 0.030632526 -0.077102095 -0.028155109 0.99312246 -0.08348925
14489264.65 0.17664799 0.0064202934 0.031085623 -0.07828596 -0.028491 0.99295664 -0.08424184
14539265.696 0.18174526 0.0066786115 0.031765338 -0.07881788 -0.027620979 0.9928428 -0.08537024
14589265.741999999 0.18728401 0.0065912986 0.032623712 -0.07734251 -0.027159093 0.9929094 -0.0860903
14639251.038 0.19302082 0.0061909924 0.033555552 -0.07509717 -0.026380105 0.99305934 -0.08658989
14689227.834999999 0.19868273 0.0055787354 0.03445262 -0.07331481 -0.02559221 0.9931387 -0.08743882
14739212.381000001 0.20420326 0.004814188 0.035317272 -0.071087666 -0.02564491 0.99329185 -0.08752279
14789204.927000001 0.20928548 0.0039255945 0.036139797 -0.068951346 -0.026962703 0.99348426 -0.08664726
14839213.473 0.21388789 0.0028068845 0.036769196 -0.06808719 -0.028414004 0.9936423 -0.08504061
14889230.019 0.21797706 0.0013825626 0.037278462 -0.068254665 -0.028431134 0.99378055 -0.083266065
14939222.565 0.22173938 -0.00031536072 0.03767209 -0.06887898 -0.029777396 0.9939306 -0.08044337
14989207.361000001 0.22513503 -0.002329481 0.0380601 -0.069168344 -0.032537635 0.9940002 -0.078234896
15039192.407 0.22836006 -0.004800778 0.03869173 -0.06710125 -0.03415995 0.99431276 -0.07531776
15089208.453 0.23129931 -0.007873383 0.039395433 -0.062116586 -0.034988906 0.9948365 -0.07223326
15139241.248 0.23368327 -0.0113968495 0.040126767 -0.057557184 -0.033928916 0.9953199 -0.06981719
15189289.293000001 0.2351421 -0.015382071 0.040510938 -0.05468474 -0.030697701 0.9957256 -0.067807816
15239345.338 0.2355902 -0.019272085 0.0408442 -0.05271692 -0.026148288 0.9961192 -0.06545138
15289401.383 0.23529656 -0.023079025 0.04103448 -0.051287957 -0.02293559 0.9965005 -0.061890032
15339449.428000001 0.23441997 -0.026861854 0.04097315 -0.04885999 -0.020417152 0.9970574 -0.055430193
15389481.973 0.233176 -0.030287206 0.040576234 -0.045339983 -0.017247152 0.9977249 -0.04681752
15439522.268 0.23153621 -0.033545 0.03980958 -0.042211223 -0.014298977 0.9982529 -0.038793817
15489570.313000001 0.2295285 -0.03636805 0.03862153 -0.041306652 -0.012211233 0.9985939 -0.030900601
15539618.608000001 0.22723958 -0.03847029 0.03741476 -0.0393035 -0.012106938 0.998885 -0.023184633
15589659.154000001 0.22437598 -0.04006164 0.03611259 -0.03685392 -0.0128554525 0.9990973 -0.016768025
15639667.199000001 0.22133082 -0.040849105 0.03489754 -0.037305176 -0.013836699 0.99913126 -0.0123922005
15689667.745000001 0.21770668 -0.04094795 0.03373335 -0.03863816 -0.014909165 0.9990907 -0.010135129
15739668.291 0.2141882 -0.04054077 0.032812413 -0.04023568 -0.015593225 0.9990187 -0.009980972
15789669.087000001 0.21072966 -0.039127894 0.031938694 -0.04145693 -0.016086709 0.99895877 -0.010196385
15839669.633000001 0.20719106 -0.03726722 0.031272136 -0.04415871 -0.017293692 0.99880266 -0.012009984
15889670.429 0.20404474 -0.034723345 0.030737739 -0.046567656 -0.019507064 0.9985928 -0.016232548
15939670.975 0.20130283 -0.031863775 0.030194853 -0.04929351 -0.022094976 0.9982932 -0.022195328
15989686.521 0.19900766 -0.028892878 0.029573834 -0.052721262 -0.023407064 0.99796855 -0.027044786
16039648.567000002 0.19717997 -0.026008548 0.028824117 -0.057443354 -0.024132436 0.99754244 -0.03204688
16089625.114000002 0.19564328 -0.023262205 0.02802952 -0.06286283 -0.025705365 0.99704593 -0.035873394
16139594.159999998 0.19445711 -0.020867681 0.027158085 -0.06908872 -0.027503977 0.9964719 -0.038910944
16189554.707 0.1933697 -0.018341783 0.026270011 -0.07712892 -0.030769765 0.99567175 -0.041740034
16239524.003 0.19237716 -0.015863042 0.025221618 -0.08723975 -0.034527767 0.9945704 -0.045021795
16289508.55 0.19175431 -0.013182666 0.02410006 -0.09824941 -0.038846504 0.99326515 -0.047563985
16339485.596 0.19183528 -0.010480895 0.022978885 -0.10699349 -0.04366456 0.99202573 -0.050306708
16389462.391999999 0.1925594 -0.007765471 0.022082424 -0.1127813 -0.049168874 0.9910037 -0.052673902
16439439.439000001 0.19370487 -0.0051566847 0.021206694 -0.120129175 -0.0543481 0.98974967 -0.0548718
16489407.985000001 0.19527856 -0.002647429 0.020460397 -0.12659901 -0.058229327 0.98853683 -0.058112774
16539385.032 0.19729961 -9.46396e-05 0.019860664 -0.1318072 -0.061390825 0.98743045 -0.061960887
16589361.827999998 0.19968025 0.002159833 0.01930937 -0.13619469 -0.06363042 0.9864626 -0.06552691
16639338.373999998 0.20227185 0.004088687 0.018754665 -0.14076625 -0.06456676 0.98560727 -0.067781396
16689375.92 0.20521645 0.005637342 0.018312482 -0.1443564 -0.0651382 0.98492754 -0.06954184
16739276.717 0.20844881 0.006840323 0.017889276 -0.1456887 -0.066002674 0.9845674 -0.07103212
16789253.264 0.21175085 0.007470607 0.017582335 -0.14717971 -0.06681708 0.98418725 -0.07245164
16839253.81 0.21492334 0.007710023 0.017191907 -0.14946705 -0.065247476 0.98400486 -0.07167265
16889246.356 0.21800491 0.0071019554 0.016866766 -0.1508483 -0.063873075 0.9839057 -0.07137694
16939246.902000003 0.22141752 0.0063364385 0.016666878 -0.15169741 -0.06271881 0.98392165 -0.07037387
16989247.698 0.22500281 0.0053420193 0.016620854 -0.15021601 -0.061908867 0.9843477 -0.06828025
17039248.244 0.22840025 0.0038435934 0.016679952 -0.14868116 -0.060631935 0.98473984 -0.067120254
17089248.79 0.2315984 0.00214269 0.01677132 -0.14825024 -0.059211068 0.9849284 -0.0665732
17139249.336 0.2347397 0.00038797082 0.017035376 -0.14741713 -0.0588059 0.9851026 -0.06620405
17189250.130999997 0.23738217 -0.0016156442 0.017391402 -0.14430043 -0.058440875 0.98567116 -0.06491921
17239258.677 0.23973791 -0.004006521 0.017722383 -0.14142661 -0.057074316 0.9862925 -0.062994055
17289259.222999997 0.241655 -0.006731748 0.017965514 -0.1388888 -0.055493314 0.98693967 -0.059836876
17339268.018999998 0.24342124 -0.009788955 0.01822875 -0.13496695 -0.054365754 0.98773146 -0.056700453
17389291.814 0.24469978 -0.01289347 0.01870636 -0.13010369 -0.053766135 0.9885609 -0.054126658
17439324.36 0.24549882 -0.01601122 0.01916628 -0.12713026 -0.05270424 0.9891224 -0.05193342
17489364.655 0.2456706 -0.019402565 0.01955816 -0.1249821 -0.05066918 0.9896245 -0.049552668
17539397.45 0.24526161 -0.022788303 0.019910093 -0.12317159 -0.048222497 0.9901325 -0.046271455
17589429.496 0.2445321 -0.026063073 0.02026304 -0.12045919 -0.046269916 0.9907497 -0.04199646
17639461.541 0.24323225 -0.028979981 0.020616055 -0.118145235 -0.045419876 0.9912464 -0.03754145
17689510.336 0.24142401 -0.031415842 0.02099018 -0.11588438 -0.045032542 0.9916866 -0.03317692
17739566.131 0.23935175 -0.033299934 0.021658197 -0.11332726 -0.044229314 0.9921106 -0.03028646
17789614.426 0.2368593 -0.03490466 0.022439072 -0.10980718 -0.04295648 0.9926178 -0.028412463
17839678.97 0.23424906 -0.03607594 0.023288626 -0.10576352 -0.04156737 0.99314225 -0.02747525
17889653.767 0.23109627 -0.03676898 0.024111647 -0.1013095 -0.03985882 0.9936912 -0.026934871
17939624.063 0.22779158 -0.036988672 0.024686862 -0.09761685 -0.037527822 0.9941482 -0.027055653
17989632.859 0.22405756 -0.037086062 0.025171326 -0.09494084 -0.035492823 0.9944537 -0.028077872
18039657.155 0.22004764 -0.036768306 0.025633601 -0.09230765 -0.033894256 0.9947254 -0.029187368
18089665.45 0.21561822 -0.03617866 0.025972808 -0.09021276 -0.033545114 0.994918 -0.029574607
18139666.246000003 0.21102655 -0.035420865 0.02622272 -0.088340126 -0.033451848 0.99509096 -0.029513441
18189658.792 0.20637086 -0.034610223 0.026334956 -0.08723424 -0.03179225 0.99524385 -0.029480416
18239651.338999998 0.20182422 -0.03360086 0.026558088 -0.0868922 -0.02831357 0.99536383 -0.029981947
18289651.884 0.19759738 -0.032674335 0.026737802 -0.08692366 -0.02475636 0.99537516 -0.032553356
18339668.68 0.19350564 -0.03098415 0.02672678 -0.08785667 -0.020546282 0.9953287 -0.034348164
18389677.226 0.18952449 -0.029384222 0.026424436 -0.09235913 -0.016261268 0.99495924 -0.035518706
18439661.772 0.18590435 -0.02767018 0.026213456 -0.09678605 -0.013734936 0.99452585 -0.036907993
18489638.818 0.18257335 -0.02565273 0.026551638 -0.098313004 -0.014763952 0.99426234 -0.039484043
18539623.365000002 0.17954925 -0.0233519 0.027072212 -0.1007176 -0.016819147 0.99382037 -0.04352197
18589631.91 0.17667203 -0.020716667 0.027512386 -0.10529661 -0.018677102 0.99306035 -0.048938774
18639656.206 0.17416862 -0.017894248 0.02764169 -0.112292975 -0.020202294 0.99197847 -0.054414954
18689656.751999997 0.17239738 -0.015204542 0.027717514 -0.118482396 -0.022267079 0.9909423 -0.059156075
18739626.048 0.17154653 -0.012792293 0.028126536 -0.11930853 -0.024563676 0.9905969 -0.062290054
18789571.095 0.17103179 -0.010520616 0.028615862 -0.11845464 -0.027060987 0.9904726 -0.0648092
18839531.642 0.17046228 -0.008858997 0.028952418 -0.11844133 -0.027436674 0.99037 -0.06622894
18889500.689 0.17086434 -0.0075270394 0.029114213 -0.11779578 -0.02544451 0.99066585 -0.06370197
18939501.485000003 0.17154334 -0.006774868 0.02894719 -0.1128215 -0.023808084 0.9914121 -0.061697934
18989510.029999997 0.17237164 -0.005697958 0.028719844 -0.10729881 -0.022678131 0.9919304 -0.063614585
19039543.075999998 0.17288841 -0.004053731 0.027899854 -0.10455147 -0.021678653 0.9919371 -0.06826383
19089511.372 0.17376356 -0.0020228855 0.026701942 -0.101608515 -0.018989153 0.99185765 -0.07438763
19139472.419 0.17532039 -0.00031343475 0.025611574 -0.09558115 -0.014563214 0.9920486 -0.08057172
19189409.466000002 0.17740384 0.001165711 0.024457943 -0.08740474 -0.009844819 0.9924486 -0.08549431
19239338.513 0.1798601 0.002277497 0.023480378 -0.07931674 -0.004190102 0.9927623 -0.09007965
19289299.560000002 0.18248251 0.0030470937 0.022896217 -0.07119902 0.0021455318 0.9930001 -0.09421779
19339276.356 0.18523732 0.0032525924 0.022649685 -0.062987104 0.0060233646 0.9932388 -0.09732993
19389260.903 0.18810706 0.002728791 0.0226723 -0.054227125 0.008882505 0.99361086 -0.09857962
19439245.949 0.1907758 0.001586403 0.022881828 -0.047118258 0.010492151 0.99398875 -0.098266155
19489230.745 0.19311555 -0.00010862679 0.023251066 -0.041268155 0.011677277 0.9944671 -0.09589447
19539223.291 0.19524215 -0.0024499702 0.023663588 -0.03446615 0.010178966 0.99512297 -0.09186297
19589247.836999997 0.19707625 -0.005162139 0.024047999 -0.02819419 0.0071322965 0.9958395 -0.08635959
19639287.882 0.1984478 -0.007940301 0.02447164 -0.023185603 0.0017085063 0.9964155 -0.08133751
19689335.926999997 0.19940767 -0.011048878 0.025000602 -0.019136019 -0.0033130196 0.9968681 -0.07666072
19739360.472 0.20002635 -0.014210838 0.025815167 -0.015750067 -0.005002704 0.99734247 -0.07095785
19789376.768 0.19971657 -0.01714988 0.02667312 -0.015380362 -0.0047480087 0.99763143 -0.0668769
19839385.314 0.19936559 -0.019911237 0.027963819 -0.0153558925 -0.004694789 0.99766546 -0.066376716
19889426.109 0.19859877 -0.02231365 0.029698053 -0.013541806 -0.0057105105 0.9976975 -0.066210926
19939474.154 0.19742528 -0.024541618 0.031514972 -0.013144246 -0.0065837773 0.9977544 -0.06534668
19989522.199 0.19605751 -0.026866244 0.033626333 -0.012210549 -0.008374427 0.9978093 -0.06447743
20039538.744 0.19436844 -0.02891993 0.035854068 -0.01170272 -0.010078707 0.997956 -0.062012054
20089546.79 0.19228373 -0.03104124 0.03811623 -0.012781646 -0.011459476 0.99808234 -0.05947213
20139555.336000003 0.18993676 -0.03266622 0.040441968 -0.01363751 -0.012042977 0.99812365 -0.058465898
20189595.881 0.18731481 -0.033998378 0.042788666 -0.014477694 -0.012398922 0.9981269 -0.05813175
20239645.426 0.18465026 -0.035007223 0.045076206 -0.01569 -0.0127118435 0.99817324 -0.056942735
20289684.220999997 0.18199448 -0.03564639 0.04735474 -0.016066909 -0.013678168 0.9982313 -0.055580158
20339693.016999997 0.17915729 -0.03572648 0.04963352 -0.018138703 -0.014121796 0.99817884 -0.055772483
20389685.563 0.17635821 -0.035479065 0.052097052 -0.021547077 -0.014809751 0.9979837 -0.05783602
20439678.109 0.17377052 -0.034882665 0.05464257 -0.02264408 -0.015502793 0.9977433 -0.06127977
20489686.655 0.17153941 -0.033834618 0.057458498 -0.022159992 -0.016403627 0.997543 -0.06440435
20539703.450999998 0.1693589 -0.03268243 0.06021967 -0.023105232 -0.016745465 0.997226 -0.068747066
20589711.996999998 0.16738965 -0.031386446 0.06295832 -0.02495167 -0.016241122 0.9968953 -0.07289356
20639696.543 0.16575061 -0.029925762 0.06556062 -0.025439931 -0.016034592 0.9966469 -0.076096855
20689673.089 0.16441147 -0.02832545 0.06810745 -0.02561838 -0.015247084 0.9964611 -0.07859188
20739650.385 0.1631739 -0.026804332 0.070372894 -0.025993943 -0.014084016 0.99625915 -0.08120139
20789658.930999998 0.16170405 -0.025199564 0.07238128 -0.028920278 -0.011623819 0.9959946 -0.083805285
20839690.977 0.16010489 -0.023618277 0.07387463 -0.03299446 -0.008660212 0.99565077 -0.08669486
20889707.522 0.15854344 -0.022054654 0.074942246 -0.036243126 -0.007326515 0.9954569 -0.08774101
20939700.068 0.15695907 -0.020664252 0.075690605 -0.039228097 -0.00731966 0.9953892 -0.08722285
20989676.865000002 0.15543672 -0.01930677 0.076209165 -0.042273212 -0.007596046 0.99546385 -0.08489517
21039653.911 0.15387933 -0.018045792 0.07646076 -0.046204455 -0.0076032607 0.99545217 -0.08296006
21089654.457 0.15257017 -0.016684674 0.07658308 -0.048940305 -0.0076058707 0.9954185 -0.08178718
21139678.752 0.15158059 -0.015259619 0.07632177 -0.050031655 -0.008148994 0.99538606 -0.08146844
21189695.298 0.15085128 -0.013878219 0.07571456 -0.050054196 -0.008120631 0.99540406 -0.081236966
21239695.844 0.15054803 -0.012629445 0.074852616 -0.04929554 -0.0073937415 0.99547166 -0.08094148
21289672.89 0.15025838 -0.011434934 0.07356026 -0.047896385 -0.0066274786 0.995581 -0.080502056
21339649.437 0.15006255 -0.010271481 0.07195401 -0.04668931 -0.0060966183 0.99565905 -0.080286786
21389626.233 0.15021096 -0.009139296 0.0699408 -0.04420047 -0.0061019124 0.9958886 -0.07883538
21439718.777 0.15045555 -0.00817385 0.06748467 -0.0416486 -0.0055837072 0.99617964 -0.076552734
21489635.325 0.15087418 -0.0072456873 0.06477766 -0.03949383 -0.0042303 0.9963704 -0.07528942
21539636.371 0.15127246 -0.0061531398 0.06194082 -0.037423335 -0.003155415 0.99642795 -0.07563707
21589620.667 0.1516871 -0.0048674047 0.05904792 -0.035768908 -0.0016064988 0.9965154 -0.07533383
21639597.713 0.15258862 -0.0036015012 0.0560893 -0.03205119 -0.0002460932 0.9966512 -0.07522691
21689566.26 0.15404107 -0.0023786654 0.053278193 -0.02614512 0.0014720605 0.99681216 -0.075364575
21739535.306 0.15586522 -0.001500413 0.050482586 -0.020250862 0.004168309 0.99693483 -0.07545503
21789511.853 0.15814574 -0.001048698 0.047731943 -0.013099403 0.006926961 0.9971343 -0.074186035
21839497.149 0.16082363 -0.0013710534 0.044893857 -0.004181976 0.009818219 0.99741507 -0.07105975
21889481.945 0.1636306 -0.0021650891 0.042168096 0.0044159405 0.012312143 0.99764323 -0.06735758
21939474.491 0.16631706 -0.0033055886 0.03954862 0.012469323 0.013623555 0.99777937 -0.06399405
21989483.037 0.16905633 -0.0048358208 0.037168335 0.021816444 0.012617005 0.9977919 -0.061451253
22039536.582000002 0.17175415 -0.0067885057 0.035022315 0.031344313 0.010581161 0.9977653 -0.058052216
22089484.129 0.17419781 -0.009360706 0.033047944 0.039953917 0.00957208 0.99772036 -0.053537726
22139484.675 0.17625313 -0.012360262 0.0314003 0.048433587 0.010278798 0.99755776 -0.04926663
22189501.471 0.17787683 -0.0157296 0.03002686 0.05545861 0.012655753 0.9973358 -0.0456674
22239525.516000003 0.17905462 -0.0194393 0.028668208 0.061430477 0.015205394 0.997077 -0.04281015
22289558.311 0.1796623 -0.02330627 0.027350007 0.066297464 0.016309084 0.99689853 -0.03914046
22339590.357 0.17971653 -0.027140968 0.02604076 0.06895699 0.016210616 0.9968922 -0.034468483
22389614.902 0.17913693 -0.030690046 0.025005037 0.069431484 0.015640002 0.9970112 -0.030055344
22439646.948 0.17794743 -0.034185126 0.024055371 0.06775204 0.015559591 0.997248 -0.02576831
22489687.743 0.17630063 -0.037346832 0.023204528 0.06570545 0.015401444 0.997484 -0.0217106
22539719.788 0.17405881 -0.040264845 0.022448026 0.06290368 0.0151586225 0.99774873 -0.017634729
22589736.334 0.1711549 -0.04275031 0.022026282 0.058613136 0.0152386995 0.9980761 -0.01328517
22639797.878 0.16782396 -0.044469133 0.021991994 0.052578233 0.015964154 0.9984363 -0.010280036
22689753.175 0.16409497 -0.045712993 0.022319265 0.047306925 0.015172917 0.99872637 -0.008806567
22739769.721 0.16034251 -0.046386138 0.022761766 0.041634955 0.013377031 0.9990121 -0.007901081
22789778.267 0.15632868 -0.046524134 0.023512537 0.03610933 0.011717641 0.9992449 -0.008270456
22839778.813 0.1526184 -0.04624596 0.024323944 0.030706441 0.01141012 0.999413 -0.0100326445
22889787.358 0.14889576 -0.0456492 0.025297904 0.025895147 0.012569534 0.9995169 -0.011723558
22939796.154 0.14537482 -0.04475575 0.026271902 0.020486856 0.014022363 0.99959135 -0.014171901
22989812.2 0.14171965 -0.043637317 0.027070142 0.014229182 0.015040721 0.9996379 -0.017189888
23039820.995 0.13837713 -0.042363763 0.02766294 0.008764176 0.01587078 0.99967664 -0.017833216
23089840.791 0.13541721 -0.04103057 0.028176887 0.007076468 0.017155118 0.9996756 -0.017448219
23139822.087 0.13298328 -0.039538242 0.028791161 0.0073696035 0.018732684 0.999619 -0.01888621
23189830.633 0.13079695 -0.037739735 0.029363308 0.006898413 0.020123802 0.99952316 -0.022382636
23239839.179 0.12858541 -0.035418242 0.02994598 0.005417263 0.02158083 0.99936086 -0.027981058
23289831.725 0.12660217 -0.03307933 0.030347576 0.0047437167 0.022539293 0.99916923 -0.033619888
23339824.270999998 0.125014 -0.03057574 0.030641453 0.005854483 0.022682635 0.9989859 -0.038450703
23389801.317 0.12352629 -0.02793907 0.030604258 0.0069983965 0.022388944 0.9988181 -0.042570136
23439778.114 0.1219693 -0.025273668 0.030336488 0.0063568763 0.022248078 0.9986501 -0.04650469
23489755.41 0.12048681 -0.022890836 0.029973175 0.0048724115 0.022952266 0.9984565 -0.050339993
23539739.956 0.11932269 -0.020496376 0.029573781 0.0039869067 0.024953557 0.9982466 -0.053527333
23589716.503 0.11845904 -0.018134272 0.029123105 0.003989898 0.027645685 0.9980571 -0.05569444
23639677.549 0.11763527 -0.015916785 0.028588375 0.0020683575 0.030867932 0.99789965 -0.05691434
23689646.096 0.11703099 -0.013616598 0.028117893 0.00038634174 0.032901864 0.9978302 -0.057029087
23739615.143 0.11668484 -0.0112099415 0.027602244 0.0006478188 0.03394556 0.99779665 -0.057002164
23789627.688 0.1165415 -0.008777784 0.02717376 0.00059528236 0.034148645 0.9978191 -0.056485925
23839576.735 0.11669216 -0.006464702 0.02688401 0.0012700933 0.035198815 0.99786097 -0.055072296
23889569.531 0.11767096 -0.0041131475 0.026917841 0.0042666774 0.03562759 0.997871 -0.054462258
23939546.078 0.118890285 -0.0019640482 0.027278597 0.009381687 0.03442308 0.9978053 -0.055782642
23989531.373999998 0.12031261 -2.0666921e-05 0.028020108 0.013545321 0.032818858 0.9977094 -0.057580255
24039507.919999998 0.12188554 0.0015032223 0.0290899 0.017011564 0.031007884 0.997608 -0.059392706
24089476.967 0.12357931 0.002586629 0.03037019 0.02010681 0.029408613 0.99752355 -0.060644634
24139453.513 0.12530056 0.0034142167 0.03187604 0.022703877 0.027105361 0.99752367 -0.060798645
24189446.059 0.12709087 0.0040701055 0.033641897 0.025607733 0.023967208 0.9975348 -0.06078039
24239454.855 0.12891714 0.004501629 0.035799026 0.028843626 0.019111222 0.9975131 -0.061403885
24289471.401 0.13066596 0.0047766585 0.03841478 0.031065874 0.014008592 0.9974643 -0.062480487
24339487.696 0.13218564 0.0048023253 0.041490186 0.03178627 0.008584761 0.99736357 -0.0646685
24389480.742000002 0.13342279 0.004660036 0.044894185 0.032294188 0.0023595763 0.9972117 -0.06723389
24439519.288 0.1343889 0.004156211 0.048472553 0.033518795 -0.0030836868 0.9970113 -0.06953759
24489465.834000003 0.13530526 0.003310532 0.052259386 0.03537528 -0.0053366935 0.9968552 -0.0707092
24539489.88 0.13578711 0.0023999317 0.056140807 0.036259823 -0.006319604 0.9967673 -0.07141677
24589522.425 0.1358699 0.0014558394 0.060151193 0.035822824 -0.007273647 0.9966818 -0.07272724
24639562.720000003 0.13571434 0.00061421713 0.06425356 0.035535045 -0.009476574 0.9965466 -0.07444676
24689595.266 0.13518243 -0.00021149367 0.06821319 0.034570485 -0.011274443 0.9964112 -0.07643675
24739611.311 0.13450159 -0.0009035767 0.07200143 0.032768853 -0.012828949 0.99633837 -0.077919655
24789628.107 0.13368386 -0.0015578668 0.07550604 0.031489823 -0.013362643 0.99631304 -0.07867828
24839636.653 0.13277411 -0.0021483563 0.078751944 0.030881397 -0.013724935 0.9962218 -0.080001414
24889660.948 0.13180752 -0.0025754527 0.08177075 0.02920655 -0.01324941 0.99604213 -0.08289451
24939685.244 0.1308428 -0.002798476 0.08435657 0.027903166 -0.012642846 0.9957633 -0.086701244
24989714.789 0.12965497 -0.002827335 0.08656403 0.02672665 -0.011753766 0.99549276 -0.09023207
25039694.585 0.12818807 -0.0027532878 0.08835826 0.024372874 -0.010245815 0.9952929 -0.09323669
25089679.132000003 0.12657957 -0.0025413088 0.089685895 0.021093246 -0.008773501 0.9951398 -0.09578656
25139656.178 0.124902755 -0.0024196794 0.09060441 0.016984707 -0.0071617626 0.9951135 -0.0970021
25189656.974 0.123285376 -0.0023169674 0.09142299 0.013436299 -0.0050742826 0.99514973 -0.09731767
25239681.019 0.1218495 -0.0021614076 0.092199355 0.011629277 -0.0036955937 0.99519 -0.097200505
25289697.565 0.12043994 -0.0019889476 0.09292274 0.009593775 -0.0021465768 0.9951093 -0.098289646
25339706.110999998 0.11919428 -0.001916256 0.09318689 0.008036439 7.212654e-05 0.99504155 -0.09913551
25389706.907 0.11822348 -0.0022347185 0.09280438 0.00796938 0.0033148816 0.99509877 -0.09850874
25439699.453 0.117424056 -0.0028352235 0.09165798 0.008115251 0.007139532 0.99533737 -0.095847234
25489691.998999998 0.116657615 -0.0036037643 0.08984176 0.0070298323 0.012463077 0.99557865 -0.09283589
25539719.544 0.11601348 -0.004322521 0.087537184 0.006652646 0.016905524 0.9957135 -0.090690196
25589725.34 0.11541247 -0.005074937 0.08478778 0.0057431464 0.020085976 0.995813 -0.08899454
25639741.386 0.11475084 -0.0056564854 0.081679635 0.005306167 0.022391692 0.99600077 -0.08633092
25689749.932 0.11426044 -0.0062223007 0.07818401 0.0046226094 0.025074854 0.9961578 -0.083782576
25739734.728 0.11370807 -0.006570184 0.07444366 0.004123908 0.028699854 0.9962332 -0.081723616
25789711.774 0.11314218 -0.0065800054 0.07059144 0.0027799984 0.031836078 0.99626124 -0.080263756
25839704.32 0.11259316 -0.006318106 0.06663351 0.0013588328 0.03472258 0.9962399 -0.07936318
25889680.867 0.1118966 -0.005877796 0.06269963 -0.00028830385 0.037282504 0.9961763 -0.07901103
25939666.163 0.11132254 -0.005270545 0.058758784 -0.0014984882 0.040279754 0.99608874 -0.07862978
25989634.709000003 0.11082828 -0.004621153 0.054883182 -0.0020148295 0.043326575 0.99596566 -0.07855773
26039611.756 0.11047406 -0.004048842 0.050963268 -0.0033721898 0.04575183 0.9958889 -0.078107044
26089588.302 0.110350884 -0.0035882366 0.047156893 -0.00369488 0.04739527 0.99586606 -0.077400826
26139557.599 0.11072127 -0.003206687 0.04363293 -0.003031736 0.048275575 0.9959654 -0.07558644
26189542.145000003 0.11155188 -0.003167734 0.04042019 -0.00044639918 0.049167622 0.9960472 -0.073975585
26239526.691 0.112647794 -0.003303314 0.037264008 0.0022764106 0.049741536 0.9961221 -0.07253515
26289511.237 0.11433819 -0.0035052144 0.03416021 0.0071892315 0.04976571 0.99619913 -0.07112678
26339504.534 0.1164861 -0.0038500102 0.031361144 0.013096183 0.05015097 0.99621993 -0.06970871
26389497.08 0.1190532 -0.0041742395 0.028809205 0.01911425 0.051707312 0.99617696 -0.067767896
26439497.876000002 0.12178845 -0.004432318 0.026435286 0.025000755 0.0529746 0.9961303 -0.065522
26489498.171 0.12477349 -0.0044628438 0.024312897 0.031652573 0.052854694 0.9960221 -0.064378716
26539498.717 0.128035 -0.004632716 0.02244806 0.03921569 0.053103697 0.9957352 -0.064447396
26589491.263 0.1314739 -0.005139413 0.020632826 0.046153232 0.052412357 0.9954743 -0.06445054
26639484.060000002 0.1349694 -0.0060686124 0.019092996 0.053016536 0.049924698 0.9953023 -0.06379732
26689468.606 0.1384976 -0.007838598 0.01761756 0.060219385 0.046816193 0.9951772 -0.061677985
26739461.152000003 0.14201863 -0.009796866 0.016470384 0.06878066 0.043561473 0.99500495 -0.057766102
26789461.948 0.14506423 -0.012231403 0.015673343 0.07604288 0.041114986 0.99481523 -0.05357007
26839502.743 0.14745815 -0.01486681 0.015035342 0.08064641 0.03906479 0.994714 -0.05014077
26889518.789 0.14919236 -0.017755363 0.014711059 0.08279356 0.03742711 0.99481523 -0.04568572
26939567.084000003 0.15032084 -0.020849401 0.014664737 0.08438265 0.035509113 0.99494976 -0.04115443
26989599.129 0.1509256 -0.023926623 0.014900726 0.08603898 0.032597695 0.9950714 -0.03698092
27039615.925 0.15074429 -0.026844814 0.015491246 0.086979434 0.028447703 0.9952163 -0.0342039
27089631.97 0.14972058 -0.029534897 0.016395478 0.08607632 0.023910176 0.9954906 -0.031901658
27139656.516 0.1477333 -0.032203574 0.017357448 0.08349639 0.019894378 0.9958646 -0.029772079
27189688.811 0.14512472 -0.034477033 0.018606288 0.078140385 0.018059455 0.996399 -0.027514381
27239713.356 0.14181776 -0.036548037 0.020204693 0.0707797 0.016423158 0.99701524 -0.026100583
27289737.902 0.13814743 -0.037948914 0.022017406 0.064494886 0.013805053 0.99751043 -0.024959004
27339761.947 0.13434373 -0.039256327 0.02419911 0.059305888 0.012434619 0.9978455 -0.025152395
27389848.492 0.1304133 -0.04026818 0.02660673 0.052251503 0.013413131 0.99819225 -0.026498381
27439795.289 0.12628077 -0.040976554 0.029249499 0.045881417 0.014636785 0.9984074 -0.029383413
27489819.334 0.122330375 -0.041235857 0.032019325 0.040637057 0.015026109 0.99853534 -0.032405496
27539843.88 0.118383616 -0.04100208 0.03466868 0.036236092 0.014240311 0.9986497 -0.034394376
27589852.675 0.11444405 -0.040358428 0.037153367 0.03183142 0.012569945 0.99875194 -0.036378097
27639853.221 0.11056668 -0.039234072 0.039322514 0.027723767 0.009870671 0.99881935 -0.038651794
27689846.017 0.106758654 -0.037723843 0.041293893 0.022874609 0.0072469115 0.9988369 -0.041823234
27739838.563 0.1029156 -0.035999276 0.042956885 0.018339705 0.0051335418 0.998815 -0.04478902
27789847.109 0.09912906 -0.03436775 0.044306315 0.012143535 0.0049764486 0.99877304 -0.047752474
27839910.654000003 0.09545685 -0.032592054 0.04520916 0.005221648 0.0073344656 0.9986797 -0.05057618
27889879.7 0.092140675 -0.030701451 0.045721617 -0.00055262726 0.0092053 0.9984735 -0.05445716
27939904.496 0.089459464 -0.028778723 0.045895476 -0.004964251 0.011053244 0.99819726 -0.058782354
27989936.541 0.08723066 -0.026821503 0.045688644 -0.0075861327 0.012203382 0.9979049 -0.06308145
28039945.087 0.08554771 -0.024685891 0.045324687 -0.009486214 0.013755785 0.99766713 -0.0661899
28089914.134 0.08418843 -0.022567375 0.044713143 -0.011146803 0.016779456 0.99744105 -0.068597466
28139867.18 0.08314738 -0.020448625 0.043977607 -0.0127301905 0.020239187 0.99733186 -0.068975404
28189827.977 0.08255087 -0.018110003 0.043194745 -0.013680443 0.023813773 0.9971424 -0.07037691
28239813.023000002 0.08223469 -0.015290129 0.042411797 -0.012122826 0.026087236 0.996975 -0.07220367
28289805.569 0.08230441 -0.012517732 0.041613307 -0.009680504 0.02732064 0.9967912 -0.0746139
28339790.366 0.08305642 -0.009912847 0.04051713 -0.0070465524 0.027971037 0.9966937 -0.075959206
28389727.413 0.08424243 -0.007359777 0.039202586 -0.0029744855 0.027896842 0.99665874 -0.07671006
28439648.46 0.08580718 -0.0048749303 0.03790178 0.0015402411 0.028319167 0.9964934 -0.07871916
28489586.007 0.08766393 -0.0024940926 0.03656686 0.0059714834 0.029206635 0.9961995 -0.08184089
28539546.554 0.08995528 -0.00051945035 0.035032418 0.011196135 0.028579395 0.9960372 -0.08347425
28589539.849999998 0.09273271 0.0007913296 0.033448383 0.01831666 0.02850089 0.99596584 -0.08309227
28639476.647 0.09582597 0.0014114091 0.031805754 0.025007265 0.03108112 0.9957943 -0.08247672
28689445.444000002 0.09912517 0.0017458786 0.030412572 0.030943956 0.033368334 0.9955966 -0.081954606
28739422.49 0.102688 0.0016489245 0.029210325 0.0393988 0.033877596 0.9952814 -0.081945725
28789407.286 0.10617053 0.0010728803 0.028109955 0.047200438 0.033320505 0.9950073 -0.081378184
28839407.832 0.10941599 2.2795342e-05 0.026999488 0.05383407 0.032762088 0.99485064 -0.07937766
28889424.378 0.11208861 -0.0014843214 0.025937902 0.059853677 0.033100877 0.99474216 -0.07622389
28939440.674000002 0.11431752 -0.0034078965 0.024975987 0.06442479 0.033532143 0.99462104 -0.07385206
28989456.969 0.11577287 -0.0056674434 0.024166021 0.068693556 0.033673137 0.9944499 -0.07222666
29039473.765 0.11650784 -0.008358059 0.023541719 0.070745364 0.03405146 0.9944477 -0.070067085
29089497.810000002 0.11630407 -0.011241872 0.022985497 0.070688546 0.034733497 0.9946785 -0.06641931
29139514.606 0.11518259 -0.014207957 0.022367856 0.06647543 0.035364345 0.9953146 -0.060657453
29189539.151 0.11327842 -0.017148316 0.022238363 0.06199267 0.034064274 0.9959297 -0.05586255
29239579.447 0.110878885 -0.019715473 0.022190189 0.057860993 0.030748948 0.9965274 -0.051379815
29289635.491 0.108270206 -0.021889295 0.02235362 0.054630917 0.026564822 0.9969819 -0.048341077
29339691.286000002 0.10503538 -0.023727303 0.022683451 0.05001491 0.022942265 0.9974021 -0.046490554
29389723.582 0.10147016 -0.025295908 0.023131037 0.043484647 0.021525035 0.99778825 -0.045436304
29439740.127 0.09765885 -0.0265711 0.023627698 0.035586793 0.021031769 0.9981489 -0.04460999
29489748.672999997 0.093784176 -0.027557438 0.024247823 0.028046055 0.020337546 0.9984426 -0.043728437
29539765.469 0.09003426 -0.028285563 0.024902716 0.021676527 0.018470693 0.99866456 -0.04310589
29589805.514 0.08639574 -0.028779376 0.025757901 0.016197665 0.016344907 0.9988155 -0.04287423
29639845.558999997 0.08288248 -0.02879319 0.026765263 0.011486979 0.014519341 0.998871 -0.0437492
29689870.104000002 0.07917938 -0.02868267 0.027838059 0.0053723576 0.012571864 0.99884576 -0.046045944
29739912.15 0.07537591 -0.028220866 0.029053804 -0.0020319906 0.01026408 0.99876475 -0.048574507
29789894.946000002 0.07169186 -0.027353441 0.030260714 -0.008988523 0.007634209 0.9986383 -0.05081878
29839911.492 0.068212196 -0.026217457 0.031396143 -0.014690528 0.004373256 0.9984925 -0.05270579
29889944.037 0.06489887 -0.02494888 0.032272868 -0.020373635 0.00029181383 0.99832 -0.05424144
29939968.082000002 0.0618529 -0.023657398 0.03307643 -0.025889117 -0.0036864514 0.99807465 -0.05624246
29989976.628000002 0.058843836 -0.022334687 0.03367658 -0.032725878 -0.006354223 0.9977599 -0.057999033
30039961.424 0.055991445 -0.020901881 0.03409058 -0.039665554 -0.0076851775 0.99735284 -0.060456272
30089946.470999997 0.05331158 -0.019096086 0.034242775 -0.046054494 -0.009165507 0.9968598 -0.063762575
30139954.516 0.050823376 -0.01708111 0.034159683 -0.050931655 -0.011120773 0.99637365 -0.06724486
30189998.061 0.048847817 -0.015237471 0.033708133 -0.055547588 -0.012372367 0.99591 -0.07017661
30239971.858000003 0.04744811 -0.013446697 0.033180498 -0.058019005 -0.013042432 0.9956081 -0.07230608
30289940.904 0.04672073 -0.011838722 0.03235775 -0.05806169 -0.013342922 0.99539715 -0.07506963
30339885.951 0.046679977 -0.010299707 0.031556383 -0.057402067 -0.01362688 0.99526495 -0.07724636
30389831.248 0.046616346 -0.008761675 0.030474113 -0.055898987 -0.013235154 0.9952509 -0.0785865
30439784.294999998 0.047161117 -0.007368243 0.029461384 -0.056169093 -0.011795281 0.9950675 -0.08091147
30489752.842 0.04769245 -0.0058560893 0.0281742 -0.053806406 -0.011032903 0.99508584 -0.0823858
30539729.388 0.048846018 -0.0044286167 0.026909139 -0.0510339 -0.009714114 0.9951747 -0.08323737
30589706.685 0.050389264 -0.00281354 0.025579017 -0.04856352 -0.008334382 0.99519265 -0.08463921
30639675.231 0.05233537 -0.0013163993 0.024320126 -0.044615455 -0.0074954364 0.9951246 -0.087638274
30689628.278 0.054917 1.929645e-05 0.023328612 -0.039028905 -0.005463459 0.9952309 -0.08923167
30739581.575 0.05791242 0.000977965 0.022506956 -0.03243347 -0.0022510034 0.99539304 -0.09019858
30789534.371999998 0.06138501 0.0015538916 0.021893185 -0.025739562 0.0010709867 0.9955452 -0.09069761
30839495.667999998 0.06507865 0.001839065 0.02154066 -0.017656002 0.003941582 0.9957359 -0.09045858
30889472.215 0.06904287 0.0018237741 0.021411242 -0.007984085 0.0054981504 0.99584633 -0.09053279
30939459.511 0.07298327 0.0014374201 0.021442432 0.0018605236 0.005802214 0.9958435 -0.090876855
30989449.807 0.07654458 0.0004276823 0.021543464 0.010741303 0.0071611786 0.9957467 -0.0912249
31039442.353 0.079575166 -0.0010956984 0.021465393 0.017429126 0.010474697 0.9957404 -0.08993126
31089435.149 0.082454965 -0.0032219195 0.021462753 0.02260764 0.013908608 0.99594194 -0.08599544
31139435.695 0.08503309 -0.0058460427 0.021534258 0.02664623 0.015905412 0.9962046 -0.08132251
31189452.491 0.087275565 -0.008615867 0.021854378 0.031664845 0.015924111 0.9964591 -0.07624298
31239492.536000002 0.08909427 -0.011427548 0.022453882 0.036531705 0.014313697 0.99658346 -0.07267769
31289548.581 0.090337254 -0.014327539 0.023099622 0.040137153 0.0123878755 0.9966729 -0.06984782
31339604.626000002 0.09078838 -0.01735122 0.023979714 0.039846838 0.012784977 0.9968869 -0.06682272
31389644.671 0.09088356 -0.020469472 0.024677305 0.03931479 0.01500281 0.99712884 -0.06295577
31439661.466000002 0.09051349 -0.023585062 0.025436774 0.0402356 0.017480321 0.9973272 -0.058429636
31489685.512 0.08922906 -0.026462834 0.026208917 0.039729405 0.019143986 0.99756974 -0.05394249
31539726.057 0.08734971 -0.028975327 0.026725408 0.035244826 0.020183938 0.9979604 -0.049248938
31589782.352 0.08491396 -0.031227466 0.027236415 0.030724209 0.020550273 0.9983441 -0.044076618
31639846.397 0.082309276 -0.032990165 0.02775362 0.028201332 0.01937418 0.99865645 -0.03892019
31689894.442 0.079453774 -0.034401253 0.028417053 0.025851816 0.016950227 0.99888366 -0.035720035
31739926.487 0.07623178 -0.035410367 0.02910156 0.020715391 0.015352998 0.9990907 -0.033956353
31789943.283 0.0725684 -0.035898622 0.029505901 0.013439549 0.0147987995 0.99926054 -0.032845374
31839967.827999998 0.068969876 -0.0359621 0.029860994 0.0061331335 0.014491074 0.99936515 -0.03196649
31889999.873 0.06575805 -0.035601974 0.03007518 0.001370455 0.01373427 0.99939966 -0.031776812
31940055.917999998 0.062831156 -0.03471061 0.030479813 -0.0021082344 0.01216556 0.99937636 -0.033082206
31990104.213 0.06020338 -0.033190522 0.030796228 -0.004878927 0.010659995 0.9992895 -0.03582131
32040128.759000003 0.057907388 -0.031260464 0.031171286 -0.007400204 0.010775896 0.9991246 -0.03973974
32090113.305 0.055897657 -0.029182736 0.031464994 -0.0097697 0.010934644 0.99893546 -0.043737657
32140161.85 0.0541743 -0.026907515 0.031626265 -0.011657802 0.0105452025 0.9987671 -0.047088124
32190034.898 0.05254863 -0.02455971 0.03145361 -0.013030127 0.008623451 0.99860996 -0.050338987
32240012.195000004 0.05114351 -0.022073608 0.031006388 -0.014244439 0.0060300785 0.9985129 -0.05227594
32290004.741 0.049842 -0.01934689 0.030302178 -0.01568885 0.0025743165 0.9984378 -0.053565886
32339981.286999997 0.048576273 -0.016473785 0.029288748 -0.018434873 -0.0016100972 0.9983233 -0.054846745
32389942.334000003 0.047280814 -0.013436456 0.028103277 -0.023490153 -0.005746584 0.9980538 -0.05747942
32439903.630999997 0.046171337 -0.010443099 0.026877051 -0.027904494 -0.0092709595 0.99770224 -0.06103885
32489864.676999997 0.04573934 -0.007573526 0.025969598 -0.029773675 -0.012161889 0.997344 -0.06534974
32539841.223999996 0.04592763 -0.00516411 0.025567213 -0.030292287 -0.0132516585 0.9970377 -0.069445506
32589810.519999996 0.046682093 -0.0030794113 0.025495118 -0.03074407 -0.012760504 0.99674666 -0.073403955
32639747.566999998 0.04809482 -0.0015642224 0.02595532 -0.029126016 -0.011787846 0.99651563 -0.07726174
32689684.613999996 0.049995977 -0.00015796503 0.026807237 -0.02551319 -0.012078863 0.9963895 -0.08007021
32739669.411 0.05211932 0.00089616596 0.028152637 -0.02147183 -0.013674623 0.99626714 -0.0824857
32789598.457999997 0.05453726 0.0015967702 0.029961133 -0.01718373 -0.015088234 0.99620885 -0.08393507
32839583.504 0.057113096 0.0020505043 0.03227693 -0.011270718 -0.016433889 0.9961477 -0.08539763
32889568.049999997 0.059722155 0.002170112 0.034908846 -0.0045278324 -0.016913168 0.9960156 -0.087443784
32939552.597 0.062270723 0.0019639332 0.03769921 0.0014078598 -0.016326284 0.99583596 -0.08967913
32989537.142999995 0.06453107 0.0014522359 0.04058641 0.0067517725 -0.014820683 0.99568766 -0.09132908
33039530.439 0.06664669 0.00078788475 0.043578878 0.01162588 -0.013224488 0.995555 -0.092522115
33089538.485000003 0.068420134 -4.1896703e-05 0.046564348 0.016167745 -0.012997569 0.99537575 -0.09379156
33139563.28 0.06977558 -0.0010430856 0.04962537 0.020341478 -0.013353115 0.9952215 -0.09456299
33189587.825999998 0.07084846 -0.0022013884 0.052613955 0.02318844 -0.013285752 0.99515784 -0.09458748
33239619.871 0.07148677 -0.0033991046 0.05559298 0.023922665 -0.012589084 0.99515253 -0.094555244
33289636.417 0.07185706 -0.00428027 0.058532767 0.024864944 -0.011655748 0.9951618 -0.094334796
33339710.461 0.07229507 -0.0050644567 0.061768346 0.02692057 -0.011034141 0.99491554 -0.09641925
33389685.507999998 0.07256305 -0.0055449973 0.06504543 0.028692767 -0.010822177 0.994611 -0.09903792
33439717.053 0.07278042 -0.005795319 0.06829131 0.030321786 -0.0102829635 0.99432796 -0.101423964
33489741.847999997 0.07296025 -0.005945429 0.071436085 0.032362215 -0.01015298 0.9940724 -0.10329467
33539750.393999998 0.07327192 -0.006045034 0.074451834 0.03453082 -0.010130148 0.9937771 -0.10541393
33589751.44 0.07333634 -0.0059673204 0.07731992 0.036699258 -0.010935348 0.99346834 -0.107490666
33639759.736 0.07333131 -0.005866525 0.07996452 0.037926156 -0.011352742 0.99312234 -0.11018544
33689775.780999996 0.07318944 -0.0057669706 0.08235075 0.038175363 -0.011471656 0.9928139 -0.1128349
33739784.327 0.07294238 -0.005545236 0.08446187 0.038192675 -0.011412968 0.9925716 -0.11494719
33789785.122999996 0.07260536 -0.0053277146 0.08637187 0.03810998 -0.01077616 0.9923005 -0.11735107
33839785.669 0.07226213 -0.004986844 0.08810168 0.037376985 -0.009824814 0.99201113 -0.120085135
33889778.214999996 0.07203487 -0.004564661 0.08970386 0.037368786 -0.009032533 0.99169636 -0.1227206
33939778.761 0.07184435 -0.004304523 0.090957925 0.036938008 -0.008892956 0.9913834 -0.12536162
33989787.557 0.0719285 -0.004157909 0.09188369 0.037282497 -0.008692604 0.99127114 -0.12615886
34039788.103 0.07233447 -0.004418543 0.092200466 0.037474293 -0.008430025 0.9913137 -0.12578484
