1115348.0 -0.0 -0.0 -0.0 -0.0 -0.0 1.0 -0.0
1155778.858 0.0035130428 -0.0073362696 0.0048026666 0.0022693945 0.000589938 0.99999726 -0.00023012642
1215352.873 0.009397797 -0.021796284 0.013003536 0.008624864 0.0010534895 0.99996144 -0.0013013579
1255783.9810000001 0.012063749 -0.032326095 0.01911175 0.013068113 0.00090092456 0.99991107 -0.002515513
1315358.246 0.012470505 -0.048628192 0.027809393 0.016685031 -0.00017202068 0.9998514 -0.0043391073
1355789.104 0.0105595505 -0.059891585 0.033585433 0.01853168 -0.0011607708 0.99981296 -0.0054115565
1415363.3690000002 0.0055336007 -0.0751024 0.03962123 0.020412298 -0.0022548786 0.99976933 -0.0063029034
1455794.477 0.0009848118 -0.083911486 0.041872118 0.02058258 -0.003412847 0.9997634 -0.006162264
1515368.4919999999 -0.007874007 -0.090221584 0.04448268 0.019828135 -0.0046388656 0.9997732 -0.006235946
1555799.851 -0.01247015 -0.092847526 0.04572263 0.018853128 -0.00486412 0.9997836 -0.0073365117
1615373.8649999998 -0.016957015 -0.09317958 0.049887907 0.017937534 -0.005443733 0.9997728 -0.0101512335
1655804.974 -0.01620335 -0.09341837 0.052329537 0.018662157 -0.0047451896 0.99975973 -0.010472062
1715379.239 -0.015392301 -0.09430122 0.054666128 0.019409575 -0.0043854564 0.9997517 -0.010036057
1755810.0969999998 -0.01821606 -0.09601636 0.053392623 0.0193931 -0.0042187227 0.9997468 -0.010606631
1815384.362 -0.018880833 -0.094021566 0.05412292 0.018629557 -0.0026795594 0.9997628 -0.010970004
1855815.7200000002 -0.019266864 -0.09285116 0.056395467 0.017966352 -0.0030917604 0.99977237 -0.011088756
1915389.735 -0.019616332 -0.09127521 0.056175817 0.017676782 -0.002823764 0.999777 -0.01120408
1955820.8429999999 -0.018822895 -0.089522325 0.056212727 0.016370224 -0.002025096 0.99980086 -0.011233147
2015395.1080000002 -0.019712823 -0.08666941 0.057805464 0.015097374 -0.0013469456 0.9998019 -0.012909107
2056903.989 -0.018922286 -0.08388993 0.059267253 0.015082144 -0.0006990673 0.999788 -0.014006046
2106384.04 -0.017151747 -0.081892736 0.060587462 0.015631072 -0.0005041007 0.9997682 -0.01479804
2156449.853 -0.015238673 -0.07976785 0.05997867 0.015376002 -0.00011777422 0.99976605 -0.0152116185
2207070.927 -0.013896893 -0.07899559 0.059850276 0.014452219 0.00051845005 0.9997643 -0.01619464
2258064.51 -0.014161959 -0.0765311 0.06017509 0.013719796 0.000614947 0.9997774 -0.016022058
2308027.571 -0.012528002 -0.07553243 0.057916135 0.013573322 0.00017773078 0.99977493 -0.016302489
2357300.867 -0.012965505 -0.07449267 0.057086077 0.013473699 0.00022476494 0.99976987 -0.016691174
2406819.4179999996 -0.0130131915 -0.07425872 0.0561005 0.013125252 0.00070333225 0.99976206 -0.017412025
2456687.477 -0.012311451 -0.074367724 0.055416264 0.012825245 0.0021620917 0.9997614 -0.017553506
2506848.792 -0.012977291 -0.07388085 0.054629903 0.012633731 0.0018617531 0.999768 -0.017348075
2557223.361 -0.009643553 -0.07039326 0.05636266 0.012323855 0.0017948927 0.99978113 -0.016815383
2607416.9269999997 -0.008680724 -0.07212863 0.055799596 0.012907959 0.0014713173 0.9997741 -0.016821254
2657292.486 -0.0071951575 -0.0728803 0.055435713 0.013648803 0.00064713566 0.99977225 -0.0163931
2707041.542 -0.005785062 -0.07581869 0.055139974 0.015371618 -6.598157e-05 0.9997383 -0.016944347
2756893.35 -0.0043800133 -0.07911024 0.056193806 0.017396424 -0.0015143644 0.9997001 -0.017167723
2806911.912 -0.004376402 -0.08488974 0.058004282 0.020349056 -0.0026338038 0.99961406 -0.018731514
2857049.477 -0.00589801 -0.09266164 0.06125885 0.023138223 -0.0029719255 0.9995153 -0.020618722
2907202.541 -0.010654151 -0.102854125 0.064797975 0.025401354 -0.0027385007 0.9994097 -0.02297195
2957229.3540000003 -0.01900927 -0.11395883 0.068164125 0.027470775 -0.00326351 0.9993159 -0.024546323
3007144.413 -0.030377347 -0.12615395 0.0726231 0.030122347 -0.0053080325 0.9992117 -0.025308305
3057059.973 -0.045981776 -0.13864781 0.0766518 0.03220341 -0.008222417 0.9991272 -0.025300762
3107054.784 -0.06583807 -0.15186755 0.07989652 0.032532558 -0.011958309 0.99910665 -0.024179408
3157128.3479999998 -0.090835094 -0.16320086 0.084623195 0.031435356 -0.016164856 0.99908715 -0.023988374
3207297.663 -0.11940606 -0.1731118 0.09147199 0.030996937 -0.02048401 0.99903685 -0.023343237
3257366.7260000003 -0.15056103 -0.18004645 0.09694603 0.030143363 -0.020380925 0.99909663 -0.021953775
3307350.537 -0.18138061 -0.1801707 0.099944495 0.02308586 -0.015418886 0.9993309 -0.023814349
3357313.0979999998 -0.21321379 -0.17668694 0.10013853 0.011620974 -0.008152477 0.99960303 -0.024338381
3407284.658 -0.24193928 -0.1707598 0.09712948 -0.000788469 -0.00018543527 0.9997402 -0.0227818
3457294.97 -0.26546383 -0.16018909 0.091418654 -0.010567321 0.0060596056 0.99972755 -0.019914055
3507345.2830000003 -0.2845345 -0.1453887 0.08282285 -0.019708069 0.008769171 0.999649 -0.015386921
3557395.345 -0.29899263 -0.12686738 0.07103254 -0.03054234 0.008804621 0.99943644 -0.01079605
3607397.907 -0.30659583 -0.10343829 0.057674084 -0.03945314 0.007887945 0.99915045 -0.008926632
3657368.968 -0.30598068 -0.07890601 0.043448843 -0.04655601 0.0069406806 0.9988544 -0.008625118
3707334.7789999996 -0.2961193 -0.05441295 0.029097842 -0.050938297 0.0053504016 0.9986454 -0.009162755
3757286.839 -0.27772504 -0.032156426 0.015701337 -0.050550807 0.0057344837 0.99867266 -0.008046894
3807257.9 -0.251515 -0.011663938 0.004358005 -0.045435358 0.005483217 0.9989285 -0.006889578
3857212.961 -0.22263767 0.009302537 -0.00709202 -0.04082156 0.0026079658 0.99912316 -0.008935132
3907160.271 -0.19341117 0.029100375 -0.01753436 -0.037763778 -0.0011841925 0.9991839 -0.014284807
3957099.3310000002 -0.16249704 0.047835458 -0.026664238 -0.03257973 -0.0053266473 0.9991905 -0.02299255
4007030.3910000003 -0.12880825 0.061296377 -0.033917136 -0.024504194 -0.0067423466 0.99920696 -0.030650802
4056945.9510000004 -0.09536263 0.06794804 -0.04048488 -0.018989468 -0.008128799 0.99920774 -0.03401752
4106853.011 -0.061062504 0.06856979 -0.04512218 -0.012561218 -0.009491666 0.9992508 -0.035356905
4156808.071 -0.028967503 0.0631988 -0.047387157 -0.005076975 -0.011038446 0.99918765 -0.038424622
4206818.883 0.001533594 0.050384976 -0.04754765 0.0030115761 -0.009915441 0.999118 -0.040694766
4256861.194999999 0.028650789 0.031218294 -0.04621448 0.012341235 -0.012135244 0.9989478 -0.042471435
4306895.758 0.049845163 0.005987153 -0.042774104 0.020496102 -0.01481812 0.99880475 -0.041827887
4356906.319 0.064667344 -0.02251387 -0.037749954 0.02591794 -0.016952403 0.99870276 -0.04041934
4406900.881 0.072398186 -0.051108155 -0.030606864 0.0292606 -0.018134728 0.9986192 -0.039682038
4456918.943 0.0766365 -0.0797139 -0.022957116 0.030962486 -0.016322367 0.9986075 -0.03947042
4506953.505 0.07886803 -0.10818898 -0.012111742 0.036431946 -0.012248679 0.99852943 -0.03823355
4557012.068 0.078292646 -0.13418218 -0.0008086169 0.043415077 -0.007139326 0.99832165 -0.037658744
4607069.88 0.068519406 -0.15640734 0.009112072 0.045736883 -0.005766946 0.9982062 -0.03820131
4657120.193 0.050282042 -0.17521116 0.0216295 0.04197939 -0.006227681 0.99836546 -0.038280286
4707154.005 0.024449887 -0.19052057 0.032723393 0.035631534 -0.006825643 0.9986225 -0.037907388
4757188.818 -0.00628504 -0.20048378 0.042525545 0.02804661 -0.0062901555 0.9988815 -0.037544962
4807230.880000001 -0.03909485 -0.20030978 0.045998584 0.018509818 -0.0061621903 0.99910635 -0.03749643
4857273.442 -0.071963415 -0.1898297 0.04534846 0.007918017 -0.006059863 0.99910444 -0.04112299
4907338.505 -0.10220337 -0.17369534 0.04221952 -0.0023048015 -0.0025151356 0.99890745 -0.04660825
4957318.066 -0.13272601 -0.15674166 0.037889414 -0.012240034 0.0020839158 0.99865526 -0.050334036
5007249.375999999 -0.16363963 -0.14014748 0.032153457 -0.025181256 0.004902023 0.9984028 -0.0503375
5057164.936 -0.19055143 -0.12218803 0.024091791 -0.038447507 0.0026713042 0.9981652 -0.046700474
5107119.747 -0.21090756 -0.100745656 0.015286506 -0.0481606 -0.0031235379 0.99796665 -0.04163446
5157138.309 -0.22419529 -0.077786915 0.005531865 -0.05437039 -0.009353404 0.99777716 -0.037379857
5207204.372 -0.23292051 -0.054372136 -0.004772219 -0.059796344 -0.012688433 0.9975601 -0.03372455
5257246.433999999 -0.23750705 -0.031215878 -0.017643971 -0.067593314 -0.014066063 0.9971449 -0.03058566
5307233.495 -0.23615614 -0.00961889 -0.03143527 -0.07499776 -0.01466813 0.9967405 -0.025856314
5357164.805 -0.22511601 0.011308841 -0.0435909 -0.07885337 -0.014002016 0.99655783 -0.021417722
5407112.116 -0.20930928 0.03348494 -0.053267416 -0.07863748 -0.012321746 0.9966043 -0.021075008
5457090.677 -0.1869324 0.05495718 -0.06240562 -0.07764713 -0.0084315 0.9967047 -0.021900136
5507085.238 -0.15860106 0.075324416 -0.06994462 -0.07366661 -0.002523914 0.99698496 -0.024247015
5557103.55 -0.124601215 0.093429334 -0.07345606 -0.06461446 0.002266589 0.99746835 -0.02960904
5607021.109999999 -0.0877816 0.10630351 -0.074343234 -0.053464722 0.0040938603 0.9979991 -0.033506144
5656950.67 -0.047736175 0.111699894 -0.07266936 -0.040197566 0.0046436326 0.99848783 -0.037212275
5706873.48 -0.0047659054 0.10910218 -0.07082555 -0.024112094 0.005914469 0.99889505 -0.039905038
5756836.541 0.03760882 0.09821183 -0.071589425 -0.010112339 0.008896864 0.9991782 -0.038231567
5806831.352 0.078162804 0.08101388 -0.07270273 0.001811933 0.009307483 0.9993367 -0.03516286
5856873.914 0.11673296 0.058608294 -0.0744188 0.014598869 0.009578835 0.9993739 -0.030773152
5906939.727 0.14957896 0.031865798 -0.07437696 0.025799897 0.009824012 0.9992962 -0.02539874
5956997.79 0.17505606 0.0045499275 -0.07143322 0.034607768 0.008228051 0.99912167 -0.022146763
6007024.352 0.19269894 -0.022783527 -0.063882396 0.039475948 0.00564379 0.9989727 -0.021524677
6057034.914 0.20066254 -0.048224587 -0.05064859 0.04081653 0.0031572923 0.99885124 -0.02490578
6107045.476000001 0.20100014 -0.07286155 -0.03310949 0.038333643 0.0029669767 0.9987858 -0.030800613
6157056.2870000005 0.19211842 -0.09627319 -0.0107937865 0.03314319 0.0016123034 0.99880433 -0.0358998
6207074.348999999 0.1800975 -0.11781179 0.014960741 0.02756634 -0.0014057602 0.99886405 -0.03884269
6257084.910999999 0.1657798 -0.13583966 0.04130021 0.022942964 -0.004347068 0.99886584 -0.041494418
6307103.473 0.14900658 -0.15062952 0.067332774 0.018099165 -0.0050927354 0.99881506 -0.044889454
6357145.785 0.13071586 -0.16231017 0.09374575 0.014334137 -0.004528637 0.9986974 -0.04876033
6407203.848 0.11146444 -0.17191532 0.12100822 0.0120964395 -0.0028482226 0.99859387 -0.051536255
6457253.911 0.09033589 -0.17862672 0.14912298 0.009481104 -0.0031461518 0.99846244 -0.054525014
6507280.472999999 0.066120885 -0.18230136 0.1795034 0.0052401586 -0.005460917 0.9982664 -0.058369737
6557291.284999999 0.042472586 -0.1835269 0.2105416 0.0020955584 -0.0086156335 0.9979681 -0.06309676
6607309.346 0.0196283 -0.18218467 0.24298348 0.0012380007 -0.010797897 0.9976546 -0.067582026
6657327.908 -0.002145983 -0.1775291 0.27475503 0.00079718477 -0.010687071 0.99719906 -0.074022494
6707346.72 -0.02192468 -0.17208852 0.30437797 0.0015245377 -0.009760263 0.99669707 -0.08060666
6757357.282 -0.039893173 -0.1667546 0.33183163 0.0023673065 -0.009510762 0.9961237 -0.08741637
6807359.8440000005 -0.056833077 -0.15969364 0.35613462 0.0008997107 -0.009666495 0.995435 -0.09494655
6857346.405 -0.073004685 -0.15215708 0.37649482 -0.0009079766 -0.010412644 0.9947756 -0.10155017
6907340.966 -0.089599386 -0.14273243 0.3928254 -0.004637067 -0.011826443 0.99415517 -0.10721073
6957327.528 -0.10588375 -0.1328553 0.40522587 -0.010669232 -0.012598067 0.9934484 -0.11308338
7007322.839000001 -0.1196005 -0.12548144 0.4142996 -0.014967185 -0.012800866 0.9928482 -0.11774848
7057309.4 -0.13166542 -0.12069531 0.41925701 -0.016505422 -0.012866494 0.99294937 -0.11667771
7107296.211 -0.14411685 -0.11375807 0.4164879 -0.020513885 -0.01242906 0.99303305 -0.11536989
7157290.773 -0.15671773 -0.10121744 0.40867373 -0.026768018 -0.010620084 0.9927231 -0.116925426
7207301.335 -0.16511147 -0.08432463 0.3962665 -0.029025784 -0.009326857 0.9920302 -0.12225665
7257295.896000001 -0.16940516 -0.068521574 0.3784088 -0.030027509 -0.006220361 0.9918802 -0.1234237
7307250.9569999995 -0.1737833 -0.055436462 0.3546245 -0.033629984 -0.0008168996 0.9918193 -0.12313747
7357158.766 -0.17438471 -0.043153435 0.3289666 -0.034335434 0.005636213 0.99209344 -0.1205815
7407081.825999999 -0.1735076 -0.02979297 0.30069295 -0.032556463 0.0074504362 0.99268174 -0.11604965
7457038.637 -0.1744882 -0.014058951 0.26909462 -0.033494376 0.007046903 0.9930656 -0.112469316
7507039.448 -0.17911206 0.0038796822 0.23399262 -0.039323766 0.0048191296 0.9932338 -0.10916508
7557058.26 -0.18386371 0.019953592 0.19665854 -0.049711253 0.0027099561 0.99330497 -0.10424337
7607036.821 -0.18488424 0.033881705 0.15928681 -0.05667122 0.00062436477 0.9936803 -0.09688927
7656992.132 -0.18219212 0.04695516 0.121521346 -0.06103402 -0.0020761602 0.99405986 -0.09008676
7706947.192 -0.1768327 0.06085627 0.08280616 -0.065608114 -0.006167924 0.9943958 -0.08267134
7756941.754000001 -0.16931365 0.074529506 0.043840222 -0.07219603 -0.008754873 0.9945457 -0.074766904
7806960.316000001 -0.1585494 0.08923875 0.005409998 -0.078654714 -0.010504074 0.99440014 -0.06979643
7856994.628 -0.14309554 0.104008526 -0.029017754 -0.0814577 -0.011003723 0.99441576 -0.06618823
7907026.4399999995 -0.12318833 0.11472947 -0.05877466 -0.080661945 -0.011034329 0.9947522 -0.06196717
7956976.251 -0.10034199 0.1214329 -0.08325759 -0.07653416 -0.011427709 0.99532884 -0.057727903
8006938.811 -0.07395647 0.1251968 -0.106320426 -0.07185016 -0.012037518 0.9958488 -0.054571167
8056917.872 -0.045160018 0.12508455 -0.12674868 -0.06679579 -0.010050258 0.9962837 -0.053442426
8106912.434 -0.012004407 0.11953261 -0.14482045 -0.06092299 -0.006168241 0.9966752 -0.05375007
8156938.996 0.025206704 0.10657609 -0.15911032 -0.050958123 0.00078228745 0.99725467 -0.05371969
8206973.307999999 0.064854264 0.088673405 -0.17008291 -0.037679985 0.00861903 0.9978556 -0.05282247
8256992.12 0.10366072 0.06486462 -0.17894427 -0.023840886 0.016200561 0.99842703 -0.04808987
8306994.682 0.1393501 0.04067073 -0.18575904 -0.009971858 0.018522365 0.998817 -0.043841895
8357005.243000001 0.1709065 0.015164466 -0.19107813 0.0031874673 0.019498976 0.9989087 -0.042322505
8407031.305 0.19512394 -0.012456386 -0.19477797 0.01120247 0.0182471 0.9989125 -0.04141854
8457089.368 0.21389204 -0.040173754 -0.19638741 0.013067734 0.015559978 0.9989415 -0.041269667
8507131.431 0.22579506 -0.06904469 -0.1959227 0.012160429 0.01126367 0.9989783 -0.04204202
8557142.242 0.23487908 -0.09636576 -0.19091742 0.01098328 0.004960493 0.99887896 -0.045778286
8607147.304 0.24015385 -0.12580785 -0.18306498 0.009204701 0.00010630095 0.9987725 -0.04866989
8657107.865 0.2414106 -0.15620996 -0.1724665 0.0071639135 -0.0025581054 0.998566 -0.05299175
8707102.676 0.2407431 -0.18729569 -0.15851887 0.0076982733 -0.0022118478 0.99830806 -0.05759293
8757129.238 0.23756833 -0.22061409 -0.14122668 0.00914022 -0.0019596636 0.99808645 -0.06112399
8807155.3 0.2293747 -0.2537377 -0.12193729 0.009877849 -0.0011928276 0.9979287 -0.06355643
8857189.863 0.21760167 -0.28611726 -0.10044358 0.0087570185 -0.0010756066 0.9977762 -0.06606726
8907223.924999999 0.19750474 -0.3125182 -0.078976005 0.006180948 -0.002653813 0.9972398 -0.0739429
8957266.237 0.17126961 -0.33626768 -0.05657914 0.00086814427 -0.0033897206 0.99650234 -0.08349157
9007317.05 0.14268507 -0.35921925 -0.033107277 -0.005146887 -0.0017750912 0.9959727 -0.089491874
9057327.112 0.111696795 -0.37901038 -0.011009956 -0.008308398 -0.0005465871 0.9955818 -0.093529075
9107401.424999999 0.079029255 -0.39409283 0.012917265 -0.012062997 -0.00077037734 0.99545497 -0.094463035
9157324.735 0.044739265 -0.40804607 0.035536364 -0.016582843 -0.00024536686 0.99543035 -0.09403939
9207366.797 0.013192841 -0.41709286 0.059451833 -0.016792363 0.0021374458 0.99546754 -0.09358296
9257440.86 -0.016403578 -0.42245173 0.08276912 -0.013337394 0.0026054827 0.99569386 -0.09170161
9307514.423 -0.0473008 -0.42247242 0.10579589 -0.010249263 -0.0015569017 0.996191 -0.086580165
9357557.236000001 -0.0763384 -0.41245687 0.12926888 -0.00943998 -0.006902267 0.996225 -0.08601751
9407567.797 -0.104180366 -0.39506063 0.15322869 -0.0070799133 -0.008852595 0.9958615 -0.09017503
9457562.609000001 -0.12932058 -0.37484437 0.17886429 -0.0029189 -0.009706291 0.9955504 -0.09368428
9507549.17 -0.15294807 -0.3549183 0.20763153 0.0035285144 -0.008548793 0.9956291 -0.09293652
9557535.731 -0.17516191 -0.33155912 0.23530087 0.008402077 -0.006916487 0.9953398 -0.0958143
9607566.043 -0.19704877 -0.30378196 0.26459002 0.010704909 -0.006982115 0.99454355 -0.103536375
9657548.855 -0.21913558 -0.27820367 0.2910668 0.008691569 -0.009307161 0.9943964 -0.10494668
9707551.666 -0.24091269 -0.2528993 0.31371993 0.0038481038 -0.0118038785 0.9946396 -0.10265507
9757538.227 -0.26081085 -0.22548722 0.33265647 0.00075146847 -0.010762798 0.99459064 -0.103311226
9807525.288999999 -0.2814231 -0.19288078 0.34230107 -0.0042064455 -0.009700842 0.99356306 -0.11278647
9857543.6 -0.30120337 -0.16112785 0.3404128 -0.0104692485 -0.013008636 0.99257874 -0.120451845
9907538.661999999 -0.32063675 -0.13532732 0.32745296 -0.020959396 -0.017689236 0.99218845 -0.12169584
9957477.722000001 -0.33374903 -0.11486911 0.30726108 -0.026259309 -0.021289527 0.9926336 -0.116343446
10007376.782 -0.33949116 -0.097095616 0.27985266 -0.02832602 -0.021806754 0.99300694 -0.11251431
10057323.842 -0.3385992 -0.082270615 0.25160542 -0.025601739 -0.021271888 0.99399006 -0.104287885
10107310.903 -0.3347071 -0.069172874 0.22278772 -0.02497882 -0.022770952 0.99496925 -0.09430748
10157329.215 -0.3310175 -0.058277167 0.19442755 -0.02770967 -0.02318659 0.99590456 -0.08287737
10207347.776999999 -0.32569534 -0.045810867 0.16711056 -0.030896094 -0.022404436 0.99664843 -0.072356515
10257362.089 -0.31672114 -0.028830767 0.1431564 -0.03318535 -0.02052984 0.99725443 -0.062935576
10307337.149999999 -0.30725986 -0.0077111134 0.12085862 -0.032637533 -0.021991258 0.9975586 -0.057689443
10357324.211000001 -0.29576904 0.01706655 0.09930853 -0.03339992 -0.023861215 0.99765575 -0.0547563
10407310.772 -0.28322184 0.043420486 0.07753893 -0.03336595 -0.025356265 0.99779356 -0.051495124
10457273.832999999 -0.27069888 0.0694074 0.055998053 -0.03856134 -0.023879047 0.9978332 -0.047663305
10507213.143000001 -0.2557444 0.09513628 0.03537736 -0.041779116 -0.021536795 0.99788743 -0.04484852
10557160.204 -0.23926178 0.1180381 0.015805582 -0.045619432 -0.020694284 0.9978843 -0.041444104
10607138.764999999 -0.2190916 0.13764119 -0.0009956594 -0.046223793 -0.019947337 0.9980527 -0.03682649
10657141.326 -0.19731395 0.15529531 -0.016739372 -0.04783366 -0.019033467 0.9980379 -0.03563774
10707144.137999998 -0.17409049 0.17379268 -0.03106182 -0.048630152 -0.017252056 0.9979213 -0.038610786
10757131.199000001 -0.14854436 0.1894787 -0.045209512 -0.051062517 -0.014219637 0.9977418 -0.041253183
10807101.760000002 -0.120436646 0.20338948 -0.05808786 -0.052866556 -0.012044587 0.99754983 -0.04420847
10857056.820999999 -0.08704076 0.21335143 -0.067355566 -0.05157698 -0.008348294 0.99753666 -0.04680516
10907027.632 -0.050064303 0.21862617 -0.07286475 -0.04790559 -0.006550216 0.9977641 -0.04613995
10957037.943 -0.011890317 0.22027117 -0.07721704 -0.046362985 -0.00872977 0.9979089 -0.044183567
11007080.756 0.028420625 0.2163753 -0.080344886 -0.043471172 -0.009387299 0.99822074 -0.03971811
11057123.318 0.06617004 0.20857915 -0.08229882 -0.044019036 -0.01002353 0.9983846 -0.03449739
11107149.629999999 0.10353824 0.1985662 -0.081990525 -0.045044076 -0.011057533 0.99845433 -0.03062468
11157136.191 0.14031631 0.18618849 -0.07764538 -0.045413706 -0.014650978 0.99849474 -0.027042037
11207122.753 0.17229822 0.17145404 -0.06788105 -0.046706602 -0.018868536 0.9984077 -0.025388423
11257125.314000001 0.19889276 0.15389583 -0.05368477 -0.04825337 -0.019381862 0.9983255 -0.02534009
11307144.126 0.21837457 0.13460284 -0.03598803 -0.05371813 -0.017484162 0.99809605 -0.02475753
11357162.688 0.23143364 0.11556266 -0.015528596 -0.059899397 -0.015233481 0.99776363 -0.025452001
11407172.75 0.24104822 0.09545643 0.00817773 -0.0672439 -0.015421731 0.9973454 -0.023295876
11457227.313 0.2497298 0.07575636 0.03615375 -0.07101194 -0.018382054 0.99705863 -0.022218632
11507170.623 0.25885174 0.057002127 0.06817743 -0.07282503 -0.019842273 0.99691194 -0.021665845
11557188.685 0.26735806 0.037282303 0.10123703 -0.0744719 -0.017961793 0.9967866 -0.023406696
11607223.247 0.2757343 0.019564208 0.1340419 -0.076502606 -0.015994342 0.9965467 -0.028040366
11657265.309 0.28521827 0.0031202256 0.16535892 -0.07642862 -0.016596995 0.9964852 -0.030008806
11707307.372 0.29278052 -0.012547699 0.19305146 -0.07628481 -0.018269751 0.9964437 -0.030770456
11757326.184 0.2983003 -0.024822993 0.21703856 -0.075883314 -0.020487882 0.9962925 -0.034977764
11807344.746000001 0.3028868 -0.03244452 0.238731 -0.076226614 -0.022430921 0.99595934 -0.041849505
11857362.808 0.30737433 -0.03763395 0.25860077 -0.07358807 -0.025541736 0.995773 -0.04866793
11907381.62 0.3093965 -0.041312996 0.2744903 -0.07021458 -0.030570088 0.9954627 -0.056475088
11957376.181 0.30641106 -0.04359115 0.28752583 -0.06762731 -0.033175334 0.99520624 -0.06237488
12007355.242 0.29671472 -0.04830549 0.29679394 -0.068145625 -0.033609767 0.994897 -0.06638235
12057333.803 0.28112316 -0.05361705 0.3079809 -0.07013331 -0.03270083 0.99460983 -0.06901688
12107368.865 0.2644964 -0.06037999 0.317925 -0.072775185 -0.029753938 0.9944597 -0.06977434
12157347.176 0.24588014 -0.069263615 0.32805797 -0.07417977 -0.029452695 0.99447674 -0.06816125
12207405.239 0.22453143 -0.07602966 0.33806673 -0.07745645 -0.032173038 0.9941069 -0.06868051
12257471.302 0.2004514 -0.080402106 0.34791753 -0.081988774 -0.033769388 0.9935558 -0.07060028
12307521.615 0.17476988 -0.082476154 0.35733318 -0.087759495 -0.03671648 0.9928177 -0.0725488
12357532.176 0.14791237 -0.08170616 0.366004 -0.09380014 -0.04035425 0.9920544 -0.073493086
12407526.738 0.117736526 -0.07499703 0.37153128 -0.10013671 -0.047894403 0.99105203 -0.07412639
12457529.549 0.08811805 -0.060356654 0.3706954 -0.10807388 -0.060241506 0.98940015 -0.07601591
12507555.861000001 0.059658647 -0.039515987 0.3644254 -0.115166046 -0.075726494 0.9873499 -0.078374416
12557566.423 0.03487214 -0.013827631 0.35429406 -0.119479194 -0.096097976 0.9846986 -0.08281684
12607538.734 0.013472422 0.0118186725 0.34276524 -0.12214846 -0.11873081 0.98158973 -0.086396925
12657428.793 -0.002032415 0.03590463 0.32972494 -0.12304329 -0.14036825 0.97830623 -0.08985518
12707328.603 -0.0144719435 0.05739314 0.31510112 -0.11720707 -0.15712595 0.9765021 -0.089541025
12757251.663 -0.0242796 0.07381747 0.29768172 -0.11242924 -0.16296612 0.9764639 -0.085556425
12807222.724 -0.035165947 0.09027335 0.27508917 -0.10706477 -0.15919663 0.9782597 -0.07875049
12857241.285 -0.047187418 0.107880265 0.2499083 -0.10474197 -0.14960842 0.98025656 -0.07578655
12907267.348000001 -0.05841347 0.12389336 0.22465223 -0.097546585 -0.13557938 0.9831242 -0.07463076
12957278.159 -0.06727478 0.13598716 0.2010437 -0.08547341 -0.12102729 0.9865334 -0.06927213
13007241.22 -0.07651801 0.1449303 0.17782399 -0.07396714 -0.10540176 0.9896586 -0.06320852
13057188.53 -0.08679587 0.15078005 0.15461047 -0.066114105 -0.087438695 0.9923266 -0.05719516
13107167.092 -0.099422835 0.15454349 0.13206175 -0.061596792 -0.06660326 0.99442285 -0.05378701
13157193.654 -0.112502135 0.15633321 0.10994671 -0.05982495 -0.04622251 0.99587935 -0.050088145
13207235.716 -0.12349953 0.155134 0.09089963 -0.054223802 -0.021958573 0.9972053 -0.046468385
13257269.778 -0.1323751 0.15063317 0.07316164 -0.04811671 0.0068194447 0.99787515 -0.043398738
13307264.84 -0.13864744 0.14240994 0.05758313 -0.04383443 0.03968276 0.9974488 -0.039997112
13357269.900999999 -0.14111257 0.13282523 0.043284077 -0.038275827 0.069254406 0.99623764 -0.035348367
13407245.962 -0.14207567 0.12658295 0.03111079 -0.03169116 0.088293605 0.9950687 -0.032221183
13457280.525 -0.14402108 0.12632354 0.018039426 -0.027284844 0.09150323 0.9948436 -0.034189746
13507338.337000001 -0.1483368 0.12827443 0.005467272 -0.024741897 0.08157085 0.995576 -0.039529126
13557365.149 -0.15438254 0.13299361 -0.004513931 -0.024081431 0.058630638 0.9969687 -0.04512222
13607328.209999999 -0.16166301 0.13852964 -0.011111764 -0.023468787 0.027191827 0.9979305 -0.053334214
13657259.27 -0.16594473 0.14500009 -0.01050061 -0.019492993 -0.0069703734 0.9978149 -0.06274535
13707206.331 -0.16949251 0.15015298 -0.0022550134 -0.013553303 -0.047730133 0.99621207 -0.071413144
13757184.892 -0.17474075 0.14961167 0.0110339075 -0.01095055 -0.0855848 0.9933589 -0.07611501
13807233.454 -0.183394 0.1421943 0.027248563 -0.012994571 -0.11119836 0.9904477 -0.080495104
13857214.265 -0.1912887 0.13038658 0.04691042 -0.016683782 -0.123408936 0.98825467 -0.08857007
13907225.077 -0.19900127 0.116287656 0.06966392 -0.017146148 -0.13398655 0.9860733 -0.097020924
13957235.889 -0.2054373 0.095523454 0.09289555 -0.017342705 -0.14001389 0.9847095 -0.10218851
14007222.2 -0.21236543 0.067038365 0.11555216 -0.01835381 -0.135317 0.98511344 -0.104422495
14057224.762 -0.21771353 0.03487163 0.137439 -0.019350458 -0.1225471 0.9864186 -0.1076387
14107250.824000001 -0.21937959 0.0010853321 0.15977055 -0.014930251 -0.1033575 0.9881273 -0.11268891
14157316.887 -0.21723717 -0.035322677 0.18253075 -0.009040006 -0.081852145 0.99031407 -0.1117886
14207383.2 -0.21222444 -0.07184298 0.20504104 -0.0041160975 -0.05980231 0.99222845 -0.109039
14257433.512 -0.20564783 -0.106144086 0.2265259 0.00040014763 -0.03427021 0.9937228 -0.10649136
14307476.075 -0.19812565 -0.13837546 0.24388066 0.0015164273 -0.0052825646 0.9944719 -0.10485911
14357526.137 -0.19000882 -0.17003056 0.25959152 0.0011173608 0.028581094 0.99428624 -0.10284363
14407607.700000001 -0.18252382 -0.20084132 0.27194017 -0.003527269 0.06231612 0.993502 -0.095173985
14457705.764 -0.17491764 -0.22894144 0.27853236 -0.010667801 0.0968979 0.99168235 -0.08404194
14507811.578000002 -0.17168988 -0.24851787 0.27793786 -0.021269854 0.12883568 0.9884164 -0.07734415
14557901.391 -0.1719071 -0.25651863 0.2725708 -0.037929732 0.15153056 0.9849024 -0.07461318
14607943.704000002 -0.17136368 -0.25694242 0.2674655 -0.049731687 0.1640147 0.98249066 -0.073062785
14657906.264 -0.16571991 -0.24988876 0.26437125 -0.050041404 0.17134766 0.98142827 -0.07024515
14707846.075 -0.15711655 -0.23387523 0.25824934 -0.03993767 0.171592 0.9818617 -0.07006309
14757808.635 -0.15270883 -0.20849441 0.24117352 -0.028063582 0.15729667 0.98445314 -0.07295369
14807827.197 -0.14520077 -0.1781545 0.21770535 -0.016810674 0.1306844 0.98863757 -0.072351545
14857853.759 -0.13561094 -0.14780653 0.19100007 -0.005472241 0.10360035 0.99218464 -0.06933058
14907832.32 -0.12588124 -0.11945405 0.16248691 0.0019553811 0.07962246 0.9946602 -0.06563229
14957755.63 -0.116498835 -0.09366556 0.13210942 0.007224595 0.060683165 0.99629104 -0.06057745
15007647.190000001 -0.10904255 -0.06798182 0.0995749 0.008393736 0.0419878 0.99762464 -0.053959437
15057571.0 -0.10186024 -0.042238373 0.06645114 0.00826141 0.024495568 0.99845135 -0.049260583
15107526.06 -0.0957257 -0.015045648 0.033190012 0.005865706 0.00826978 0.99886787 -0.04647908
15157520.621000001 -0.09017328 0.012461023 0.0020175672 0.0015634538 -0.0031633505 0.99882305 -0.04837426
15207515.183 -0.08452631 0.039335363 -0.026651828 -0.000497411 -0.012020548 0.99853265 -0.052799817
15257478.244 -0.07814371 0.06339165 -0.053756535 -0.0025370503 -0.018635651 0.9982705 -0.055698555
15307409.554 -0.070321254 0.08509701 -0.07906739 -0.0021641983 -0.028361311 0.99801725 -0.05614809
15357348.614 -0.062324733 0.10507238 -0.101275034 -0.00030994142 -0.03928528 0.9976598 -0.0559603
15407319.175 -0.055218823 0.12495267 -0.12254383 -0.0011258819 -0.05080085 0.997016 -0.058113642
15457337.737 -0.04966107 0.14346811 -0.1401821 -0.0030061426 -0.062751345 0.9960983 -0.06197953
15507372.549 -0.04085531 0.15838154 -0.14990014 4.9881673e-06 -0.07991545 0.99477077 -0.06359777
15557398.611000001 -0.030385701 0.16604865 -0.15222584 0.0053707077 -0.09869773 0.9931158 -0.0628578
15607417.173 -0.019241817 0.16453177 -0.14538598 0.011193959 -0.112120256 0.99167037 -0.06239973
15657419.735 -0.00693029 0.1565721 -0.13188314 0.016985448 -0.124710314 0.9900228 -0.06335416
15707430.296 0.005348789 0.14283851 -0.11566275 0.024043081 -0.13811494 0.98804456 -0.06414213
15757432.858000001 0.013255855 0.12624677 -0.09627353 0.027825935 -0.15233344 0.98568726 -0.06664053
15807419.669 0.018211644 0.10712342 -0.07632657 0.026874313 -0.16543837 0.98348933 -0.06824045
15857398.73 0.02075154 0.0868778 -0.05328232 0.022573536 -0.18204987 0.9806879 -0.06781989
15907369.791 0.022914004 0.06501174 -0.027836418 0.018396638 -0.19996431 0.97754747 -0.06385005
15957356.102 0.021655414 0.045239884 -0.0006609451 0.010026031 -0.21557075 0.9744474 -0.062298287
16007390.665 0.019218838 0.033204652 0.027789336 -9.842176e-05 -0.2250689 0.9719139 -0.0687571
16057464.728 0.015893068 0.024961868 0.056534193 -0.010387168 -0.22479488 0.9709803 -0.08097353
16107569.541000001 0.012313794 0.017464861 0.08534321 -0.018925266 -0.21763425 0.971267 -0.09443372
16157518.852 0.004533761 0.010159779 0.1140392 -0.03137614 -0.20958704 0.9715525 -0.10571041
16207417.410999998 -0.0084120855 0.0010563028 0.1406417 -0.049345106 -0.20051341 0.97197515 -0.112355486
16257340.221 -0.026182488 -0.008368814 0.16151537 -0.07304472 -0.18810835 0.97200435 -0.12036325
16307327.032000002 -0.04547079 -0.020186203 0.17888929 -0.09778778 -0.168636 0.9724958 -0.12748107
16357401.096 -0.06429897 -0.036840692 0.19765685 -0.118232064 -0.14246105 0.9740045 -0.1305427
16407498.658999998 -0.08000157 -0.055423513 0.21840438 -0.13050276 -0.11325726 0.9759402 -0.13297538
16457556.722000001 -0.09024541 -0.07317727 0.24209721 -0.13162759 -0.08536441 0.97865736 -0.13272889
16507559.283 -0.093196526 -0.090864316 0.2684507 -0.11989258 -0.058449462 0.98249775 -0.13002957
16557546.344999999 -0.0951688 -0.102845415 0.29317355 -0.10577591 -0.03742537 0.985367 -0.12830734
16607580.657 -0.09563277 -0.10843632 0.31462058 -0.08834153 -0.019136915 0.98764366 -0.12802199
16657686.220999999 -0.09570934 -0.11144306 0.3319954 -0.07241137 -0.0020552927 0.9893984 -0.12587003
16707801.534999998 -0.093955725 -0.1136975 0.34408924 -0.0583797 0.017921844 0.9910401 -0.11878624
16757818.597000001 -0.09258018 -0.115527585 0.35224918 -0.04308324 0.038747456 0.99214697 -0.1108463
16807781.657 -0.088730596 -0.1135778 0.35488114 -0.02779468 0.061370526 0.9921253 -0.10558671
16857760.218 -0.08439305 -0.110034905 0.35450873 -0.0066615404 0.08308609 0.991665 -0.09824907
16907786.779999997 -0.08232623 -0.10410619 0.34874305 0.00814592 0.095816754 0.99117005 -0.091295116
16957837.093 -0.086297564 -0.0920361 0.3374504 0.016886188 0.106091976 0.99058264 -0.08488482
17007863.155 -0.089280695 -0.08094855 0.3234741 0.02210511 0.1165697 0.98983026 -0.0784791
17057842.466000002 -0.09275463 -0.066617206 0.30410546 0.025808083 0.12128986 0.9895424 -0.07367931
17107781.526 -0.09456739 -0.050695702 0.2823935 0.030880418 0.120065995 0.989746 -0.070947416
17157728.586999997 -0.09361484 -0.032108784 0.25962043 0.035866134 0.109557845 0.9910188 -0.06776822
17207691.648000002 -0.088920385 -0.011333114 0.2370383 0.04441714 0.092577 0.9926609 -0.06388276
17257670.209000003 -0.074692145 0.006251804 0.21813236 0.06250056 0.07646486 0.9934904 -0.056777958
17307641.52 -0.056463815 0.023648757 0.20314445 0.085765526 0.05746883 0.9933605 -0.050759114
17357603.83 -0.041822355 0.04164342 0.1898294 0.1004699 0.03616564 0.9931043 -0.048391778
17407559.141000003 -0.038127024 0.06026665 0.17845927 0.09716667 0.01595925 0.99393296 -0.049002465
17457530.202000003 -0.04265372 0.075286716 0.16631585 0.07747979 -0.0011721485 0.9956527 -0.05168515
17507516.763 -0.046294626 0.085727334 0.15770262 0.057796102 -0.017158685 0.9968611 -0.05131534
17557519.575000003 -0.047296666 0.09449971 0.15125573 0.041738454 -0.036931302 0.99702543 -0.05323852
17607530.136 -0.04750117 0.10273673 0.14507915 0.028759588 -0.0572667 0.9963045 -0.05719116
17657548.698 -0.049708705 0.10865279 0.13857546 0.0149895875 -0.075006045 0.99509126 -0.06279162
17707543.51 -0.053320214 0.10827225 0.13576454 -0.0013393371 -0.08376507 0.99414015 -0.068315335
17757513.821000002 -0.05457502 0.097362205 0.14029534 -0.015919432 -0.08129334 0.99426895 -0.06758193
17807477.131 -0.05301291 0.078044504 0.15451042 -0.024081362 -0.0727066 0.99521476 -0.060675275
17857471.693 -0.04874684 0.061301284 0.17442901 -0.027702259 -0.06302255 0.99604344 -0.056198098
17907514.005 -0.04747732 0.05212901 0.19472194 -0.032819137 -0.056543 0.9959758 -0.061303567
17957612.069000002 -0.05087702 0.048612207 0.21446058 -0.041898258 -0.056706417 0.9951513 -0.06857752
18007693.632 -0.054395586 0.047736302 0.23101784 -0.048648715 -0.064617105 0.9939885 -0.073788814
18057696.194 -0.055845246 0.04446061 0.24741046 -0.050642215 -0.07965614 0.99267805 -0.07536996
18107619.753 -0.053139478 0.039313078 0.26346058 -0.04875339 -0.090176545 0.99208254 -0.07255043
18157567.064 -0.04856392 0.028355332 0.27709755 -0.042217206 -0.09344264 0.99212384 -0.07194779
18207577.626 -0.041929945 0.016524192 0.28655148 -0.030451823 -0.09033343 0.9928739 -0.07151195
18257667.439 -0.039370894 0.0058890153 0.28774172 -0.023401605 -0.08757591 0.99358857 -0.067562
18307765.003000002 -0.045926556 0.0024789234 0.28070995 -0.032197718 -0.08587868 0.9938206 -0.0625207
18357799.565 -0.059071705 0.0064188186 0.26593268 -0.04904622 -0.08597876 0.9931457 -0.06215942
18407778.126000002 -0.07072194 0.014459938 0.24931742 -0.059894115 -0.08795032 0.99243075 -0.061308995
18457769.937 -0.07789406 0.023862522 0.23183006 -0.06087684 -0.08787198 0.99263 -0.05708095
18507704.746999998 -0.080742784 0.033219077 0.21422037 -0.05484415 -0.0823776 0.9938295 -0.050091285
18557706.809 -0.08376772 0.045709655 0.19325455 -0.05144834 -0.0757605 0.99457407 -0.049355853
18607725.121 -0.09028586 0.06256141 0.16838935 -0.052929543 -0.069586895 0.9948271 -0.05172239
18657735.683 -0.098159365 0.07934448 0.1414957 -0.05531385 -0.06612608 0.9949013 -0.052338067
18707698.992999997 -0.10458186 0.09480613 0.11386779 -0.055089917 -0.06369416 0.99524015 -0.04904287
18757622.053 -0.10933066 0.10723435 0.08636971 -0.05143892 -0.05943376 0.99593806 -0.04392084
18807569.114 -0.11331987 0.118730485 0.05765459 -0.047761228 -0.055649795 0.9964472 -0.041412164
18857563.925 -0.11805543 0.12940194 0.027067946 -0.04698953 -0.053799048 0.9966698 -0.03933138
18907606.487999998 -0.12413895 0.13823505 -0.0048440364 -0.04843088 -0.052255552 0.9967679 -0.03711587
18957640.55 -0.12879491 0.14728777 -0.03551965 -0.0476207 -0.05112235 0.9969356 -0.035188098
19007635.111 -0.13152811 0.15485223 -0.061714984 -0.044273693 -0.05039726 0.9971467 -0.034619514
19057598.422 -0.133241 0.16036636 -0.08130406 -0.041443475 -0.0487458 0.99730146 -0.036003735
19107569.233 -0.13211359 0.16311193 -0.092520274 -0.037381995 -0.046574138 0.9975447 -0.03657867
19157548.044 -0.12888631 0.16290285 -0.098660484 -0.032322597 -0.04376902 0.99793303 -0.034192592
19207606.357 -0.12619466 0.16103716 -0.102024026 -0.029171608 -0.04162805 0.99819624 -0.031943962
19257577.168 -0.12415946 0.15883671 -0.10342817 -0.02881864 -0.038624708 0.99840885 -0.029281707
19307603.48 -0.12244932 0.15656777 -0.10207039 -0.028573655 -0.035488352 0.99860024 -0.026865503
19357613.791 -0.12013443 0.15406145 -0.09885189 -0.027985575 -0.03343532 0.9987402 -0.024838666
19407608.853 -0.11846721 0.15341844 -0.09515747 -0.028110126 -0.03205838 0.998795 -0.02430546
19457611.164 -0.11856748 0.15461254 -0.09158648 -0.02772797 -0.031020962 0.9987949 -0.02603212
19507613.976 -0.11767406 0.15620331 -0.08813841 -0.027096946 -0.0299005 0.9987872 -0.028211586
19557616.538 -0.11635009 0.15580475 -0.085425146 -0.025463227 -0.028593138 0.99885905 -0.028542247
19607619.099000003 -0.11446894 0.15499142 -0.08217888 -0.023357246 -0.027575273 0.99896437 -0.027646905
19657699.162 -0.11195582 0.1524769 -0.080983765 -0.021512128 -0.027140737 0.9990205 -0.02754437
19707600.972 -0.109645866 0.15100287 -0.079486355 -0.019700265 -0.02523669 0.9991286 -0.026780043
19757611.034 -0.10678584 0.14877433 -0.07829276 -0.019345434 -0.023317587 0.99919957 -0.026120804
19807621.595000003 -0.10812157 0.15057251 -0.07714409 -0.019775297 -0.022832088 0.9992091 -0.02586184
19857640.156999998 -0.107587665 0.15043543 -0.076367915 -0.02129125 -0.022301096 0.9991782 -0.026313003
19907642.719 -0.108663954 0.15160964 -0.07468179 -0.022508446 -0.022573978 0.99914366 -0.026378917
19957637.53 -0.10903834 0.15222955 -0.07368304 -0.0220803 -0.022869796 0.9991404 -0.026608307
20007624.091000002 -0.10840902 0.15118898 -0.07257874 -0.021282192 -0.023089567 0.99915516 -0.026512912
20057626.653 -0.10742481 0.15094091 -0.07129906 -0.020879408 -0.022941297 0.99920094 -0.025202913
20107629.215 -0.106077954 0.1500099 -0.07033356 -0.020241775 -0.023024892 0.9992498 -0.023665223
20157647.777 -0.10464684 0.14902829 -0.06930966 -0.019595671 -0.023122378 0.99926883 -0.023307148
20207658.588000003 -0.10394421 0.1483693 -0.067851186 -0.019137075 -0.022992354 0.99928755 -0.023014123
20257669.15 -0.1037415 0.14911465 -0.06554581 -0.019976877 -0.023477573 0.99925363 -0.023279447
20307663.961 -0.10379675 0.14728898 -0.066466175 -0.019473867 -0.02342975 0.99926555 -0.023242408
20357658.523 -0.10324313 0.14618118 -0.06724987 -0.020112362 -0.022128316 0.99928504 -0.023136286
20407661.084000003 -0.10109854 0.14644492 -0.06607594 -0.020860095 -0.020737568 0.99932003 -0.022233184
20457663.646 -0.09940204 0.14546682 -0.06528503 -0.019626796 -0.018874168 0.9994032 -0.021257726
20507674.208 -0.09811516 0.14452985 -0.06416578 -0.018475048 -0.017940026 0.99946547 -0.020140892
