1027872.532 -0.0 -0.0 -0.0 -0.0 -0.0 1.0 -0.0
1068302.367 -0.0 -0.0 -0.0 -0.0 -0.0 1.0 -0.0
1127874.138 -0.0 -0.0 -0.0 -0.0 -0.0 1.0 -0.0
1168303.723 0.00048084298 -0.0056900787 -0.002323164 6.464976e-05 -6.829627e-05 1.0 -6.04694e-05
1227875.744 0.00048084298 -0.0056900787 -0.002323164 6.464976e-05 -6.829627e-05 1.0 -6.04694e-05
1268305.079 0.00048084298 -0.0056900787 -0.002323164 6.464976e-05 -6.829627e-05 1.0 -6.04694e-05
1327877.099 -0.0053119697 -0.00915253 -0.008086125 6.0772356e-05 0.00032281023 0.99999994 -4.1167954e-05
1368316.934 -0.005653569 -0.008458717 -0.009155572 -3.0286159e-05 0.0003938511 0.99999994 2.0767873e-05
1427937.954 -0.005653569 -0.008458717 -0.009155572 -3.0286159e-05 0.0003938511 0.99999994 2.0767873e-05
1468308.29 -0.0035000923 -0.0064859586 -0.010559528 -2.3593413e-05 0.0002449012 1.0 0.00014179727
1527880.0610000002 -0.004925795 -0.004223229 -0.010700649 2.584885e-06 6.269125e-05 1.0 0.00028135715
1568309.6460000002 -0.004925795 -0.004223229 -0.010700649 2.584885e-06 6.269125e-05 1.0 0.00028135715
1627881.667 -0.009083443 0.00053195277 -0.009894456 0.00025054615 6.124046e-05 0.9999999 0.00046378953
1668311.002 -0.009083443 0.00053195277 -0.009894456 0.00025054615 6.124046e-05 0.9999999 0.00046378953
1727883.023 -0.011018448 0.0029439654 -0.009083411 0.0002377196 0.00017105078 1.0 0.00032557006
1768312.608 -0.010826955 0.0029950258 -0.0098667955 0.0002410028 4.581783e-05 0.9999998 0.0005997315
1827884.378 -0.011323181 0.0037236053 -0.009366569 0.0004049442 7.823971e-05 0.9999997 0.0007657598
1868314.214 -0.011578967 0.004143521 -0.009049178 7.903202e-05 0.000329317 0.99999994 0.00036108473
1927885.984 -0.012170166 0.0037073318 -0.00729574 -3.0534284e-05 3.431859e-05 1.0 0.00025025505
1968315.5699999998 -0.012929222 0.0030419894 -0.009224587 0.00067084964 -0.00037998782 0.9999993 0.000981052
2027887.59 -0.013453937 0.0021816452 -0.010300274 0.0004062416 -0.00016872805 0.9999998 0.0005499307
2070426.1409999998 -0.013095266 0.0027373538 -0.009278303 9.150908e-05 -5.895499e-07 0.99999994 0.00036426433
2119570.3329999996 -0.015041664 0.0038793427 -0.008562451 0.00016916468 -4.709177e-05 0.99999994 0.00043409478
2169603.0100000002 -0.018608676 0.0047308262 -0.00795005 7.6236225e-05 9.812173e-05 1.0 0.0003582784
2220364.6750000003 -0.020020423 0.0066264328 -0.006110274 0.000369693 9.149546e-05 0.9999998 0.0005352231
2271515.5840000003 -0.018794307 0.007448375 -0.0061900173 0.0003014882 0.00015060158 0.9999999 0.00041165896
2321659.0100000002 -0.019071862 0.009506486 -0.0059927367 0.0006184719 -0.00013159809 0.9999994 0.0009546603
2370819.202 -0.020104123 0.011842289 -0.0060288096 0.00037440486 0.00037069534 0.99999964 0.00076394517
2420122.141 -0.021208245 0.013651002 -0.0045813364 9.297586e-05 0.0006554719 0.9999998 0.00021992697
2469932.572 -0.019882968 0.012959593 -0.0043458096 0.00037727196 0.00061189313 0.9999996 0.0006396018
2520210.746 -0.018854389 0.011110923 -0.0045573064 0.00027400948 0.000273665 0.9999998 0.00057812117
2570808.914 -0.018420128 0.009115657 -0.0051763123 0.00040085884 -0.0001749423 0.99999976 0.0005739421
2621121.0859999997 -0.018694103 0.008997444 -0.0068947608 0.0007697529 -0.0007075282 0.9999989 0.0010992086
2670839.5190000003 -0.023475403 0.010802201 -0.007947387 0.0019127661 -0.0010278901 0.9999957 0.001959548
2720396.454 -0.027537236 0.014552984 -0.008060738 0.0010071782 -0.00020447468 0.99999887 0.001120248
2770166.886 -0.028607037 0.019418385 -0.0078020566 0.00090852677 0.00075826753 0.99999887 0.00095296087
2820290.812 -0.023826938 0.025133314 -0.007694676 0.00029147288 0.0011787101 0.9999989 0.000873037
2870564.985 -0.015817143 0.031199092 -0.007124122 0.00028356723 0.0014132068 0.9999987 0.000790023
2920851.158 -0.0037969914 0.027568424 0.0064664353 -0.0018912193 0.0049162717 0.9998402 -0.017082687
2970867.8359999997 0.0030934995 0.033866752 0.006394034 -0.0019789254 0.004166744 0.99983984 -0.017296363
3020662.017 0.014834451 0.04007562 0.006855047 -0.00046547208 0.002535081 0.99982643 -0.018454231
3070496.448 0.033408817 0.044043537 0.009323253 0.0044091404 0.0016568232 0.9997823 -0.020326903
3120505.126 0.043780662 0.039268862 0.010801442 0.010015461 0.0012703708 0.9996991 -0.022355743
3170688.301 0.06186755 0.038170725 0.01339656 0.014285584 0.001746124 0.9996358 -0.022830348
3220895.2249999996 0.0804331 0.032628447 0.014222446 0.018417604 0.0022893935 0.99955124 -0.023517143
3270991.402 0.08997866 0.027113281 0.014543359 0.023669906 0.0026415964 0.9994306 -0.023901293
3320936.08 0.106925294 0.018720511 0.016412223 0.028137928 0.0020881724 0.9993217 -0.023666672
3370849.76 0.118574865 0.008986611 0.018068384 0.031419046 0.00023798484 0.99922377 -0.023764344
3420834.4379999996 0.1296151 -0.0020520783 0.018181743 0.03231804 -0.0014262886 0.99919355 -0.02378791
3470922.864 0.13490966 -0.011304899 0.020135982 0.034447875 -0.0032997087 0.9991225 -0.023593074
3521034.54 0.14276583 -0.024740737 0.021854553 0.036484227 -0.004211798 0.99905103 -0.023415608
3571082.968 0.14845276 -0.038390834 0.024826858 0.039229576 -0.0051504895 0.99896085 -0.022621496
3621036.146 0.15300833 -0.05320774 0.027555628 0.041055296 -0.006881329 0.9988652 -0.023139268
3670949.326 0.1549512 -0.067197695 0.030652182 0.044019707 -0.00890134 0.99870694 -0.0238231
3720915.504 0.15548891 -0.08245059 0.03466026 0.047480915 -0.010856874 0.9985245 -0.024013711
3770946.931 0.15450364 -0.098275915 0.038549457 0.050158933 -0.012368214 0.99836975 -0.024269255
3820959.6089999997 0.15174438 -0.11442526 0.042843595 0.051918466 -0.014253303 0.9982382 -0.024939867
3870992.287 0.14480296 -0.12688896 0.04807699 0.05389989 -0.016357431 0.9980675 -0.026241677
3920952.965 0.13316284 -0.13746378 0.05264212 0.05537878 -0.016958056 0.99791396 -0.028521793
3970874.644 0.121912315 -0.14366646 0.055068944 0.05406845 -0.01667659 0.99792635 -0.030684983
4020820.0730000003 0.1092961 -0.14362967 0.05920478 0.049030602 -0.015940893 0.99815977 -0.03192198
4070812.7509999997 0.091914855 -0.14357588 0.06356398 0.042991053 -0.015954405 0.99832803 -0.035191692
4120836.929 0.07207484 -0.14048056 0.0682287 0.038012873 -0.016056692 0.9984296 -0.037890583
4170837.607 0.05315371 -0.13660635 0.0716963 0.033293135 -0.016838012 0.9985149 -0.039700266
4220806.784999999 0.03276208 -0.13063687 0.07637985 0.028880369 -0.01787556 0.9986055 -0.04041649
4270752.214 0.012142095 -0.12513979 0.07966758 0.02547024 -0.017718881 0.9986682 -0.04122097
4320697.393 -0.007965081 -0.11983662 0.083129175 0.021883892 -0.015713852 0.998756 -0.04196067
4370682.0709999995 -0.028214471 -0.11401834 0.08508413 0.017842615 -0.013320318 0.9988436 -0.042610478
4420682.999 -0.048078418 -0.105643705 0.086217605 0.01309643 -0.011069928 0.99891806 -0.04322786
4470707.676 -0.065737724 -0.09480611 0.08666499 0.008639282 -0.0086085545 0.99897146 -0.043672945
4520708.353999999 -0.08250933 -0.0823423 0.08724343 0.005428712 -0.0067809615 0.9989505 -0.044972762
4570693.032000001 -0.09780401 -0.06881624 0.08706744 0.0023047996 -0.005758531 0.9989348 -0.04572577
4620677.961 -0.110462435 -0.054161802 0.08658529 -0.0012627107 -0.0060573714 0.9988963 -0.046562247
4670686.638 -0.12126582 -0.038024105 0.085924864 -0.0031558913 -0.0060385023 0.99884224 -0.047621217
4720703.316 -0.12826176 -0.020904038 0.08552238 -0.0051838546 -0.0055427714 0.99874485 -0.04951086
4770728.244 -0.13448681 -0.0030327102 0.083556294 -0.008886888 -0.0057178773 0.9985693 -0.05241917
4820744.171 -0.13831991 0.013303147 0.08119242 -0.01230239 -0.0060553052 0.99834263 -0.05589413
4870753.098999999 -0.14020367 0.028703406 0.078113005 -0.013742234 -0.0066495887 0.9981964 -0.05805965
4920745.777000001 -0.13589385 0.042739034 0.07496633 -0.013725394 -0.007254788 0.9980992 -0.05964068
4970751.705 -0.12623625 0.056315638 0.072966285 -0.012084852 -0.008253653 0.9980059 -0.061400395
5020723.883 -0.113505445 0.068547845 0.069035366 -0.009464457 -0.008722291 0.99788076 -0.063784085
5070740.061000001 -0.09474068 0.08063379 0.06716996 -0.0054634702 -0.0069541545 0.99782944 -0.065256216
5120796.238 -0.07338398 0.08840792 0.060731426 -0.000997946 -0.0038066236 0.9977121 -0.067491926
5170860.915 -0.049652 0.097299874 0.05677509 0.0026281986 -2.7214443e-05 0.99763703 -0.06865504
5220901.592 -0.024513183 0.10554508 0.053564798 0.006379311 0.003408408 0.9974532 -0.070955925
5270917.5200000005 0.0005419806 0.112364575 0.049725827 0.011502678 0.00467808 0.9972391 -0.07321294
5320910.198 0.028512258 0.115754806 0.047524888 0.018049126 0.004539327 0.9970373 -0.074634865
5370903.376 0.056583785 0.11612471 0.04502924 0.025371201 0.0021391942 0.9968766 -0.07475888
5420927.803 0.082348004 0.11200333 0.04439586 0.032885328 -0.00018790078 0.996767 -0.07330893
5470999.98 0.107754104 0.10591567 0.041623924 0.038744304 -0.004190771 0.99653363 -0.073498115
5521143.1559999995 0.13356693 0.09906522 0.038832974 0.045032322 -0.008499898 0.99613166 -0.0749775
5571295.080999999 0.15625067 0.088956796 0.037637517 0.05052782 -0.01205199 0.9957721 -0.075761005
5621406.756999999 0.176087 0.07678919 0.036605924 0.054571487 -0.013848141 0.99558413 -0.07511656
5671470.934 0.19381207 0.0614273 0.035984434 0.05833217 -0.014100484 0.99550986 -0.073203355
5721527.1110000005 0.21056065 0.044061013 0.037762582 0.06309442 -0.013409854 0.99549866 -0.06943879
5771551.288000001 0.22566004 0.023483666 0.039544012 0.06675378 -0.011935662 0.9955263 -0.065794475
5821552.215999999 0.23753083 0.0021120936 0.041720737 0.06892076 -0.009522156 0.99562514 -0.062369637
5871513.395 0.24527912 -0.020192362 0.044013858 0.06959852 -0.008838259 0.9958026 -0.058780633
5921498.323000001 0.25215632 -0.043108657 0.04586436 0.071676835 -0.010046853 0.9958788 -0.054652702
5971515.001 0.25656158 -0.06593504 0.048828114 0.07446187 -0.012017261 0.99585235 -0.05088357
6021531.678 0.25927228 -0.088247836 0.05174365 0.076464556 -0.013292678 0.99581397 -0.048280805
6071484.857000001 0.26034066 -0.11079053 0.055082384 0.078990944 -0.014158999 0.9957028 -0.046216067
6121374.287 0.25748047 -0.13122764 0.058170594 0.08160081 -0.014791847 0.9955525 -0.04469643
6171261.717 0.24910715 -0.15042414 0.058910444 0.08343667 -0.016850911 0.9954379 -0.043102853
6221201.895 0.23411092 -0.17000023 0.05765106 0.082293175 -0.018713694 0.99558425 -0.041105248
6271162.324 0.21489298 -0.18114744 0.056787774 0.07967106 -0.02034187 0.9959223 -0.037114117
6321099.503 0.19244745 -0.19397184 0.05670602 0.07742791 -0.021124862 0.9961675 -0.034772646
6370997.183 0.16750517 -0.20287496 0.055008836 0.073332995 -0.020831818 0.99653786 -0.03317592
6420887.112 0.14072973 -0.21109466 0.055156868 0.06745775 -0.019914845 0.9969394 -0.034127187
6470816.291 0.10902716 -0.21451396 0.05493443 0.059290066 -0.018576551 0.99742943 -0.035695564
6520801.47 0.076867 -0.21610275 0.054562278 0.048874952 -0.017171124 0.9979551 -0.037444368
6570833.647 0.040135425 -0.21547136 0.053270854 0.037691597 -0.01548863 0.9984216 -0.038648684
6620787.075999999 0.002329914 -0.21236041 0.050571233 0.024733655 -0.015023859 0.99878186 -0.039966986
6670652.756 -0.033213273 -0.20777056 0.047070447 0.011711724 -0.015122753 0.9989788 -0.040933598
6720486.936 -0.06925252 -0.20033078 0.03969417 -0.0017381707 -0.014185609 0.9990912 -0.04015578
6770376.615999999 -0.099760234 -0.19149385 0.03357214 -0.015834957 -0.01185791 0.9989998 -0.040100627
6820369.544 -0.124779135 -0.178616 0.024361245 -0.029859127 -0.009392132 0.99874544 -0.039087314
6870433.721 -0.14224511 -0.16839792 0.014949026 -0.040622406 -0.007211605 0.9984179 -0.038203616
6920489.898 -0.1541702 -0.1560922 0.0064359484 -0.047962856 -0.0039031152 0.9981718 -0.03657075
6970498.575999999 -0.16164297 -0.13978472 -0.002938238 -0.05472026 -0.001255891 0.9978685 -0.035534374
7020476.004 -0.16439992 -0.12434739 -0.011975397 -0.062220514 -0.00039297668 0.99738634 -0.03672893
7070452.682 -0.16149431 -0.10816615 -0.01901427 -0.06796113 -0.00017439818 0.9969806 -0.037561744
7120477.359999999 -0.15861753 -0.09169592 -0.025608543 -0.070781216 -0.0014539498 0.9967514 -0.038399823
7170541.0370000005 -0.1515717 -0.07534435 -0.031987462 -0.07073293 -0.0028137588 0.9967059 -0.0395771
7220605.464 -0.14047937 -0.054573786 -0.03697045 -0.07104537 -0.0052333637 0.99662715 -0.040737487
7270638.141 -0.13026544 -0.043292847 -0.043103114 -0.070441194 -0.0067335716 0.996481 -0.04492562
7320623.068999999 -0.11300594 -0.028535854 -0.045668185 -0.06805867 -0.005344595 0.9965185 -0.047858536
7370607.4969999995 -0.08924762 -0.014497347 -0.046076715 -0.06398982 -0.0014446761 0.9966889 -0.050145153
7420616.425 -0.065841556 -0.0008404895 -0.045486465 -0.05969186 0.0014913505 0.99679404 -0.05325836
7470657.102999999 -0.04086532 0.011690719 -0.042157862 -0.053996146 0.0035575083 0.996926 -0.056659892
7520705.28 -0.0124497255 0.021471594 -0.036434427 -0.045336425 0.0016858716 0.99713653 -0.060502872
7570729.7069999995 0.018784793 0.027243035 -0.028437039 -0.032524996 -0.0027038548 0.997466 -0.06321649
7620746.385 0.051664293 0.026360454 -0.021918723 -0.018570581 -0.006447383 0.99769276 -0.0649833
7670747.063 0.08488707 0.018685693 -0.015537784 -0.006449801 -0.007977892 0.9978288 -0.06505721
7720787.24 0.11697556 0.004451446 -0.012991774 0.0035276904 -0.0068878066 0.9980183 -0.062447533
7770867.667 0.14897531 -0.015809743 -0.01176765 0.012549615 -0.0048986576 0.9981259 -0.05969227
7820995.341999999 0.18053454 -0.038315747 -0.011291413 0.023445603 -0.003632973 0.9981873 -0.05531087
7871122.518 0.20906007 -0.06355405 -0.0138842985 0.033885717 -0.003363007 0.9981599 -0.050173167
7921234.194 0.23300728 -0.09039472 -0.015628282 0.043051705 -0.003324262 0.9981103 -0.04372052
7971298.620999999 0.25238764 -0.1165843 -0.015124205 0.05162204 -0.0036362892 0.9979072 -0.03877111
8021307.299000001 0.26732263 -0.14288002 -0.013071092 0.058791865 -0.0041118064 0.9976236 -0.03568932
8071220.978 0.27603763 -0.16845503 -0.011602914 0.06294803 -0.004028757 0.9974735 -0.032681372
8121078.659000001 0.28171632 -0.19572906 -0.010830859 0.06361264 -0.0030735128 0.99751765 -0.030043393
8170928.839000001 0.2740971 -0.21653634 -0.007175298 0.06404222 -0.0025329906 0.99759054 -0.026557168
8220810.769 0.26234722 -0.23952755 -0.0059179254 0.06297804 -0.0012459108 0.9977181 -0.024310222
8270755.948000001 0.24965923 -0.25928184 -0.0065701487 0.05977716 -0.00027139284 0.99798226 -0.021402797
8320740.626 0.22669727 -0.27805653 -0.006206927 0.056239925 -6.2733416e-05 0.9982213 -0.019784514
8370741.554 0.20131634 -0.29627472 -0.0032131062 0.052873902 -0.0017959932 0.99839723 -0.020101955
8420718.732 0.17405668 -0.30511606 -0.0005241352 0.050604597 -0.0037966354 0.99851805 -0.019658573
8470664.160999998 0.14498976 -0.3114913 -0.000602429 0.04714363 -0.003002836 0.99868816 -0.01976076
8520609.09 0.11014609 -0.31009805 0.0028224592 0.039202943 -0.0030036638 0.99901444 -0.02059863
8570638.516999999 0.076566875 -0.30850637 0.0024285875 0.028569618 -0.00047005565 0.99932545 -0.023069542
8620499.697 0.042757593 -0.3006908 0.0028794096 0.017280443 0.0024392009 0.99951595 -0.025755808
8670444.876 0.008998 -0.2898984 0.0038514067 0.0065927254 0.004289477 0.9995501 -0.028943926
8720390.055 -0.023090089 -0.2780366 0.00499757 -0.0005997627 0.005000348 0.9994806 -0.031830877
8770350.984 -0.04883256 -0.26464579 0.005004909 -0.0056085032 0.0055431146 0.9994074 -0.033507578
8820359.661 -0.07620696 -0.25280535 0.0017067624 -0.012002812 0.005125575 0.9993236 -0.034381546
8870392.339 -0.10540966 -0.24073753 -0.0028908106 -0.01937585 0.004299531 0.9992278 -0.03390926
8920440.765999999 -0.13032289 -0.22932506 -0.008809575 -0.026196713 0.0043402603 0.9990973 -0.033160657
8970441.194 -0.15190509 -0.21848205 -0.014930493 -0.031846624 0.006382434 0.9989376 -0.03269285
9020417.872 -0.16943623 -0.2065479 -0.022129072 -0.036679532 0.009267765 0.99875647 -0.032469213
9070402.8 -0.18678659 -0.19114845 -0.031292636 -0.04256482 0.013937834 0.99851346 -0.031064088
9120419.478 -0.19841316 -0.18106954 -0.039448727 -0.05131659 0.019803133 0.9979847 -0.031640008
9170452.155 -0.21334293 -0.16603798 -0.048201174 -0.0597276 0.023896415 0.99740255 -0.032401595
9220500.582 -0.2233072 -0.14943872 -0.056280453 -0.066202655 0.027328612 0.9968836 -0.03306945
9270540.76 -0.2286984 -0.1272103 -0.06238725 -0.07047279 0.026580777 0.9965919 -0.033640206
9320557.437 -0.23058285 -0.104574196 -0.06580406 -0.07083545 0.023604916 0.9965579 -0.036021043
9370558.365 -0.22736226 -0.07726591 -0.063956134 -0.068366714 0.0190193 0.9966347 -0.041031186
9420582.543000001 -0.21876182 -0.0492925 -0.06069359 -0.06460145 0.016377363 0.99657524 -0.04895169
9470623.219999999 -0.20345731 -0.021312488 -0.05347445 -0.05956836 0.013971409 0.9964451 -0.057909492
9520671.397 -0.18157817 0.0051080533 -0.043730132 -0.051983878 0.011538922 0.9963848 -0.06619617
9570711.824000001 -0.1569807 0.02691328 -0.03649918 -0.044126514 0.008950602 0.9964081 -0.07171927
9620696.503 -0.12876008 0.04352615 -0.02942492 -0.034008216 0.008200603 0.9965184 -0.07567921
9670657.681 -0.09779462 0.05608688 -0.024359366 -0.024420263 0.009073336 0.9966195 -0.0779159
9720650.609000001 -0.06540082 0.0659549 -0.019978032 -0.015252585 0.009374421 0.9965436 -0.08111988
9770758.785 -0.029582033 0.07283666 -0.015719226 -0.0043790163 0.009749428 0.99643373 -0.08369938
9820803.212 0.0067439605 0.074923925 -0.011176024 0.008505685 0.009419186 0.99620676 -0.08608813
9870898.639 0.04151987 0.0716077 -0.0071255164 0.02008729 0.0073589943 0.9960839 -0.08578616
9920971.066000002 0.07578518 0.065159075 -0.003040407 0.03277474 0.0035378253 0.99592495 -0.08394537
9971019.242999999 0.11149993 0.053017255 -0.00071532454 0.04512717 0.001486817 0.99572355 -0.080598466
10021114.919 0.14333081 0.037561893 0.0018177156 0.055495735 -0.0016375141 0.99529284 -0.07943337
10071321.593999999 0.17402469 0.01783768 0.006128561 0.06660749 -0.0044095027 0.99474454 -0.07763626
10121600.267 0.20225774 -0.0055263992 0.010753155 0.07693836 -0.007172692 0.9941539 -0.0754131
10171838.441 0.22705619 -0.030711733 0.01429726 0.08595225 -0.011254567 0.99349475 -0.07385026
10221728.371 0.24977723 -0.057949826 0.018010357 0.09428705 -0.0156178335 0.9928596 -0.07138607
10271491.052000001 0.26906273 -0.087394394 0.02244021 0.101835884 -0.019377135 0.9922681 -0.06825007
10321333.483000001 0.28404126 -0.11963526 0.024561679 0.10607965 -0.02162796 0.99201864 -0.06464032
10371350.161 0.29588014 -0.15377739 0.028281264 0.110397294 -0.020706875 0.991845 -0.06022601
10421517.336 0.30469254 -0.18683207 0.030804584 0.11639696 -0.018917516 0.9914298 -0.056222033
10471589.513 0.3089727 -0.22036576 0.034732804 0.12299503 -0.015831802 0.9908795 -0.052721098
10521376.193999998 0.30806202 -0.24839476 0.036341786 0.12532525 -0.011561171 0.9908002 -0.049749777
10571051.627 0.30076465 -0.27011862 0.03800029 0.12221966 -0.0059813773 0.9913117 -0.0482463
10620854.307999998 0.2788763 -0.29123867 0.04367598 0.116950125 -0.0022616214 0.9919754 -0.047984064
10670854.986 0.25818193 -0.30668205 0.04605048 0.11127072 -0.00042842724 0.99267954 -0.046969056
10720990.162 0.23396298 -0.3189512 0.047701437 0.10624345 -0.0006063964 0.99331707 -0.045091297
10771109.838 0.20393397 -0.32501233 0.04967 0.10169039 -0.0021324663 0.9938253 -0.044337913
10821071.265999999 0.17274934 -0.33042902 0.049872644 0.09433473 -0.0029574903 0.9945254 -0.044849284
10870905.697 0.13799539 -0.33300972 0.052095115 0.086209945 -0.003437772 0.9952468 -0.045164924
10920810.376999998 0.100387044 -0.33436662 0.053430796 0.07668585 -0.00412346 0.99600047 -0.045666937
10970768.305000002 0.061374594 -0.33380377 0.052733637 0.0670775 -0.0049946015 0.9966728 -0.04603262
11020836.482 0.023841929 -0.3327507 0.0514027 0.05632232 -0.004981226 0.9973127 -0.04658815
11070900.659 -0.01497893 -0.32899138 0.049828563 0.046114746 -0.0048167505 0.99780464 -0.04728767
11120806.088000001 -0.049517505 -0.32237923 0.04743667 0.03615063 -0.0049496945 0.9981296 -0.049050044
11170593.020000001 -0.085472904 -0.31626782 0.04436821 0.026045598 -0.0056884317 0.9982527 -0.052734658
11220419.201 -0.12010629 -0.30923536 0.04018191 0.015892526 -0.005890273 0.99826 -0.056478295
11270380.129 -0.15095077 -0.3009759 0.0354607 0.005881291 -0.004669225 0.9982874 -0.058017053
11320468.056 -0.18138029 -0.29215354 0.02898738 -0.0023159047 -0.0024800338 0.9982592 -0.05888178
11370595.981 -0.20806605 -0.2805544 0.022192853 -0.010466808 -0.0010969023 0.99818045 -0.05937243
11420628.159 -0.23129328 -0.26591122 0.016630592 -0.01854769 0.0015938173 0.99796 -0.061068445
11470549.338 -0.25097707 -0.24505253 0.010189596 -0.026685204 0.0049154195 0.9976465 -0.0629705
11520439.018 -0.26447004 -0.22147827 0.0023909425 -0.029065274 0.0077909515 0.9973906 -0.06562432
11570432.446 -0.27085504 -0.19438908 -0.0030000904 -0.030501388 0.008215517 0.99726796 -0.06677429
11620551.622 -0.27769408 -0.1695054 -0.00997885 -0.0318382 0.009409427 0.99719507 -0.06708113
11670726.796999998 -0.28483903 -0.14830849 -0.020053513 -0.03493494 0.012018884 0.9970144 -0.067803346
11720814.973000001 -0.28880706 -0.12079135 -0.026709637 -0.040250633 0.0140748555 0.9966759 -0.06941849
11770768.151999999 -0.28682023 -0.092149116 -0.031511325 -0.04303016 0.014742933 0.9964055 -0.071465336
11820666.082 -0.27992648 -0.06366745 -0.03581357 -0.041493613 0.01352714 0.99642926 -0.07227722
11870626.76 -0.26920578 -0.037908535 -0.0389872 -0.040093906 0.011118476 0.99646854 -0.072933875
11920682.936999999 -0.25418538 -0.016002601 -0.04170375 -0.037287753 0.01101415 0.9963925 -0.07543489
11970763.364 -0.2342029 0.0066019977 -0.045257207 -0.036952 0.011763395 0.9961126 -0.07909455
12020780.041000001 -0.21541013 0.025303353 -0.04975522 -0.03720418 0.012161807 0.995732 -0.08358007
12070732.719999999 -0.18743098 0.04390561 -0.050777823 -0.035520043 0.012336595 0.9954953 -0.08703615
12120692.899 -0.15632924 0.057790946 -0.050256554 -0.028240548 0.011510398 0.99556243 -0.08902532
12170639.078 -0.11861922 0.0686246 -0.04640167 -0.015248636 0.009113443 0.9958194 -0.08960121
12220722.753999999 -0.076464765 0.07567167 -0.042227972 -0.0012332045 0.006152824 0.9959219 -0.09000173
12270775.931 -0.035007816 0.07960558 -0.039080214 0.010139762 0.0042398795 0.99589425 -0.08985482
12320871.606999999 0.003615739 0.077803604 -0.038094517 0.01876357 0.0046384037 0.99585485 -0.088879295
12370943.534 0.039311867 0.07069586 -0.037415218 0.027261753 0.005433843 0.99562836 -0.089170784
12420991.961 0.07489308 0.060126048 -0.035438906 0.036999397 0.0053267423 0.99535704 -0.088696696
12471040.138 0.109090954 0.046432156 -0.03358294 0.045008313 0.0026837783 0.9949776 -0.089368
12521167.814000001 0.14462796 0.031287868 -0.031972907 0.054333508 4.5935034e-05 0.9946111 -0.08829923
12571366.738999998 0.17863652 0.0111384895 -0.028414717 0.064473346 -0.0017765014 0.9942241 -0.08578217
12621597.413 0.21164122 -0.010774274 -0.024008855 0.076756805 -0.0040073567 0.99360144 -0.08275602
12671749.338 0.2402369 -0.033209108 -0.020268513 0.08695884 -0.007239095 0.99303174 -0.07920672
12721630.768 0.26211 -0.056380548 -0.016372312 0.09416708 -0.009523382 0.99256897 -0.07647704
12771433.2 0.2819529 -0.08196653 -0.013514779 0.09698482 -0.010053186 0.9924407 -0.07452698
12821314.879 0.29788816 -0.10879872 -0.008837235 0.09985097 -0.009837903 0.9922551 -0.07323143
12871387.056 0.31225652 -0.13581197 -0.0025461405 0.10639897 -0.009648458 0.99178493 -0.070348434
12921633.98 0.32376713 -0.1637276 0.00362624 0.11380239 -0.0097328685 0.9911536 -0.06759339
12971737.406 0.3321135 -0.19348101 0.008155505 0.1174632 -0.008949177 0.9908786 -0.0654377
13021553.837 0.3322029 -0.22209947 0.013473172 0.11955872 -0.0063776122 0.99070805 -0.06451803
13071255.02 0.32838532 -0.24654554 0.020605564 0.11824643 -0.0014938498 0.9908498 -0.06505662
13121049.951000001 0.31946555 -0.27594984 0.027433835 0.11524969 0.004735739 0.9910393 -0.06735271
13171098.127999999 0.30690622 -0.30439883 0.035531573 0.11190214 0.012101158 0.99123704 -0.06914193
13221289.303 0.29278937 -0.32960245 0.043473188 0.10939067 0.0176362 0.9913875 -0.06981089
13271416.979 0.2750071 -0.36118087 0.052212853 0.109901756 0.019195283 0.9912091 -0.07111791
13321336.658 0.25863397 -0.3886928 0.061023418 0.11258121 0.016036445 0.99125314 -0.06697479
13371069.341 0.23810412 -0.41444224 0.06861565 0.11678703 0.00992051 0.9911144 -0.06288704
13420879.772 0.21032377 -0.43113542 0.073469214 0.1153197 0.008108088 0.9914404 -0.060675453
13470840.950000001 0.1764079 -0.4477223 0.07905202 0.10661902 0.011704102 0.9921944 -0.063606106
13520913.127 0.13781121 -0.46341398 0.08421283 0.093651064 0.016566936 0.993198 -0.06717788
13571009.053 0.097884595 -0.4777901 0.088277146 0.081819504 0.019450445 0.9939868 -0.070125654
13621009.731 0.05986529 -0.48940638 0.08768044 0.07263227 0.0196634 0.99459875 -0.07149378
13670922.911 0.018706001 -0.4973731 0.08532834 0.066218264 0.018025333 0.9951141 -0.07098037
13720789.091 -0.023048604 -0.4963544 0.08129301 0.061571967 0.017547276 0.99549055 -0.06999658
13770663.021 -0.062278572 -0.48906887 0.0749021 0.056364242 0.018423446 0.9958455 -0.069104366
13820576.45 -0.10264778 -0.47803 0.06816748 0.049458403 0.021257998 0.9961908 -0.068599485
13870545.378 -0.14106807 -0.46309492 0.058548853 0.03939864 0.022291305 0.99674267 -0.06674558
13920546.056 -0.18026146 -0.4417584 0.04909798 0.032109633 0.022772573 0.99713045 -0.06466267
13970530.734 -0.2130539 -0.41931385 0.041515935 0.02511147 0.022470675 0.99738485 -0.06393806
14020500.163 -0.24656624 -0.39229798 0.0328208 0.018485747 0.021450635 0.99753153 -0.06425799
14070476.841 -0.27816948 -0.36762613 0.025850272 0.013486121 0.019650947 0.99757606 -0.06537583
14120477.519 -0.30683237 -0.34050548 0.018418092 0.009944057 0.019987747 0.9975323 -0.06656508
14170518.196 -0.3319979 -0.31220028 0.008962757 0.004629247 0.020125723 0.99753803 -0.06701855
14220558.624 -0.35353342 -0.2851704 0.0004558445 -0.0033695332 0.02263172 0.9975593 -0.06596941
14270575.300999999 -0.37536326 -0.256254 -0.009625677 -0.009878301 0.024767568 0.99748254 -0.06570905
14320591.479 -0.38722956 -0.22611302 -0.018808503 -0.014293456 0.027675303 0.9973943 -0.06507243
14370608.157 -0.39169404 -0.19704333 -0.02931804 -0.0145177925 0.029217606 0.99747264 -0.06311918
14420648.583999999 -0.39039472 -0.16862397 -0.036078963 -0.014475449 0.028736563 0.9976515 -0.06046697
14470705.511 -0.38705865 -0.13647293 -0.043700222 -0.013329042 0.026564196 0.9978223 -0.058884673
14520737.438000001 -0.3762955 -0.10241132 -0.048652515 -0.011777157 0.02249436 0.9978876 -0.059797864
14570730.616 -0.36355692 -0.0699891 -0.05304054 -0.009747123 0.018596644 0.9978383 -0.062273163
14620726.044 -0.34480175 -0.040057294 -0.05475825 -0.007400723 0.015574424 0.99775124 -0.064770415
14670723.722000001 -0.32518607 -0.011238526 -0.05670624 -0.008181168 0.0099893175 0.9977315 -0.06606996
14720740.399999999 -0.30272904 0.010754799 -0.059551913 -0.0075532617 0.004043031 0.9977696 -0.06620078
14770741.328 -0.27687156 0.029966174 -0.060024668 -0.0055612884 -0.0023015721 0.99788994 -0.06464878
14820726.006 -0.24422069 0.04577144 -0.05814629 -6.0582945e-05 -0.008584009 0.9980384 -0.062013585
14870703.184 -0.20807916 0.05603393 -0.053291123 0.009652004 -0.011470438 0.99816996 -0.058584575
14920703.862 -0.16882552 0.061341878 -0.048237007 0.016632237 -0.011341377 0.9979971 -0.059972484
14970736.290000001 -0.12947664 0.064712 -0.044654265 0.017414413 -0.009950046 0.9977527 -0.063931674
15020831.966 -0.08785342 0.06723816 -0.04208333 0.02168094 -0.009319271 0.9975737 -0.0654976
15070943.642 -0.042442158 0.0656084 -0.039833564 0.028191032 -0.011493299 0.99729604 -0.06688741
15121031.818 0.0014023085 0.05838122 -0.0367234 0.032708894 -0.013319485 0.99701566 -0.06864811
15171087.995 0.04317364 0.048898026 -0.033770584 0.032481357 -0.013993246 0.9966182 -0.07417062
15221144.422 0.085511476 0.03112138 -0.031114966 0.038783215 -0.009851273 0.9962747 -0.07639071
15271232.099 0.13030362 0.010927049 -0.026872508 0.050418776 -0.007198859 0.99569035 -0.07750389
15321359.775 0.175136 -0.016918313 -0.02268549 0.065052524 -0.0028620437 0.99504244 -0.075170055
15371566.449000001 0.2164748 -0.047160827 -0.016868787 0.07967087 0.0012962943 0.99415374 -0.07286455
15421797.373 0.25563887 -0.08056589 -0.011930291 0.09510325 0.0055028847 0.9930016 -0.06980682
15471798.050999999 0.28512356 -0.11488532 -0.010716394 0.105324335 0.007391817 0.99206895 -0.06820139
15521640.481999999 0.3068213 -0.14732799 -0.0108436905 0.10990399 0.0052619805 0.9916672 -0.06700444
15571458.663 0.32338205 -0.18365736 -0.0086326655 0.114376284 0.0034710104 0.9912186 -0.066270076
15621333.093 0.33325696 -0.21993022 -0.0074089845 0.11606871 0.0025282274 0.99105763 -0.06577561
15671293.521 0.33737797 -0.25681376 -0.0071783345 0.11595005 0.0029880325 0.99099785 -0.06685848
15721365.947999999 0.33343205 -0.2948566 -0.004710254 0.116607405 0.0058858814 0.9910411 -0.06485155
15771445.875 0.3259684 -0.32925782 -0.0038446207 0.11744876 0.00769645 0.9911816 -0.06087437
15821335.804 0.3100531 -0.3657919 0.0021571408 0.12055436 0.007888165 0.9908121 -0.060792793
15871074.737 0.28871945 -0.40033063 0.005195648 0.12162379 0.008865096 0.9907841 -0.058957297
15920885.168000001 0.26093027 -0.43195114 0.007979473 0.12223529 0.009980647 0.99086636 -0.056060236
15970901.595 0.22068268 -0.4559252 0.005868918 0.11703408 0.010040376 0.99163777 -0.053449616
16021029.271 0.17231812 -0.47797358 0.0039891303 0.1071664 0.008719728 0.9928138 -0.052537754
16071085.447999999 0.12208713 -0.49629834 0.00067660597 0.09701647 0.008011554 0.99400675 -0.049741212
16120967.128 0.06774947 -0.510492 -0.0025955893 0.09002711 0.0060851714 0.99489874 -0.045106966
16170753.809000002 0.013389563 -0.52068645 -0.008204282 0.082506955 0.004258695 0.99581414 -0.03909831
16220596.24 -0.047663875 -0.52799153 -0.0124671515 0.072904475 0.0026513052 0.99674815 -0.03422162
16270541.419000002 -0.10279815 -0.5256215 -0.021098513 0.059210867 0.0025823263 0.9977962 -0.029837847
16320518.097000001 -0.15886892 -0.51821655 -0.028747039 0.045629397 0.0052866167 0.9985276 -0.028857583
16370431.776 -0.21254346 -0.50408864 -0.03852621 0.030035302 0.008438826 0.9990496 -0.03044062
16420313.705999998 -0.26967737 -0.48591 -0.045882735 0.00951116 0.0091684265 0.9992434 -0.03658139
16470226.886 -0.32257676 -0.46029773 -0.056806065 -0.0131060155 0.009202701 0.9989476 -0.04297939
16520243.563 -0.37085176 -0.4402578 -0.06523881 -0.03303371 0.013552088 0.9981817 -0.048564717
16570402.739 -0.41106576 -0.41280696 -0.07761014 -0.04885957 0.021628084 0.9973544 -0.04928865
16620625.662999999 -0.4392435 -0.39058256 -0.08434678 -0.058171887 0.023651285 0.99669933 -0.051451214
16670761.339 -0.4592169 -0.35934892 -0.091661915 -0.060781535 0.022064913 0.99659234 -0.05121142
16720714.517 -0.48061615 -0.3387186 -0.09713128 -0.060161803 0.02201394 0.99651957 -0.053336766
16770580.196999997 -0.4900528 -0.30278477 -0.103517555 -0.06406847 0.022496417 0.99634945 -0.05173906
16820502.127 -0.5006483 -0.27310368 -0.1120548 -0.06657623 0.023160791 0.9961807 -0.051528994
16870550.303999998 -0.5008579 -0.23935398 -0.114302106 -0.06863345 0.023102948 0.9960744 -0.05090778
16920760.228 -0.49666584 -0.21153548 -0.11638732 -0.068780035 0.022170465 0.99584574 -0.055399407
16970832.155 -0.48886403 -0.17727509 -0.11930043 -0.06643689 0.02059948 0.99590605 -0.05773315
17020845.833 -0.47174937 -0.14546572 -0.12113198 -0.0627816 0.015761912 0.99605846 -0.060643137
17070775.262 -0.45108026 -0.11375202 -0.11914885 -0.053566627 0.010414323 0.9964808 -0.06362542
17120712.691 -0.4272714 -0.08170425 -0.11937939 -0.045943014 0.0066525685 0.9967379 -0.066019006
17170721.618 -0.40023473 -0.05197127 -0.11811179 -0.038947467 0.0056164674 0.99667746 -0.07131393
17220793.545 -0.37106115 -0.025587425 -0.11642055 -0.03347426 0.0074370424 0.99654144 -0.075692914
17270841.722 -0.33812538 0.00036577182 -0.11169874 -0.028648049 0.005379065 0.9963394 -0.080364
17320826.4 -0.30074066 0.021497548 -0.1053429 -0.01809823 0.0043410645 0.99629813 -0.08392672
17370755.580000002 -0.256967 0.038520385 -0.0970495 -0.00468241 0.0037072254 0.99623847 -0.08644774
17420685.509 -0.21135618 0.052390944 -0.08963598 0.0096142385 0.0040341965 0.9960181 -0.088539764
17470678.187000003 -0.16444033 0.0614076 -0.081001155 0.024662541 0.0062373225 0.9955436 -0.09080704
17520750.362999998 -0.115877986 0.066682175 -0.072920874 0.039406426 0.008200399 0.9947781 -0.09378957
17570893.539 -0.06805976 0.07037672 -0.06538403 0.052484967 0.010093305 0.9938861 -0.096612744
17621052.964 -0.02165145 0.06914617 -0.057621628 0.06443744 0.014485171 0.9930012 -0.09791135
17671172.64 0.021209812 0.06797219 -0.049791135 0.07359225 0.014628735 0.99203444 -0.101182364
17721276.316000003 0.0629864 0.06475649 -0.042355448 0.08297961 0.014044085 0.9910545 -0.10357764
17771372.492999997 0.105925284 0.06119321 -0.036259748 0.09511543 0.012982513 0.9898145 -0.10512735
17821468.169 0.14708762 0.05383197 -0.030295765 0.10473623 0.012723413 0.98883355 -0.10524603
17871508.595999997 0.18499413 0.046951 -0.024816893 0.11378243 0.011627023 0.9879208 -0.10455083
17921453.775000002 0.21951109 0.03539979 -0.02026793 0.120530374 0.009758403 0.98718613 -0.1041189
17971367.705 0.25119 0.02157628 -0.017183356 0.12944052 0.0075238543 0.986208 -0.102870464
18021360.382999998 0.27808973 0.0043856483 -0.013477291 0.13811357 0.0052264216 0.9852526 -0.10086953
18071495.558 0.3011361 -0.017152451 -0.012826517 0.14401993 0.0033009066 0.9846577 -0.09847108
18121711.483 0.31847447 -0.041198626 -0.011149736 0.14704482 0.0028897314 0.98445714 -0.095988095
18171687.411000002 0.33316806 -0.06733601 -0.011399072 0.14850552 0.0026161338 0.9845288 -0.09296425
18221545.841 0.34191132 -0.09375949 -0.009644989 0.14937897 0.002491518 0.9846465 -0.09028376
18271411.521 0.34944203 -0.12254649 -0.010584747 0.14801665 0.0046059233 0.98517275 -0.08662857
18321372.950000003 0.3502111 -0.15587828 -0.011029127 0.14685133 0.0058992784 0.98568094 -0.08266218
18371500.126000002 0.34984562 -0.18896978 -0.012369502 0.1472841 0.006291512 0.9859031 -0.079138935
18421675.301000003 0.34291443 -0.21759748 -0.012209715 0.14787662 0.0064809094 0.9861607 -0.07468438
18471628.479000002 0.33127964 -0.24765283 -0.009086737 0.14677142 0.006133688 0.98646456 -0.072857514
18521415.161000002 0.31711367 -0.27451503 -0.006678751 0.14337792 0.0041405284 0.9872179 -0.06947361
18571210.092 0.29750055 -0.30118182 -0.004933906 0.14120781 0.0033751149 0.9877199 -0.06677151
18621123.272 0.27552816 -0.3227045 -0.0055816616 0.13814925 0.0034444595 0.98837847 -0.06333276
18671242.947 0.24596904 -0.33963755 -0.005869268 0.13364999 0.0048817657 0.9891654 -0.060544472
18721394.123 0.21038294 -0.35388926 -0.0072741164 0.1225731 0.0061211335 0.9907176 -0.058455326
18771363.551000003 0.17239228 -0.36566198 -0.0087695075 0.10882728 0.006712437 0.99243486 -0.056433465
18821102.734 0.13073118 -0.3705657 -0.010008077 0.09458404 0.0073634414 0.9940536 -0.053451393
18870857.416 0.092932284 -0.37006354 -0.010190717 0.084032595 0.009083988 0.99500996 -0.053022023
18920834.094 0.057458416 -0.3639976 -0.010798432 0.075348854 0.012479976 0.9956401 -0.053550985
18970993.769 0.021050528 -0.35444826 -0.008857455 0.066183284 0.01293808 0.9962151 -0.05484528
19021161.194 -0.016127653 -0.34208667 -0.006489792 0.05691661 0.010431511 0.9967524 -0.056003835
19071122.123 -0.04984046 -0.32968405 -0.0046288194 0.048292708 0.0072212224 0.997248 -0.055786982
19120892.555000003 -0.080148496 -0.31743672 -0.0036251992 0.040886726 0.0047518206 0.9977448 -0.053019702
19170663.236 -0.105966516 -0.3099593 -0.004173237 0.033707313 0.004641957 0.99820507 -0.049283765
19220569.166 -0.12877779 -0.29965144 -0.004874307 0.025038114 0.006450096 0.9986723 -0.044554204
19270661.092 -0.1454387 -0.2882855 -0.0063752593 0.017996373 0.00989008 0.9989924 -0.03990701
19320729.018999998 -0.15729252 -0.27512026 -0.006011984 0.015730262 0.011432758 0.99923474 -0.03393813
19370761.696 -0.16689083 -0.2653657 -0.0043877615 0.016708283 0.011382118 0.99942154 -0.02734777
19420730.625 -0.17428929 -0.25645378 -0.0038080374 0.017334972 0.011400736 0.99955285 -0.02153504
19470573.055 -0.17789009 -0.23941466 -0.000949922 0.017185219 0.008353174 0.99966 -0.017741386
19520523.234 -0.18326773 -0.23126046 0.0032554734 0.019879976 0.0037229045 0.9996317 -0.018093487
19570526.662 -0.18362664 -0.21958308 0.009808979 0.024494132 -0.0011087332 0.99953073 -0.018360114
19620607.088 -0.18708368 -0.20061395 0.018904258 0.029184835 -0.00874392 0.9993226 -0.020644777
19670678.765 -0.19060285 -0.18189295 0.02487843 0.029408567 -0.012097644 0.99921906 -0.023454538
19720719.442 -0.19841564 -0.15869592 0.029579438 0.023369806 -0.011338012 0.99937636 -0.0239222
19770720.12 -0.20915653 -0.13762645 0.032402735 0.013967361 -0.0074977656 0.99964404 -0.021461107
19820721.048 -0.22104195 -0.1087406 0.03310887 0.0011685444 -0.0033234414 0.99978477 -0.02044667
19870721.726 -0.23076664 -0.07922312 0.033963937 -0.011100796 -0.00029160889 0.99964684 -0.02414358
19920722.404 -0.23362212 -0.05297775 0.03621009 -0.020505201 0.0011213091 0.9992681 -0.032273725
19970738.582 -0.22712126 -0.025721233 0.03930925 -0.023084668 -6.441022e-05 0.99900603 -0.038131434
20020819.008 -0.21461785 -0.004460176 0.04244443 -0.021123651 -0.0021718305 0.99889576 -0.041910294
20070954.684 -0.19638816 0.012489309 0.045900017 -0.0193801 -0.002370963 0.998599 -0.049181577
20121050.36 -0.1728828 0.02786616 0.048661217 -0.01612294 -0.0014108561 0.99838704 -0.054419722
20171067.038000003 -0.1447891 0.038722824 0.050593194 -0.011592119 -0.0016958709 0.9983169 -0.05679944
20221067.716000002 -0.11649828 0.0451433 0.050234467 -0.0050100526 -0.0031056227 0.9983267 -0.057524707
20271092.143000003 -0.08451165 0.051510833 0.04841136 0.0023867437 -0.0063552298 0.9983129 -0.05766516
20321204.07 -0.055234548 0.05288469 0.04358779 0.007231856 -0.008507061 0.99823266 -0.058369398
20371355.745 -0.025372282 0.05149513 0.03837928 0.013368537 -0.008844762 0.9981109 -0.05931105
20421443.421 0.0044295564 0.04913139 0.031699717 0.018269334 -0.008994902 0.9979596 -0.060514174
20471360.351 0.034851603 0.046271678 0.024127617 0.0216823 -0.008941024 0.9978182 -0.061717078
20521151.281999998 0.06517648 0.04441213 0.017215231 0.026453087 -0.0119622 0.99750805 -0.06430316
20571128.46 0.099051476 0.04195065 0.010765232 0.03486077 -0.014158744 0.9971904 -0.0647736
20621398.884 0.13494785 0.036824334 0.0039590145 0.04395938 -0.015372244 0.99683195 -0.064477384
20671819.555 0.17121713 0.031609755 -0.0020245404 0.05270993 -0.015363756 0.996423 -0.06424002
20721931.231 0.20541808 0.025716977 -0.007536465 0.059973862 -0.016184386 0.99595976 -0.06484842
20771773.661999997 0.23700798 0.018493105 -0.010858586 0.06651856 -0.017148703 0.99554807 -0.06453892
20821599.842 0.2660403 0.009643519 -0.01320002 0.07146846 -0.01663679 0.99537367 -0.062022306
20871537.020999998 0.29393795 -0.0028894616 -0.0142775485 0.076597035 -0.016879164 0.99504733 -0.06106466
20921577.698000003 0.32012156 -0.017706912 -0.013469773 0.0812959 -0.017650006 0.99471253 -0.060220644
20971657.625 0.34455937 -0.032976534 -0.009514249 0.08331377 -0.01851379 0.9944805 -0.061029628
21021682.053 0.36985335 -0.051909152 -0.0040550553 0.08300747 -0.018816374 0.99437827 -0.06298929
21071658.981 0.39499578 -0.07083075 0.005834978 0.08343434 -0.019471087 0.9941582 -0.06564356
21121620.158999998 0.42504913 -0.09120255 0.01617141 0.09063105 -0.02135125 0.9932938 -0.06853898
21171613.088000003 0.46128064 -0.115021095 0.027604349 0.10423804 -0.023214776 0.99206555 -0.066344015
21221645.765 0.4939051 -0.14232273 0.039778527 0.11881725 -0.02524446 0.99054694 -0.06373396
21271669.941999998 0.522165 -0.16935068 0.050733544 0.12919943 -0.025279956 0.9892934 -0.0629854
21321615.121000003 0.54544705 -0.19649743 0.059732065 0.13400675 -0.021436226 0.98885053 -0.061297495
21371496.801 0.5632095 -0.22636865 0.06576129 0.13228622 -0.014432422 0.9893426 -0.0591048
21421363.231000002 0.5685293 -0.25120977 0.07335769 0.12632161 -0.0063618193 0.99020183 -0.05918436
21471268.411000002 0.5708494 -0.27319634 0.0806829 0.12022446 0.0008673892 0.9908865 -0.06073998
21521293.088 0.5737314 -0.2936603 0.08642018 0.117543474 0.007046444 0.99126166 -0.059449945
21571452.514000002 0.56755984 -0.31274053 0.097130306 0.11901879 0.00959448 0.99099684 -0.06056319
21621556.19 0.56176865 -0.32979763 0.10574597 0.118493676 0.011573716 0.99094033 -0.062150743
21671409.12 0.54860324 -0.3452543 0.11159518 0.11490545 0.012332836 0.99129546 -0.06307137
21721201.051 0.53249884 -0.3571568 0.11723965 0.11115698 0.012302787 0.9916251 -0.064594984
21771106.231000002 0.5111773 -0.37081048 0.122618 0.108320475 0.011863923 0.9917561 -0.06742339
21821265.906000003 0.48517746 -0.38008758 0.12520146 0.10385248 0.010633213 0.99220705 -0.06802039
21871544.33 0.4529323 -0.38639387 0.123555414 0.0968231 0.009448643 0.99301165 -0.06681316
21921608.006 0.41553363 -0.39314517 0.12149999 0.085985295 0.010217372 0.99406785 -0.0658135
21971355.439 0.37678155 -0.39746904 0.11946033 0.07596639 0.010603165 0.99482936 -0.06656824
22021062.621 0.3391946 -0.39908674 0.11502077 0.06548521 0.010994452 0.99563205 -0.06563301
22070928.801000003 0.29983163 -0.39999732 0.110631585 0.058182873 0.010376932 0.9962087 -0.06383801
22121095.977 0.2610533 -0.4009779 0.10484732 0.049992874 0.011163095 0.9967982 -0.061396785
22171350.15 0.22100219 -0.39819774 0.097325295 0.039563786 0.013585071 0.9973505 -0.059516337
22221430.327 0.17982535 -0.39099517 0.08769949 0.027712679 0.017828789 0.9978164 -0.05724239
22271169.259 0.13956153 -0.3847661 0.07640361 0.012818933 0.024383273 0.99815303 -0.05414453
22320836.942 0.10050381 -0.37659046 0.06371837 -0.0025242688 0.030067911 0.99823743 -0.051104292
22370703.123 0.06444783 -0.3642444 0.050019618 -0.017182333 0.03360376 0.9980979 -0.04874643
22420711.3 0.03267693 -0.34977242 0.03659509 -0.02662747 0.03500365 0.99795014 -0.046489958
22470783.727 0.013472442 -0.32884997 0.027902903 -0.03000475 0.034539588 0.9979833 -0.044003263
22520816.404999997 -0.003558795 -0.30676258 0.017845705 -0.03170845 0.033430353 0.99797416 -0.04387124
22570785.083 -0.016382594 -0.281305 0.008350113 -0.033862904 0.033467084 0.9978614 -0.044789247
22620730.512 -0.022448514 -0.25489765 0.003140619 -0.037026178 0.0336886 0.99750024 -0.049874894
22670715.19 -0.027835941 -0.22729519 -0.004688815 -0.04063246 0.03194821 0.9970827 -0.056164984
22720787.367 -0.028646283 -0.19538002 -0.011742162 -0.044098858 0.029717395 0.99674654 -0.06056885
22770915.042999998 -0.024483556 -0.16639379 -0.017535318 -0.044624332 0.026882958 0.9965734 -0.06424535
22821066.468 -0.0085674515 -0.13989028 -0.022506494 -0.0433099 0.025095522 0.9964889 -0.06711451
22871178.143999998 0.010645104 -0.11794216 -0.027014667 -0.03753594 0.024571724 0.996557 -0.06972457
22921194.822 0.03486467 -0.095532045 -0.030111415 -0.031064149 0.023325004 0.99655634 -0.07325657
22971156.0 0.062027916 -0.07628001 -0.03340685 -0.02460803 0.023463676 0.99635094 -0.07828711
23021132.679 0.095500655 -0.0561577 -0.036714885 -0.017019844 0.02619879 0.9960991 -0.08252668
23071189.106 0.13198312 -0.040285498 -0.039494973 -0.0078099 0.030041955 0.99585235 -0.08552557
23121308.781 0.17094554 -0.029298486 -0.041649986 0.0014214804 0.03432957 0.99563974 -0.08672391
23171420.708 0.21001986 -0.019614007 -0.043799423 0.012456368 0.036563076 0.9953683 -0.08803363
23221445.385 0.247742 -0.013626445 -0.046710517 0.02240559 0.03729945 0.9951017 -0.08876661
23271398.564 0.28311118 -0.008904577 -0.050483808 0.029856866 0.03580008 0.995006 -0.08826085
23321454.741 0.31602168 -0.008487894 -0.052645274 0.037473056 0.032403756 0.9949308 -0.087513074
23371613.915999997 0.3485574 -0.012539608 -0.05250016 0.04512804 0.029544983 0.9947682 -0.0867579
23421741.592 0.3814613 -0.020307133 -0.052174114 0.052947853 0.02716782 0.9945881 -0.08516552
23471750.02 0.41483665 -0.03048042 -0.05091276 0.06076917 0.025552161 0.9943464 -0.083243504
23521663.698999997 0.4482618 -0.044088982 -0.049505964 0.068108045 0.024707481 0.99416375 -0.07993336
23571569.379 0.47890326 -0.059949566 -0.04507783 0.07568938 0.024076771 0.99379945 -0.07780858
23621530.307 0.5112786 -0.076793425 -0.038860757 0.085502245 0.024367554 0.9931231 -0.07617126
23671554.985 0.54390895 -0.094625875 -0.032234453 0.096767515 0.024652813 0.99222475 -0.07428595
23721587.162 0.5730437 -0.114445426 -0.025386581 0.10851584 0.023448292 0.99126166 -0.07123793
23771595.84 0.59757817 -0.13492464 -0.01801451 0.11789203 0.022030773 0.9904151 -0.06851389
23821566.018 0.6186332 -0.15404615 -0.01074797 0.12544338 0.021714447 0.9895697 -0.06741124
23871478.448 0.63633376 -0.17581755 -0.003453833 0.13138275 0.02250809 0.9888736 -0.06603832
23921408.377 0.65125155 -0.19562672 0.004254263 0.13754003 0.02258737 0.98809737 -0.065086216
23971369.055 0.6618817 -0.2170512 0.011342548 0.14069654 0.024074309 0.9876403 -0.06474179
24021369.733 0.66748345 -0.23980011 0.020767093 0.14347135 0.02684109 0.9872245 -0.06390183
24071486.909 0.67409647 -0.2636305 0.028962549 0.14421523 0.029438075 0.98701876 -0.06426084
24121434.588 0.67292506 -0.2858323 0.0409152 0.14849745 0.029909186 0.98634624 -0.06461568
24171379.766999997 0.6686048 -0.30615276 0.0510379 0.14977656 0.028443078 0.9861194 -0.065777324
24221301.446 0.65744746 -0.3221367 0.06451598 0.14765973 0.027249508 0.9864029 -0.066808864
24271262.373999998 0.64015675 -0.34222814 0.07642514 0.14411925 0.026135487 0.9868511 -0.06834838
24321326.551 0.6190674 -0.35948086 0.08680981 0.14061151 0.025665557 0.98744786 -0.06720437
24371446.227 0.5956325 -0.37511432 0.09539998 0.13549009 0.027312113 0.98817354 -0.066404864
24421447.155 0.5693322 -0.38306916 0.09815636 0.12878689 0.02924134 0.9891345 -0.0645902
24471289.336 0.54154474 -0.38618106 0.10156907 0.120303445 0.031606726 0.9901541 -0.064211145
24521123.516 0.5127289 -0.38045672 0.10495089 0.110021666 0.034216914 0.99124366 -0.06450275
24571132.194000002 0.48506683 -0.36597458 0.105498366 0.09775219 0.036816712 0.99228764 -0.066741474
24621355.118 0.46495715 -0.3529289 0.10897603 0.08818425 0.03912129 0.9927564 -0.071609505
24671601.292 0.44920048 -0.33042175 0.10990417 0.083374746 0.040029645 0.9927918 -0.07622883
24721554.471 0.44037402 -0.30480167 0.10942074 0.08218691 0.039946716 0.9924619 -0.081664
24771372.652000003 0.4316412 -0.2759195 0.10862089 0.08248147 0.03845176 0.9920519 -0.08689839
24821270.581 0.42611995 -0.2486129 0.10583969 0.08259174 0.036485624 0.9916206 -0.092390224
24871382.258 0.41946718 -0.22078611 0.099830374 0.08026283 0.033596087 0.99152935 -0.096430875
24921774.179 0.41909343 -0.19482905 0.090313725 0.07667812 0.030451652 0.99171036 -0.09850766
24972113.101 0.4190448 -0.172783 0.083604835 0.07677189 0.029433483 0.9914575 -0.10125069
25022224.777 0.4256411 -0.15285057 0.07405766 0.078273036 0.028779194 0.9911317 -0.103455275
25072154.707 0.43737593 -0.13803345 0.063698225 0.08199062 0.02740608 0.99073577 -0.10473366
25122051.886 0.45401943 -0.12223365 0.051752925 0.086214736 0.027062321 0.9905565 -0.10311474
25171981.814999998 0.47143266 -0.1100162 0.040201068 0.09053449 0.0282003 0.99032325 -0.10133203
25221934.994 0.49106753 -0.100129396 0.030944405 0.09640532 0.029953035 0.9898729 -0.099802814
25271947.422000002 0.5134981 -0.09323558 0.021911401 0.10297657 0.030269565 0.9892988 -0.098830715
25321848.851 0.537427 -0.08736817 0.012909279 0.11023908 0.029516285 0.98864955 -0.09771521
25371770.53 0.56288296 -0.08438099 0.0052540973 0.117138356 0.028779734 0.98810285 -0.09541023
25421675.959999997 0.58969766 -0.08566175 -0.00017384905 0.12383651 0.027608227 0.9874594 -0.09394807
25471589.889000002 0.6167423 -0.09263493 -0.0028532082 0.13153222 0.02674926 0.9865991 -0.0927693
25521518.818 0.6456392 -0.10354099 -0.00291738 0.1420948 0.024939965 0.985284 -0.09166606
25571488.246999998 0.6772799 -0.11743359 -0.001986402 0.1542025 0.02358886 0.9836242 -0.09026934
25621464.924999997 0.706927 -0.134434 0.0017647278 0.16571209 0.022425912 0.9819186 -0.088727936
25671441.603 0.7344043 -0.15363753 0.0065825824 0.17411505 0.023061287 0.9804982 -0.08817862
25721371.282 0.75905013 -0.17561151 0.014093887 0.1794888 0.02502723 0.9794219 -0.08882659
25771284.462 0.7820462 -0.20049311 0.022505881 0.18549234 0.027769968 0.97823536 -0.088752486
25821253.889999997 0.8020815 -0.22729693 0.029032182 0.1913171 0.030786308 0.97724813 -0.08623355
25871333.567 0.81871074 -0.25710016 0.03519448 0.1955922 0.034227476 0.9765667 -0.08300461
25921437.743 0.82845557 -0.28803587 0.041211635 0.1966829 0.037190214 0.9765502 -0.07926198
25971398.672 0.8350212 -0.3171427 0.048842058 0.19782303 0.039816033 0.97648233 -0.07591488
26021224.852 0.83795977 -0.3449999 0.05831707 0.2001796 0.04140208 0.976172 -0.07281733
26071075.033 0.83606076 -0.3656672 0.06707063 0.20245351 0.04039258 0.9759161 -0.07049047
26121131.209999997 0.8239989 -0.38858467 0.084735036 0.20349634 0.038752705 0.975603 -0.07270718
26171337.884 0.81028175 -0.40623918 0.098435 0.20189437 0.03696898 0.9759221 -0.07381128
26221489.81 0.78741765 -0.4176076 0.11110787 0.19719179 0.036097478 0.97699124 -0.072804995
26271347.490000002 0.76023555 -0.42643732 0.12582463 0.19180478 0.036514357 0.9780693 -0.07251276
26321078.672 0.7317759 -0.43247837 0.13882874 0.18468258 0.037722774 0.9792819 -0.074002445
26370960.602 0.6981989 -0.43441948 0.15287778 0.17660043 0.03711796 0.9805891 -0.076678336
26421217.026 0.6646669 -0.4341029 0.16659726 0.17061812 0.038375348 0.98147476 -0.07825685
26471583.448000003 0.63161373 -0.4251577 0.17584339 0.16346024 0.04055582 0.9825991 -0.078326896
26521827.121999998 0.5901313 -0.41308478 0.18659647 0.15307954 0.04249764 0.9839645 -0.081084155
26571653.301999997 0.54947424 -0.39886054 0.19408861 0.14058244 0.04433936 0.9853749 -0.085480414
26621384.485 0.50675035 -0.3802159 0.19946897 0.12730381 0.04580042 0.9868516 -0.08843162
26671242.415 0.46649212 -0.35988492 0.20392247 0.116366886 0.04506898 0.9878704 -0.092411
26721322.592 0.42908588 -0.33764008 0.20472834 0.10836073 0.04191596 0.98873794 -0.09433075
26771632.265 0.3949994 -0.31482503 0.203211 0.10157511 0.036987625 0.9896682 -0.09418726
26821910.688 0.36357963 -0.29406637 0.20175052 0.09539799 0.031129306 0.99051344 -0.09387951
26871911.366 0.33616355 -0.27475443 0.19696382 0.09039161 0.026509799 0.9912097 -0.09289732
26921785.546 0.31320396 -0.2592137 0.19010743 0.083304584 0.024835376 0.9919314 -0.09228107
26971675.226 0.29362175 -0.24228986 0.18058008 0.07612812 0.025409162 0.9926685 -0.09037732
27021652.154 0.2785424 -0.22365886 0.17161572 0.072566204 0.025354063 0.9931889 -0.08756288
27071692.331 0.27420157 -0.20845594 0.1631606 0.07181818 0.025261581 0.9933062 -0.08687246
27121764.507999998 0.27537125 -0.18585669 0.1552582 0.07521603 0.022927001 0.9931545 -0.08637749
27171820.935 0.2832272 -0.16472599 0.14670816 0.07877182 0.019937579 0.9927318 -0.08877588
27221877.112 0.2981764 -0.14492191 0.13863407 0.082743034 0.018919706 0.99222213 -0.09105469
27271980.788000003 0.31808507 -0.12721843 0.1316714 0.08716329 0.020161506 0.9914878 -0.09459373
27322116.464 0.34650248 -0.11110681 0.124416046 0.093462 0.0226548 0.99041337 -0.099161565
27372244.14 0.3823781 -0.0985999 0.11901662 0.10596187 0.024879348 0.9888095 -0.10202411
27422331.816 0.4218887 -0.09026833 0.114212684 0.1187314 0.027452378 0.98691803 -0.10555603
27472316.994 0.45867914 -0.08366931 0.11029964 0.12728369 0.032004006 0.9855973 -0.10664266
27522222.674 0.49254707 -0.082260825 0.10782605 0.1325535 0.037479207 0.98459494 -0.10769269
27572056.854 0.5259959 -0.08534102 0.10664238 0.13890447 0.04364242 0.9834527 -0.107803985
27621884.785 0.5616622 -0.0923898 0.10577367 0.14878924 0.046852164 0.981863 -0.10775766
27671709.216000002 0.5993035 -0.103005335 0.103955455 0.16029468 0.04718053 0.9801399 -0.10679617
27721638.395 0.63734215 -0.11743781 0.104418345 0.17218164 0.047728892 0.97817487 -0.10606334
27771631.573000003 0.67335504 -0.13880634 0.1037111 0.18301448 0.04769243 0.9764322 -0.10397775
27821647.751000002 0.7034368 -0.16202962 0.10407087 0.19333476 0.043281663 0.97511715 -0.099473834
27871617.429 0.72906744 -0.18482769 0.1033932 0.1994363 0.03850201 0.97437066 -0.096667685
27921514.858999997 0.7480231 -0.20893452 0.104653254 0.19949137 0.036510307 0.9745182 -0.09583622
27971412.788 0.76297325 -0.23155192 0.108140334 0.19752528 0.036841195 0.9748462 -0.0964442
28021357.967 0.77970487 -0.25627998 0.111040376 0.19843867 0.0366124 0.9748234 -0.094873615
28071374.145 0.7961869 -0.27990672 0.11560172 0.20627451 0.033460975 0.9734239 -0.0936863
28121462.321 0.8102342 -0.30416495 0.11927731 0.21686135 0.027832365 0.9715345 -0.091199726
28171502.498 0.8188414 -0.3285759 0.123003304 0.22349665 0.023278143 0.97049445 -0.08745251
28221416.178 0.8130228 -0.35370556 0.1261268 0.22204582 0.019087883 0.9711858 -0.08443686
28271305.608 0.79703206 -0.37789896 0.13505122 0.21520732 0.017641742 0.9727653 -0.0842749
28321227.287 0.7757225 -0.3989131 0.14229494 0.2048233 0.017686497 0.97507256 -0.08347582
28371211.965 0.74508154 -0.41962627 0.15387228 0.19570243 0.017770715 0.97706753 -0.08199962
28421284.392 0.71495193 -0.43802324 0.16438308 0.19001335 0.016356766 0.9783248 -0.080673
28471380.068 0.6813807 -0.4548061 0.17724863 0.18443607 0.012942903 0.9794123 -0.081040084
28521372.746000003 0.64399326 -0.46798798 0.18945625 0.17846829 0.00943191 0.9804917 -0.081830196
28571230.926 0.60034955 -0.4774099 0.20002832 0.17080477 0.006898602 0.98185486 -0.082093164
28621112.856 0.5535979 -0.4864131 0.20722273 0.16077118 0.0056812684 0.9836163 -0.08136022
28671161.033 0.50457317 -0.49369723 0.21090096 0.14919099 0.0057481 0.98558486 -0.07957107
28721363.957999997 0.4542616 -0.4998505 0.20950924 0.13661978 0.0047150687 0.9876638 -0.076374345
28771456.134000003 0.40256533 -0.50547165 0.20681192 0.123223454 0.005647973 0.98966235 -0.07316211
28821259.814999998 0.3508633 -0.50724584 0.20065404 0.109725244 0.008405716 0.99150103 -0.0693936
28870973.998 0.29828396 -0.5015846 0.19037706 0.094734535 0.009986224 0.99326265 -0.06599149
28920847.678 0.2478946 -0.49252337 0.17965889 0.07816398 0.009422414 0.9948418 -0.063964166
28970975.354000002 0.19857681 -0.4784416 0.16844717 0.06512475 0.008546446 0.99588674 -0.06241325
29021205.528 0.15327433 -0.45848992 0.15716976 0.05319198 0.0075104376 0.9966498 -0.061671976
29071325.454 0.110328294 -0.43592125 0.14814888 0.041143496 0.0050955457 0.99705327 -0.06454585
29121191.634 0.07184375 -0.40905923 0.14192884 0.030284995 0.0012446715 0.99720097 -0.06834893
29170938.316000003 0.040665444 -0.38255724 0.13763233 0.02273087 -0.0029621352 0.99709886 -0.072584845
29220820.246 0.016777394 -0.35757425 0.13687986 0.019639239 -0.0059155035 0.996886 -0.0761426
29270924.422000002 -0.0046397443 -0.3311837 0.13414185 0.016767496 -0.007976855 0.99669135 -0.079130314
29321131.097 -0.023355402 -0.30636257 0.13172038 0.012619626 -0.009439757 0.9965618 -0.08134062
29371290.272 -0.037009366 -0.2835291 0.12808295 0.009876914 -0.010265277 0.996598 -0.08117575
29421267.2 -0.044776127 -0.25973022 0.12437134 0.0071733603 -0.01034366 0.99648374 -0.08283635
29471030.382 -0.049259346 -0.23496224 0.11758887 0.006360866 -0.010793877 0.99618936 -0.08631251
29520872.063 -0.04894734 -0.20708236 0.10960589 0.006700556 -0.010984748 0.9958269 -0.09035071
29571023.738 -0.041053005 -0.18011789 0.10239661 0.010576095 -0.010797675 0.99536914 -0.094931014
29621429.158999998 -0.025190253 -0.15074499 0.09463675 0.018538505 -0.010446277 0.99480987 -0.099501364
29671883.080000002 -0.0033144318 -0.124260135 0.08605198 0.028006773 -0.009257885 0.9940289 -0.10505509
29721811.259 0.021705475 -0.099410996 0.07656836 0.03831523 -0.006262293 0.99310875 -0.11057935
29771597.69 0.05059416 -0.076044485 0.066122636 0.051760636 -0.004033141 0.9917724 -0.11701294
29821510.87 0.08326829 -0.055409744 0.055262633 0.06509343 -0.003011574 0.9904786 -0.12126875
29871694.295 0.11870219 -0.04233815 0.044440314 0.07653507 -0.0012181373 0.98923796 -0.12469652
29922011.967 0.15508139 -0.03363994 0.035157584 0.085423686 0.0020666788 0.98826635 -0.12660266
29972171.893 0.1912183 -0.031273585 0.02694198 0.09378401 0.006488543 0.9873889 -0.12737988
30022013.573 0.22837475 -0.03244555 0.02037627 0.103953086 0.011133462 0.9862336 -0.12811401
30071721.256 0.26444656 -0.040671464 0.014472315 0.11510217 0.015187384 0.98509157 -0.1269467
30121491.937999997 0.30378368 -0.05215723 0.007939675 0.12838005 0.01762005 0.98357433 -0.12565656
30171453.116 0.34206402 -0.06518319 0.0016941754 0.14341734 0.018933726 0.98149186 -0.12548599
30221572.542 0.3788104 -0.08398312 -0.0055477987 0.15541281 0.021065857 0.97997564 -0.12268215
30271708.218000002 0.4086349 -0.10859524 -0.0124138715 0.16382828 0.02374665 0.97911876 -0.117995486
30321716.895999998 0.4329723 -0.13610014 -0.018678494 0.16996825 0.025656627 0.9786465 -0.11271008
30371638.325 0.4506053 -0.16764714 -0.021382898 0.17461355 0.024570558 0.9785606 -0.10642156
30421536.004 0.46526018 -0.19753693 -0.021335285 0.18036917 0.022003511 0.97787017 -0.10369542
30471465.184 0.47635284 -0.22814381 -0.021022996 0.18548469 0.022449683 0.9771832 -0.10101749
30521426.362 0.48684642 -0.25831074 -0.020863079 0.19142228 0.02689481 0.9763561 -0.096763365
30571419.04 0.4913612 -0.291016 -0.020541746 0.19504318 0.031361256 0.9758583 -0.09314181
30621380.219 0.48602998 -0.3199345 -0.018597726 0.19625771 0.034166664 0.9757155 -0.091076486
30671301.648000002 0.46965396 -0.3440146 -0.011436483 0.19319704 0.036373172 0.97644335 -0.088940255
30721215.327 0.44784826 -0.36864534 -0.007651847 0.18758343 0.037580393 0.9776424 -0.087267116
30771192.006 0.4170109 -0.38924107 -0.000576159 0.18003696 0.03687453 0.9791854 -0.08615673
30821272.432 0.3818043 -0.40668517 0.007390558 0.17159383 0.03259536 0.9809221 -0.085352294
30871392.108 0.3429422 -0.41797438 0.017967092 0.16588835 0.02529967 0.98197687 -0.086962104
30921384.786000002 0.30195373 -0.42284292 0.025010582 0.16035396 0.019121436 0.9829677 -0.0877249
30971250.466000002 0.26162556 -0.42863527 0.029880924 0.15276422 0.017145488 0.9842366 -0.08744983
31021116.895999998 0.21883015 -0.43078735 0.03515225 0.1457986 0.017322138 0.9852164 -0.088269
31071125.073999997 0.17906088 -0.4247183 0.03636275 0.14029421 0.01917726 0.9859344 -0.08878729
31121308.248999998 0.13757025 -0.41695464 0.037140653 0.13548726 0.022371331 0.98664737 -0.08757692
31171499.674 0.0968258 -0.40746176 0.035000287 0.12668462 0.02363225 0.98795825 -0.08562118
31221515.602 0.05555272 -0.39476654 0.031952176 0.11703114 0.026257858 0.9892541 -0.08361036
31271215.783999998 0.013340097 -0.38136047 0.028680611 0.105660744 0.028331278 0.99052614 -0.08301313
31321049.715 -0.025553487 -0.36400005 0.024656355 0.09616854 0.028872106 0.99153227 -0.08235172
31371073.893 -0.05528061 -0.34347606 0.01974593 0.09380718 0.027494853 0.9918834 -0.0813118
31421336.566000003 -0.07768211 -0.31993198 0.014391433 0.09891783 0.024121892 0.9914507 -0.08160206
31471559.490000002 -0.094204575 -0.29436454 0.008013657 0.105937466 0.019658951 0.9907788 -0.08214722
31521377.671 -0.1106739 -0.27325898 1.6182428e-05 0.10743033 0.015515375 0.9907142 -0.081874415
31571132.353 -0.12728241 -0.24843735 -0.009700004 0.103458434 0.013693484 0.9911125 -0.08249262
31621030.283 -0.14100292 -0.22215216 -0.017737387 0.098297425 0.014985343 0.99138886 -0.085213214
31671229.458 -0.14803535 -0.19631386 -0.027139701 0.09780789 0.015383794 0.9910203 -0.08986491
31721579.13 -0.14568645 -0.16513486 -0.036758497 0.10225135 0.014053881 0.9903535 -0.09245068
31771658.805999998 -0.14187045 -0.13853997 -0.045999765 0.107711986 0.009745986 0.9897044 -0.0937474
31821453.488 -0.13276115 -0.11433661 -0.056670953 0.11275181 0.004733466 0.9888494 -0.09716759
31871247.919 -0.12244375 -0.0917 -0.069157846 0.115285054 0.0034460896 0.988364 -0.099167444
31921233.097 -0.11095912 -0.07365698 -0.08073936 0.11931963 0.005930903 0.9876158 -0.10169931
31971440.022 -0.09236974 -0.05512565 -0.09503575 0.123252966 0.00888859 0.98694396 -0.10330259
32021718.195000004 -0.07515346 -0.04120878 -0.10878376 0.12529086 0.010734762 0.9865719 -0.10422586
32071774.371999998 -0.053753857 -0.030771593 -0.121183276 0.12952092 0.0109600555 0.9857477 -0.10679795
32121640.552 -0.0313789 -0.023774946 -0.12928227 0.13562149 0.008980483 0.9845321 -0.110556975
32171466.733 -0.0045717787 -0.0187128 -0.13495457 0.14444236 0.00864173 0.98294467 -0.11349693
32221380.162 0.025262253 -0.019366974 -0.14060508 0.15277898 0.0101732565 0.9816188 -0.11392833
32271470.839 0.055273645 -0.024852682 -0.14395967 0.16125512 0.0129437 0.9803476 -0.112906605
32321548.015 0.08573476 -0.03451371 -0.1489008 0.16779976 0.016142746 0.9795072 -0.11021967
32371628.192 0.11412995 -0.044390913 -0.15135287 0.17448437 0.018085718 0.9784051 -0.10932349
32421666.119 0.1392851 -0.057813283 -0.15410042 0.18000723 0.019773519 0.9774661 -0.108473465
32471502.8 0.1648453 -0.07314118 -0.15688728 0.18621218 0.021584896 0.9763195 -0.10797884
32521400.979000002 0.18626136 -0.09235778 -0.1592865 0.19156994 0.0239542 0.9754982 -0.10550109
32571354.158000004 0.20426232 -0.11857242 -0.16148518 0.19546331 0.026428407 0.97503066 -0.10203407
32621362.586 0.21771562 -0.14463413 -0.1620782 0.1982613 0.02785917 0.974666 -0.099712715
32671363.264 0.23154747 -0.17333893 -0.16393909 0.19939217 0.029621158 0.9745852 -0.09771946
32721308.443000004 0.23736127 -0.19918025 -0.16213347 0.20039499 0.029266559 0.97465897 -0.09500107
32771245.621999998 0.23892474 -0.2286823 -0.16243522 0.19841392 0.027944217 0.9752991 -0.092966214
32821199.05 0.23287249 -0.2565256 -0.16162334 0.19445139 0.028616603 0.9764667 -0.08878349
32871231.228000004 0.22018667 -0.2769404 -0.15702353 0.19010864 0.029794265 0.97740513 -0.08746619
32921318.904 0.20788316 -0.29867172 -0.15367602 0.18535013 0.03302195 0.97841966 -0.085146666
32971375.081000004 0.19460928 -0.31862053 -0.14888969 0.18175747 0.03655862 0.9792062 -0.08235838
33021328.26 0.17826454 -0.3346652 -0.14000486 0.17908317 0.03803777 0.9797446 -0.08113502
33071234.189 0.1573464 -0.34889832 -0.13147184 0.1737903 0.035826672 0.9808969 -0.07971633
33121163.368 0.13068202 -0.35964248 -0.12313804 0.16458128 0.032282587 0.983006 -0.074632674
33171188.046 0.10354729 -0.3673653 -0.11455002 0.1541109 0.030183354 0.9850916 -0.07023781
33221283.972 0.07550247 -0.37404144 -0.10788691 0.14182405 0.02958953 0.98709273 -0.06825259
33271308.65 0.04669837 -0.37699386 -0.09985143 0.12782328 0.030517103 0.9891972 -0.06495283
33321174.330000002 0.019866327 -0.3765777 -0.092359304 0.11344995 0.029866617 0.9912087 -0.06117626
33370992.511 -0.0049704984 -0.37073812 -0.08432008 0.101822525 0.028215572 0.99282914 -0.0559145
33420961.939 -0.025604833 -0.3596072 -0.078581914 0.09337886 0.027067646 0.99405897 -0.048933778
33471105.115 -0.04675416 -0.34609088 -0.0751437 0.085682124 0.025533667 0.9950439 -0.043523468
33521224.790999997 -0.07137022 -0.33062658 -0.07147123 0.07458864 0.02438508 0.9961105 -0.040073074
33571160.72 -0.093202285 -0.31462553 -0.0676671 0.06261212 0.02226073 0.9970145 -0.03932172
33620817.653 -0.1125381 -0.29170853 -0.063876264 0.054777365 0.01848115 0.99764967 -0.03678408
33670608.585 -0.122832395 -0.26718456 -0.059088055 0.052476507 0.013632542 0.99790126 -0.035403825
33720657.012 -0.13688777 -0.24119332 -0.05153109 0.0543329 0.007484221 0.9978549 -0.035744846
33770871.936000004 -0.14545085 -0.21177387 -0.047197074 0.053313885 0.00044649732 0.9979195 -0.036250554
33821078.861 -0.15845452 -0.18078564 -0.04581184 0.050800633 -0.005847322 0.99796605 -0.038064662
33871095.538 -0.16841859 -0.14999315 -0.046806615 0.0452213 -0.008441825 0.9980284 -0.04269821
33920937.219 -0.17964317 -0.121027425 -0.047844786 0.037860177 -0.010412025 0.9979671 -0.050199077
33970787.399 -0.18427968 -0.0902333 -0.050325084 0.033611737 -0.012293217 0.9977472 -0.056742407
34020843.576000005 -0.1826345 -0.0647444 -0.05398355 0.034101732 -0.012070006 0.9974946 -0.060795203
34071082.5 -0.1761399 -0.03924163 -0.059398677 0.036349885 -0.010571959 0.9972812 -0.0632236
34121321.174 -0.16341393 -0.015844572 -0.06443538 0.036891054 -0.0071757133 0.9970059 -0.06757827
34171337.352 -0.1463516 0.0018358119 -0.06939935 0.041605078 -0.0035157544 0.99653834 -0.07188915
34221037.285 -0.11845395 0.015352416 -0.0728383 0.0504544 0.0008824793 0.99599516 -0.07380553
34270775.967 -0.08741369 0.023052512 -0.076083146 0.06265831 0.004772146 0.9951409 -0.07580056
34320911.643 -0.05284367 0.02672697 -0.080277555 0.07373126 0.008753724 0.9942622 -0.07700506
34371411.812 -0.018563302 0.024932308 -0.086465135 0.082658164 0.013596341 0.99356127 -0.07628197
34421990.481 0.016011484 0.018180415 -0.09196331 0.09393477 0.018572478 0.99259365 -0.0747614
34471897.410000004 0.0526317 0.007852757 -0.09826718 0.10849485 0.022018535 0.9912377 -0.072054595
34521533.094000004 0.08854306 -0.0030391132 -0.10340633 0.12338886 0.022633506 0.9896384 -0.0698481
34571328.025 0.12097198 -0.014228136 -0.10866747 0.1359473 0.022273265 0.9880829 -0.068663016
34621368.203 0.14764483 -0.025784973 -0.11189425 0.14493713 0.02083552 0.98685414 -0.06839658
34671559.377 0.17167786 -0.039305344 -0.11476362 0.1524808 0.018383509 0.9858127 -0.06771271
34721702.552999996 0.19231588 -0.05533176 -0.11584817 0.15947677 0.014758577 0.9848613 -0.066315256
34771684.981 0.20937799 -0.07471049 -0.11564303 0.16619599 0.01202108 0.9839239 -0.064250425
34821474.163 0.2214584 -0.091322765 -0.113839574 0.17122155 0.007906864 0.9831775 -0.06310895
34871324.343 0.22997719 -0.11048691 -0.11039386 0.1757167 0.0053268312 0.9825273 -0.061117776
34921277.522 0.23383066 -0.12938622 -0.10512096 0.17909531 0.0051755146 0.98204106 -0.059105717
34971333.699 0.23526888 -0.14738697 -0.10208568 0.1780363 0.0067455294 0.9822123 -0.05930105
35021421.625 0.22882894 -0.15912786 -0.09792205 0.17461275 0.0075418656 0.9827829 -0.059928525
35071446.302999996 0.21709844 -0.17127523 -0.092302606 0.17179309 0.0074745216 0.98328453 -0.059857197
35121406.981 0.21000685 -0.18617965 -0.090885885 0.16888855 0.007945911 0.98388076 -0.058243122
35171360.410000004 0.19737388 -0.1939907 -0.088219084 0.16743527 0.0074896007 0.984369 -0.054102957
35221345.588 0.18404913 -0.20202188 -0.087803245 0.16637868 0.005699359 0.98480296 -0.049485672
35271330.265999995 0.1700106 -0.20970048 -0.08859386 0.16395658 0.0034960778 0.98545665 -0.044511605
35321306.945 0.15203632 -0.2149885 -0.08957864 0.15838683 0.0019636478 0.9866299 -0.038356673
35371244.124 0.13292748 -0.21785296 -0.09097905 0.15238044 -0.0006408474 0.98771447 -0.034641348
35421173.802999996 0.111724816 -0.2181934 -0.08985324 0.14672783 -0.004655951 0.988585 -0.03389632
35471127.231 0.0924012 -0.21394104 -0.088533424 0.14178568 -0.007231446 0.9893072 -0.03340319
35521175.408 0.07552412 -0.20537034 -0.08604331 0.13738555 -0.009280044 0.9899281 -0.032886658
35571287.085 0.05803226 -0.19645621 -0.080987915 0.1339364 -0.010195124 0.9903385 -0.034449425
35621327.511999995 0.04430748 -0.18253504 -0.07764094 0.12920561 -0.010736337 0.9908974 -0.036235057
35671233.191 0.02952978 -0.16666241 -0.07342335 0.12390402 -0.00986813 0.9914815 -0.038922552
35721138.371 0.018231548 -0.1466742 -0.06871466 0.120657034 -0.0076270686 0.99174094 -0.0428217
35771179.048 0.007713398 -0.123809375 -0.0632209 0.119441666 -0.0072665606 0.9917248 -0.046506852
35821425.471999995 -0.0012604911 -0.099870756 -0.06042694 0.11488404 -0.006156702 0.9921669 -0.048669208
35871688.144999996 -0.010356045 -0.07724214 -0.05697325 0.107651055 -0.0020416626 0.99282813 -0.05195548
35921728.323 -0.01804374 -0.052543327 -0.054993514 0.09973242 0.0029923632 0.9933753 -0.057009455
35971646.752000004 -0.021690538 -0.02947829 -0.054817103 0.09285479 0.008183468 0.99369055 -0.0623714
36021539.682000004 -0.022060024 -0.007849284 -0.055978354 0.087703384 0.0128384 0.99388534 -0.065843135
36071484.861 -0.01945457 0.00925202 -0.05753942 0.08563904 0.015867116 0.9940025 -0.066130646
36121493.288 -0.0057695517 0.022144021 -0.059306834 0.08728299 0.016875535 0.99394023 -0.06465196
36171509.966 0.010148483 0.033881083 -0.06066558 0.09166224 0.015108092 0.99379504 -0.06116623
36221550.143 0.028402008 0.0420144 -0.05970361 0.09949327 0.012011181 0.993239 -0.05859343
36271606.57 0.05337281 0.047721274 -0.061284855 0.1098783 0.011636303 0.9922257 -0.057266995
36321686.747 0.080326326 0.054965302 -0.0632816 0.11910573 0.014729052 0.99113405 -0.057010446
36371735.173999995 0.10444464 0.059828527 -0.06426476 0.1251821 0.018475356 0.9902894 -0.05757663
36421727.852 0.12662011 0.06386917 -0.06447638 0.12926131 0.020803541 0.98967075 -0.058399595
36471689.031 0.14514819 0.06643979 -0.06293446 0.13660024 0.020195836 0.988661 -0.05900876
36521634.20900001 0.16564551 0.06389847 -0.061830882 0.14520425 0.018679595 0.98754805 -0.05758241
36571602.888 0.18258916 0.061004944 -0.06200097 0.15326446 0.016295267 0.98657674 -0.053952686
36621580.066 0.19686748 0.054159 -0.0641571 0.15824673 0.014927634 0.98598516 -0.05068031
36671564.993999995 0.20634407 0.047306933 -0.06628164 0.16179056 0.014948491 0.98559785 -0.04687543
36721534.173 0.21312532 0.041347712 -0.06943162 0.16329479 0.016293386 0.98553973 -0.042199545
36771511.100999996 0.21738453 0.03749066 -0.073583014 0.16353586 0.018246729 0.9856666 -0.037209045
36821480.279 0.21784511 0.03617667 -0.07592296 0.16157316 0.02014924 0.98613316 -0.03208713
36871456.958 0.21477523 0.038106382 -0.07575591 0.16040859 0.020695152 0.986415 -0.028744133
36921433.636 0.2114481 0.043713763 -0.075082935 0.15972574 0.021069149 0.98659855 -0.025828797
36971426.814 0.21239638 0.043566924 -0.07419864 0.1581311 0.020717882 0.98679554 -0.02828237
37021435.242 0.20655447 0.044108707 -0.06647728 0.15601812 0.019635256 0.9870156 -0.03275782
37071473.669 0.20127448 0.04065383 -0.06036601 0.15162167 0.018392134 0.9875333 -0.038087923
37121492.596999995 0.19383681 0.030005831 -0.05306646 0.14919256 0.017365191 0.9877442 -0.042442854
37171556.274000004 0.19513007 0.015361082 -0.04936553 0.15063646 0.015983235 0.98748064 -0.04399076
37221612.701000005 0.19505939 -0.0038664616 -0.04591014 0.15427598 0.013214824 0.986969 -0.04377769
37271653.378 0.19487931 -0.021234516 -0.045658737 0.15724713 0.010783369 0.9865636 -0.043003052
37321638.056 0.1944066 -0.04046372 -0.047676325 0.15786351 0.0096026 0.9865352 -0.04165643
37371599.235 0.18998937 -0.058299944 -0.05116332 0.15703577 0.009240369 0.98680454 -0.038356982
37421544.663 0.18434414 -0.074530475 -0.056199837 0.15583773 0.008612185 0.98712987 -0.034859825
37471505.342 0.173335 -0.08702401 -0.061556946 0.15518281 0.007050045 0.98733634 -0.0321812
37521458.521 0.16001692 -0.09351921 -0.06587711 0.15259527 0.0048037027 0.9878369 -0.029495345
37571419.949 0.14204508 -0.098437384 -0.071934894 0.14919321 0.0030537075 0.98844343 -0.026676692
37621388.628000006 0.1207226 -0.097934105 -0.07632079 0.14480297 -0.00015412166 0.9891333 -0.025446104
37671349.806 0.09831178 -0.091963544 -0.08136365 0.13665433 -0.0019359735 0.9902919 -0.025375841
37721334.484 0.07433761 -0.08444996 -0.08365839 0.12657604 -0.0023546938 0.9915693 -0.027630413
37771343.162 0.05148616 -0.073621474 -0.08412896 0.115911715 -0.0020822184 0.99278104 -0.030756831
37821391.589 0.031918656 -0.06117086 -0.08264484 0.10839179 -0.0008251751 0.9935183 -0.03423629
37871447.766 0.016800672 -0.047010876 -0.0816586 0.103112735 0.0024877433 0.9940073 -0.0362084
37921511.943 0.00532187 -0.032742664 -0.08015819 0.0994389 0.0054944875 0.9943684 -0.036239658
37971544.621 -0.0042617903 -0.01776822 -0.07745385 0.09641544 0.0048572603 0.99473965 -0.034256425
38021545.548 -0.0129488 -0.002819997 -0.06976616 0.0952275 0.0012572192 0.9948691 -0.03414198
38071514.227 -0.019861083 0.013343898 -0.06176225 0.09789644 -0.0036945792 0.9944538 -0.038267072
38121451.406 -0.021497417 0.027258128 -0.05490018 0.10053076 -0.0079596 0.993903 -0.044576056
38171444.584 -0.02190267 0.03646923 -0.048990816 0.10092491 -0.009421427 0.9936363 -0.049116183
38221524.511 -0.019975808 0.04301136 -0.045205787 0.099477924 -0.0073500676 0.99377 -0.049713273
38271660.186000004 -0.018281246 0.04363096 -0.04162953 0.09796186 -0.0053205653 0.9940519 -0.047286935
38321739.863000005 -0.0169763 0.04594056 -0.04237226 0.098221466 -0.0019359319 0.9942201 -0.043305095
38371809.79 -0.014367127 0.049751356 -0.04461469 0.098192394 0.004890725 0.99453926 -0.035014816
38421638.47 -0.012461933 0.052342456 -0.04956502 0.09350794 0.014050042 0.995213 -0.024701336
