26373.117537313432 -0.0 -0.0 -0.0 -0.0 -0.0 1.0 -0.0
76351.11753731343 -0.0 -0.0 -0.0 -0.0 -0.0 1.0 -0.0
126344.11753731343 -0.00049059687 -6.916984e-05 0.043865297 -0.00012738864 0.00071700074 0.99999964 0.00041792728
176354.11753731343 -0.00049059687 -6.916984e-05 0.043865297 -0.00012738864 0.00071700074 0.99999964 0.00041792728
226343.11753731343 -0.00049059687 -6.916984e-05 0.043865297 -0.00012738864 0.00071700074 0.99999964 0.00041792728
276333.11753731343 -0.0013001758 -9.2983166e-05 0.112079464 -0.00046947392 0.0009656918 0.9999994 -2.6462174e-05
326344.11753731343 -0.0013001758 -9.2983166e-05 0.112079464 -0.00046947392 0.0009656918 0.9999994 -2.6462174e-05
376334.11753731343 -0.0013001758 -9.2983166e-05 0.112079464 -0.00046947392 0.0009656918 0.9999994 -2.6462174e-05
426329.11753731343 -0.0028677178 -8.527148e-05 0.1843481 -0.0007012815 8.870585e-05 0.99999964 -0.0005348148
476348.11753731343 -0.0028677178 -8.527148e-05 0.1843481 -0.0007012815 8.870585e-05 0.99999964 -0.0005348148
526342.1175373134 -0.003924365 -0.000102475475 0.2339196 -0.0009552019 0.00012233546 0.99999946 -0.000490827
576339.1175373134 -0.003924365 -0.000102475475 0.2339196 -0.0009552019 0.00012233546 0.99999946 -0.000490827
626348.1175373134 -0.004763862 -0.0001242559 0.28612477 -0.0011515208 0.00066126935 0.999999 -0.00055997545
676341.1175373134 -0.004763862 -0.0001242559 0.28612477 -0.0011515208 0.00066126935 0.999999 -0.00055997545
726283.1175373134 -0.0060733906 0.00019865039 0.33997113 -0.0010882632 0.00077768543 0.9999987 -0.00097282993
776308.1175373134 -0.0060733906 0.00019865039 0.33997113 -0.0010882632 0.00077768543 0.9999987 -0.00097282993
826316.1175373134 -0.007086414 0.00014922388 0.39459878 -0.0013719036 0.00044651385 0.9999968 -0.0021099562
876326.1175373134 -0.008200577 0.00031052544 0.4195692 -0.0011019631 0.00039399878 0.9999962 -0.0025200667
926321.1175373134 -0.008722244 0.00038467176 0.44765776 -0.0011834654 0.00062819687 0.99999475 -0.0029519673
976345.1175373134 -0.009480984 0.00031099978 0.47584584 -0.0013208584 8.556876e-05 0.9999951 -0.0028505523
1026343.1175373134 -0.01033927 0.00019854555 0.5040355 -0.0013634309 -0.00065087795 0.9999965 -0.0021941226
1076348.1175373134 -0.010734556 -0.00022891627 0.53228396 -0.0014312812 -0.00072352175 0.9999981 -0.0011691557
1126373.1175373134 -0.011520022 -0.0008531973 0.56049824 -0.0013317749 -0.00043127034 0.9999989 -0.00047686754
1176369.1175373134 -0.012129694 -0.00062922196 0.5899402 -0.0014683675 -0.0004433631 0.9999988 0.00016641755
1226361.1175373134 -0.012888225 -0.0006915153 0.61742306 -0.0014614552 -0.00020823938 0.9999986 0.0007555674
1276380.1175373134 -0.01325616 -0.0010183764 0.64657223 -0.0015159525 0.00048415564 0.99999833 0.00088575174
1326377.1175373134 -0.014020873 -0.0006050446 0.6760325 -0.0014428806 0.00050538447 0.99999803 0.0012663094
1376373.1175373134 -0.014519475 -0.00074853486 0.7052015 -0.0015124987 0.0006197056 0.99999815 0.0010798309
1426389.1175373134 -0.014696934 -0.00062832725 0.7358288 -0.0015992039 6.257732e-05 0.99999875 3.0187466e-05
1476383.1175373134 -0.0150801 -0.00084292435 0.7659538 -0.0014660013 -0.00029449482 0.99999785 -0.0014949938
1526373.1175373134 -0.016020032 -0.0011330856 0.7964237 -0.0013116751 -0.00052730704 0.99999595 -0.002490641
1576385.1175373134 -0.016635032 -0.0013571009 0.82621926 -0.0014025702 -0.0006199152 0.9999938 -0.0031797246
1626387.1175373134 -0.01752747 -0.0011509436 0.8558646 -0.0015400832 -0.00094713835 0.99999267 -0.0033857753
1676390.1175373134 -0.01797109 -0.001224876 0.8860621 -0.0016932278 -0.0008217453 0.99999136 -0.0037074955
1726337.1175373134 -0.01853762 -0.0016490441 0.91579145 -0.0016987716 -0.0007172062 0.99998987 -0.004107434
1776388.1175373134 -0.018791247 -0.0020774254 0.9469401 -0.0017093042 -0.00037867358 0.9999896 -0.004205968
1826370.1175373134 -0.019061387 -0.0017309379 0.97757524 -0.0017947598 -0.0002737207 0.9999904 -0.004003739
1876386.1175373134 -0.020539707 -0.0017419935 1.0075499 -0.0014213532 -0.00090507907 0.9999915 -0.0037650813
1926383.1175373134 -0.021314796 -0.0015682833 1.0380251 -0.0015047916 -0.0015049559 0.9999913 -0.003585441
1976385.1175373134 -0.022213873 -0.0016570936 1.068472 -0.00153761 -0.0022669442 0.99998987 -0.0035745846
2026406.1175373134 -0.023082824 -0.0014298856 1.0997453 -0.001672828 -0.0034134758 0.99998605 -0.0036681294
2076396.1175373134 -0.023940518 -0.0013665875 1.1311228 -0.0018222162 -0.0039991983 0.99998343 -0.0037313937
2126421.117537313 -0.024061976 -0.0016592604 1.1624192 -0.0019532396 -0.004163264 0.99998236 -0.003781051
2176417.117537313 -0.024926879 -0.0017560837 1.1937706 -0.0018934241 -0.0045181373 0.99998164 -0.0035760535
2226415.117537313 -0.02544052 -0.0021369443 1.2254453 -0.0020943654 -0.004582881 0.9999812 -0.0035032278
2276435.117537313 -0.025817111 -0.002324826 1.2568493 -0.002233198 -0.004322158 0.9999829 -0.00325231
2326435.117537313 -0.026990904 -0.001766691 1.2889442 -0.0021418293 -0.003915101 0.99998623 -0.0027943319
2376423.117537313 -0.02727408 -0.002171283 1.3208269 -0.0020646723 -0.003857859 0.9999872 -0.002544393
2426440.117537313 -0.028388636 -0.0021513393 1.3525835 -0.0017577466 -0.0040824832 0.9999875 -0.0023283865
2476433.117537313 -0.028927593 -0.0025865568 1.3841416 -0.0016214412 -0.0038463108 0.99998903 -0.0021563242
2526431.117537313 -0.030370833 -0.002817485 1.4162263 -0.0012732568 -0.0032298097 0.9999921 -0.0019859537
2576424.117537313 -0.031178541 -0.0027719217 1.4480833 -0.0011386368 -0.0030761508 0.99999315 -0.0017213468
2626437.117537313 -0.031614866 -0.0028084356 1.4806577 -0.00085741485 -0.0032047702 0.9999931 -0.0017121912
2676430.117537313 -0.03192937 -0.0026625574 1.5126691 -0.00032774627 -0.0028591624 0.9999939 -0.001997291
2726380.117537313 -0.032436598 -0.002482911 1.5444509 0.0004370304 -0.0026857664 0.99999326 -0.002485372
2776409.117537313 -0.03215902 -0.0026992501 1.5751553 0.0011152995 -0.0027397485 0.99999124 -0.002990638
2826414.117537313 -0.032933462 -0.0029253652 1.6068852 0.0020231877 -0.002609887 0.99998844 -0.0035208983
2876427.117537313 -0.03301528 -0.0033300528 1.6385599 0.002715151 -0.0019354891 0.99998623 -0.0040590274
2926417.117537313 -0.032943103 -0.0033238465 1.6696085 0.003402523 -0.0013176124 0.99998367 -0.0044083185
2976417.117537313 -0.033383 -0.0032718503 1.7009761 0.004219564 -0.00074835325 0.9999805 -0.0045434395
3026435.117537313 -0.03314764 -0.0034804365 1.7315589 0.0051240735 -0.00018310294 0.9999765 -0.004558249
3076428.117537313 -0.03275699 -0.0040114885 1.7622801 0.0060538943 5.3942026e-06 0.9999722 -0.0043498175
3126426.117537313 -0.03254421 -0.0032547305 1.7926455 0.0070141805 0.00033663583 0.9999677 -0.0039167353
3176423.117537313 -0.0325113 -0.0031227623 1.8233603 0.007881555 0.00029790748 0.999962 -0.0037310063
3226436.117537313 -0.032045558 -0.0035530548 1.8538454 0.008673485 0.00057608273 0.99995494 -0.003820613
3276433.117537313 -0.032080565 -0.003566472 1.8840237 0.009591932 0.0006468055 0.99994516 -0.004149984
3326431.117537313 -0.032327425 -0.0035620874 1.9145769 0.01048817 0.0005341816 0.9999354 -0.0043598157
3376424.117537313 -0.031928223 -0.0035525002 1.9450479 0.0113072265 0.0007711866 0.99992573 -0.0044900053
3426441.117537313 -0.031788882 -0.003310702 1.9742898 0.012093572 0.00073939963 0.999917 -0.004398095
3476438.117537313 -0.031472083 -0.0033448997 2.0044453 0.012833884 0.00092178036 0.999908 -0.004312112
3526448.117537313 -0.031209268 -0.0032025594 2.0341125 0.013510949 0.0010900224 0.9998997 -0.004131335
3576437.117537313 -0.030970085 -0.0030296126 2.064416 0.014115518 0.0014973339 0.9998915 -0.003941621
3626430.117537313 -0.030341754 -0.003285027 2.093179 0.014663274 0.0018102163 0.99988353 -0.0038269353
3676431.117537313 -0.029944025 -0.0034812088 2.1228328 0.015204383 0.0017116223 0.99987596 -0.0037621697
3726385.117537313 -0.02900094 -0.0033875245 2.1523693 0.015567384 0.0018498708 0.9998702 -0.003727273
3776434.117537313 -0.02848495 -0.003731705 2.1810985 0.016063502 0.0018675807 0.9998622 -0.003757234
3826411.117537313 -0.027995564 -0.0035779658 2.2106643 0.01653475 0.0021596048 0.9998537 -0.0038325007
3876420.117537313 -0.027514597 -0.0034917113 2.2389183 0.016974745 0.0019608075 0.9998463 -0.003923732
3926418.117537313 -0.027202098 -0.0036642302 2.2672725 0.017457703 0.002044429 0.9998374 -0.004034822
3976435.117537313 -0.0267273 -0.0033870249 2.296345 0.017884666 0.0022216483 0.9998299 -0.0039267316
4026432.117537313 -0.026072977 -0.0036122927 2.3238697 0.018231008 0.0024986041 0.9998229 -0.0039546164
4076421.117537313 -0.025503643 -0.0037394639 2.3518026 0.018617304 0.0027025037 0.9998149 -0.0040368503
4126439.117537313 -0.024752332 -0.0038223544 2.3800075 0.0189436 0.0030341118 0.99980706 -0.0042306785
4176435.1175373136 -0.024217315 -0.0037275783 2.4073777 0.019410225 0.0031135108 0.9997974 -0.004326957
4226430.117537314 -0.023234114 -0.0036063604 2.4352374 0.019578485 0.0032654218 0.9997935 -0.004365502
4276429.117537314 -0.023046564 -0.0036911413 2.4627738 0.019986756 0.0036648782 0.99978435 -0.004285459
4326449.117537314 -0.022368943 -0.0040970608 2.4891753 0.020227963 0.0037752753 0.99978 -0.0040666037
4376437.117537314 -0.021717599 -0.004306299 2.5162547 0.020514606 0.0037584763 0.9997753 -0.0038143087
4426454.117537314 -0.021351984 -0.0035067315 2.5441563 0.020816969 0.004038737 0.999769 -0.0035066537
4476451.117537314 -0.020509202 -0.0035634325 2.5707371 0.02113486 0.005005663 0.99975705 -0.0037734942
4526445.117537314 -0.019327246 -0.0039038856 2.5976226 0.021311117 0.0053830603 0.999751 -0.0038660918
4576450.117537314 -0.018461315 -0.0039694225 2.6248343 0.021589726 0.0051224767 0.99974734 -0.0036055918
4626459.117537314 -0.017450323 -0.0048244144 2.6512346 0.02191708 0.0050796517 0.99974114 -0.0033974224
4676444.117537314 -0.0172593 -0.004655132 2.6787062 0.022301098 0.004858671 0.9997353 -0.0029018554
4726390.117537314 -0.01654069 -0.0048582433 2.7052765 0.022266358 0.004820776 0.9997364 -0.0028401841
4776419.117537314 -0.015992386 -0.0044303583 2.7321203 0.022547869 0.0046217097 0.99973154 -0.0026618084
4826424.117537314 -0.014835138 -0.004844107 2.7592607 0.022648413 0.0046772663 0.99972826 -0.0029474928
4876441.117537314 -0.013874116 -0.0045535685 2.7858486 0.02283516 0.005132141 0.99972206 -0.0028577019
4926435.117537314 -0.012823154 -0.004854618 2.812322 0.022916099 0.006123695 0.99971586 -0.0023876193
4976424.117537314 -0.011880823 -0.004960432 2.8394654 0.02299127 0.006321529 0.9997136 -0.0020661312
5026441.117537314 -0.011231589 -0.005536906 2.8647401 0.023106815 0.0063255513 0.9997111 -0.0019801185
5076430.117537314 -0.010193792 -0.005989241 2.8914223 0.023414705 0.006309286 0.9997037 -0.0021267594
5126428.117537314 -0.009646403 -0.006264363 2.9177027 0.023712553 0.006083992 0.9996984 -0.0019609702
5176445.117537314 -0.009129427 -0.006404866 2.943757 0.023751693 0.00567872 0.99970025 -0.0017522528
5226438.117537314 -0.0076614944 -0.0070437 2.969841 0.023550056 0.0064317263 0.9997 -0.001968496
5276427.117537314 -0.0064873816 -0.0066305036 2.9965758 0.023443168 0.0070650154 0.9996985 -0.0018431142
5326445.117537314 -0.0051058168 -0.006771614 3.0231247 0.023397798 0.007853845 0.99969363 -0.0018992326
5376442.117537314 -0.0038914308 -0.007013348 3.0492005 0.023480369 0.008540933 0.9996859 -0.00198084
5426435.117537314 -0.0030429615 -0.007015903 3.0742686 0.023773348 0.009014508 0.99967456 -0.0020997622
5476452.117537314 -0.0021287422 -0.007281921 3.1003246 0.023731127 0.009029567 0.99967474 -0.0023907986
5526442.117537314 -0.0015374877 -0.007159367 3.1265965 0.023577938 0.008004594 0.99968743 -0.0022636363
5576439.117537314 -0.0011136465 -0.0074433424 3.152526 0.023499131 0.006520841 0.9997 -0.0022864921
5626452.117537314 -0.0010334856 -0.007108618 3.1777015 0.023422498 0.006042033 0.99970526 -0.0020801022
5676453.117537314 9.4624855e-05 -0.0076943855 3.2029724 0.022937935 0.005867211 0.99971765 -0.0020292376
5726391.117537314 0.0013334828 -0.007967473 3.2303593 0.022314392 0.0059686666 0.9997316 -0.001799059
5776420.117537314 0.0020804906 -0.008150986 3.255962 0.021674199 0.0062915147 0.999744 -0.0016212264
5826421.117537314 0.0033673057 -0.008400425 3.2804558 0.02109204 0.0069537996 0.99975204 -0.0016435095
5876430.117537314 0.0038056683 -0.008058151 3.3053079 0.020720102 0.0073176622 0.99975723 -0.0016433347
5926428.117537314 0.004391741 -0.008233896 3.3307457 0.020221334 0.007549542 0.9997653 -0.0018705484
5976425.117537314 0.00455998 -0.008277558 3.3557448 0.019708544 0.007610989 0.9997746 -0.0021311212
6026442.117537314 0.00512354 -0.008685309 3.3808243 0.018944684 0.0070952727 0.9997916 -0.0027402483
6076435.117537314 0.0053660534 -0.00918822 3.4048226 0.01825638 0.0068039387 0.9998049 -0.00325273
6126425.117537314 0.005441059 -0.008810028 3.4293628 0.017439637 0.00669323 0.99981993 -0.0033580258
6176442.117537314 0.0051100077 -0.008926483 3.4534843 0.01641132 0.0063397773 0.99983925 -0.003489761
6226435.117537314 0.005084378 -0.009121914 3.4771094 0.015215794 0.0062345327 0.9998589 -0.0034289379
6276432.117537314 0.0049640145 -0.009391482 3.500666 0.014015501 0.0061962423 0.9998766 -0.003454644
6326450.117537314 0.005251502 -0.00915348 3.5247967 0.012869058 0.006126947 0.9998927 -0.0033940282
6376444.117537314 0.0048426334 -0.008445646 3.5477962 0.011533688 0.005890613 0.9999106 -0.0033568216
6426431.117537314 0.004855109 -0.008638371 3.57278 0.010029656 0.0058253175 0.9999269 -0.0034211986
6476425.117537314 0.0045516933 -0.007930274 3.597455 0.008364314 0.005798785 0.9999432 -0.0031739476
6526437.117537314 0.004449273 -0.0088377 3.6202352 0.006531827 0.005679877 0.9999572 -0.003274332
6576429.117537314 0.0034000303 -0.009994519 3.6412199 0.004806461 0.0060038986 0.9999643 -0.0035163616
6626411.117537314 0.002943846 -0.0097256815 3.6647942 0.0027605812 0.006149115 0.99997115 -0.0035251826
6676426.117537314 0.0024781346 -0.009307345 3.6881926 0.0005863761 0.00664467 0.99997103 -0.0036806965
6726353.117537314 0.0012485615 -0.0094030835 3.7099633 -0.001737909 0.007552947 0.9999612 -0.004199417
6776374.117537314 0.00021998247 -0.00939953 3.7334611 -0.0039735064 0.007869521 0.99994916 -0.004907241
6826366.117537314 -0.0009521886 -0.009941124 3.7559104 -0.0063420013 0.0084936675 0.9999306 -0.0051467973
6876371.117537314 -0.0025761495 -0.009237833 3.7790382 -0.008798063 0.008815776 0.9999104 -0.004911109
6926359.117537314 -0.003067438 -0.00947138 3.7998924 -0.011438456 0.009035424 0.9998807 -0.005128197
6976340.117537314 -0.0058544083 -0.009997988 3.8220634 -0.013896629 0.008545215 0.9998521 -0.0054516266
7026347.117537314 -0.0075061596 -0.009921382 3.8439803 -0.01703901 0.008324545 0.9998047 -0.005568834
7076335.117537314 -0.009380891 -0.010349302 3.8655243 -0.020081269 0.007926789 0.9997507 -0.005713109
7126331.117537314 -0.011330811 -0.010032301 3.8882885 -0.023150006 0.007950092 0.9996848 -0.005588768
7176347.117537314 -0.013599102 -0.010527885 3.9104025 -0.026316456 0.007357526 0.99961025 -0.005725394
7226343.117537314 -0.01651958 -0.0104891965 3.9325082 -0.029452896 0.00733122 0.9995236 -0.0056031337
7276353.117537314 -0.01946095 -0.010343618 3.9551136 -0.03272191 0.0073711225 0.99942404 -0.0051625418
7326347.117537314 -0.022094408 -0.009911415 3.9772005 -0.036016297 0.007098027 0.99931574 -0.0045284955
7376343.117537314 -0.025153594 -0.010291792 3.9963436 -0.039286416 0.0069466946 0.99919564 -0.004053164
7426341.117537314 -0.028002065 -0.010238812 4.0175314 -0.04276463 0.007224252 0.9990526 -0.0036120086
7476357.117537314 -0.03120832 -0.010645011 4.0393286 -0.04629917 0.007313897 0.9988968 -0.0028687862
7526351.117537314 -0.03451932 -0.0110511305 4.0591087 -0.049626578 0.0075806226 0.99873656 -0.0022387337
7576362.117537314 -0.037543193 -0.010633728 4.080138 -0.053420294 0.008292291 0.998536 -0.0018500729
7626354.117537314 -0.041140374 -0.01104573 4.1004643 -0.05701803 0.008336538 0.9983369 -0.0017033472
7676369.117537314 -0.044908807 -0.011004226 4.1207457 -0.06075623 0.007824738 0.9981209 -0.0014620904
7726315.117537314 -0.048993696 -0.010482822 4.1413646 -0.06434699 0.008088657 0.9978942 -0.0011118731
7776349.117537314 -0.053540416 -0.011468324 4.1604342 -0.06764174 0.0076084263 0.9976804 -0.00074827153
7826387.117537314 -0.057582952 -0.011571433 4.1803274 -0.07159451 0.007509636 0.9974055 -0.00037267854
7876379.117537314 -0.06198722 -0.011443719 4.2008343 -0.075450785 0.007105057 0.99712425 5.3191423e-05
7926387.117537314 -0.066599585 -0.01174414 4.21967 -0.07905432 0.006571481 0.9968486 0.00026856916
7976395.117537314 -0.07115549 -0.011748437 4.2402415 -0.08264874 0.006746815 0.9965558 0.00044291673
8026423.117537314 -0.07600948 -0.011429238 4.2589164 -0.08613028 0.006086644 0.9962653 0.00034615968
8076434.117537314 -0.080822386 -0.011178976 4.2783766 -0.08978525 0.0052200514 0.9959475 -0.0003263618
8126439.117537314 -0.08606592 -0.01227387 4.297368 -0.0933511 0.004669587 0.99562186 -0.00094069587
8176473.117537314 -0.091615625 -0.011876836 4.3154354 -0.09675408 0.004181079 0.9952992 -0.0008863912
8226487.117537314 -0.096872196 -0.011854071 4.3343554 -0.10062147 0.0036285575 0.9949179 -0.00072399137
8276506.117537314 -0.101978034 -0.012272581 4.352502 -0.104270265 0.0027116244 0.994545 -0.00082651724
8326548.117537314 -0.10765314 -0.011688002 4.3716063 -0.10784221 0.002071083 0.9941655 -0.0009173695
8376567.117537313 -0.11312274 -0.010692119 4.3891087 -0.11161241 0.001646405 0.9937497 -0.0013012699
8426582.117537312 -0.11853244 -0.009652355 4.4076557 -0.11581509 0.0021341427 0.9932671 -0.001674568
8476627.117537312 -0.12421143 -0.0076095164 4.4294586 -0.12036432 0.0025252241 0.9927253 -0.0016102828
8526653.117537312 -0.13003697 -0.0076018167 4.4464264 -0.12455574 0.003369759 0.99220544 -0.0017231001
8576679.117537312 -0.13734205 -0.012333183 4.4620514 -0.12826481 0.0028950705 0.99173266 -0.0024773143
8626718.117537312 -0.14344314 -0.012611157 4.4792466 -0.13285427 0.0025020149 0.9911296 -0.0023842338
8676735.117537312 -0.15031737 -0.012519322 4.4975343 -0.13726544 0.0021860576 0.9905295 -0.0021844332
8726697.117537312 -0.15714967 -0.013143824 4.514959 -0.14187644 0.0018478004 0.989881 -0.0018649407
8776731.117537312 -0.16366316 -0.01278041 4.5337024 -0.14690895 0.0022231564 0.9891463 -0.0015573079
8826746.117537312 -0.171495 -0.012201613 4.5514917 -0.15171099 0.0020756319 0.9884219 -0.0012735373
8876763.117537312 -0.17866309 -0.0116997585 4.5703406 -0.15693836 0.0030740567 0.98760253 -0.0014717304
8926768.117537312 -0.18655196 -0.012016752 4.5892773 -0.16192046 0.0030521736 0.9867981 -0.001453363
8976767.117537312 -0.19269204 -0.01384397 4.6045527 -0.1669399 0.002728084 0.98596215 -0.0015389936
9026793.117537312 -0.20257127 -0.013621521 4.621157 -0.17108369 0.0018815337 0.9852543 -0.00096666074
9076803.117537312 -0.2109338 -0.013430973 4.6394534 -0.17599647 0.0020046367 0.98438835 -0.00094276905
9126811.117537312 -0.21981104 -0.012574304 4.6589766 -0.18124989 0.00266228 0.9834331 -0.0008057527
9176843.117537312 -0.22808206 -0.012490073 4.677259 -0.18673402 0.0036971055 0.9824028 -0.0012644746
9226855.117537312 -0.23738171 -0.011693116 4.696556 -0.19225204 0.0046408935 0.9813333 -0.0016364417
9276859.117537312 -0.24617052 -0.011742483 4.7147765 -0.19766104 0.0052475436 0.9802545 -0.001957252
9326891.117537312 -0.25549155 -0.01120995 4.733529 -0.2029903 0.005273556 0.9791644 -0.0020402505
9376899.117537312 -0.26482087 -0.010998461 4.751321 -0.2084498 0.0054252087 0.9780157 -0.002142643
9426909.117537312 -0.27275726 -0.013617349 4.7676554 -0.21449465 0.006051688 0.976702 -0.0029596551
9476914.117537312 -0.28575107 -0.013887432 4.7830153 -0.21993403 0.006237948 0.97548974 -0.0031526168
9526944.117537312 -0.294504 -0.014732396 4.800267 -0.22624479 0.0067278077 0.97403973 -0.0038383075
9576935.117537312 -0.30464014 -0.015137989 4.8178625 -0.23215728 0.006864382 0.97264373 -0.004485931
9626960.117537312 -0.31580663 -0.01546694 4.8340816 -0.23772015 0.006518991 0.9713001 -0.004773256
9676955.117537312 -0.3276499 -0.014854477 4.851848 -0.24341246 0.0066458583 0.9698889 -0.00465096
9726920.117537312 -0.338953 -0.014440773 4.867263 -0.24941896 0.0066434545 0.9683639 -0.0041904184
9776963.117537312 -0.35021555 -0.014142088 4.884383 -0.25583982 0.006771977 0.96668696 -0.0040542483
9826975.117537312 -0.3608316 -0.01623713 4.8995056 -0.26211175 0.006221221 0.96500546 -0.004826125
9876990.117537312 -0.37313208 -0.016382251 4.9141793 -0.26770023 0.0067877364 0.9634633 -0.005400281
9926997.117537312 -0.38468215 -0.014545636 4.930615 -0.27328822 0.0074016987 0.96188843 -0.0054287342
9977001.117537312 -0.39630753 -0.014445801 4.9462175 -0.27924955 0.007552799 0.96016985 -0.0060507674
10027027.117537312 -0.40771818 -0.015210601 4.9609017 -0.28532934 0.007398664 0.95837694 -0.006794693
10077031.117537312 -0.41996107 -0.015235851 4.976248 -0.291557 0.007139651 0.956501 -0.0070351902
10127041.117537312 -0.43280214 -0.015330843 4.989958 -0.29756585 0.006077974 0.9546569 -0.006921696
10177062.117537312 -0.44618353 -0.015079477 5.0045466 -0.3037321 0.0048554973 0.95272076 -0.006816791
10227067.117537312 -0.45806557 -0.014519695 5.0187645 -0.30997598 0.0038446032 0.9507126 -0.006755348
10277076.117537312 -0.4713162 -0.013976331 5.03388 -0.31618795 0.0036756438 0.9486622 -0.00719594
10327107.117537312 -0.4861852 -0.013951048 5.046801 -0.32185525 0.0028280758 0.946756 -0.007374066
10377114.117537312 -0.49937814 -0.01370194 5.0604997 -0.3281701 0.0025394275 0.94458276 -0.007836923
10427121.117537312 -0.5130875 -0.013656552 5.0745893 -0.33441812 0.0028412181 0.942384 -0.008298278
10477145.117537312 -0.5258363 -0.0135944355 5.087783 -0.34059685 0.0037483203 0.940158 -0.009098087
10527149.117537312 -0.5399295 -0.013023507 5.1022887 -0.34675533 0.005362202 0.9378892 -0.009792547
10577139.117537312 -0.55330443 -0.013459198 5.114856 -0.3528593 0.007110178 0.9355951 -0.010077221
10627151.117537312 -0.56771636 -0.0132511705 5.128078 -0.35914087 0.009084494 0.93318653 -0.0099155465
10677155.117537312 -0.58227056 -0.013046088 5.1414776 -0.3651399 0.01029553 0.9308424 -0.0099677835
10727093.117537312 -0.5952039 -0.0143677 5.1522903 -0.37090042 0.011011542 0.92854476 -0.01078495
10777119.117537312 -0.6103982 -0.014074696 5.1649375 -0.37657586 0.010294568 0.92627233 -0.010211395
10827123.117537312 -0.62556016 -0.0139951315 5.1765738 -0.38227955 0.009066516 0.9239594 -0.008898905
10877137.117537312 -0.6408337 -0.013540289 5.1882386 -0.38840574 0.008431678 0.9214197 -0.0074644596
10927135.117537312 -0.65566325 -0.014169699 5.199691 -0.39502677 0.007876727 0.91861033 -0.006854519
10977122.117537312 -0.67032444 -0.0143572 5.210226 -0.40165618 0.007805397 0.91573423 -0.0065022777
11027125.117537312 -0.6850908 -0.015220895 5.221121 -0.40796706 0.008587938 0.9129295 -0.007003202
11077111.117537312 -0.70045173 -0.01521855 5.232351 -0.41403142 0.009623257 0.91018265 -0.0072813104
11127098.117537312 -0.71680176 -0.014031015 5.2426515 -0.41953415 0.009855918 0.9076594 -0.00695232
11177111.117537312 -0.7328294 -0.014130419 5.2535825 -0.42554605 0.010487123 0.9048413 -0.007922374
11227103.117537312 -0.7486739 -0.01362801 5.2645693 -0.4316388 0.011272346 0.9019297 -0.009150896
11277097.117537312 -0.7641401 -0.013768302 5.2755723 -0.4379215 0.012012722 0.89886916 -0.010711837
11327111.117537312 -0.78126585 -0.013741453 5.285721 -0.44360146 0.012369054 0.89605945 -0.011928223
11377104.117537312 -0.79767597 -0.013514383 5.2961936 -0.44950816 0.012421241 0.8930928 -0.013168966
11427101.117537312 -0.8149498 -0.0136250025 5.305523 -0.4549636 0.011792522 0.89030814 -0.014849805
11477118.117537312 -0.831777 -0.013972454 5.314499 -0.46050012 0.010481996 0.8874409 -0.016687298
11527112.117537312 -0.8488969 -0.013742048 5.323304 -0.46617976 0.009032615 0.8844618 -0.017947672
11577121.117537312 -0.86574936 -0.01377105 5.331601 -0.47206208 0.0073224404 0.88133603 -0.018725215
11627106.117537312 -0.88459283 -0.01311022 5.339881 -0.47744033 0.005713848 0.8784459 -0.018732361
11677111.117537312 -0.90093243 -0.013068475 5.349859 -0.48387006 0.0050665853 0.874921 -0.018904397
11727061.117537312 -0.91918707 -0.013261266 5.357872 -0.48954752 0.005460424 0.87174517 -0.019336196
11777094.117537312 -0.936409 -0.012110248 5.366391 -0.49569425 0.004958917 0.86829054 -0.018283019
11827109.117537312 -0.9531145 -0.011791296 5.374902 -0.5015972 0.004895389 0.8649113 -0.017457403
11877119.117537312 -0.9709759 -0.011375751 5.382202 -0.5070436 0.005336417 0.8617359 -0.01702202
11927114.117537312 -0.9885274 -0.010918677 5.3901253 -0.5128398 0.0055717453 0.8583053 -0.016625023
11977131.117537312 -1.0064948 -0.010729857 5.397214 -0.5185066 0.0061092563 0.854885 -0.016892787
12027124.117537312 -1.0243137 -0.0104160085 5.403505 -0.52404886 0.0066125193 0.8514971 -0.016786164
12077121.117537312 -1.0418557 -0.010684498 5.4104795 -0.5298017 0.008115498 0.8479098 -0.017124947
12127115.117537312 -1.0586634 -0.011021949 5.415531 -0.53512955 0.009094456 0.84455675 -0.016662486
12177132.117537312 -1.0801587 -0.009603683 5.4256535 -0.5407834 0.010045483 0.8409454 -0.016225692
12227125.117537312 -1.098075 -0.009723462 5.431319 -0.54592013 0.010132691 0.8376221 -0.016055493
12277122.117537312 -1.1162463 -0.00943727 5.435916 -0.551005 0.010077392 0.83430296 -0.015181279
12327140.117537312 -1.134181 -0.009200245 5.440506 -0.55606693 0.009722264 0.8309593 -0.014200402
12377128.117537312 -1.1524899 -0.009431936 5.4454927 -0.56157243 0.009267071 0.8272665 -0.013443654
12427117.117537312 -1.1703165 -0.009519063 5.449845 -0.56694186 0.008736853 0.8236072 -0.013106474
12477123.117537312 -1.1877627 -0.010098517 5.453561 -0.5722019 0.007864145 0.81997406 -0.012872134
12527112.117537312 -1.2081137 -0.00900317 5.4612327 -0.577962 0.007429868 0.8159348 -0.012461985
12577102.117537312 -1.2259715 -0.009448636 5.4642663 -0.58269054 0.007672339 0.8125559 -0.0128736375
12627110.117537312 -1.2444913 -0.008999098 5.4673862 -0.5872009 0.007951708 0.80929554 -0.0131381415
12677097.117537312 -1.2627053 -0.009717997 5.470654 -0.5918133 0.007995262 0.8059154 -0.013912345
12727025.117537312 -1.2818553 -0.01053144 5.4746456 -0.5967172 0.008422594 0.8022722 -0.014730773
12777042.117537312 -1.3023772 -0.009479418 5.478787 -0.60126156 0.008635135 0.79887116 -0.014662096
12827041.117537312 -1.3201323 -0.01026725 5.4834223 -0.6063985 0.009510705 0.7949573 -0.015273882
12877047.117537312 -1.3429306 -0.009630151 5.4881287 -0.6110261 0.009917993 0.7913984 -0.015406996
12927039.117537312 -1.3628638 -0.0077291764 5.492755 -0.6157591 0.009923823 0.78772444 -0.015250766
12977032.117537312 -1.3826771 -0.0076668113 5.495494 -0.62016684 0.009815685 0.7842519 -0.01567751
13027045.117537312 -1.4036946 -0.007432759 5.498578 -0.62474215 0.009787686 0.78059584 -0.01648448
13077030.117537312 -1.4244759 -0.0071733 5.5009623 -0.6290924 0.00934246 0.7770882 -0.017012082
13127023.117537312 -1.4446139 -0.0069519654 5.5033827 -0.63364583 0.008784847 0.7733884 -0.016920172
13177011.117537312 -1.4648407 -0.007172115 5.50438 -0.6382995 0.0086024795 0.7695653 -0.016402567
13227019.117537312 -1.4855881 -0.006405242 5.505949 -0.6428473 0.008291565 0.7658065 -0.01479989
13277003.117537312 -1.5058217 -0.006630048 5.5070744 -0.6474034 0.008286119 0.76198316 -0.013487227
13327006.117537312 -1.5269246 -0.0061293095 5.508116 -0.65189314 0.008365004 0.75816983 -0.011996493
