941736.612 -0.0 -0.0 -0.0 -0.0 -0.0 1.0 -0.0
982166.223 -0.0 -0.0 -0.0 -0.0 -0.0 1.0 -0.0
1041737.663 -0.0 -0.0 -0.0 -0.0 -0.0 1.0 -0.0
1082167.024 0.00010199116 -0.00010318318 -0.001266284 -0.0005783257 -0.0007247257 0.9999973 0.0021177463
1141738.714 0.00010199116 -0.00010318318 -0.001266284 -0.0005783257 -0.0007247257 0.9999973 0.0021177463
1182249.0729999999 -5.6302906e-05 -0.0001501927 -0.0015300965 0.0004924262 0.00020848431 0.99999636 0.0026703763
1241739.765 -5.6302906e-05 -0.0001501927 -0.0015300965 0.0004924262 0.00020848431 0.99999636 0.0026703763
1282169.126 0.00012294567 -0.0004117033 -0.0028642043 0.0013630339 0.00073144067 0.9999972 0.0018390901
1341740.816 0.0007821125 -0.0006091343 -0.0022966887 0.0008839963 0.00088336685 0.99999624 0.0024667818
1382169.927 0.0007821125 -0.0006091343 -0.0022966887 0.0008839963 0.00088336685 0.99999624 0.0024667818
1441741.6169999999 0.0007821125 -0.0006091343 -0.0022966887 0.0008839963 0.00088336685 0.99999624 0.0024667818
1482170.7280000001 0.00094259024 -0.0013532294 -0.0032356647 0.00049452967 -9.948734e-05 0.99999106 0.0042200927
1541742.4179999998 0.00094259024 -0.0013532294 -0.0032356647 0.00049452967 -9.948734e-05 0.99999106 0.0042200927
1582171.5289999999 0.00094259024 -0.0013532294 -0.0032356647 0.00049452967 -9.948734e-05 0.99999106 0.0042200927
1641743.219 0.00094259024 -0.0013532294 -0.0032356647 0.00049452967 -9.948734e-05 0.99999106 0.0042200927
1682172.33 0.0011869054 -0.0023195066 -0.0031558569 -0.0002832169 -0.00039286347 0.9999856 0.0053470363
1741744.0199999998 0.0011869054 -0.0023195066 -0.0031558569 -0.0002832169 -0.00039286347 0.9999856 0.0053470363
1782173.6309999998 0.0011120982 -0.0030795229 -0.003561392 -0.0011469733 0.00025972186 0.9999751 0.006972685
1841745.071 0.0011594761 -0.0036448762 -0.0035273274 -0.0021096955 0.00039345634 0.99997056 0.0073757884
1882174.432 0.0009947842 -0.0038853064 -0.0036325876 -0.0024031415 0.000244207 0.99996835 0.0075822067
1941746.122 0.0010493388 -0.0040175756 -0.0034100297 -0.0027348225 0.0002579999 0.9999686 0.0074397437
1982175.233 0.0010562834 -0.004142736 -0.00345083 -0.0029336815 1.8506149e-05 0.99996966 0.0072213113
2041746.9230000002 0.0008497931 -0.004086841 -0.0021531435 -0.0024505903 0.0005686887 0.9999754 0.0065628886
2083991.7439999997 0.00086951983 -0.004033629 -0.0025316062 -0.0026091246 0.0007144662 0.9999778 0.0060901693
2133207.161 0.0013445264 -0.0044186735 -0.0022579166 -0.003024186 0.0002627195 0.9999817 0.0052492586
2183192.062 0.0007769668 -0.0044752853 -0.0021881568 -0.0024737264 -0.0013747511 0.99998206 0.0052772816
2233818.699 0.00038201976 -0.0039005072 -0.0020637685 -0.0024992267 -0.0023100462 0.99997973 0.005390178
2284842.327 9.252893e-05 -0.0038630685 -0.001744147 -0.0022592274 -0.002449458 0.9999818 0.005020456
2335055.7229999998 0.0002539997 -0.003567609 -0.0012602617 -0.0016381931 -0.0018404298 0.9999812 0.0056157317
2384320.389 0.0004002907 -0.0032612598 -0.00079140393 -0.0013897781 -0.0010139414 0.9999797 0.0061525796
2433741.803 0.00062283204 -0.0035953873 -0.00063292217 -0.0014807465 -0.00027562454 0.99997854 0.0063835154
2483520.208 0.0006737605 -0.0038547525 -0.00059038587 -0.0012872962 -0.00040223714 0.9999758 0.0068288827
2533679.355 0.0008283637 -0.0039433385 -9.9893645e-05 -0.0015354061 -0.00061599346 0.99996907 0.007689511
2584107.2460000003 0.001064008 -0.0040505435 -0.00031125417 -0.0026570426 -0.0014151502 0.99996364 0.00797506
2634369.8910000003 0.0010253659 -0.004388732 -0.00074107473 -0.0032544606 -0.002472408 0.99995995 0.007967327
2684259.294 0.0007690034 -0.0044905986 -0.0005889921 -0.0032150198 -0.0026353765 0.9999649 0.0072790133
2733958.4510000004 0.0008053288 -0.004708498 -0.001002467 -0.0034361295 -0.0026115498 0.9999736 0.005850154
2783752.856 0.0009075169 -0.005398658 -0.00059474766 -0.0035024702 -0.0027217774 0.9999838 0.003594809
2833761.256 0.00059266016 -0.00468268 -0.00060005835 -0.003631182 -0.0028337047 0.9999818 0.0038868468
2883943.653 -0.00023325952 -0.004408519 -0.00035074833 -0.0030168926 -0.0036463088 0.9999833 0.0033340384
2934134.549 0.00014584059 -0.0041447114 -0.00032956054 -0.003059084 -0.004301669 0.99998224 0.002767899
2984150.949 -0.00024314686 -0.00396854 -0.00026714575 -0.002527815 -0.004634126 0.9999835 0.0022833
3034016.602 0.00092545256 -0.0042489534 0.0002648971 -0.003483363 -0.0043824525 0.99998355 0.001319296
3083866.506 0.0002961894 -0.00404959 0.000313649 -0.002541159 -0.004746086 0.99998504 0.0009982573
3133826.908 0.0005555602 -0.0033638643 0.0005932549 -0.0029308635 -0.0046134368 0.99998343 0.001829832
3183898.807 0.00029058603 -0.0018957367 0.0007194807 -0.0026110695 -0.005139273 0.9999757 0.0039304574
3234018.454 -0.00015911512 -0.0023413224 0.00045411824 -0.0024236252 -0.0055049225 0.9999738 0.0040372848
3284074.604 -0.0005821755 -0.0022086138 0.0008438461 -0.0021100033 -0.0058503444 0.9999702 0.004583378
3334027.255 -0.0007404016 -0.002205603 0.001570225 -0.001900377 -0.0057752687 0.99996865 0.005080906
3383940.908 -0.0007370988 -0.002594985 0.00148736 -0.0015681576 -0.005829454 0.99997145 0.0045511946
3433901.3090000004 -0.0008826542 -0.0026277422 0.0014315418 -0.0011852377 -0.005998951 0.9999715 0.0044375
3483925.709 -0.00044442416 -0.0023603784 0.0016443018 -0.0013049465 -0.005748295 0.99997145 0.004747992
3534051.6070000003 -0.0003787013 -0.0023563358 0.0016647003 -0.00088007364 -0.0058726906 0.99996907 0.005164459
3584022.008 -0.00015363611 -0.0030159687 0.0020644395 -0.0014667249 -0.0055623096 0.9999739 0.004386972
3634014.408 -0.00017497114 -0.0031368711 0.0014335264 -0.0012777346 -0.005294189 0.9999782 0.0037512493
3683967.31 6.914049e-05 -0.002815083 0.0015021318 -0.0015510794 -0.0053960695 0.9999765 0.003944995
3733936.2109999997 1.9554327e-05 -0.0027845555 0.001715111 -0.00084397517 -0.0048620845 0.999981 0.0037051565
3783936.8619999997 0.00035852264 -0.0025469624 0.001775351 -0.0012133959 -0.0050688353 0.99997705 0.004337876
3833961.762 0.00048629811 -0.0022670801 0.0025725125 -0.0013148083 -0.0056560636 0.9999738 0.004335117
3883993.161 0.00019327899 -0.002312787 0.0016748 -0.0010534346 -0.0055466522 0.99997485 0.004299835
3934001.562 0.00055295404 -0.0020273034 0.0026539373 -0.0010552171 -0.005429087 0.9999719 0.005068124
3983977.963 0.00068729813 -0.0019437537 0.0028851745 -0.0014980668 -0.005488025 0.9999692 0.005413672
4033946.8639999996 0.00054488884 -0.0018335386 0.0032066735 -0.0024045971 -0.0060062925 0.9999621 0.005833078
4083939.2640000004 0.00045246113 -0.001957106 0.0029716024 -0.0030720818 -0.0068986593 0.99995583 0.0056131165
4133963.164 0.00012697394 -0.0015197493 0.0027623735 -0.0033558381 -0.0071442644 0.9999504 0.006072243
4183995.8140000002 8.0602025e-05 -0.0017044651 0.002641833 -0.0033538134 -0.0068984916 0.99995184 0.0061353687
4234004.215000001 -0.0006414328 -0.0016428182 0.002858393 -0.0030800812 -0.006874728 0.9999497 0.006628683
4283996.615 -0.000956672 -0.0016544728 0.0033189794 -0.002949093 -0.0069110524 0.999947 0.0070483363
4333973.016 -0.00073131744 -0.002069488 0.0029641935 -0.0032930647 -0.0069705197 0.9999451 0.0071023996
4383957.417 -0.0013386637 -0.0021334293 0.0033288153 -0.0031236177 -0.006819683 0.9999426 0.0076501654
4433966.067 -0.0014017057 -0.00264594 0.002894653 -0.0028649413 -0.006262989 0.9999465 0.0077262647
4483990.467 -0.0014375894 -0.0026868067 0.00301932 -0.0027566857 -0.00635109 0.99994063 0.008418133
4533998.868 -0.0014163064 -0.002990779 0.00296587 -0.0023872794 -0.005877882 0.99994093 0.00883044
4583999.517999999 -0.0009843626 -0.003601509 0.0032203577 -0.0022227657 -0.0053690737 0.99994683 0.00851603
4633991.919000001 -0.00086478563 -0.0036083413 0.0033594503 -0.001375515 -0.0048311334 0.9999516 0.008461206
4684002.069 -0.0005947905 -0.0036200015 0.0033921457 -0.00074232975 -0.0048250547 0.9999521 0.008489214
4733985.22 -0.00040774434 -0.0040016063 0.003675883 -0.0006678098 -0.004410975 0.9999551 0.008359644
4783985.62 9.715383e-05 -0.0038468658 0.0033282 -0.0011427933 -0.005055988 0.9999546 0.008000761
4833986.021 0.00047732668 -0.0039398368 0.0036686033 -0.0008096365 -0.004641491 0.99995804 0.007867189
4883994.671 0.0009396311 -0.0041682394 0.0036865764 -0.000588218 -0.004284516 0.999964 0.0073064673
4933994.822 0.0011328869 -0.004015328 0.0038743145 -0.00030032374 -0.0038735115 0.99996775 0.007036081
4984018.472 0.0013852887 -0.0038082832 0.0042766714 4.264357e-05 -0.0035509898 0.99996775 0.0072125113
5033979.873 0.0016616351 -0.003894831 0.0042630276 -0.0004987807 -0.0038803911 0.99996436 0.0074889227
5083972.273999999 0.0016306387 -0.003997695 0.00449029 -0.00091773545 -0.004334422 0.9999615 0.007574101
5133972.674 0.0017084967 -0.0038551136 0.0043185526 -0.0014489497 -0.004903415 0.99995583 0.007894827
5183981.074 0.0017712943 -0.003959064 0.0041736574 -0.0019996038 -0.005220609 0.9999545 0.007730066
5233997.475 0.0014883445 -0.0035917137 0.0041953125 -0.001964289 -0.0046901987 0.9999556 0.007944426
5283997.875 0.0018384153 -0.0038725506 0.004065775 -0.0015860931 -0.0044956547 0.9999598 0.007602561
5333990.526 0.0020211414 -0.003679557 0.0040787505 -0.0015242378 -0.0043436605 0.9999608 0.007575639
5383982.926 0.0019844365 -0.004108138 0.004207622 -0.0017933085 -0.0044748057 0.99996305 0.0071219443
5433975.327 0.0020052926 -0.0035690607 0.0040036812 -0.0023341437 -0.0043364544 0.9999578 0.0077585755
5483983.727 0.0015871085 -0.003238373 0.0043992875 -0.0019448859 -0.0047671506 0.9999517 0.008380699
5533992.1280000005 0.0015828016 -0.0037084497 0.0038694886 -0.0020513444 -0.0049831034 0.99995255 0.0081231035
5584008.528 0.0014302176 -0.0039026232 0.004268227 -0.0018659023 -0.004460193 0.99995357 0.00833806
5634009.178 0.0015987185 -0.0039287307 0.004538906 -0.0015367636 -0.003982068 0.999953 0.008713051
5684001.829 0.0017249909 -0.0041373926 0.0045113973 -0.0008180486 -0.0037504432 0.9999552 0.0086538475
5733986.23 0.002121171 -0.0045320936 0.004506742 -0.00043717644 -0.003592807 0.99996096 0.008070031
5783986.63 0.0024264755 -0.004670864 0.004579494 -2.2523145e-05 -0.003662119 0.9999622 0.007895646
5833987.031 0.0026002578 -0.005060515 0.0044403262 0.0002416783 -0.0034661442 0.99996567 0.007528282
5884056.43 0.002591235 -0.00464005 0.004434704 0.00081859116 -0.0027380637 0.99996513 0.007850142
5934004.081 0.0023688402 -0.005012183 0.004248954 0.0015900609 -0.0035900087 0.9999639 0.0075396914
5983996.732 0.0031836906 -0.004671637 0.0042130067 0.0009940743 -0.003450129 0.99995655 0.008603778
6033981.133 0.0030255618 -0.004533391 0.0048506805 0.0011313063 -0.003859639 0.99995077 0.009079664
6083973.533 0.003450508 -0.0049030785 0.0047864984 0.0010824429 -0.0045587085 0.99994504 0.009385402
6133989.934 0.0028783258 -0.005445058 0.005114077 0.0015359706 -0.0053606085 0.99994266 0.009147814
6183998.584 0.002771162 -0.005569961 0.0037163852 0.0015393654 -0.00490193 0.99995035 0.008542554
6234006.984 0.0035838718 -0.0050028893 0.0042385217 0.0010413369 -0.005014653 0.99994576 0.009075632
6284007.385 0.0037170025 -0.004992439 0.0042663016 0.0013658354 -0.004622786 0.9999534 0.008374669
6333991.785 0.0041419016 -0.0050769444 0.004050022 0.0013608427 -0.0047095786 0.9999623 0.0071707736
6383983.936 0.004744001 -0.004868694 0.0036877498 0.00080997014 -0.005152829 0.9999618 0.0070238514
6433984.587 0.00468617 -0.0044793678 0.0038877393 0.000887684 -0.00566507 0.99996054 0.0067917975
6483984.987 0.0053150677 -0.0038959486 0.004596887 0.0010322512 -0.0059314435 0.99996066 0.006520493
6533993.386999999 0.005370111 -0.0025970824 0.0045821923 0.0013134072 -0.0065779774 0.9999557 0.0066115423
6583986.038 0.0057387473 -0.0013818435 0.0044965167 0.001818487 -0.0078069316 0.99994636 0.006562675
6633970.939 0.006310861 -5.0238647e-05 0.0049781804 0.0033973558 -0.009829168 0.9999274 0.006086118
6683963.34 0.0064342516 0.0012993712 0.0053991955 0.0036650298 -0.011396906 0.9999157 0.0050398647
6733963.74 0.0068628704 0.0024562879 0.0053427694 0.003335935 -0.012375675 0.9999059 0.004905737
6783956.141 0.00786717 0.003311495 0.0055351113 0.0047029005 -0.012725337 0.9998944 0.0052205333
6833948.791 0.008860612 0.0038524952 0.00573759 0.00628101 -0.012298627 0.9998879 0.005789316
6883949.192 0.010493015 0.004065436 0.0055364585 0.0069203544 -0.012031826 0.9998828 0.0064567486
6933941.592 0.0109683545 0.0033367116 0.0040128403 0.007957568 -0.01264344 0.99986 0.0075451974
6983934.243 0.013461021 0.003038201 0.004056054 0.008970121 -0.01344654 0.99983037 0.008831861
7033948.143 0.01643946 0.0026485017 0.004340645 0.009921056 -0.012978158 0.99981713 0.009938823
7083935.294 0.019201232 0.0023329235 0.0046650185 0.010048443 -0.01187854 0.9998246 0.0104295155
7133935.945 0.02219647 0.0017705745 0.0048122224 0.0091954 -0.00945355 0.99986917 0.009367873
7183920.345 0.025045713 0.0017086607 0.005125724 0.008541112 -0.007342483 0.99990296 0.008203824
7233905.245999999 0.028049666 0.0019493897 0.005391813 0.0067850747 -0.0060175164 0.9999267 0.008020642
7283897.647 0.030624429 0.0019723878 0.005415036 0.0043709516 -0.0054280874 0.99994195 0.008220529
7333897.797 0.032961063 0.0020448132 0.0054456033 7.7500794e-05 -0.005576836 0.9999409 0.009337352
7383930.197000001 0.03668357 0.002110279 0.0050640926 -0.0041421726 -0.006448389 0.9998941 0.012372419
7433907.097999999 0.04055533 0.0018623647 0.00450553 -0.009325823 -0.0077725057 0.9998138 0.01500106
7483915.498 0.044049222 0.0021841233 0.003785443 -0.014462357 -0.010972411 0.999706 0.01607519
7533931.399 0.048129838 0.0025935993 0.0034069296 -0.018204385 -0.013715554 0.99962646 0.015082921
7583939.799000001 0.052583404 0.003306529 0.0031771963 -0.01921491 -0.014502347 0.99960774 0.014313595
7633940.199 0.057307202 0.0040530246 0.0029508474 -0.02022002 -0.013754694 0.9996125 0.013297754
7683932.600000001 0.061233234 0.00458441 0.0030347207 -0.02219932 -0.01258006 0.99961096 0.011266643
7733901.751 0.06425371 0.0053515555 0.0031452389 -0.024585722 -0.012396605 0.9995641 0.01065533
7783870.152000001 0.068541415 0.0061133998 0.00301097 -0.025983412 -0.013100065 0.99951917 0.010713261
7833855.052999999 0.073348574 0.0069334446 0.0028592516 -0.027211936 -0.013665073 0.99947625 0.010954573
7883855.454 0.07809991 0.0072503346 0.0027027423 -0.02770223 -0.0138673205 0.99945295 0.011582475
7933871.353999999 0.08260426 0.007886368 0.0028786159 -0.028669456 -0.013716639 0.99941885 0.012326412
7983872.004 0.08747468 0.008568206 0.0029340591 -0.031446688 -0.013981758 0.99933374 0.012153999
8033856.904999999 0.09275739 0.009253215 0.0028814687 -0.032744873 -0.014940398 0.99928343 0.011715609
8083833.556000001 0.09850388 0.009756868 0.0028370474 -0.032631874 -0.01502755 0.99928653 0.0116522275
8133817.957 0.1041118 0.010176157 0.0029760888 -0.03146744 -0.014629932 0.99932665 0.011918174
8183818.358000001 0.1095116 0.010513263 0.0030796977 -0.032882765 -0.012890812 0.9992878 0.013284457
8233872.257 0.11484505 0.010614387 0.0032103448 -0.03513813 -0.010399638 0.9992165 0.014955648
8283812.159000001 0.120260336 0.011036918 0.003295575 -0.039050307 -0.009642229 0.99905235 0.016629064
8333812.559 0.12551981 0.011211484 0.003130079 -0.04259206 -0.011443019 0.99886864 0.017791295
8383812.960000001 0.13106738 0.011507717 0.0028296893 -0.04587235 -0.013228674 0.99866277 0.019836826
8433820.86 0.13708973 0.0114760185 0.0025158087 -0.048302557 -0.013899161 0.9984844 0.022420852
8483821.51 0.14288604 0.011207148 0.0020506668 -0.050153792 -0.013489994 0.99836767 0.023764614
8533814.161 0.1490731 0.011167755 0.0020128542 -0.051537026 -0.014176949 0.99829423 0.023485301
8583814.561999999 0.15528518 0.01140486 0.0021978202 -0.050148513 -0.0150614595 0.99837047 0.022685451
8633807.212 0.16138825 0.011807213 0.0024967466 -0.048836946 -0.014676207 0.99846804 0.021473842
8683799.613 0.16735838 0.012171802 0.0029326044 -0.047529697 -0.0137587115 0.99855167 0.02112343
8733775.764 0.17341904 0.0126318885 0.003374079 -0.04606821 -0.013423512 0.9986068 0.021953914
8783752.915 0.17938763 0.012807024 0.0039652227 -0.044419702 -0.01379638 0.9986496 0.02314452
8833729.316 0.18502717 0.012919337 0.0046601435 -0.04377923 -0.014176786 0.9986321 0.024830617
8883729.716 0.19062375 0.013127347 0.005429628 -0.04439479 -0.01397397 0.9985553 0.026854904
8933738.367 0.19622387 0.013390158 0.0063509047 -0.044693053 -0.013864598 0.99850506 0.02824974
8983746.767 0.20176816 0.0135629345 0.007329059 -0.043581422 -0.013898479 0.99852526 0.029236719
9033747.167 0.20698935 0.01401712 0.008448171 -0.04285761 -0.013469091 0.99854153 0.029944565
9083731.568 0.21200927 0.014435902 0.009309769 -0.04422645 -0.0129882395 0.99849176 0.029826308
9133715.969 0.21672794 0.015079166 0.00994175 -0.046003334 -0.014616617 0.9983707 0.030430457
9183716.62 0.22124024 0.015875146 0.010291743 -0.048026234 -0.017179366 0.9981752 0.03232154
9233725.02 0.22549903 0.016514419 0.010492425 -0.0502106 -0.019072156 0.99798036 0.033916775
9283725.42 0.22984244 0.017216342 0.010510194 -0.053263683 -0.018998347 0.99778706 0.03497257
9333726.071 0.2337996 0.018074377 0.010475146 -0.05614071 -0.018542873 0.9976153 0.035612226
9383735.971 0.23728414 0.018615238 0.010370767 -0.058505576 -0.018851932 0.9974775 0.035502262
9433727.372000001 0.24109097 0.019508578 0.010151099 -0.063443996 -0.019861734 0.9971172 0.036574997
9483719.772 0.24436274 0.020128293 0.00977387 -0.06786522 -0.021373553 0.99674237 0.03797707
9533720.173 0.24728452 0.020797208 0.009325054 -0.071652085 -0.023922388 0.9963774 0.039062157
9583728.572999999 0.24999242 0.021823201 0.008851964 -0.0750882 -0.027022503 0.9960104 0.03993655
9633737.224 0.25248763 0.022381261 0.008447424 -0.077844515 -0.028780706 0.9957662 0.039517634
9683737.124 0.25507176 0.023092743 0.008168437 -0.080781735 -0.029591251 0.9955017 0.03968703
9733721.775 0.25737032 0.023283157 0.007964243 -0.08231138 -0.030026918 0.9953793 0.039283533
9783706.676 0.25981745 0.023784932 0.0076097124 -0.08574376 -0.030625163 0.9950234 0.04047818
9833737.826000001 0.26198378 0.023658706 0.00700102 -0.08866442 -0.03095911 0.9947234 0.041299593
9883715.727 0.26416218 0.023478853 0.0066174674 -0.08975206 -0.031669836 0.99454105 0.042776123
9933731.377 0.26690882 0.022778993 0.0061677736 -0.089935094 -0.032544207 0.99444723 0.04390191
9983740.027 0.26948833 0.022046125 0.0060236743 -0.09040667 -0.033053897 0.9943487 0.04477395
10033740.427000001 0.27212715 0.021775179 0.0062218253 -0.09083494 -0.0335077 0.99429005 0.04487434
10083733.078 0.2743734 0.02145577 0.0064760423 -0.0906377 -0.03437862 0.9943414 0.043454703
10133725.479 0.2764406 0.02144854 0.006840267 -0.090458125 -0.035398558 0.9944158 0.04124923
10183733.879 0.27828294 0.021768257 0.0070082024 -0.08993364 -0.035934374 0.9945108 0.039609447
10233734.280000001 0.28038147 0.022258133 0.007147804 -0.08877253 -0.035849262 0.99464005 0.03905618
10283719.18 0.2826286 0.022550365 0.007167057 -0.087508 -0.03525793 0.99475133 0.039612535
10333704.081 0.2848719 0.02283664 0.007070004 -0.08687848 -0.0340196 0.99483377 0.040007614
10383688.231999999 0.28729618 0.022942064 0.006755002 -0.08550325 -0.032712746 0.9949934 0.04009071
10433696.632000001 0.29011977 0.023153437 0.0067334943 -0.082755856 -0.031753097 0.9952501 0.04025481
10483705.283 0.292854 0.023456816 0.006695637 -0.07971786 -0.030587828 0.99557954 0.039125316
10533713.682999998 0.29513112 0.023994744 0.0069566807 -0.07790474 -0.029455215 0.9958502 0.03668302
10583744.332999999 0.29692295 0.0245022 0.0070870584 -0.07581417 -0.028448615 0.996142 0.033822495
10633667.235 0.29890952 0.025056103 0.00712001 -0.07330015 -0.027402464 0.9964005 0.032595385
10683627.636 0.30085975 0.025033697 0.0069858283 -0.07098216 -0.026302222 0.99659973 0.03253899
10733620.287 0.30254963 0.024790097 0.007060079 -0.069848225 -0.026099699 0.996655 0.033449534
10783636.687 0.30393204 0.024365712 0.0068444354 -0.06958206 -0.025979556 0.99664664 0.034336142
10833652.837 0.30534875 0.024198238 0.006875416 -0.06911041 -0.025967963 0.99665314 0.03509935
10883661.238 0.30648556 0.024005545 0.006760622 -0.067902 -0.025909618 0.9967469 0.034836292
10933661.888 0.30733007 0.02377311 0.0067585744 -0.067550816 -0.025782175 0.9968237 0.033386115
10983646.289 0.3075057 0.023568975 0.006211124 -0.06807477 -0.025949111 0.9968211 0.032252245
11033630.69 0.30735648 0.022564355 0.005931005 -0.06836056 -0.026424015 0.99679685 0.032013014
11083623.34 0.30702716 0.02192452 0.005534575 -0.06898768 -0.026789011 0.9966946 0.033511158
11133631.740999999 0.30634207 0.021122865 0.0049223583 -0.06944438 -0.02757339 0.99658287 0.035209812
11183648.140999999 0.30574927 0.020397106 0.004912868 -0.071532376 -0.028605983 0.99633664 0.03712297
11233672.541 0.3047719 0.019518755 0.0049192365 -0.07300438 -0.028833153 0.99616814 0.038576156
11283688.691000002 0.30369598 0.018620245 0.005007473 -0.07308081 -0.02861076 0.9961333 0.039486665
11333689.091 0.30300218 0.017977871 0.005483106 -0.07279232 -0.027478412 0.99616766 0.039953753
11383697.492 0.3022526 0.017403314 0.005877946 -0.07195184 -0.026996052 0.99622935 0.04026544
11433705.891999999 0.3018048 0.017340528 0.006594738 -0.071343705 -0.026363613 0.9962862 0.040360335
11483714.292 0.30187774 0.017684836 0.007129466 -0.07051595 -0.026210053 0.9963797 0.03959892
11533714.693 0.30116013 0.018098952 0.007885425 -0.06900415 -0.02691065 0.9965184 0.038281854
11583715.092999998 0.3001124 0.018607592 0.00865381 -0.067400046 -0.027702698 0.99665546 0.03698191
11633699.744 0.29908764 0.019126257 0.009346184 -0.06649446 -0.029657746 0.99668974 0.03617251
11683692.145 0.29760996 0.019340439 0.009812965 -0.06575379 -0.031201694 0.9967237 0.035282306
11733691.045 0.2961207 0.019904327 0.010468935 -0.06336339 -0.031558216 0.99689335 0.03453849
11783685.446 0.29417747 0.019887878 0.010730679 -0.06267144 -0.031973224 0.99697405 0.03305811
11833694.095999999 0.2915557 0.019924989 0.010891435 -0.06272408 -0.032550618 0.9970017 0.03152518
11883702.496000001 0.2884481 0.019870013 0.011012577 -0.062462546 -0.033974826 0.9969788 0.03126474
11933694.897 0.28490072 0.019520601 0.011056842 -0.062037088 -0.034790747 0.9969478 0.03218918
11983695.298 0.2812019 0.018903183 0.011049829 -0.06261706 -0.034057356 0.9969015 0.033267923
12033695.448 0.27722514 0.01852548 0.01134542 -0.06246127 -0.033181313 0.996898 0.034527563
12083719.848 0.27353916 0.018012727 0.0115743205 -0.061790515 -0.032487847 0.99695086 0.034863383
12133743.748 0.26978207 0.017757295 0.011933905 -0.060741313 -0.032176815 0.9970511 0.034121368
12183756.398 0.26608643 0.017279338 0.0123741245 -0.059425943 -0.032460444 0.99718565 0.03218105
12233753.048999999 0.26219767 0.017326288 0.012877062 -0.058780704 -0.033038564 0.99724007 0.031074049
12283745.199 0.2584271 0.017153341 0.013259307 -0.058405187 -0.033796877 0.99725264 0.0305573
12333738.1 0.25443655 0.016881606 0.013644941 -0.058102064 -0.03470603 0.9972473 0.030292308
12383746.0 0.2504001 0.016685756 0.014234192 -0.05792044 -0.035564497 0.9972444 0.029733716
12433762.650999999 0.2457744 0.016565667 0.014669333 -0.05789447 -0.036500502 0.9972373 0.028876131
12483779.050999999 0.24112755 0.016511964 0.015090515 -0.05844341 -0.03737186 0.9972016 0.027868882
12533787.451 0.23594104 0.01632735 0.01536249 -0.059051078 -0.0384116 0.9971458 0.027165866
12583796.101 0.23056553 0.016262667 0.015378834 -0.06069831 -0.0390865 0.997022 0.027116984
12633796.502 0.22512825 0.015941545 0.015479702 -0.061890557 -0.039339423 0.9969318 0.027370311
12683796.902 0.21966785 0.015595913 0.015586456 -0.0630359 -0.03963318 0.99683976 0.027680451
12733804.803000001 0.21444947 0.0154235475 0.015882261 -0.06344059 -0.03967882 0.99681884 0.027443651
12783813.453 0.20927615 0.015103592 0.016320122 -0.06232498 -0.03929529 0.9969333 0.0263738
12833829.853 0.2038946 0.01481751 0.01702823 -0.06152626 -0.038205996 0.9970769 0.024339255
12883846.503 0.19832727 0.01454756 0.017628344 -0.060891476 -0.037205774 0.9972041 0.022180932
12933879.153 0.19245973 0.014545591 0.018247655 -0.060522564 -0.03689589 0.9972713 0.02063188
12983839.304000001 0.18628979 0.014367136 0.018637087 -0.060858708 -0.03662908 0.9972908 0.019125454
13033839.955 0.18009235 0.014277065 0.018902319 -0.061704542 -0.036563285 0.99725485 0.018397404
13083864.105 0.17352292 0.013924346 0.018998122 -0.06278553 -0.036046524 0.9972201 0.017624464
13133880.504999999 0.16700949 0.013829506 0.019043764 -0.06386191 -0.03567105 0.9971656 0.017606916
13183896.405 0.1607567 0.013427535 0.019297494 -0.06368426 -0.03502955 0.99721867 0.016499415
13233913.055 0.15469944 0.013514412 0.019730747 -0.06309624 -0.03420894 0.9973056 0.015172552
13283929.705 0.14862925 0.013643837 0.020313742 -0.062873125 -0.033321783 0.9973732 0.013538443
13333929.606 0.1428788 0.013793417 0.020912692 -0.062544346 -0.032864872 0.9974273 0.012122735
13383930.256 0.13734 0.014083699 0.021656899 -0.061101615 -0.032980237 0.99751544 0.011906688
13433930.407000002 0.13201025 0.014213671 0.022313256 -0.06015186 -0.032650728 0.99758667 0.011686872
13483938.807 0.1271525 0.014346119 0.022852775 -0.05811278 -0.0317336 0.9977336 0.0119859055
13533955.207 0.12258907 0.01427508 0.023623584 -0.055814423 -0.030135375 0.99791336 0.012063639
13583971.606999999 0.118106514 0.014300791 0.024521865 -0.053784832 -0.02807964 0.9980868 0.011897653
13633979.758 0.11381427 0.014368775 0.025612405 -0.051792897 -0.02669871 0.9982395 0.011074145
13683988.158 0.10950038 0.014444466 0.026679989 -0.049446847 -0.025892025 0.998387 0.0103954235
13733988.808 0.10545423 0.014622079 0.027681569 -0.04703582 -0.026047332 0.99849564 0.010759988
13783989.209 0.10133083 0.014477832 0.028526943 -0.04468534 -0.026051836 0.99859875 0.011181601
13833997.609 0.0976046 0.014467364 0.029249739 -0.042988893 -0.025852673 0.9986665 0.012200963
13884014.009 0.09355051 0.014352202 0.029756209 -0.040880725 -0.02579928 0.99875176 0.012577076
13934030.409 0.08957836 0.014344127 0.03023296 -0.038886312 -0.025594603 0.9988327 0.0128893545
13984038.81 0.08568277 0.014346228 0.03081113 -0.036883336 -0.024264162 0.998942 0.012872096
14034039.459999999 0.08175788 0.01427089 0.031373743 -0.035054035 -0.022668522 0.9990584 0.011818759
14084036.361 0.07798316 0.0143722985 0.03193019 -0.03294458 -0.0217129 0.99916524 0.010587711
14134040.511 0.07420793 0.014709939 0.032409124 -0.030478321 -0.021289663 0.9992577 0.010100707
14184056.661 0.07041369 0.014906139 0.03289652 -0.0286723 -0.020506801 0.99932986 0.009862123
14234065.061999999 0.066693395 0.015127932 0.03334185 -0.027153518 -0.019995445 0.9993883 0.009276646
14284065.712 0.06309384 0.015479923 0.03385308 -0.025468677 -0.020318037 0.9994294 0.008914403
14334065.863 0.05967131 0.015736632 0.03412149 -0.023535898 -0.020775631 0.999467 0.00895519
14384092.513 0.056314867 0.015448989 0.034362447 -0.021898374 -0.020650879 0.99950635 0.009000813
14434074.662999999 0.05302559 0.015172432 0.034265824 -0.019938774 -0.020741928 0.9995376 0.009841275
14484091.064 0.049764007 0.014881019 0.034400966 -0.017509472 -0.021129113 0.9995687 0.010463207
14534115.214 0.0465507 0.014716248 0.034312017 -0.016073152 -0.020726372 0.9996012 0.010466925
14584123.864 0.042926688 0.014757529 0.03410985 -0.015118728 -0.020660348 0.99961716 0.010498775
14634124.014 0.0392715 0.014695135 0.033753134 -0.014417593 -0.020600636 0.99962604 0.010750839
14684116.415000001 0.035440523 0.014929604 0.033501837 -0.014458912 -0.020683395 0.99962014 0.011080085
14734116.815000001 0.03153431 0.014855752 0.033027355 -0.014645449 -0.020521907 0.9996271 0.010494315
14784141.215 0.027998406 0.015003837 0.032637477 -0.014945914 -0.019293394 0.99964803 0.0104022
14834165.365 0.024983078 0.01503072 0.03213219 -0.015308459 -0.017364545 0.9996736 0.010811219
14884189.764999999 0.022196764 0.015123954 0.031761713 -0.015613668 -0.016844045 0.99966854 0.011638904
14934198.166000001 0.019402571 0.015412563 0.031471916 -0.016361037 -0.018009245 0.99962175 0.012821274
14984182.566 0.01684812 0.015557 0.031205462 -0.017145893 -0.02043368 0.9995516 0.013607742
15034183.217 0.014649096 0.015687305 0.03111151 -0.01776638 -0.022418857 0.9994929 0.01399199
15084207.616999999 0.012328647 0.015741736 0.030824127 -0.018120825 -0.023201585 0.99947125 0.0138065135
15134231.517 0.010896899 0.015745465 0.030584132 -0.017779976 -0.022596972 0.9994936 0.01363671
15184256.167 0.009410447 0.015611397 0.030357264 -0.017557403 -0.022611506 0.9994967 0.013670261
15234248.567 0.0079637645 0.015272699 0.03021918 -0.01688076 -0.023362676 0.99948686 0.013975005
15284277.716999998 0.0063401293 0.014972132 0.030086381 -0.017461663 -0.023837356 0.99945766 0.014536958
15334233.868999999 0.0047251713 0.014796598 0.029819366 -0.017998084 -0.024316823 0.99942994 0.014985464
15384250.269 0.00325131 0.014512936 0.02975183 -0.017235281 -0.024214284 0.99945134 0.014616758
15434274.669 0.0020907675 0.014530826 0.02957477 -0.01686933 -0.02297054 0.99948955 0.014439821
15484290.819 0.0010239247 0.014199426 0.029272927 -0.017120846 -0.021009259 0.999538 0.013758794
15534290.72 -7.1609305e-05 0.014165729 0.0289092 -0.017068 -0.019663783 0.9995597 0.014232215
15584283.12 -0.0008706767 0.014180141 0.028546639 -0.017334945 -0.01907122 0.9995582 0.014807987
15634276.271 -0.0011968967 0.014681941 0.028410219 -0.018082848 -0.018529972 0.99954575 0.015424454
15684276.671 -0.0013479699 0.01554553 0.027874326 -0.01845998 -0.018807579 0.9995396 0.01503737
15734292.571 -0.0013929782 0.015960068 0.027572429 -0.018389815 -0.019454481 0.99954677 0.013770838
15784300.972 -0.0004502946 0.01659204 0.027198443 -0.018395735 -0.02029868 0.99953556 0.013351739
15834293.622 -1.2028665e-05 0.016946407 0.0267449 -0.016952667 -0.0212009 0.9995373 0.0137241315
15884270.523 0.0011670331 0.0162872 0.026327616 -0.017119154 -0.021015557 0.9995295 0.01435956
15934238.924999999 0.0021190315 0.01547894 0.025617288 -0.018153546 -0.020432234 0.99951226 0.01510943
15984231.575 0.0027873677 0.014503345 0.02477124 -0.019637408 -0.020330543 0.9994782 0.015629346
16034247.975 0.0037677966 0.014062178 0.024266925 -0.02100978 -0.019645201 0.99944335 0.016903663
16084272.374999998 0.0047104075 0.013656948 0.023473212 -0.021745004 -0.01972034 0.99940217 0.018265584
16134296.275 0.0062678377 0.012983704 0.022351721 -0.022558624 -0.019167757 0.99937016 0.019569328
16184296.925999999 0.007990568 0.01212236 0.021376165 -0.023683764 -0.018474946 0.9993515 0.019858332
16234265.827 0.010502353 0.011776513 0.020074641 -0.02461293 -0.017298477 0.999344 0.020164637
16284250.227999998 0.013361761 0.011331062 0.018941306 -0.024938842 -0.016062967 0.9993551 0.020236466
16334250.878 0.016662741 0.010671319 0.017891312 -0.023958422 -0.014852664 0.9993931 0.020469196
16384251.029 0.020814622 0.010109463 0.016804857 -0.023270298 -0.013436025 0.9994026 0.021739112
16434254.429 0.024782427 0.009501877 0.015774047 -0.023224853 -0.013121626 0.9994136 0.021467317
16484220.829999998 0.029094668 0.009226153 0.014672219 -0.024322834 -0.014441397 0.9993946 0.02025915
16534189.481999999 0.0336145 0.009260046 0.013458347 -0.024871958 -0.016455797 0.99937123 0.019179791
16584158.383 0.038242634 0.009157667 0.012037261 -0.02523184 -0.01760291 0.999345 0.019053556
16634142.783999998 0.0430744 0.0089161685 0.010710837 -0.026430473 -0.018454427 0.9992967 0.019154586
16684143.434 0.04806482 0.008870235 0.0095063355 -0.026945636 -0.020415237 0.9992422 0.019292902
16734135.585 0.053220473 0.0087229675 0.008562807 -0.02746961 -0.02259144 0.9991901 0.01882247
16784112.486 0.058954217 0.008397248 0.007731195 -0.028634837 -0.023822065 0.99913704 0.018382484
16834088.887000002 0.06470372 0.008019598 0.007055134 -0.02831493 -0.02482536 0.9991232 0.018296396
16884066.038000003 0.07081298 0.007659702 0.0067465794 -0.028807852 -0.025272604 0.9991008 0.018140676
16934050.189000003 0.07694024 0.007141463 0.0067058173 -0.02841013 -0.025533311 0.99910337 0.018261518
16984042.839 0.0832581 0.0064089093 0.0068197357 -0.028639229 -0.024514098 0.99911773 0.018513912
17034043.24 0.08948116 0.0057999813 0.0071724136 -0.030007655 -0.023257988 0.99910754 0.01851682
17084035.64 0.09606962 0.0050780578 0.0078677805 -0.029851396 -0.022361169 0.99914557 0.017805248
17134028.041 0.10247146 0.0047879764 0.008581512 -0.030085206 -0.021757795 0.999154 0.017687794
17184020.692 0.10898087 0.004566329 0.009364315 -0.030994322 -0.021423224 0.99912214 0.018316038
17234013.092 0.115362324 0.0043717404 0.010458913 -0.032592 -0.021725936 0.9990586 0.018645689
17284005.993 0.12158156 0.004324083 0.011457361 -0.033197243 -0.023013527 0.99899876 0.01922957
17333990.644 0.12788837 0.004338331 0.012762717 -0.033349607 -0.024692535 0.9989454 0.019652488
17383990.794 0.13384841 0.004755034 0.014175004 -0.0345754 -0.025097298 0.9989087 0.018871319
17433991.445 0.13989447 0.0050833863 0.015531478 -0.03529578 -0.025250787 0.99889797 0.017875824
17483983.845000003 0.14576311 0.005395628 0.016779594 -0.03605582 -0.024756966 0.9988977 0.017044747
17533968.246000003 0.15180929 0.0058232415 0.01815173 -0.037303936 -0.023919089 0.998892 0.015846666
17583953.397 0.15759926 0.006780197 0.019615665 -0.037799034 -0.02451978 0.99888676 0.013972015
17633980.047 0.16345845 0.0077339406 0.02127409 -0.036671 -0.025120351 0.99891967 0.013555132
17683930.448999997 0.16881308 0.008523686 0.0229865 -0.03621027 -0.024961097 0.9989493 0.0128877945
17733914.849 0.17414193 0.009266321 0.024369173 -0.036141194 -0.025066398 0.9989469 0.013057297
17783899.75 0.17933325 0.00999568 0.025623178 -0.035830338 -0.025901983 0.99893093 0.01350012
17833876.400999997 0.18433593 0.010637395 0.026726948 -0.035690855 -0.027659152 0.99887747 0.014318707
17883868.552 0.18924877 0.010887747 0.027553698 -0.036304962 -0.028179066 0.99882334 0.015489119
17933861.203 0.19370437 0.011140764 0.0283646 -0.03689862 -0.028727312 0.9987658 0.016735975
17983861.603 0.19809441 0.011251795 0.02928439 -0.03734653 -0.029477727 0.9987068 0.017919257
18033862.004 0.2022998 0.011331323 0.03022035 -0.038079407 -0.030291962 0.99864227 0.018601919
18083862.404 0.20628528 0.011482114 0.031164205 -0.03894849 -0.031174786 0.9985639 0.019528989
18133854.805 0.21021666 0.0114991795 0.032000568 -0.039670195 -0.031591933 0.99850684 0.020306353
18183847.955000002 0.21420301 0.011499939 0.03261465 -0.040677723 -0.031571142 0.9984287 0.02210811
18233848.356 0.21812767 0.011411907 0.033367727 -0.041789155 -0.031607576 0.9983531 0.023361139
18283848.755999997 0.22196923 0.011397738 0.03408785 -0.042721584 -0.03146309 0.9982743 0.025165424
18333856.656999998 0.22604345 0.011428428 0.03492311 -0.04310054 -0.031798676 0.99820966 0.026622467
18383865.057 0.2301342 0.011534908 0.03573487 -0.04337792 -0.0322347 0.99813354 0.028440047
18433857.707999997 0.2341357 0.01154755 0.036552522 -0.043940295 -0.032886926 0.99804235 0.029986903
18483842.608 0.23800167 0.0115921125 0.037386153 -0.044966295 -0.03371479 0.99791795 0.031641405
18533827.009 0.24204299 0.0116906185 0.038111176 -0.045373518 -0.0347669 0.9977924 0.03380594
18583819.66 0.24600977 0.011733118 0.038874827 -0.045099225 -0.03630422 0.99767077 0.036071822
18633828.06 0.24983622 0.011898961 0.03963071 -0.044656087 -0.037610304 0.9975784 0.037799206
18683836.461 0.25360587 0.0120293675 0.040123314 -0.0442402 -0.038606122 0.99748987 0.039577533
18733836.861 0.2571382 0.012022418 0.04038901 -0.044729423 -0.039462928 0.99737275 0.041105904
18783830.262 0.26040798 0.012205463 0.040666778 -0.045004845 -0.039744757 0.99730074 0.04226468
18833814.162 0.26363325 0.012078495 0.04082856 -0.045377478 -0.039597835 0.99723196 0.043604903
18883806.563 0.2668201 0.011977738 0.041080937 -0.044921674 -0.038188975 0.99721307 0.045713887
18933806.963999998 0.26983353 0.01175261 0.041300964 -0.04469549 -0.036416467 0.9972212 0.047182236
18983815.614 0.27298135 0.011719724 0.041788775 -0.0443015 -0.035545077 0.99723434 0.04793386
19033816.014 0.27616295 0.011831019 0.04237347 -0.04286279 -0.036273584 0.99723804 0.048614565
19083816.165 0.27919966 0.011834679 0.04289778 -0.041322123 -0.03720484 0.99723345 0.049334012
19133808.566 0.2823159 0.011915946 0.04338443 -0.039753556 -0.037266083 0.99725115 0.050210208
19183801.466 0.28538817 0.011836023 0.043949246 -0.038133986 -0.037316658 0.997287 0.050716307
19233816.116 0.28837112 0.011897831 0.044583526 -0.036076512 -0.03724157 0.9973499 0.05103721
19283794.517 0.29111353 0.011917921 0.045235436 -0.0339833 -0.036957804 0.99741596 0.051387656
19333794.917999998 0.29384825 0.011808649 0.04587898 -0.031650368 -0.036320258 0.99751914 0.051328797
19383795.568 0.2963365 0.011727707 0.0465538 -0.029182717 -0.035614785 0.9976149 0.051424403
19433795.969 0.2985683 0.0114947455 0.047127075 -0.026606703 -0.034752533 0.9977183 0.051406767
19483796.369000003 0.30068853 0.011373879 0.047713883 -0.024401661 -0.033825222 0.99779576 0.051614203
19533796.77 0.30246451 0.011013448 0.048275925 -0.021511566 -0.033102036 0.99789286 0.051491473
19583797.17 0.30410123 0.010848861 0.048732203 -0.01924241 -0.03241098 0.99794835 0.051753234
19633813.32 0.30540502 0.010571843 0.048910007 -0.018346462 -0.031892527 0.9979576 0.05222077
19683813.721 0.30581254 0.010190114 0.048998415 -0.018053357 -0.031974684 0.9979309 0.052779455
19733822.371 0.3057256 0.009833975 0.048490696 -0.018571997 -0.032424297 0.99788547 0.053183362
19783822.522 0.30543247 0.010186327 0.048295557 -0.01960303 -0.03285066 0.99780124 0.05412307
19833815.172 0.304856 0.010331371 0.047996443 -0.021348048 -0.033492506 0.9977184 0.0545958
19883823.573000003 0.30400592 0.010340473 0.04755231 -0.023140624 -0.034815423 0.9975944 0.055297997
19933815.972999997 0.30293205 0.010239543 0.047162462 -0.025328683 -0.035391584 0.9975121 0.055457626
19983839.873000003 0.3014339 0.0101438835 0.046630684 -0.029175589 -0.0352798 0.99740326 0.05559523
20033801.775000002 0.2999735 0.010172569 0.046250675 -0.030564152 -0.035252135 0.99733037 0.05617293
20083802.175 0.29882422 0.01011601 0.045880467 -0.031644415 -0.035681695 0.99724734 0.056773987
20133794.576 0.297372 0.010094243 0.04585993 -0.03275403 -0.036289744 0.99718714 0.056816053
20183795.226 0.29580155 0.010236753 0.045866933 -0.033795998 -0.03714413 0.99711156 0.056980286
20233803.376000002 0.2937633 0.010189284 0.04598186 -0.034308735 -0.038326014 0.9970582 0.05682383
20283803.777 0.29185233 0.009978673 0.046020236 -0.035153758 -0.038342934 0.9970449 0.056527983
20333804.177 0.28963953 0.009855383 0.046199158 -0.035460975 -0.03772671 0.9970726 0.056263633
20383804.578 0.28741378 0.009572838 0.046084855 -0.03539844 -0.037260856 0.9971113 0.0559263
20433797.229000002 0.28491488 0.009318802 0.04625819 -0.0358943 -0.03727981 0.99706966 0.05633856
20483789.629 0.28218517 0.008741869 0.046177674 -0.035274576 -0.03778621 0.99704754 0.05678167
20533798.03 0.27922267 0.008340389 0.04632646 -0.034432814 -0.03800159 0.99709105 0.05639032
20583806.43 0.27566132 0.0081675155 0.046735078 -0.03291168 -0.03741738 0.9972289 0.05523868
20633815.08 0.27142113 0.008071882 0.047105536 -0.031239225 -0.03640415 0.99742734 0.053269483
20683815.481 0.2663616 0.008418685 0.047384813 -0.03048297 -0.035801888 0.99758387 0.05114149
20733807.881 0.26057565 0.008802624 0.04741483 -0.030851625 -0.036341444 0.997647 0.04927394
20783800.281999998 0.25440556 0.009360232 0.04732217 -0.03149479 -0.03735041 0.99769586 0.04707506
20833800.932 0.24841374 0.009406522 0.046832565 -0.0324422 -0.03616695 0.9977647 0.04588109
20883809.333 0.24287921 0.0091415625 0.046516545 -0.031077303 -0.032502104 0.99796015 0.045313817
20933809.983 0.23745531 0.008680704 0.04635415 -0.03015451 -0.029765088 0.99812216 0.044237558
20983818.384 0.23221922 0.008167385 0.0464692 -0.02948935 -0.02946838 0.99817604 0.043664727
21033826.284 0.22688347 0.007663691 0.04674298 -0.029852185 -0.031154038 0.9981252 0.043410726
21083826.684 0.22141932 0.007061367 0.047119264 -0.030240681 -0.033329897 0.99805313 0.043180436
21133835.084999997 0.21591562 0.006721392 0.047608454 -0.030777818 -0.034085892 0.9980073 0.04327015
21183835.985 0.21044959 0.0064833965 0.048224647 -0.030784493 -0.033237707 0.9980598 0.042711776
21233852.384999998 0.20503081 0.0065631177 0.04880365 -0.030465389 -0.031051919 0.99818385 0.041674502
21283868.785 0.1996428 0.0068269256 0.04923486 -0.030018205 -0.028769681 0.9983386 0.039891507
21333877.186 0.19418299 0.0074308957 0.04979245 -0.029352961 -0.027419697 0.998483 0.037658926
21383877.836 0.1885098 0.008130348 0.05037103 -0.028662257 -0.027135357 0.99857444 0.03593403
21433885.487 0.18258765 0.008818458 0.050744146 -0.02884381 -0.027359324 0.9986044 0.03476696
21483893.887000002 0.17653686 0.009257428 0.051076148 -0.029925326 -0.027067283 0.9986211 0.03358161
21533942.536 0.17065895 0.009366617 0.05145136 -0.029647063 -0.026186997 0.9986707 0.033048145
21583926.937 0.1650152 0.009639321 0.05191149 -0.028939335 -0.025067491 0.99874675 0.03223567
21633942.837 0.15923043 0.009955619 0.052376047 -0.028774384 -0.024407947 0.9988125 0.03081991
21683959.237 0.15341775 0.010334078 0.052733406 -0.028652411 -0.024468852 0.99885213 0.029578881
21733959.638 0.14770776 0.0109011065 0.05301545 -0.028805595 -0.024796508 0.99886423 0.028734444
21783968.288000003 0.14218163 0.011286061 0.053184804 -0.028421637 -0.024950704 0.9988817 0.0283748
21833976.688 0.13679156 0.011627308 0.053465392 -0.028001506 -0.0248146 0.9989174 0.027645854
21883985.089 0.1315464 0.012101716 0.053835 -0.027602931 -0.024705913 0.99895626 0.026725026
21934000.989 0.12623121 0.012564203 0.05426408 -0.02709542 -0.024813874 0.9989936 0.025730623
21984017.389 0.12096063 0.012912596 0.05458859 -0.027352266 -0.024537724 0.999023 0.02455002
22034026.039 0.11569136 0.0131999655 0.054933034 -0.027370773 -0.024253597 0.9990496 0.023719091
22084034.44 0.11050636 0.013564666 0.0551189 -0.027267244 -0.024312716 0.9990533 0.023621906
22134043.09 0.105443366 0.013734875 0.05528057 -0.027375894 -0.023732586 0.999062 0.023718057
22184058.74 0.10040239 0.014003656 0.055440303 -0.027370077 -0.023020182 0.9990737 0.023933925
22234083.39 0.0954626 0.014208495 0.055638976 -0.026905248 -0.02261192 0.9991042 0.023573436
22284091.79 0.090764895 0.014633303 0.055908583 -0.026155317 -0.02191968 0.9991629 0.022560908
22334130.19 0.08582644 0.015001495 0.056182384 -0.024738157 -0.02156763 0.9992386 0.021097695
22384101.091 0.08131287 0.015630541 0.056453235 -0.023806151 -0.020916546 0.999298 0.019983808
22434109.491 0.07667029 0.016193992 0.056553 -0.02272098 -0.020450585 0.9993558 0.018803826
22484125.642 0.072038345 0.016797252 0.056675695 -0.022288898 -0.020199332 0.9993927 0.017591452
22534149.792000003 0.06736953 0.017106425 0.056518544 -0.022092711 -0.020152044 0.9994153 0.016583748
22584158.192 0.06310095 0.017489957 0.056256488 -0.022400204 -0.019766476 0.99940777 0.017076269
22634166.842 0.059078228 0.01734091 0.055837076 -0.02240909 -0.018662794 0.9994076 0.018279308
22684159.243 0.05532176 0.017012604 0.055718 -0.02248965 -0.017401312 0.9994123 0.019144675
22734175.643000003 0.051750876 0.016975624 0.05586306 -0.021840807 -0.016652914 0.99943215 0.019521616
22784191.542999998 0.048356354 0.016813848 0.055997342 -0.021177776 -0.016666107 0.9994503 0.019308744
22834215.943 0.044873573 0.016619578 0.05589825 -0.021151874 -0.016597647 0.99945754 0.019021727
22884232.343000002 0.041432753 0.016697995 0.0554498 -0.021704389 -0.016149255 0.999449 0.019230848
22934240.242999997 0.038079895 0.016783157 0.05484091 -0.022314865 -0.015624773 0.99944323 0.019267831
22984248.644 0.034911312 0.016941773 0.053998135 -0.022901323 -0.015404778 0.9994287 0.019508887
23034257.294 0.032048184 0.016931854 0.053101115 -0.024060572 -0.014929184 0.999403 0.019799003
23084273.694000002 0.0292311 0.016848905 0.05237038 -0.024273433 -0.014949492 0.99938065 0.020633586
23134282.095 0.027039573 0.016692692 0.05170187 -0.02457576 -0.015024141 0.99935937 0.02124009
23184297.994999997 0.025195183 0.016559288 0.051042564 -0.024448056 -0.015636127 0.99934137 0.021787647
23234306.645 0.02371896 0.016518258 0.050482094 -0.024552966 -0.015422445 0.9993285 0.022401782
23284307.044999998 0.022732556 0.01644439 0.049818963 -0.02543891 -0.014642924 0.9993209 0.022276243
23334307.446000002 0.02230398 0.016921274 0.048930205 -0.025646633 -0.014550858 0.9993181 0.022223456
23384308.095999997 0.022085873 0.017251844 0.048417408 -0.024393057 -0.015254748 0.99934995 0.021728098
23434308.497 0.021538807 0.01743707 0.04776528 -0.022970269 -0.0145863835 0.99941695 0.020626813
23484300.898000002 0.021200899 0.017492237 0.04695715 -0.022453425 -0.013333659 0.9994811 0.018859396
23534286.297999997 0.02092031 0.01803263 0.046123452 -0.022270342 -0.012784138 0.9995129 0.01773513
23584270.698999997 0.020293431 0.018431874 0.045458883 -0.022591924 -0.012732621 0.9995182 0.017054254
23634255.1 0.019737702 0.018865352 0.04433141 -0.023849532 -0.012926982 0.99948794 0.016969474
23684255.501 0.019318584 0.019213159 0.043151546 -0.025667688 -0.013086326 0.99944013 0.01701006
23734282.900000002 0.018899724 0.0195992 0.04185553 -0.026898716 -0.013783256 0.99939644 0.017125119
23784264.051000003 0.018949043 0.019527284 0.040507797 -0.028822115 -0.014190172 0.9993428 0.016790478
23834256.702 0.019247923 0.01936542 0.038717583 -0.030457443 -0.014689545 0.99928176 0.017104693
23884249.353 0.020126106 0.019310843 0.03730447 -0.032003492 -0.015400982 0.999216 0.017492142
23934249.753 0.020551136 0.019623972 0.03613126 -0.032930404 -0.01658916 0.9991564 0.018082526
23984242.654 0.02142953 0.019709384 0.035001848 -0.034127902 -0.017158283 0.99910855 0.01797455
24034243.054 0.022419382 0.019680044 0.03387641 -0.034738507 -0.017389953 0.9990796 0.018192189
24084235.455 0.023004169 0.019624833 0.032657653 -0.03493404 -0.016732084 0.9990814 0.018331395
24134227.856 0.02422689 0.019370023 0.031203793 -0.035553105 -0.014862099 0.99909097 0.01822857
24184220.256 0.025672248 0.019175706 0.030004539 -0.035250746 -0.013410109 0.999128 0.017912403
24234212.907 0.027559148 0.019296179 0.028795477 -0.036136232 -0.012359598 0.9991044 0.018218977
24284197.308000002 0.029332396 0.019268954 0.02747931 -0.036326364 -0.012255515 0.9991017 0.018056884
24334182.459000003 0.031866748 0.019631205 0.026044736 -0.03691967 -0.012999486 0.9990664 0.018282784
24384166.608999997 0.034689456 0.01995759 0.024708342 -0.03644986 -0.0137668075 0.9990791 0.017969478
24434159.259999998 0.03837897 0.020339167 0.023417275 -0.03678755 -0.014896441 0.999081 0.016185263
24484143.661000002 0.04158965 0.020826526 0.022426251 -0.036341712 -0.017024595 0.9991059 0.013301937
24534128.812 0.045333844 0.021509474 0.021707565 -0.035644453 -0.019253612 0.99912405 0.010490066
24584097.213 0.049342874 0.022127237 0.021083731 -0.035194796 -0.02016795 0.9991459 0.007879478
24634066.114 0.05336631 0.022686146 0.020614747 -0.035285972 -0.020232622 0.9991506 0.0066181747
24684057.015 0.05755899 0.022704072 0.020094 -0.036885045 -0.02064818 0.99908066 0.007140486
24733995.667 0.06131671 0.022404669 0.01967491 -0.038558166 -0.021576151 0.9989839 0.008883417
24783980.316999998 0.065640844 0.021772988 0.019559078 -0.040426668 -0.02200514 0.9988812 0.010850797
24833996.718 0.06997904 0.0212244 0.019639093 -0.042213928 -0.021391734 0.9987944 0.013048018
24884021.117 0.07480474 0.020527584 0.019674975 -0.04443677 -0.02028366 0.9986971 0.014769166
24934028.768000003 0.079864345 0.020177664 0.019693771 -0.045510408 -0.019914316 0.998625 0.016745836
24984029.417999998 0.08511123 0.02008701 0.019959034 -0.045918394 -0.021334577 0.9985522 0.01816436
25034028.569000002 0.09043133 0.020412706 0.020442542 -0.047231752 -0.023615593 0.9984204 0.01918804
25083998.97 0.09568865 0.020578243 0.020738391 -0.048412398 -0.02499236 0.9983235 0.01954225
25133991.371 0.10100187 0.020808486 0.021055564 -0.049834125 -0.025660304 0.9982343 0.019659245
25183991.521 0.106389835 0.021142144 0.02121019 -0.0517749 -0.025796961 0.99811935 0.02029069
25233984.172000002 0.11201826 0.021450061 0.021364903 -0.054429643 -0.026135564 0.9979596 0.020762771
25283984.571999997 0.11786795 0.021651996 0.021698684 -0.05566696 -0.027341852 0.99784845 0.021264035
25333976.973 0.1239267 0.021668417 0.022179324 -0.056381542 -0.027830815 0.9977966 0.02118233
25383970.123999998 0.13014396 0.021779684 0.022760125 -0.05731027 -0.027564267 0.9977607 0.02072187
25433962.524 0.13637768 0.021827513 0.023510965 -0.057709314 -0.027812978 0.99774987 0.019785222
25483954.925 0.14270851 0.022003425 0.024463255 -0.05763568 -0.02844786 0.9977449 0.01934042
25533939.326 0.1491933 0.022065125 0.02543609 -0.057050016 -0.029019712 0.99776334 0.019273862
25583923.726999998 0.15557712 0.021889608 0.02652496 -0.056079946 -0.02957077 0.9978061 0.019071527
25633908.877 0.16173519 0.02200136 0.027769193 -0.055847958 -0.030019334 0.9978112 0.018778956
25683909.277999997 0.16786659 0.022093514 0.029051313 -0.05569722 -0.031098565 0.9977952 0.01831655
25733909.678 0.17364821 0.022403022 0.03030102 -0.05580159 -0.03227413 0.9977457 0.018657763
25783902.329 0.17937483 0.022738384 0.031582512 -0.055948466 -0.032792326 0.99771976 0.018701235
25833878.98 0.1850851 0.023232583 0.032747783 -0.055354916 -0.032934133 0.9977451 0.018867256
25883871.381 0.19045338 0.02363905 0.033820815 -0.055500302 -0.03228032 0.9977691 0.01828927
25933864.531000003 0.19571927 0.024352413 0.034827903 -0.055528373 -0.031844456 0.9977912 0.01775716
25983856.932 0.20069402 0.025013348 0.035838503 -0.055409826 -0.032520134 0.99779135 0.016869659
26033849.333 0.20543402 0.025743907 0.03657138 -0.056915794 -0.032950677 0.9977045 0.016145058
26083825.733999997 0.20989418 0.026440216 0.037154544 -0.05847985 -0.034208223 0.9975629 0.016678225
26133810.384 0.21453397 0.0269585 0.037645154 -0.059428636 -0.03556513 0.99744755 0.017374016
26183802.785 0.21896033 0.027375182 0.03808432 -0.060989697 -0.036463004 0.99732405 0.017189587
26233803.436 0.22335628 0.027788408 0.038392793 -0.062647186 -0.036707945 0.9972134 0.017126638
26283811.836 0.2278291 0.027870798 0.038805775 -0.06280402 -0.036628995 0.9972066 0.017114995
26333812.486 0.23215964 0.028257981 0.03917566 -0.063165456 -0.036107067 0.99720514 0.016980913
26383804.637000002 0.23629725 0.028949808 0.039408244 -0.06352553 -0.035362154 0.9972231 0.016128946
26433789.038000003 0.24057792 0.029820627 0.03951314 -0.06379613 -0.03449058 0.99724877 0.015340617
26483773.689 0.24440104 0.030620793 0.039438672 -0.06319562 -0.034292094 0.9973087 0.014345624
26533766.089 0.24816342 0.031386994 0.03922443 -0.062125307 -0.034330543 0.9973855 0.013570476
26583759.24 0.2514684 0.032162495 0.038812213 -0.061879903 -0.033964578 0.99742067 0.01301309
26633751.641 0.25461465 0.032634795 0.038286224 -0.06153606 -0.03333531 0.9974628 0.013040973
26683744.041 0.2572694 0.032751657 0.037770424 -0.060605202 -0.033041563 0.9975245 0.013423951
26733744.441999998 0.25968203 0.032486796 0.037294425 -0.060905173 -0.032549337 0.9975109 0.0142503055
26783728.843 0.26165494 0.031881344 0.036846 -0.061575737 -0.031609748 0.99747044 0.016186772
26833729.493 0.263551 0.030951649 0.036280014 -0.06226939 -0.030302238 0.9974295 0.018405505
26883729.893999998 0.26549622 0.029927561 0.035701115 -0.063318 -0.028677398 0.99736696 0.020680277
26933746.544 0.2675524 0.029008297 0.03505361 -0.06484069 -0.026726892 0.99726886 0.023156827
26983762.944 0.2696639 0.028251799 0.034465883 -0.06625154 -0.025832972 0.99715203 0.025123946
27033801.843 0.27213827 0.027856175 0.033762787 -0.0666523 -0.026314758 0.9970643 0.026978523
27083771.495 0.27466264 0.027461223 0.033275023 -0.06694689 -0.027179684 0.9970104 0.027380008
27133771.895 0.27706033 0.0273652 0.032884873 -0.066641495 -0.027701728 0.9970095 0.027631858
27183772.546 0.27940187 0.02713057 0.03236107 -0.065947175 -0.028106198 0.99703664 0.027911097
27233772.946 0.28161088 0.026891882 0.031949107 -0.06596453 -0.027964925 0.99702686 0.028358905
27283773.097000003 0.28364846 0.026571918 0.031481147 -0.065369 -0.027982594 0.9970437 0.029115692
27333765.997 0.28571436 0.026352303 0.03099598 -0.064338796 -0.027763061 0.99708545 0.030171268
27383766.398 0.28766122 0.026109917 0.030678814 -0.06356593 -0.027383374 0.9971213 0.030964606
27433767.048 0.28937784 0.026165335 0.0305208 -0.06250608 -0.027177697 0.9971775 0.031486865
27483767.448999997 0.29070064 0.026183613 0.030511912 -0.061078697 -0.027178463 0.9972776 0.031116335
27533768.099 0.2918118 0.026179932 0.03064333 -0.060029738 -0.027041063 0.9973753 0.030128418
27583760.5 0.29244474 0.025963219 0.030398631 -0.05961677 -0.026507892 0.9974198 0.029951777
27633752.900000002 0.2932713 0.025480159 0.030220406 -0.05895747 -0.024965767 0.99747807 0.03063296
27683745.301 0.293761 0.025116764 0.030210188 -0.057482626 -0.024323003 0.9975558 0.031410024
27733745.702 0.29327965 0.025121752 0.030180367 -0.05745053 -0.024184285 0.99757135 0.03107912
27783754.102 0.2934513 0.025081411 0.029992284 -0.058173764 -0.024682214 0.99753326 0.03056292
27833762.752 0.29365417 0.024753582 0.029743921 -0.059016153 -0.025701977 0.9974425 0.031064818
27883771.152999997 0.29432076 0.024755735 0.029611126 -0.059848975 -0.025932418 0.997355 0.032072302
27933763.553 0.29366082 0.025235336 0.028876513 -0.059579715 -0.026489679 0.9973226 0.033109132
27983755.954 0.2936457 0.02578455 0.02935107 -0.058988754 -0.02710043 0.99736005 0.03254037
28033756.354 0.2932191 0.026354216 0.029471008 -0.05805238 -0.028502641 0.99741673 0.031262573
28083757.005 0.29274404 0.026480192 0.029185068 -0.057970446 -0.029821627 0.9974057 0.030530894
28133765.404999997 0.29173425 0.026403459 0.02908131 -0.058367956 -0.030758018 0.9973278 0.031376466
28183758.556 0.2902998 0.026263352 0.028878152 -0.059893116 -0.031377334 0.99719316 0.032159623
28233750.706 0.28845188 0.025996368 0.028540468 -0.06069223 -0.031847976 0.99710697 0.032862708
28283751.107 0.28662488 0.025695186 0.028190408 -0.060719144 -0.031384602 0.9970951 0.033609733
28333767.757 0.28472105 0.02567052 0.027807118 -0.06068388 -0.030950705 0.99709076 0.03419938
28383783.656999998 0.28287625 0.025682243 0.027703594 -0.06012939 -0.030878117 0.99715143 0.033467952
28433800.057 0.28083518 0.025827628 0.027890138 -0.058832385 -0.03129288 0.9972716 0.031764224
28483800.208 0.27858496 0.026387447 0.028106213 -0.05805595 -0.031732343 0.9973664 0.02971304
28533784.608999997 0.2756786 0.026844405 0.028168231 -0.056894373 -0.03293697 0.9974346 0.028328799
28583769.759 0.27298373 0.026761862 0.027973669 -0.055574175 -0.032960843 0.9975039 0.02847935
28633762.16 0.270239 0.026748799 0.027950829 -0.053971354 -0.03193566 0.9975797 0.03003282
28683797.81 0.2671746 0.026418746 0.02798536 -0.05220553 -0.03029257 0.9977257 0.030006919
28733786.711000003 0.26391375 0.026435405 0.028357655 -0.049889315 -0.029539883 0.99787813 0.029627124
28783802.860999998 0.26037395 0.0262276 0.029170828 -0.048570197 -0.02981157 0.99794847 0.02917557
28833803.511 0.25683025 0.026057646 0.03002746 -0.047095492 -0.03008705 0.99800324 0.029433222
28883795.912 0.25313535 0.025748475 0.03125091 -0.045543127 -0.031110186 0.99802536 0.0300558
28933796.312 0.24923523 0.025389735 0.03226217 -0.043998793 -0.03252698 0.9980364 0.030486945
28983804.713 0.24522197 0.025066104 0.03299322 -0.042686325 -0.033522345 0.9980386 0.03119653
29033821.362999998 0.24101426 0.025018357 0.033733614 -0.042048853 -0.033376303 0.9980655 0.031358153
29083837.763 0.23668432 0.025004618 0.034257006 -0.040497232 -0.033467285 0.9981276 0.031325165
29133853.663000003 0.23206504 0.025231052 0.03482554 -0.03978301 -0.03305245 0.99819523 0.030515922
29183846.064000003 0.22727968 0.025365101 0.035302814 -0.03867661 -0.03328237 0.9982558 0.029696286
29233846.713999998 0.22203797 0.025469344 0.035825144 -0.03806795 -0.033337165 0.9982949 0.029100183
29283839.615 0.21667302 0.025439363 0.03624869 -0.037740022 -0.033243105 0.99833745 0.02815909
29333840.015 0.2111983 0.025533061 0.03668184 -0.036951646 -0.033528086 0.9983525 0.028333945
29383896.665 0.20558073 0.025289793 0.036922693 -0.036400042 -0.034118116 0.99833995 0.028783036
29433872.816000003 0.19974345 0.024971647 0.03704613 -0.035398435 -0.03419437 0.99835354 0.02946198
29483881.216000002 0.19382758 0.024618248 0.037167404 -0.03482442 -0.03407399 0.99836963 0.029738892
29533881.616 0.18797185 0.024408543 0.037125494 -0.034575216 -0.03370727 0.9983806 0.030076588
29583890.266999997 0.18191265 0.024092946 0.037007272 -0.033722457 -0.033808127 0.99840057 0.03026719
29633905.667 0.17583603 0.023955453 0.036798287 -0.033413354 -0.033481214 0.998419 0.030367037
29683922.317 0.16958807 0.023804927 0.036493253 -0.03353381 -0.032371525 0.99847174 0.029695878
29733938.717 0.16335024 0.024009002 0.03626296 -0.033197153 -0.03198143 0.99852884 0.028556053
29783967.617 0.1572191 0.02423921 0.0359925 -0.0319174 -0.03239175 0.99860287 0.02691389
29833956.018 0.15073326 0.024592001 0.035618182 -0.031473942 -0.032403994 0.9986754 0.02463477
29883956.168 0.14385769 0.024865914 0.035022587 -0.03246743 -0.031121355 0.9987362 0.022437375
29933964.068 0.1369927 0.025133891 0.034187533 -0.033864535 -0.029109128 0.9987713 0.021492254
29983972.719 0.1296447 0.025508236 0.03315745 -0.03677312 -0.028614582 0.99866456 0.022317639
30033973.119 0.122263364 0.025868539 0.032027666 -0.040637616 -0.029554019 0.99845535 0.023710156
30083989.519 0.11518044 0.025981849 0.030869735 -0.044888448 -0.030817853 0.99819094 0.02549813
30134013.919000003 0.10846418 0.026107904 0.029745342 -0.04929483 -0.031742 0.99791086 0.027138954
30184046.069000002 0.10231463 0.026091168 0.028789861 -0.051951468 -0.032514166 0.99771327 0.028498597
30234077.968999997 0.09630144 0.025836779 0.028231595 -0.05340744 -0.033093955 0.99759334 0.029326467
30284094.369 0.090490565 0.025690792 0.027832398 -0.055859018 -0.032956105 0.99745613 0.029578445
30334095.02 0.084749244 0.02533832 0.027629998 -0.057160072 -0.032808963 0.9973869 0.029594013
30384095.419999998 0.07941002 0.025048971 0.027869353 -0.056721356 -0.03244477 0.9973925 0.030633528
30434111.82 0.074385636 0.02443862 0.028208008 -0.055375442 -0.03152419 0.9974709 0.031491324
30484143.97 0.06941082 0.02389958 0.028567841 -0.054342795 -0.030307107 0.9975512 0.031936318
30534186.369000003 0.06464611 0.023481391 0.028942227 -0.052791364 -0.029154574 0.9976658 0.032033566
30584208.52 0.06006771 0.023405548 0.029480234 -0.05163588 -0.028318066 0.99775445 0.03190569
30634216.92 0.055656675 0.023234721 0.029763702 -0.050188497 -0.027843343 0.99784005 0.031957347
30684217.32 0.05182367 0.023034543 0.030086117 -0.04801317 -0.026965966 0.99795085 0.032584984
30734225.720999997 0.048078638 0.022836452 0.030348033 -0.0456394 -0.026024647 0.99806976 0.03311279
30784242.371 0.044951 0.022622993 0.030678911 -0.043231424 -0.024769584 0.9982106 0.033064507
30834258.021 0.042273313 0.022790488 0.031158734 -0.04133807 -0.023870891 0.9983141 0.033021454
30884266.421 0.039313655 0.0230189 0.03174475 -0.039611284 -0.023799382 0.99843013 0.031652298
30934274.821 0.036294144 0.02355435 0.031967346 -0.03836851 -0.024529483 0.998484 0.030916167
30984267.472 0.033860113 0.023994908 0.032123916 -0.03720899 -0.024974905 0.99852633 0.030609319
31034260.123 0.03159976 0.02426248 0.03214794 -0.03623364 -0.025047924 0.99856234 0.030545074
31084268.273 0.029298397 0.024655372 0.032088038 -0.035476275 -0.02500732 0.99857956 0.03090274
31134276.673 0.02705071 0.024970317 0.03220027 -0.03539716 -0.025152909 0.9985844 0.030719632
31184293.074 0.024933686 0.025207417 0.032150313 -0.036249362 -0.025100311 0.9985587 0.03060439
31234301.724 0.023077162 0.025523137 0.032078087 -0.037498396 -0.025366751 0.998494 0.030987214
31284302.124 0.021391552 0.025566144 0.03207231 -0.03782354 -0.026324086 0.99844664 0.031317327
31334310.525 0.020428414 0.025842823 0.032389406 -0.037295036 -0.027417794 0.9984305 0.031527203
31384311.175 0.019700048 0.025830913 0.032579437 -0.03715087 -0.027644634 0.99843687 0.031294994
31434319.075 0.019336907 0.025948308 0.032871272 -0.036977734 -0.027143398 0.9984561 0.031326275
31484335.476 0.019118765 0.025637424 0.03297097 -0.036516123 -0.026709432 0.9984881 0.031220017
31534335.876000002 0.018881027 0.02541771 0.032761388 -0.036110226 -0.026162198 0.99851197 0.0313933
31584336.277 0.018622475 0.02522554 0.032571457 -0.037230004 -0.025549114 0.9984785 0.031654797
31634328.927 0.018671954 0.024733726 0.032033626 -0.03820999 -0.025205817 0.99844134 0.031930953
31684337.327999998 0.018927982 0.024796924 0.03147525 -0.039562512 -0.024571411 0.998402 0.032008544
31734374.477 0.019584104 0.024604073 0.030895904 -0.041064925 -0.023216616 0.998383 0.031719346
31784346.628 0.020014035 0.023994636 0.030405728 -0.042620618 -0.021594785 0.9983721 0.03115129
31834355.029 0.022198452 0.023649586 0.02964272 -0.044188324 -0.020660313 0.99831337 0.0314793
31884347.428999998 0.023971468 0.02354664 0.02931919 -0.044621747 -0.021341443 0.99828994 0.031156411
31934339.83 0.026285665 0.023878975 0.029249763 -0.04614528 -0.022988342 0.9982064 0.0304352
31984331.981000002 0.028817782 0.02417357 0.029513702 -0.04697382 -0.024830889 0.9981632 0.029104128
32034324.631 0.031434216 0.023975365 0.02968498 -0.04547758 -0.025694188 0.99823034 0.028422516
32084317.531999998 0.034094468 0.023248443 0.029685723 -0.045242373 -0.02405295 0.99828607 0.028277492
32134301.933000002 0.036627486 0.022628812 0.029653452 -0.046300113 -0.021305947 0.9982788 0.029016335
32184302.833 0.03918844 0.021645105 0.029520834 -0.04707502 -0.01955782 0.99826133 0.029593663
32234302.984 0.041340306 0.020719508 0.029453335 -0.048266705 -0.018549113 0.99822086 0.029688587
32284303.384000003 0.043836467 0.020219265 0.029519573 -0.050512865 -0.017294103 0.9981362 0.029555446
32334311.783999998 0.046422552 0.019694226 0.029418154 -0.051817037 -0.016728396 0.9980728 0.029763065
32384304.185000002 0.04918572 0.01910384 0.029239632 -0.053247117 -0.015692461 0.99802107 0.029539455
32434296.836 0.052063346 0.019010251 0.029313866 -0.055176564 -0.015498547 0.9979334 0.029056035
32484297.236 0.055310268 0.01917561 0.029451376 -0.056567617 -0.016030924 0.99786836 0.028318474
32534297.637 0.058734532 0.019412627 0.029844837 -0.05683137 -0.016650198 0.99786407 0.02757308
32584298.037 0.062438685 0.019597625 0.030085431 -0.0575934 -0.016427696 0.99786043 0.026224377
32634282.688000005 0.06634085 0.01948527 0.030476363 -0.05740052 -0.016128963 0.9979089 0.02496038
32684267.588999998 0.07069639 0.019905005 0.030988352 -0.057375703 -0.016317053 0.99791175 0.02478053
32734243.990000002 0.074735284 0.019883275 0.031548988 -0.057136264 -0.01656818 0.9979501 0.023595763
32784228.391000003 0.079084806 0.0199689 0.032179702 -0.056796163 -0.01706812 0.99797815 0.02285966
32834221.041000005 0.083532155 0.019880654 0.032725457 -0.056023367 -0.017348727 0.9980261 0.022461554
32884218.442 0.08799537 0.019841949 0.033370886 -0.055918068 -0.016253171 0.9980567 0.022178879
32934198.843000002 0.09218142 0.019543074 0.03372491 -0.056012873 -0.015062355 0.99807894 0.02177609
32984183.244 0.096600585 0.019509384 0.03397557 -0.056479122 -0.015019628 0.99804085 0.022339536
33034159.645 0.101050355 0.019323094 0.03413278 -0.057716016 -0.015846591 0.99794567 0.022851806
33084144.546 0.10587383 0.01918167 0.034311574 -0.058852863 -0.017093714 0.9978566 0.02294272
33134144.946000002 0.11061512 0.019331725 0.03462814 -0.05871092 -0.01900039 0.99782455 0.02320034
33184160.596 0.11537973 0.019360457 0.035038788 -0.05915141 -0.020297345 0.99777126 0.02327664
33234177.246 0.120248646 0.01940036 0.035466842 -0.059845217 -0.020705787 0.9977108 0.023726065
33284161.647000004 0.12499091 0.019279135 0.035926208 -0.06020965 -0.020704888 0.9976773 0.024211658
33334146.547999997 0.12989603 0.01901167 0.036365367 -0.06028889 -0.019912828 0.99767965 0.024579888
33384123.198999997 0.13463704 0.018885218 0.03692335 -0.06128332 -0.0188576 0.9976347 0.024773998
33434123.599 0.13917197 0.018895922 0.037232924 -0.06257298 -0.018356785 0.9975794 0.024146598
33484132.0 0.14402364 0.019079464 0.037604876 -0.062786646 -0.01909628 0.99756104 0.023773791
33534140.400000002 0.1486915 0.019348938 0.03793735 -0.06299879 -0.01952555 0.9975519 0.023241187
33584125.051 0.15319322 0.01968855 0.03824762 -0.06392725 -0.01935024 0.99749714 0.023204079
33634093.952 0.15778027 0.01955629 0.0385651 -0.06533787 -0.018537704 0.9974244 0.023064371
33684070.353 0.16244543 0.019751212 0.038942885 -0.06559985 -0.018149255 0.997392 0.02401178
33734070.754 0.16734716 0.019684156 0.039361108 -0.06630186 -0.017674718 0.99733573 0.024763562
33784087.404 0.17212872 0.019820824 0.0397388 -0.06698296 -0.0172901 0.9973008 0.024606923
33834103.804 0.1767547 0.019891033 0.040180076 -0.06767712 -0.017629592 0.99726206 0.024029566
33884096.203999996 0.18137617 0.02042161 0.040667832 -0.06950134 -0.018544536 0.99712175 0.02395849
33934072.855000004 0.18607461 0.020718062 0.041074384 -0.07051657 -0.019986533 0.99702185 0.023988068
33984057.006 0.19107965 0.020952446 0.04147328 -0.07049295 -0.020434506 0.99699265 0.02487693
34034050.157 0.19598982 0.021406237 0.041746587 -0.07109153 -0.020072233 0.9969205 0.026317732
34084091.807 0.20115162 0.02180116 0.042039264 -0.07235273 -0.02022897 0.9968101 0.026937
34134051.458 0.20642745 0.022314178 0.042220633 -0.07252324 -0.02148157 0.99674785 0.027797285
34184051.858 0.21175943 0.023023708 0.04252409 -0.0732013 -0.022662455 0.99665356 0.028455012
34234036.258999996 0.21714158 0.023517469 0.04260552 -0.07387597 -0.023065906 0.9965914 0.028564379
34284020.660000004 0.22249275 0.024153993 0.042817086 -0.07489963 -0.023549357 0.9965117 0.028283505
34333997.311000004 0.22769661 0.024941921 0.042979155 -0.075714596 -0.024286188 0.9964591 0.027327396
34383989.962 0.2327876 0.0257852 0.043293532 -0.07594962 -0.024921602 0.99646056 0.026020624
34433990.362 0.23758985 0.02656551 0.04349692 -0.07606633 -0.025735494 0.9964594 0.024905622
34484016.012 0.24209407 0.02739474 0.04371358 -0.076713376 -0.026418164 0.99641746 0.023863098
34533975.414000005 0.24624841 0.027849434 0.04368662 -0.07690781 -0.026951773 0.9964148 0.022723958
34583959.814 0.25004777 0.0282421 0.043786485 -0.07714522 -0.027103044 0.99640167 0.02231103
34633944.715 0.25348684 0.028486105 0.043813948 -0.0774447 -0.027056426 0.99637324 0.022599904
34683937.116 0.25664866 0.028542642 0.04393519 -0.07765923 -0.026496163 0.9963631 0.02297122
34733945.516 0.25961053 0.028898075 0.044189073 -0.07854781 -0.026191492 0.9962925 0.023357749
34783945.917 0.26261318 0.02896396 0.04418435 -0.079040304 -0.025660677 0.9962796 0.022828925
34833954.066999994 0.265592 0.029079804 0.04427268 -0.078478836 -0.025750482 0.9963137 0.02317659
34883946.968 0.26855335 0.029125804 0.0441118 -0.07850389 -0.025531735 0.9963085 0.023550885
34933939.368 0.2712787 0.029082298 0.04386558 -0.07961971 -0.02475857 0.99623823 0.023605723
34983923.769 0.27369174 0.028817492 0.04351311 -0.0798026 -0.024134502 0.99623615 0.023720745
35033924.42 0.27608186 0.028331503 0.043106083 -0.08054832 -0.023227341 0.9961915 0.023981165
35083932.82 0.27818295 0.027664714 0.042694796 -0.08160008 -0.022604095 0.99609774 0.024895985
35133941.22 0.2800469 0.026857113 0.042231847 -0.082718566 -0.02154443 0.99600446 0.025858188
35183941.871 0.2818454 0.026140353 0.041694615 -0.08396823 -0.020375514 0.9958951 0.026967919
35233949.271 0.2837988 0.02542563 0.041145403 -0.08457109 -0.018733265 0.9958399 0.028279616
35283943.172 0.28621972 0.024537047 0.040669862 -0.08322158 -0.017325807 0.9959188 0.030328576
35333951.572000004 0.28873512 0.023654029 0.040281415 -0.08218767 -0.016882502 0.9959544 0.032173157
35383951.972 0.29103798 0.022933764 0.039882574 -0.08186223 -0.01726956 0.995965 0.032468114
35433959.873 0.2932766 0.022702716 0.039712463 -0.08011994 -0.01832961 0.9960769 0.03279832
35483960.272999994 0.2956555 0.022236362 0.039133135 -0.079295374 -0.019185975 0.996119 0.033031665
35533960.423999995 0.29793978 0.021921435 0.038188063 -0.07826013 -0.01897259 0.99614376 0.034829374
35583945.574999996 0.30059397 0.021154627 0.03706164 -0.07625532 -0.017630182 0.9962426 0.037082013
35633945.975 0.3033653 0.020343095 0.03597938 -0.0744042 -0.015976759 0.9963353 0.03904865
35683975.375 0.3061892 0.019538466 0.035100862 -0.072397 -0.015465582 0.99646246 0.039776545
35733946.776 0.3092613 0.01876271 0.034476336 -0.06872811 -0.01600422 0.9967214 0.03958422
35783947.426 0.31207982 0.018222947 0.033937354 -0.06553114 -0.016956111 0.9969272 0.03942563
35833939.827 0.31494647 0.017473701 0.033402804 -0.06301414 -0.017272046 0.99709535 0.039137285
35883924.228 0.31766963 0.016885106 0.032970488 -0.059988372 -0.017207073 0.9972859 0.03906711
35933924.628 0.32022765 0.016445266 0.0328639 -0.05570234 -0.0157498 0.9976098 0.03773467
35983925.029 0.32272798 0.015920142 0.032855246 -0.05259415 -0.013157807 0.99790794 0.035221916
36033925.679 0.32468367 0.015606647 0.032704916 -0.049072776 -0.012341374 0.9981211 0.03455267
36083926.080000006 0.32649827 0.014889763 0.032303665 -0.047958348 -0.012034242 0.99816746 0.034885272
36133926.730000004 0.32767737 0.013680426 0.031288255 -0.049923074 -0.012263439 0.99806476 0.03498687
36183927.131000005 0.32807663 0.013267404 0.030710531 -0.051452693 -0.014026047 0.9979254 0.036066648
36233927.531 0.32856852 0.012815689 0.029882831 -0.0529618 -0.01691317 0.9977604 0.037191845
36283935.932000004 0.32828096 0.0123458365 0.028961916 -0.054850895 -0.018319488 0.99757165 0.038816188
36333944.332 0.3287663 0.011582338 0.028354412 -0.05710271 -0.018056318 0.99741864 0.039614424
36383944.982 0.32951862 0.011371867 0.027928578 -0.05643785 -0.019633403 0.997359 0.04128397
36433983.882 0.3297779 0.011176447 0.027851872 -0.055605154 -0.021818256 0.9972963 0.04280493
36483946.033 0.32961264 0.010553671 0.027798822 -0.05507597 -0.022991613 0.9972625 0.04365418
36533954.434 0.3295514 0.010000144 0.027552783 -0.054942872 -0.021705093 0.9972464 0.044831578
36583970.584 0.32953405 0.0095939115 0.027311733 -0.054823495 -0.019010196 0.9972729 0.045605272
36633970.984 0.32999405 0.009442186 0.027233547 -0.053325437 -0.018068505 0.9973325 0.0464528
36683971.135 0.3302472 0.009343619 0.027331617 -0.051642954 -0.018829616 0.9973568 0.04751905
36733971.785 0.3305843 0.009349598 0.02727702 -0.052186105 -0.020130644 0.9972581 0.04845328
36783971.936 0.3302805 0.009136315 0.027017595 -0.05156413 -0.022398427 0.9972164 0.04897901
36833980.586 0.32967502 0.009058193 0.026621146 -0.051918548 -0.024781339 0.9971033 0.049754452
36883988.986 0.3290058 0.009228237 0.02600137 -0.0525011 -0.026470246 0.99697673 0.05079764
36933989.387 0.32871985 0.009570056 0.025377722 -0.052903537 -0.028063403 0.9968641 0.05172829
36983982.037999995 0.32843226 0.009509973 0.024412198 -0.053528562 -0.029669583 0.99673647 0.052639037
37033982.438 0.32796115 0.00975579 0.02341994 -0.054790042 -0.03036861 0.996584 0.053816274
37083982.838 0.32772443 0.00969601 0.022259787 -0.056772567 -0.029904542 0.99646324 0.054255977
37133991.239 0.32720014 0.009941773 0.02136694 -0.05763052 -0.030301172 0.9963895 0.05448511
37183991.889 0.32720798 0.010131281 0.020723099 -0.058269743 -0.031067956 0.9963589 0.05393034
37233992.29 0.32750207 0.010477905 0.020727076 -0.058025893 -0.030815955 0.99643666 0.05289063
37283984.69 0.3276949 0.010693422 0.020446312 -0.056825835 -0.030231358 0.99655867 0.052228156
37333969.591000006 0.32806173 0.010171774 0.019807484 -0.056916457 -0.028286105 0.99667376 0.051007662
37383969.992 0.32842305 0.009955393 0.019766772 -0.056494538 -0.027967451 0.9966893 0.051348347
37433978.142 0.32863173 0.0095456 0.01948979 -0.056172136 -0.028170275 0.996659 0.052173603
37483986.542 0.32875764 0.009033374 0.01926287 -0.056659482 -0.028724527 0.99656487 0.053132642
