941736.612 -0.0 -0.0 -0.0 -0.0 -0.0 1.0 -0.0
982166.223 -0.0 -0.0 -0.0 -0.0 -0.0 1.0 -0.0
1041737.663 0.00042980144 -0.00029727642 -0.001280332 -0.00039229533 -0.00040930393 0.99999857 0.0016167397
1082167.024 0.00042980144 -0.00029727642 -0.001280332 -0.00039229533 -0.00040930393 0.99999857 0.0016167397
1141738.714 0.00042980144 -0.00029727642 -0.001280332 -0.00039229533 -0.00040930393 0.99999857 0.0016167397
1182249.0729999999 0.00042980144 -0.00029727642 -0.001280332 -0.00039229533 -0.00040930393 0.99999857 0.0016167397
1241739.765 0.00042980144 -0.00029727642 -0.001280332 -0.00039229533 -0.00040930393 0.99999857 0.0016167397
1282169.126 0.002203391 -0.0012973712 -0.0055493903 0.00037295348 0.0009848956 0.9999981 0.0016610477
1341740.816 0.0025173575 -0.0016643286 -0.005455368 0.00028710612 0.0008730977 0.999997 0.0022690576
1382169.927 0.0025173575 -0.0016643286 -0.005455368 0.00028710612 0.0008730977 0.999997 0.0022690576
1441741.6169999999 0.0025173575 -0.0016643286 -0.005455368 0.00028710612 0.0008730977 0.999997 0.0022690576
1482170.7280000001 0.0032471328 -0.0018983633 -0.0062250826 -0.00034257842 -7.2550494e-05 0.9999901 0.0044341017
1541742.4179999998 0.0032471328 -0.0018983633 -0.0062250826 -0.00034257842 -7.2550494e-05 0.9999901 0.0044341017
1582171.5289999999 0.0032471328 -0.0018983633 -0.0062250826 -0.00034257842 -7.2550494e-05 0.9999901 0.0044341017
1641743.219 0.003945424 -0.0058879745 -0.007186638 -0.00092962774 -0.0006878844 0.9999861 0.005158828
1682172.33 0.003945424 -0.0058879745 -0.007186638 -0.00092962774 -0.0006878844 0.9999861 0.005158828
1741744.0199999998 0.0023177555 -0.0101103205 -0.006749582 -0.0011588604 -0.00038754195 0.99998057 0.006111009
1782173.6309999998 0.0023177555 -0.0101103205 -0.006749582 -0.0011588604 -0.00038754195 0.99998057 0.006111009
1841745.071 -0.0013033903 -0.013503011 -0.004926091 -0.0019479961 -0.0005223336 0.99997264 0.0071199336
1882174.432 0.00030122465 -0.016929481 -0.0054658353 -0.0026799454 -0.00055770925 0.9999752 0.006496583
1941746.122 0.0014219837 -0.017335655 -0.004654117 -0.0033267268 -0.00029920565 0.9999716 0.00675969
1982175.233 0.001788982 -0.018171534 -0.00493238 -0.0035493744 -0.0005618391 0.9999725 0.0064841206
2041746.9230000002 0.0019101965 -0.018588558 -0.0038802167 -0.002995412 0.00051095244 0.9999773 0.0060149077
2083991.7439999997 -0.00010991876 -0.019472186 -0.0032834983 -0.002739952 0.00019336044 0.99998313 0.005117282
2133207.161 0.0031749806 -0.019286873 -0.004771 -0.0036641776 -0.00045195463 0.9999819 0.0047708997
2183192.062 0.0014922051 -0.01772758 -0.0036433362 -0.0032002912 -0.0015341952 0.9999828 0.004684981
2233818.699 0.0020969869 -0.017501209 -0.002485667 -0.003445736 -0.001670788 0.9999836 0.0042630234
2284842.327 0.004227511 -0.01894676 -0.0029442448 -0.0039792983 -0.0013725575 0.9999845 0.00364787
2335055.7229999998 0.0015782402 -0.013952029 0.0002540844 -0.0025049718 -0.0011669674 0.99998325 0.0050894246
2384320.389 0.0050167446 -0.014084244 0.0012861012 -0.002946203 -0.0005566164 0.9999802 0.00553067
2433741.803 0.0050655324 -0.014131672 0.0016532936 -0.0029505494 -0.00029472949 0.9999779 0.005955495
2483520.208 0.0056704856 -0.017149027 0.003813706 -0.0027715408 0.00014901363 0.99997854 0.005936056
2533679.355 0.0036610623 -0.017233767 0.0043182666 -0.0025327918 -0.000671989 0.9999741 0.0067052017
2584107.2460000003 0.003810618 -0.016833434 0.0042984863 -0.003514967 -0.0015150142 0.9999677 0.0070766257
2634369.8910000003 0.00097303867 -0.019741006 0.0030533683 -0.0035901065 -0.0028205116 0.9999667 0.006771624
2684259.294 0.0017314337 -0.020313814 0.0028778117 -0.003868262 -0.00251085 0.99996793 0.006550727
2733958.4510000004 0.0030140663 -0.020513453 0.0021187516 -0.0043974794 -0.0027410614 0.99997056 0.0056724087
2783752.856 0.0018477024 -0.01982929 0.0023640303 -0.0041207178 -0.0031091569 0.9999744 0.004963602
2833761.256 -5.0869472e-05 -0.017515788 0.0038356276 -0.003943135 -0.0027691182 0.9999778 0.0045912936
2883943.653 -0.0011441734 -0.016753176 0.0041740127 -0.0039753895 -0.0031469336 0.9999799 0.003805278
2934134.549 -0.00029680628 -0.014518911 0.0054174475 -0.003781762 -0.0035609603 0.99998057 0.0034573309
2984150.949 0.0017270283 -0.014015752 0.0052508814 -0.0039716233 -0.003598432 0.9999815 0.0028793225
3034016.602 0.00018195817 -0.012654284 0.008399889 -0.0034178675 -0.0038632427 0.9999831 0.0027015544
3083866.506 -0.002373191 -0.012530127 0.007474732 -0.0026476737 -0.004273138 0.99998444 0.0024417248
3133826.908 -0.0037245818 -0.011754967 0.008224663 -0.0026042655 -0.0044611543 0.99998254 0.0028817721
3183898.807 -0.005621894 -0.004092978 0.014301237 -0.0024520198 -0.005230993 0.9999713 0.0049258517
3234018.454 -0.006637369 -0.004114127 0.016474519 -0.002503758 -0.005424826 0.9999669 0.0055157314
3284074.604 -0.009509592 -0.0045875236 0.017318772 -0.0021234162 -0.005485843 0.99996597 0.0057939095
3334027.255 -0.005971227 -0.0048528495 0.015151157 -0.0026385041 -0.005719506 0.9999619 0.0060496344
3383940.908 -0.006562072 -0.0057455143 0.012176761 -0.0020101045 -0.005927881 0.9999628 0.005938576
3433901.3090000004 -0.0061666947 -0.006982325 0.014216127 -0.0018565701 -0.005929821 0.9999653 0.0055468394
3483925.709 -0.006546608 -0.0066134795 0.014835981 -0.0011411114 -0.00587927 0.9999658 0.005718015
3534051.6070000003 -0.004194052 -0.007513856 0.013724303 -0.0011542068 -0.0051629334 0.9999696 0.0057342146
3584022.008 -0.0018916728 -0.009154867 0.013389122 -0.0018774937 -0.0048750048 0.9999711 0.0055221706
3634014.408 -0.0030542635 -0.009836232 0.014764701 -0.0017190137 -0.004644292 0.9999745 0.0051526595
3683967.31 -0.003345685 -0.00928948 0.012949157 -0.0015029775 -0.0048437705 0.99997574 0.0047693523
3733936.2109999997 -0.003802644 -0.007487171 0.016315354 -0.0008662877 -0.0047386824 0.99997497 0.0051938053
3783936.8619999997 -0.0028389387 -0.0071455645 0.014342719 -0.0010717334 -0.00482275 0.99997365 0.0053265314
3833961.762 -0.0024109385 -0.0074967183 0.012750748 -0.0011849226 -0.0048774844 0.9999759 0.0047949916
3883993.161 -0.0007967552 -0.009624672 0.013025806 -0.0014107361 -0.0050631925 0.999979 0.003800296
3934001.562 -0.0013459868 -0.005632481 0.015398089 -0.000905088 -0.005024531 0.9999731 0.005267573
3983977.963 -0.0016496188 -0.004590287 0.016073838 -0.0011478501 -0.005322937 0.9999675 0.0059567154
4033946.8639999996 -0.00247045 -0.005340562 0.016173812 -0.0017238498 -0.0056821117 0.9999651 0.005886675
4083939.2640000004 -0.0048091016 -0.0038279402 0.018621532 -0.0019903288 -0.006676278 0.99995553 0.0063648154
4133963.164 -0.0049649905 -0.0030322098 0.017163103 -0.00265903 -0.007010286 0.99995035 0.0065692468
4183995.8140000002 -0.0048330696 -0.0027039351 0.015064924 -0.002632044 -0.0068056663 0.99995124 0.0066663674
4234004.215000001 -0.0038027738 -0.0037658438 0.012000961 -0.0030531052 -0.0066165933 0.9999507 0.0067505063
4283996.615 -0.0031577542 -0.004609879 0.010726212 -0.0031385554 -0.006534691 0.99995077 0.006790432
4333973.016 -0.0036011138 -0.004756659 0.0113592455 -0.0032915499 -0.0066533796 0.99994665 0.00719198
4383957.417 -0.003544361 -0.004846188 0.010488916 -0.0034396946 -0.0066595245 0.999943 0.0076063024
4433966.067 -0.0033792686 -0.005949398 0.009372227 -0.0035716004 -0.006341008 0.9999422 0.00791878
4483990.467 -0.0035953138 -0.0073359124 0.009960863 -0.0033585664 -0.0062233154 0.99994177 0.008152569
4533998.868 -0.004415655 -0.008481189 0.010158851 -0.002718954 -0.0058126575 0.9999439 0.008428309
4583999.517999999 -0.0029691448 -0.010081917 0.010041306 -0.0023660492 -0.0047627185 0.9999544 0.007928909
4633991.919000001 -0.0019140107 -0.010384898 0.010531403 -0.0018603484 -0.004092063 0.9999583 0.007961463
4684002.069 -0.0018965733 -0.01074092 0.009441681 -0.00089318614 -0.004194163 0.99996245 0.007537096
4733985.22 -0.0005642284 -0.011413451 0.010379421 -0.00120637 -0.0038472721 0.99996483 0.007359868
4783985.62 -0.00078874594 -0.009976965 0.010043946 -0.0012656271 -0.0043640556 0.9999579 0.007972469
4833986.021 5.8843474e-05 -0.009980656 0.011342133 -0.00084744324 -0.004604811 0.999957 0.008006063
4883994.671 0.000536803 -0.010109466 0.010168518 -0.0004984173 -0.005029318 0.99996156 0.007173035
4933994.822 0.0014247928 -0.00955288 0.00890839 -0.0004477598 -0.0045833946 0.9999652 0.0069695017
4984018.472 0.003796559 -0.008182355 0.009253953 -0.0006286251 -0.004159488 0.9999628 0.0075305984
5033979.873 0.0031001812 -0.008057644 0.010281636 -0.00051082415 -0.0038316785 0.9999616 0.007867596
5083972.273999999 0.003955031 -0.008769924 0.01083521 -0.0011700988 -0.004063269 0.999961 0.0077541242
5133972.674 0.0032689099 -0.009215709 0.011044666 -0.0015140626 -0.00463944 0.9999583 0.007727164
5183981.074 0.003573041 -0.008883862 0.009947454 -0.002014811 -0.0046465225 0.99995726 0.007737922
5233997.475 0.004134916 -0.009595465 0.009255922 -0.0025345292 -0.004746096 0.9999605 0.00708476
5283997.875 0.0026840784 -0.009623703 0.009007709 -0.0013092149 -0.004736834 0.9999657 0.0066650463
5333990.526 0.0033695179 -0.010037646 0.00786554 -0.001182525 -0.004640912 0.99996865 0.0063146213
5383982.926 0.0039561954 -0.008648347 0.009575395 -0.0020018453 -0.0044256207 0.99996334 0.00706051
5433975.327 0.0039844704 -0.0081213545 0.009534335 -0.0024556147 -0.0044633965 0.9999579 0.0076407418
5483983.727 0.003864832 -0.008258838 0.009893764 -0.0024699008 -0.0049064853 0.99995506 0.007731886
5533992.1280000005 0.0038356567 -0.008061358 0.009766265 -0.0024817062 -0.0046498813 0.9999532 0.008113785
5584008.528 0.003682662 -0.008720104 0.009063198 -0.0023196884 -0.0042789285 0.99995583 0.008050313
5634009.178 0.0039099576 -0.009308636 0.010148153 -0.0017282426 -0.003605694 0.99996006 0.007998255
5684001.829 0.0044551957 -0.009398987 0.010509653 -0.001099822 -0.0033425281 0.99995935 0.008304865
5733986.23 0.0041720155 -0.010314562 0.011114661 -0.00018924428 -0.0032264115 0.999964 0.007852993
5783986.63 0.005322485 -0.010337273 0.010966927 0.000116580704 -0.0029839722 0.9999651 0.007806687
5833987.031 0.0059554246 -0.011179586 0.009749363 5.0387083e-05 -0.0029573012 0.9999696 0.007212268
5884056.43 0.0069224895 -0.010695869 0.009813152 4.2531927e-05 -0.0028441416 0.9999676 0.007537299
5934004.081 0.007239344 -0.0100859 0.009970932 0.0005455649 -0.0033239105 0.9999604 0.008237691
5983996.732 0.008352174 -0.01061946 0.008908144 4.8001755e-08 -0.0035782305 0.99996006 0.008195498
6033981.133 0.008241216 -0.010406043 0.00960247 8.3005914e-05 -0.0036840031 0.9999551 0.008731855
6083973.533 0.008071087 -0.011244928 0.008764631 0.00042689074 -0.0041389153 0.9999552 0.008505218
6133989.934 0.0092992 -0.01165256 0.008359334 -0.00038846323 -0.00431519 0.99995434 0.008528171
6183998.584 0.008098102 -0.010514062 0.008488868 0.00027857113 -0.0048294137 0.99994564 0.009241162
6234006.984 0.009835723 -0.011926689 0.0076245256 -0.0005272462 -0.00431488 0.99995863 0.007995405
6284007.385 0.009985109 -0.012064487 0.0092133 1.2910271e-05 -0.003809213 0.9999657 0.007354076
6333991.785 0.010205057 -0.011387548 0.009123385 0.00048273656 -0.0042118877 0.99996793 0.00680127
6383983.936 0.011073671 -0.011172005 0.008134911 0.0002530666 -0.0045698197 0.9999673 0.00667892
6433984.587 0.0110904435 -0.010177908 0.0076475493 -0.00011679409 -0.005094267 0.999968 0.006178693
6483984.987 0.011998493 -0.009766904 0.007495197 -0.000121125006 -0.0052220398 0.999972 0.005362161
6533993.386999999 0.012444263 -0.008349902 0.0066096103 -0.0004766472 -0.0060752956 0.9999701 0.004767839
6583986.038 0.013578338 -0.0065930937 0.005281599 -0.00016550846 -0.007417607 0.9999619 0.004611033
6633970.939 0.015409898 -0.004529713 0.005236961 0.00067902775 -0.009412329 0.9999467 0.0041887225
6683963.34 0.014891874 -0.0017423853 0.0063223876 0.00174633 -0.01093718 0.9999329 0.003408126
6733963.74 0.016116297 0.0015716323 0.0068534687 0.0012717221 -0.011753974 0.99992347 0.003660235
6783956.141 0.018275145 0.0036721204 0.007803997 0.0030470742 -0.011668231 0.9999195 0.0039592
6833948.791 0.020222085 0.0059643737 0.008658761 0.004539352 -0.011743102 0.9999066 0.005320866
6883949.192 0.022571612 0.0071162386 0.009453391 0.005768008 -0.011672493 0.9998962 0.0061768214
6933941.592 0.026604058 0.006561425 0.00927846 0.0068794 -0.0121315615 0.99987876 0.0069266316
6983934.243 0.03016339 0.006801474 0.008876085 0.008245309 -0.0134488195 0.99983704 0.008777263
7033948.143 0.035758894 0.005565876 0.009069134 0.00930875 -0.013196187 0.99982375 0.009581341
7083935.294 0.042039964 0.004506591 0.009367692 0.009091962 -0.011733558 0.99984044 0.009945694
7133935.945 0.048780058 0.0036313925 0.009508942 0.00751452 -0.009245194 0.99988925 0.008925669
7183920.345 0.054342274 0.003602717 0.010273181 0.00672649 -0.0071108537 0.99992156 0.007818034
7233905.245999999 0.06005254 0.0039655557 0.010992398 0.0054251463 -0.005862134 0.99993896 0.007638467
7283897.647 0.06663561 0.0039291773 0.0110040065 0.0024178233 -0.005417297 0.9999518 0.007828656
7333897.797 0.074647464 0.0045498256 0.011720726 -0.0011271584 -0.005445904 0.99994135 0.009298285
7383930.197000001 0.081522904 0.0042204144 0.0109212445 -0.005033118 -0.006359296 0.99989444 0.01205823
7433907.097999999 0.089080915 0.004037799 0.009896215 -0.010134495 -0.007859396 0.99980664 0.014909132
7483915.498 0.09699895 0.0040468103 0.008679254 -0.015863657 -0.010926901 0.9996952 0.015445248
7533931.399 0.10449231 0.00462376 0.008106417 -0.019397294 -0.01384017 0.9996133 0.014333798
7583939.799000001 0.11356453 0.006338058 0.0073689423 -0.020677071 -0.014329427 0.9995873 0.013871799
7633940.199 0.12296589 0.007871716 0.0069020833 -0.021806382 -0.013511337 0.9995868 0.012965567
7683932.600000001 0.13449058 0.00965536 0.0070819105 -0.023275668 -0.012522207 0.9995886 0.01113939
7733901.751 0.14335719 0.0115896575 0.0068149976 -0.025791558 -0.0121137425 0.99953836 0.010538719
7783870.152000001 0.15221886 0.012991254 0.006865218 -0.027090896 -0.012690885 0.99949795 0.010438101
7833855.052999999 0.16241822 0.015060604 0.00645918 -0.02829755 -0.013287729 0.99945116 0.010961739
7883855.454 0.17266151 0.016258316 0.0062321597 -0.02872585 -0.013641836 0.9994242 0.011829628
7933871.353999999 0.18364018 0.01752199 0.0066143814 -0.029940067 -0.013504043 0.9993836 0.012395687
7983872.004 0.19463341 0.018634347 0.0065664235 -0.03242229 -0.013839632 0.9993073 0.01193357
8033856.904999999 0.20617701 0.02041754 0.0064902594 -0.033687454 -0.014874472 0.9992541 0.011628029
8083833.556000001 0.21820132 0.021647653 0.006307942 -0.033276804 -0.014987783 0.99926615 0.011629509
8133817.957 0.2310435 0.022301385 0.006728454 -0.032499652 -0.014462957 0.99929875 0.011691662
8183818.358000001 0.24300726 0.022876244 0.006943404 -0.033711307 -0.012715695 0.9992662 0.012997289
8233872.257 0.2550002 0.023126276 0.007223804 -0.036179293 -0.010351485 0.9991835 0.014706563
8283812.159000001 0.26628667 0.024028685 0.0073827803 -0.03964409 -0.009744105 0.9990322 0.016373629
8333812.559 0.27792543 0.024737746 0.0071519883 -0.043236356 -0.0113600055 0.9988445 0.017644333
8383812.960000001 0.2907328 0.024982316 0.006566546 -0.04667022 -0.01325953 0.99863195 0.019504488
8433820.86 0.30328533 0.024935434 0.0056843944 -0.048625037 -0.0138247805 0.9984768 0.022104904
8483821.51 0.31627086 0.024375536 0.005021147 -0.050584197 -0.013618039 0.99835175 0.023446314
8533814.161 0.3300786 0.024306966 0.004948923 -0.052024458 -0.0140652 0.99827766 0.023180706
8583814.561999999 0.34331995 0.024895953 0.005264568 -0.05044868 -0.015122364 0.9983609 0.022403713
8633807.212 0.35685572 0.025998408 0.0061199022 -0.049092844 -0.014741356 0.9984579 0.021317178
8683799.613 0.3701708 0.026584968 0.0069743334 -0.047918577 -0.013785034 0.99853826 0.020861987
8733775.764 0.38340157 0.027615985 0.0077838055 -0.046295162 -0.013335142 0.9986052 0.021603746
8783752.915 0.3963555 0.028018259 0.009314001 -0.044530794 -0.0137889655 0.9986511 0.022866368
8833729.316 0.40882367 0.02811487 0.010755153 -0.043933455 -0.014094606 0.9986358 0.024448322
8883729.716 0.42167136 0.028853528 0.012427091 -0.044813804 -0.013964057 0.9985409 0.026699333
8933738.367 0.43348745 0.029431798 0.014447404 -0.044800993 -0.013888238 0.998504 0.028103512
8983746.767 0.4459814 0.029978808 0.016699146 -0.043856412 -0.013799451 0.9985149 0.029227814
9033747.167 0.4574623 0.030526688 0.018905548 -0.04311738 -0.013521242 0.9985381 0.029663082
9083731.568 0.4684775 0.031349223 0.02124017 -0.044497147 -0.0129783 0.9984929 0.029386476
9133715.969 0.47876343 0.03283956 0.022403887 -0.04607525 -0.014550464 0.9983804 0.030031642
9183716.62 0.4886302 0.034551397 0.02332528 -0.048098374 -0.017189171 0.99818534 0.031894587
9233725.02 0.49835163 0.036211267 0.023852304 -0.050492376 -0.018884221 0.9979784 0.033662666
9283725.42 0.507529 0.037844162 0.023718162 -0.053253956 -0.01906633 0.99779135 0.034828898
9333726.071 0.5165864 0.03935354 0.023766782 -0.056319203 -0.018532366 0.9976209 0.03517611
9383735.971 0.52460897 0.040606264 0.023634147 -0.058917116 -0.01859801 0.9974742 0.035045855
9433727.372000001 0.53312045 0.04289692 0.02272828 -0.06390109 -0.019760704 0.99709505 0.036437295
9483719.772 0.5402408 0.044402428 0.021835085 -0.06820939 -0.02136458 0.9967226 0.03788296
9533720.173 0.54637563 0.045803852 0.020731097 -0.071851455 -0.024067748 0.9963641 0.038945477
9583728.572999999 0.5530816 0.047626194 0.02004868 -0.07578457 -0.02686076 0.99598 0.039484058
9633737.224 0.559066 0.04917516 0.019325776 -0.07892462 -0.028670164 0.9956908 0.039354257
9683737.124 0.56429845 0.050500575 0.018582676 -0.08147978 -0.029308913 0.99547005 0.039262243
9733721.775 0.56870824 0.05096668 0.01822538 -0.08262028 -0.030018851 0.9953725 0.03881321
9783706.676 0.57430243 0.051527 0.016788537 -0.08600792 -0.030274957 0.9950437 0.039676383
9833737.826000001 0.57925487 0.051687956 0.015958397 -0.08907952 -0.030793685 0.9947151 0.04072467
9883715.727 0.583664 0.051023312 0.014749534 -0.089949146 -0.031647537 0.99455076 0.042148024
9933731.377 0.5898835 0.050077155 0.014100884 -0.09032018 -0.0324461 0.99442905 0.043593027
9983740.027 0.59540266 0.04849571 0.013777468 -0.09054036 -0.03299019 0.99434656 0.044598464
10033740.427000001 0.60088706 0.04747354 0.014290411 -0.09074965 -0.033570375 0.99431694 0.044401735
10083733.078 0.6060233 0.046963215 0.015054633 -0.09073865 -0.034242954 0.9943531 0.04308031
10133725.479 0.61048245 0.046991345 0.015569805 -0.09047291 -0.035378415 0.9944276 0.040948313
10183733.879 0.6145603 0.047813583 0.016026668 -0.08991749 -0.035954986 0.9945203 0.039388843
10233734.280000001 0.619099 0.048598118 0.016231908 -0.08872459 -0.036009155 0.9946534 0.038676452
10283719.18 0.6237687 0.049605865 0.01618612 -0.087280706 -0.035424832 0.99477136 0.03945996
10333704.081 0.62865746 0.050515562 0.015884466 -0.08660074 -0.034112 0.99485147 0.040090792
10383688.231999999 0.63433796 0.050357807 0.015222288 -0.08538474 -0.032783113 0.9950097 0.039880678
10433696.632000001 0.6408338 0.050586656 0.0149975475 -0.08276447 -0.03159923 0.9952723 0.03980853
10483705.283 0.64678496 0.051243193 0.01539483 -0.0797252 -0.030413393 0.99560493 0.038598444
10533713.682999998 0.65177053 0.052556854 0.015673032 -0.07785958 -0.02936635 0.9958747 0.036181588
10583744.332999999 0.6557107 0.053595144 0.016018698 -0.07576473 -0.028326012 0.9961654 0.033346612
10633667.235 0.6599508 0.05452539 0.016047284 -0.07321461 -0.027321577 0.9964279 0.032011084
10683627.636 0.66425306 0.054841693 0.015672745 -0.07082986 -0.026436869 0.99661726 0.032223135
10733620.287 0.6680254 0.054363593 0.015664395 -0.069738805 -0.026011243 0.9966761 0.03311802
10783636.687 0.6713888 0.053417336 0.015474952 -0.069591075 -0.02583225 0.99666286 0.033954263
10833652.837 0.6740345 0.05299059 0.015193272 -0.068852015 -0.02592191 0.9966828 0.034796614
10883661.238 0.67690974 0.05225469 0.015257425 -0.06792175 -0.025662012 0.9967711 0.034287326
10933661.888 0.6786808 0.051669106 0.0150626935 -0.067412734 -0.025551839 0.9968648 0.03260828
10983646.289 0.6788662 0.05165095 0.013854662 -0.06788078 -0.025497658 0.9968637 0.03169855
11033630.69 0.6792504 0.04941773 0.013211126 -0.06845044 -0.026045017 0.99681526 0.031552743
11083623.34 0.6782718 0.047921784 0.012483227 -0.06900055 -0.02654196 0.9967181 0.03297795
11133631.740999999 0.677083 0.046156116 0.011586033 -0.06977129 -0.027356608 0.99658394 0.03470023
11183648.140999999 0.6750586 0.044275224 0.010865135 -0.071255565 -0.0283647 0.99638814 0.03645376
11233672.541 0.6730665 0.04227299 0.010751811 -0.07284219 -0.0286959 0.9962099 0.037900608
11283688.691000002 0.6710508 0.04065194 0.011206256 -0.07314517 -0.028348643 0.9961536 0.039041862
11333689.091 0.6693856 0.039208226 0.012183111 -0.072845995 -0.027425129 0.9961811 0.03955579
11383697.492 0.6674734 0.038498104 0.013233452 -0.071875826 -0.02685189 0.99624175 0.04018997
11433705.891999999 0.66678065 0.039325517 0.015189474 -0.07147264 -0.025951784 0.9962744 0.04068839
11483714.292 0.666106 0.03895219 0.016302543 -0.07030882 -0.026068542 0.9964069 0.039375402
11533714.693 0.6648995 0.03953625 0.017967004 -0.068942256 -0.026542034 0.99655235 0.037762266
11583715.092999998 0.66310215 0.040509157 0.019344565 -0.06760841 -0.027414752 0.9966688 0.036453404
11633699.744 0.6605751 0.04177042 0.02099589 -0.06649928 -0.029267473 0.99671817 0.03569624
11683692.145 0.6578843 0.042502094 0.022079311 -0.06608506 -0.0307659 0.99672776 0.034929305
11733691.045 0.65384436 0.043443732 0.023467608 -0.0632526 -0.031291123 0.9969248 0.034072462
11783685.446 0.6499369 0.042881962 0.023987526 -0.062829114 -0.0318674 0.99699545 0.03220444
11833694.095999999 0.6438353 0.043481797 0.024692094 -0.06270765 -0.032334503 0.9970248 0.031047905
11883702.496000001 0.63693047 0.04340337 0.024829403 -0.062450644 -0.033783972 0.9970006 0.030797593
11933694.897 0.62920237 0.042821437 0.02498056 -0.062017854 -0.03445564 0.9969715 0.031850677
11983695.298 0.6207844 0.041652173 0.024781417 -0.062475245 -0.034007397 0.996919 0.033059955
12033695.448 0.61225176 0.040470995 0.025027938 -0.06244297 -0.03298707 0.9969195 0.034122784
12083719.848 0.6039919 0.039336007 0.025672158 -0.061682507 -0.032363053 0.9969763 0.03444024
12133743.748 0.5958115 0.038653836 0.0261405 -0.06068062 -0.032039627 0.99707323 0.03370908
12183756.398 0.58783853 0.037804488 0.027419852 -0.059535533 -0.03234176 0.997194 0.03183923
12233753.048999999 0.57916886 0.037722968 0.028453656 -0.05880837 -0.03277639 0.9972627 0.030567423
12283745.199 0.57076705 0.037373886 0.029459344 -0.05841319 -0.03371581 0.9972699 0.03006569
12333738.1 0.56211156 0.036801614 0.030572847 -0.058274534 -0.03459583 0.997256 0.02979744
12383746.0 0.5528619 0.036568094 0.03177782 -0.05786448 -0.03549846 0.99725956 0.029409762
12433762.650999999 0.5428221 0.036294874 0.032714482 -0.057901166 -0.036368363 0.9972509 0.028555082
12483779.050999999 0.5326624 0.036052294 0.033736944 -0.058484204 -0.03717951 0.9972192 0.027409354
12533787.451 0.5212472 0.03579653 0.034361698 -0.05911471 -0.038254995 0.9971564 0.026855174
12583796.101 0.5094352 0.035611555 0.034508575 -0.060796425 -0.03879128 0.997038 0.02672595
12633796.502 0.49745348 0.03499828 0.034603685 -0.0620188 -0.039140925 0.9969389 0.027104193
12683796.902 0.48536426 0.034478746 0.034983985 -0.06316853 -0.039387118 0.9968449 0.027543573
12733804.803000001 0.47372335 0.033633452 0.035500687 -0.06349264 -0.03939862 0.9968397 0.02696675
12783813.453 0.46272632 0.03297783 0.036600698 -0.0626718 -0.038963 0.9969357 0.025947131
12833829.853 0.45076522 0.032308716 0.037924986 -0.061762203 -0.037947882 0.9970829 0.023898201
12883846.503 0.43862006 0.03212165 0.039576747 -0.06129846 -0.036930785 0.9971944 0.021955099
12933879.153 0.425525 0.031688083 0.040694095 -0.06077784 -0.03661309 0.997276 0.020154448
12983839.304000001 0.41196772 0.03123861 0.041630134 -0.06115852 -0.03635047 0.9972914 0.018660482
13033839.955 0.39820588 0.030945523 0.042160857 -0.06193538 -0.03627093 0.9972613 0.017846122
13083864.105 0.38394946 0.030451668 0.04263356 -0.06319312 -0.03576272 0.99721074 0.017273664
13133880.504999999 0.36974487 0.029951852 0.042720973 -0.06439699 -0.03529247 0.9971544 0.017046466
13183896.405 0.35594732 0.029602844 0.04312461 -0.064161696 -0.03471424 0.9972025 0.016292933
13233913.055 0.34252435 0.029608678 0.04403464 -0.063595824 -0.03389972 0.9972885 0.014900641
13283929.705 0.32907653 0.02967234 0.045249067 -0.06334269 -0.03305742 0.99735826 0.013095883
13333929.606 0.31638283 0.03031121 0.046710934 -0.06299788 -0.032675546 0.99740803 0.011868305
13383930.256 0.3042396 0.030695375 0.048306596 -0.061646923 -0.03272166 0.9974953 0.01149501
13433930.407000002 0.29272524 0.03116118 0.049693946 -0.06077948 -0.032287806 0.9975637 0.011407277
13483938.807 0.28197712 0.030967776 0.051041044 -0.05874578 -0.031381704 0.9977151 0.011344897
13533955.207 0.2720839 0.03110145 0.052748613 -0.056537297 -0.029760929 0.9978883 0.011691124
13583971.606999999 0.2623356 0.031156503 0.054649383 -0.054647017 -0.027754497 0.998054 0.011473777
13633979.758 0.25263694 0.03141451 0.056992278 -0.05255001 -0.026296996 0.998214 0.010765075
13683988.158 0.24332367 0.032068234 0.059431605 -0.050314177 -0.025672365 0.99834913 0.010421083
13733988.808 0.23449643 0.031922743 0.0615973 -0.04796352 -0.025596015 0.998467 0.010393796
13783989.209 0.22526026 0.031872682 0.06334736 -0.04551349 -0.025665078 0.9985731 0.011031698
13833997.609 0.21636628 0.031616118 0.06487108 -0.043445256 -0.025571348 0.9986577 0.011890098
13884014.009 0.20777133 0.031196257 0.065919794 -0.041605566 -0.025512429 0.9987343 0.012164413
13934030.409 0.19926167 0.031250864 0.06737176 -0.039714504 -0.025171174 0.9988165 0.012448654
13984038.81 0.19041832 0.030938268 0.06838062 -0.03757668 -0.023909895 0.99893266 0.012247924
14034039.459999999 0.18202099 0.031223845 0.06952138 -0.035935845 -0.022368036 0.9990373 0.0115199555
14084036.361 0.17356874 0.031507377 0.07079541 -0.03377647 -0.021386892 0.9991475 0.010302714
14134040.511 0.16533844 0.03190043 0.07179342 -0.03139682 -0.020920858 0.9992417 0.009621719
14184056.661 0.15689385 0.03246387 0.072819866 -0.029510656 -0.020134827 0.9993169 0.009467195
14234065.061999999 0.14874823 0.033108525 0.07355063 -0.028040888 -0.019646978 0.9993725 0.009082237
14284065.712 0.14083888 0.033692982 0.074535325 -0.026347466 -0.019995026 0.99941623 0.008555705
14334065.863 0.13327456 0.03403927 0.075119324 -0.024435416 -0.02031634 0.99945897 0.008478952
14384092.513 0.12588726 0.033775292 0.07551653 -0.022823602 -0.020333644 0.9994937 0.008831646
14434074.662999999 0.118699476 0.03286133 0.07556141 -0.020969495 -0.020267004 0.99953073 0.009377021
14484091.064 0.11169251 0.03270674 0.07591427 -0.018572496 -0.020575838 0.99956197 0.010376105
14534115.214 0.10381385 0.031998012 0.07561048 -0.016716678 -0.020494675 0.9995993 0.010093029
14584123.864 0.09586665 0.032104794 0.07497537 -0.015776305 -0.020265765 0.999619 0.010115958
14634124.014 0.08773617 0.03203821 0.07424723 -0.015069662 -0.020303523 0.99962586 0.010435529
14684116.415000001 0.079237044 0.03227266 0.07346325 -0.01512407 -0.020511137 0.9996194 0.010565106
14734116.815000001 0.07099622 0.03252968 0.07254902 -0.015524322 -0.020256646 0.99962205 0.010224236
14784141.215 0.06309378 0.03249582 0.07167513 -0.01573013 -0.019031396 0.999646 0.009915633
14834165.365 0.056401335 0.032509673 0.07029611 -0.016091628 -0.01714761 0.99966943 0.010398215
14884189.764999999 0.05030745 0.032766037 0.069461726 -0.016428376 -0.016505383 0.999666 0.011207962
14934198.166000001 0.044184584 0.033181395 0.068753816 -0.017247701 -0.017717753 0.9996195 0.012231525
14984182.566 0.03858953 0.033591814 0.06836723 -0.018059535 -0.020072099 0.9995498 0.01308536
15034183.217 0.033661727 0.03399858 0.06798951 -0.018606544 -0.02208174 0.9994909 0.013572384
15084207.616999999 0.028801223 0.034235753 0.06734182 -0.019144295 -0.022832638 0.99946505 0.0134855
15134231.517 0.025026906 0.03396094 0.067006975 -0.018567372 -0.022457603 0.9994897 0.013089373
15184256.167 0.021934196 0.033504568 0.06636757 -0.018406488 -0.022389825 0.9994952 0.013012353
15234248.567 0.018568601 0.03317555 0.06591978 -0.01759935 -0.023164699 0.999483 0.013693382
15284277.716999998 0.015412566 0.0325897 0.065513894 -0.018459853 -0.023486843 0.99945134 0.014307943
15334233.868999999 0.011537381 0.031856664 0.06521425 -0.018840315 -0.024059236 0.9994285 0.014455308
15384250.269 0.008294514 0.03167048 0.06482487 -0.018001864 -0.0239041 0.99944884 0.014374585
15434274.669 0.005496825 0.030924015 0.064533204 -0.01750652 -0.022729335 0.99949425 0.013718686
15484290.819 0.002866509 0.030595535 0.06389069 -0.017639223 -0.020946246 0.99953717 0.013251313
15534290.72 0.000516975 0.030453952 0.063312605 -0.01759435 -0.019534303 0.9995613 0.013642523
15584283.12 -0.00095808617 0.030863509 0.062354874 -0.017980602 -0.018703876 0.99955827 0.014500882
15634276.271 -0.002019756 0.031973936 0.061553147 -0.018624594 -0.018307261 0.9995437 0.015182024
15684276.671 -0.0019934226 0.033548553 0.060971018 -0.019241236 -0.018741792 0.99953467 0.014460099
15734292.571 -0.0010639282 0.034829117 0.05965124 -0.019752475 -0.018814417 0.99953556 0.013585835
15784300.972 0.00014843351 0.03566447 0.058835108 -0.01925818 -0.019998236 0.9995335 0.012732492
15834293.622 0.0013102363 0.03651611 0.058235817 -0.017833859 -0.020731846 0.99954075 0.013060562
15884270.523 0.0035263258 0.035723783 0.057421528 -0.017766442 -0.02076354 0.9995274 0.014077842
15934238.924999999 0.0054526427 0.03407992 0.05604811 -0.018663727 -0.020135099 0.9995113 0.01495062
15984231.575 0.0069315387 0.032265432 0.054103777 -0.020070639 -0.019885099 0.99947655 0.01576193
16034247.975 0.009062876 0.030617492 0.052666336 -0.021628791 -0.019702978 0.99943495 0.016546907
16084272.374999998 0.011515181 0.029499693 0.050920196 -0.0226212 -0.01940904 0.9993979 0.017764704
16134296.275 0.014921799 0.027812066 0.04855868 -0.023358276 -0.018877963 0.99936855 0.018989528
16184296.925999999 0.019664295 0.026526203 0.046076775 -0.02498528 -0.017823026 0.99933547 0.019665781
16234265.827 0.024144905 0.02546701 0.043751847 -0.02526228 -0.017014608 0.99933857 0.019872995
16284250.227999998 0.03037872 0.024549492 0.041670077 -0.025524734 -0.01600495 0.9993492 0.019840125
16334250.878 0.038346402 0.022860974 0.039060853 -0.02500717 -0.014487469 0.9993833 0.019948931
16384251.029 0.047248825 0.02103132 0.036458053 -0.024173185 -0.013205255 0.9994035 0.020830885
16434254.429 0.05657361 0.020102888 0.034033414 -0.024360532 -0.012523868 0.9994032 0.021050336
16484220.829999998 0.066262014 0.019882817 0.031761948 -0.02563221 -0.013922643 0.99937415 0.020010842
16534189.481999999 0.07629973 0.019867882 0.028985333 -0.026272343 -0.015996065 0.99934876 0.018866511
16584158.383 0.08671863 0.019401236 0.02583982 -0.026694862 -0.017083295 0.99932456 0.018602235
16634142.783999998 0.09720565 0.019009966 0.023001311 -0.02777926 -0.01812092 0.9992748 0.018704059
16684143.434 0.10864451 0.018893262 0.020497328 -0.028554967 -0.019888531 0.99921674 0.018843032
16734135.585 0.120263636 0.018534675 0.018325191 -0.029219352 -0.02194069 0.99916357 0.018359233
16784112.486 0.13220926 0.018323462 0.016450856 -0.029883219 -0.023421068 0.99911255 0.01824018
16834088.887000002 0.1453188 0.017429814 0.015319434 -0.02981463 -0.024364417 0.99909514 0.018068857
16884066.038000003 0.158892 0.016453478 0.014499325 -0.03037741 -0.024755297 0.99907273 0.017837478
16934050.189000003 0.17239398 0.015092363 0.014509843 -0.029876757 -0.02491726 0.9990848 0.017784117
16984042.839 0.18604675 0.01347243 0.014978119 -0.030042615 -0.024165815 0.99909526 0.017948352
17034043.24 0.19990127 0.012291731 0.015936019 -0.03138827 -0.022892395 0.9990819 0.018059073
17084035.64 0.21440507 0.010778949 0.017171925 -0.03119497 -0.021901084 0.99912095 0.017455172
17134028.041 0.22863927 0.010157587 0.019092463 -0.03153016 -0.02124415 0.9991272 0.01730626
17184020.692 0.24275316 0.009591432 0.020850923 -0.03226235 -0.021109324 0.9990971 0.0178472
17234013.092 0.25660154 0.009313001 0.023146715 -0.033659853 -0.021298584 0.9990379 0.018348154
17284005.993 0.27062955 0.009132614 0.025552223 -0.034527592 -0.022533787 0.9989729 0.018797353
17333990.644 0.28473902 0.009346354 0.02848949 -0.034738455 -0.02417367 0.9989168 0.019343747
17383990.794 0.29770553 0.010157096 0.031636532 -0.035850488 -0.024658352 0.9988812 0.018520474
17433991.445 0.31082088 0.010618291 0.034659695 -0.03652066 -0.024907399 0.99887186 0.017348798
17483983.845000003 0.3239624 0.011918954 0.037523016 -0.037343867 -0.024338761 0.9988636 0.0168705
17533968.246000003 0.33724058 0.012644705 0.04031609 -0.038503118 -0.023299811 0.99886656 0.015497637
17583953.397 0.35006937 0.014584602 0.04372644 -0.039057504 -0.024151852 0.9988531 0.01355566
17633980.047 0.36249077 0.0168749 0.047447447 -0.037608895 -0.024825964 0.99889636 0.013244442
17683930.448999997 0.37475678 0.01842383 0.051011574 -0.037418507 -0.024508968 0.9989214 0.012458525
17733914.849 0.38644394 0.020097917 0.054302998 -0.037356123 -0.024603283 0.9989199 0.012581897
17783899.75 0.39795524 0.02197531 0.0571616 -0.037028614 -0.0254463 0.9989027 0.013224307
17833876.400999997 0.40909895 0.023005862 0.059265543 -0.03690848 -0.027135277 0.99885494 0.013796085
17883868.552 0.4195899 0.023431785 0.0611762 -0.037269503 -0.027726086 0.9988095 0.014895917
17933861.203 0.4296674 0.024176791 0.063144095 -0.03808702 -0.02824527 0.998744 0.016188681
17983861.603 0.4395204 0.024359215 0.065124735 -0.038614012 -0.029009039 0.99868226 0.017357653
18033862.004 0.44863018 0.02455071 0.067190066 -0.03922268 -0.02991443 0.9986203 0.018009825
18083862.404 0.45764047 0.024937855 0.06939606 -0.040269416 -0.030744717 0.9985354 0.01898178
18133854.805 0.46636045 0.025193293 0.07130723 -0.041074507 -0.031033538 0.99847454 0.019961817
18183847.955000002 0.47484288 0.025054172 0.07282915 -0.04183408 -0.031216878 0.9984031 0.02160526
18233848.356 0.48353675 0.02495283 0.07442001 -0.04296005 -0.031168 0.99832696 0.022943538
18283848.755999997 0.4920696 0.02498398 0.07591964 -0.04389091 -0.030995216 0.99824846 0.024757158
18333856.656999998 0.5011774 0.024840668 0.07779532 -0.04427728 -0.03120811 0.9981902 0.026113454
18383865.057 0.51028055 0.024996702 0.07956998 -0.04462421 -0.031736482 0.9981125 0.027802566
18433857.707999997 0.5189313 0.024904246 0.081358925 -0.045109846 -0.03250935 0.99802166 0.02934406
18483842.608 0.52761894 0.025324665 0.083142884 -0.046161782 -0.033281334 0.9978927 0.031171372
18533827.009 0.5365156 0.025373116 0.08486982 -0.046533365 -0.034243967 0.99777687 0.0332161
18583819.66 0.54522175 0.02545827 0.08649023 -0.04621974 -0.035890456 0.9976557 0.03548048
18633828.06 0.5539458 0.025831949 0.088132955 -0.04599879 -0.03717704 0.9975541 0.037253235
18683836.461 0.5621908 0.026125811 0.08933197 -0.04556529 -0.038217228 0.9974672 0.03901934
18733836.861 0.57003945 0.026190173 0.08994864 -0.045984525 -0.038885742 0.99735904 0.040599026
18783830.262 0.5772862 0.026381891 0.09062716 -0.04633907 -0.039333466 0.9972842 0.041591186
18833814.162 0.58429646 0.026316194 0.09098672 -0.046608645 -0.039173827 0.9972176 0.043013938
18883806.563 0.59119385 0.025970362 0.09149008 -0.046082254 -0.03789264 0.9972012 0.04505936
18933806.963999998 0.5981294 0.025684332 0.09214266 -0.046049003 -0.035887886 0.997204 0.046644606
18983815.614 0.6049532 0.025501322 0.0930688 -0.045472883 -0.03503838 0.99722767 0.047345407
19033816.014 0.61180973 0.025619833 0.09423247 -0.043921765 -0.03594323 0.99723524 0.047968168
19083816.165 0.6187618 0.02592657 0.09540821 -0.042566363 -0.03668137 0.997223 0.048876908
19133808.566 0.62580544 0.025850043 0.09667242 -0.04112284 -0.036656063 0.99725187 0.049537998
19183801.466 0.63253987 0.02585612 0.097784705 -0.039410014 -0.036698338 0.9972891 0.050145283
19233816.116 0.63905716 0.02618565 0.09934395 -0.037274003 -0.036632318 0.99734896 0.050634257
19283794.517 0.64522403 0.026065616 0.10073946 -0.035264358 -0.036352612 0.9974215 0.05084552
19333794.917999998 0.65107316 0.025941996 0.102313735 -0.032799006 -0.035683315 0.99753106 0.050821017
19383795.568 0.656499 0.025517315 0.103523925 -0.030268949 -0.03515769 0.9976283 0.050849512
19433795.969 0.6614493 0.025417568 0.10498268 -0.0277316 -0.03423147 0.9977215 0.051098116
19483796.369000003 0.66598004 0.024783477 0.1063176 -0.025436327 -0.03320332 0.99782056 0.05103647
19533796.77 0.67007315 0.024346301 0.1074744 -0.022618555 -0.032469083 0.9979074 0.05113758
19583797.17 0.6736808 0.023688339 0.108424 -0.020384492 -0.031796724 0.99797267 0.051225286
19633813.32 0.6758283 0.023012424 0.10904252 -0.019094024 -0.03158433 0.9979819 0.051672947
19683813.721 0.6774869 0.02240663 0.10918792 -0.019289415 -0.031463835 0.99794424 0.05239481
19733822.371 0.6770981 0.021542497 0.1085308 -0.019735519 -0.031966522 0.9979084 0.05260721
19783822.522 0.67671424 0.0221746 0.1079241 -0.020857781 -0.0321513 0.99783504 0.05344644
19833815.172 0.67500865 0.022427399 0.10682703 -0.02229125 -0.033045255 0.99774706 0.053962324
19883823.573000003 0.6733426 0.02221453 0.10595695 -0.02419027 -0.034252696 0.9976362 0.054438848
19933815.972999997 0.6709095 0.022169929 0.1047312 -0.026339812 -0.03483315 0.99754494 0.05474421
19983839.873000003 0.66786236 0.022225294 0.10413259 -0.03042067 -0.03453132 0.9974227 0.05504699
20033801.775000002 0.66457504 0.02191768 0.102908656 -0.031757616 -0.034752313 0.9973505 0.055459294
20083802.175 0.6619758 0.021943558 0.102318294 -0.03280096 -0.034905005 0.9972769 0.05607715
20133794.576 0.65869147 0.022238318 0.1019707 -0.033751573 -0.035589926 0.99720466 0.05636657
20183795.226 0.65527165 0.022162333 0.102019385 -0.034878023 -0.036704484 0.9971274 0.056332387
20233803.376000002 0.65058607 0.022289347 0.10241851 -0.035252597 -0.037838437 0.9970743 0.05628866
20283803.777 0.64666307 0.02188928 0.102363706 -0.036390506 -0.037962444 0.9970421 0.056050997
20333804.177 0.6416159 0.021628687 0.102688126 -0.036607884 -0.03725081 0.9970757 0.055789422
20383804.578 0.6368584 0.020994827 0.10283042 -0.036696598 -0.03674563 0.99710906 0.05546803
20433797.229000002 0.63157463 0.02021188 0.10295762 -0.037382677 -0.036642138 0.99707586 0.055674396
20483789.629 0.6254863 0.018945735 0.102942 -0.036833674 -0.03712064 0.99705225 0.05614545
20533798.03 0.61885935 0.018574389 0.10350789 -0.03576349 -0.03730467 0.9970881 0.056077555
20583806.43 0.6106901 0.018385721 0.10443786 -0.03406923 -0.03679467 0.9972256 0.055014834
20633815.08 0.6012363 0.018310536 0.105144866 -0.032358166 -0.03598545 0.9974115 0.05318248
20683815.481 0.59017867 0.018545644 0.105530806 -0.03161374 -0.03525558 0.99758726 0.05076764
20733807.881 0.5773138 0.019505229 0.10564074 -0.031975046 -0.03586661 0.9976449 0.048948225
20783800.281999998 0.5638996 0.020587679 0.1052601 -0.032733317 -0.036653228 0.9977009 0.046669
20833800.932 0.55048335 0.020880114 0.104200624 -0.033498403 -0.035559747 0.99776274 0.045639057
20883809.333 0.5384793 0.020013016 0.10351452 -0.03235026 -0.031906728 0.9979602 0.044843543
20933809.983 0.5261658 0.019016523 0.103108235 -0.031224722 -0.029197076 0.9981248 0.043812145
20983818.384 0.5147885 0.018068846 0.10331678 -0.030663429 -0.028888607 0.99816996 0.04338351
21033826.284 0.5029992 0.016689416 0.10375638 -0.031025201 -0.030379804 0.998132 0.04297784
21083826.684 0.49095976 0.01543097 0.104555875 -0.03143114 -0.03263219 0.99805546 0.042809337
21133835.084999997 0.47876233 0.014505984 0.10571502 -0.03192036 -0.033391446 0.9980173 0.042750433
21183835.985 0.46669737 0.0141414255 0.106995806 -0.031994067 -0.032525003 0.998061 0.042341586
21233852.384999998 0.45482272 0.014206203 0.10853307 -0.03172073 -0.03032424 0.99818724 0.04119013
21283868.785 0.44273782 0.01472653 0.10943313 -0.031180296 -0.028122494 0.9983425 0.03935985
21333877.186 0.4305912 0.016194135 0.11060079 -0.03048977 -0.02679155 0.998481 0.037261326
21383877.836 0.41808566 0.017669685 0.111648016 -0.029817099 -0.026626889 0.9985696 0.035506245
21433885.487 0.40490407 0.019108376 0.11260921 -0.029943043 -0.026780806 0.9986067 0.03421823
21483893.887000002 0.3915567 0.020123705 0.11319546 -0.031056523 -0.026429396 0.99861777 0.033160232
21533942.536 0.37880626 0.020722678 0.11397803 -0.030948512 -0.02569085 0.9986495 0.03288598
21583926.937 0.36604074 0.020923497 0.115057305 -0.029985683 -0.02444122 0.99874675 0.031756394
21633942.837 0.35313904 0.021566186 0.11602079 -0.02981793 -0.023836706 0.9988095 0.030367782
21683959.237 0.34038496 0.022367815 0.11678252 -0.029663153 -0.023842923 0.9988528 0.02906493
21733959.638 0.32775497 0.02359853 0.11717939 -0.029851016 -0.024210716 0.9988613 0.028263751
21783968.288000003 0.3155475 0.024484536 0.117840745 -0.029547056 -0.024357853 0.99887675 0.027909076
21833976.688 0.3036655 0.025426898 0.118271515 -0.029116075 -0.02422903 0.99890864 0.027328683
21883985.089 0.29186383 0.026182367 0.1190629 -0.028550567 -0.024172412 0.9989578 0.026150618
21934000.989 0.28022933 0.027161699 0.119898565 -0.028171733 -0.024227053 0.99899167 0.02520103
21984017.389 0.26849326 0.027761525 0.1205611 -0.028378958 -0.02388667 0.9990263 0.023885567
22034026.039 0.25681937 0.028691098 0.12120636 -0.028321827 -0.023735514 0.9990456 0.023292314
22084034.44 0.24531592 0.029140592 0.12152046 -0.028255273 -0.023763748 0.9990538 0.022990972
22134043.09 0.23405471 0.029827854 0.1219208 -0.028321272 -0.023210427 0.99905777 0.02329796
22184058.74 0.2229004 0.029984085 0.12229511 -0.028247807 -0.022400578 0.99908197 0.023141982
22234083.39 0.21198024 0.03054326 0.12270703 -0.027836893 -0.021978013 0.99910736 0.022947494
22284091.79 0.2014721 0.03151412 0.123261355 -0.026980167 -0.021264682 0.999169 0.021936739
22334130.19 0.19083978 0.032635763 0.12390267 -0.02571665 -0.021038368 0.9992334 0.020702468
22384101.091 0.18047242 0.03375148 0.124337055 -0.024585605 -0.020441802 0.99930006 0.019419683
22434109.491 0.17041981 0.03491481 0.12457394 -0.023695877 -0.019917322 0.9993555 0.018179124
22484125.642 0.15991981 0.03619487 0.1247743 -0.023059493 -0.01961193 0.99939835 0.016930453
22534149.792000003 0.14999543 0.03703387 0.124385886 -0.023053152 -0.019457392 0.9994153 0.016098894
22584158.192 0.14046879 0.03769628 0.12371124 -0.023354739 -0.018984668 0.99941146 0.016457656
22634166.842 0.1314798 0.03735629 0.123012945 -0.023287922 -0.01801147 0.9994119 0.017583674
22684159.243 0.123215064 0.036947437 0.122797735 -0.02337844 -0.016721217 0.99941283 0.018652702
22734175.643000003 0.11537325 0.036418814 0.123030394 -0.022726241 -0.016000902 0.9994388 0.018698186
22784191.542999998 0.10778148 0.036118127 0.12328098 -0.022073453 -0.016045013 0.99945414 0.018622354
22834215.943 0.09992824 0.035924137 0.122942455 -0.021888167 -0.016107699 0.9994593 0.018509023
22884232.343000002 0.092466615 0.035982806 0.12195491 -0.022582527 -0.015418475 0.999452 0.018657658
22934240.242999997 0.08487755 0.03608201 0.120604455 -0.023055151 -0.014894248 0.99944943 0.018641498
22984248.644 0.07796572 0.0364717 0.1187172 -0.023694785 -0.014652111 0.9994332 0.018899312
23034257.294 0.07134615 0.036594335 0.11677422 -0.024718925 -0.0143740885 0.9994047 0.019304965
23084273.694000002 0.065423414 0.036156055 0.11513792 -0.025104146 -0.014151752 0.99938554 0.019954573
23134282.095 0.060553208 0.03593478 0.113630205 -0.025367439 -0.014251208 0.9993628 0.020674476
23184297.994999997 0.056524113 0.03554839 0.11242152 -0.02537408 -0.014838537 0.99934584 0.021069385
23234306.645 0.05378866 0.03590859 0.11083605 -0.025803765 -0.014410407 0.99931955 0.02206629
23284307.044999998 0.051003624 0.03565356 0.109472506 -0.026264003 -0.014031646 0.9993191 0.021791667
23334307.446000002 0.050388947 0.036182724 0.10733305 -0.02666137 -0.014128234 0.9993148 0.02143882
23384308.095999997 0.049747694 0.03691501 0.10597753 -0.025339134 -0.014353098 0.9993555 0.02098888
23434308.497 0.04884343 0.037394814 0.10463918 -0.024070663 -0.013449277 0.999422 0.019885035
23484300.898000002 0.04811245 0.037988693 0.10309215 -0.023570351 -0.012442435 0.99947494 0.018428635
23534286.297999997 0.047652986 0.03930055 0.10122236 -0.023526546 -0.012119972 0.99949855 0.0173898
23584270.698999997 0.046324104 0.04000408 0.09965724 -0.023871843 -0.011973857 0.99950504 0.016628165
23634255.1 0.044749185 0.04107943 0.09743187 -0.024835601 -0.012167212 0.9994813 0.016500423
23684255.501 0.043792386 0.04178639 0.094668634 -0.026662951 -0.01233894 0.9994321 0.016506322
23734282.900000002 0.04317728 0.04283283 0.09197147 -0.028083958 -0.012856654 0.99938256 0.0167493
23784264.051000003 0.04267331 0.043490537 0.08918475 -0.029612098 -0.013437794 0.99932694 0.016979817
23834256.702 0.04349886 0.04244953 0.08536562 -0.031337913 -0.013803608 0.99927104 0.016876552
23884249.353 0.0449086 0.042316526 0.08228617 -0.032601774 -0.014608089 0.99921364 0.017204039
23934249.753 0.046589185 0.042551775 0.079567365 -0.033867862 -0.015526214 0.9991502 0.017632207
23984242.654 0.047900524 0.042349096 0.07677758 -0.034785043 -0.016365351 0.99911034 0.017341807
24034243.054 0.050098144 0.04256601 0.074502915 -0.03535744 -0.01650895 0.9990815 0.017708467
24084235.455 0.05265271 0.0419669 0.071422085 -0.036301125 -0.015454814 0.9990667 0.0175833
24134227.856 0.055003345 0.04196237 0.06880293 -0.03661582 -0.013755264 0.9990765 0.017784905
24184220.256 0.058146533 0.04159703 0.06567004 -0.036414314 -0.012321697 0.99910665 0.017556036
24234212.907 0.0622174 0.041467853 0.06300493 -0.037223577 -0.011311274 0.99909 0.017482558
24284197.308000002 0.06647092 0.04184984 0.060221 -0.03758132 -0.011203462 0.9990742 0.017689593
24334182.459000003 0.071667366 0.042117637 0.056913223 -0.03790792 -0.012119566 0.99905396 0.017532354
24384166.608999997 0.0778965 0.042795368 0.05357126 -0.037480175 -0.01292226 0.9990648 0.017253943
24434159.259999998 0.085198194 0.04352205 0.050685905 -0.037272196 -0.013966892 0.99908775 0.015471251
24484143.661000002 0.092895254 0.04474467 0.048535965 -0.037182536 -0.016293459 0.99909616 0.012607004
24534128.812 0.10108637 0.046415325 0.04679602 -0.036476515 -0.018478263 0.9991138 0.009982717
24584097.213 0.10994025 0.047954325 0.045578577 -0.03594006 -0.01947918 0.99913704 0.007353463
24634066.114 0.11901472 0.048900995 0.044560496 -0.036112994 -0.019473065 0.99914056 0.005904139
24684057.015 0.12806949 0.04901441 0.043285575 -0.037607837 -0.019872935 0.99907386 0.0065034204
24733995.667 0.13713229 0.048457056 0.0424647 -0.039766476 -0.020311838 0.99896604 0.008539483
24783980.316999998 0.14663893 0.046986435 0.042630732 -0.041565195 -0.020688558 0.99886835 0.0103126
24833996.718 0.1560531 0.045575164 0.042303875 -0.04321304 -0.020289686 0.99878436 0.012275925
24884021.117 0.1667239 0.04400191 0.042448167 -0.04543289 -0.019206379 0.9986848 0.013989094
24934028.768000003 0.17796373 0.043284908 0.042815857 -0.046590198 -0.018858783 0.998608 0.015994657
24984029.417999998 0.18932568 0.0431464 0.043298263 -0.04681543 -0.020488333 0.9985422 0.017379751
25034028.569000002 0.20106749 0.043801825 0.04429889 -0.04810411 -0.022642415 0.9984167 0.018370872
25083998.97 0.21279985 0.044592462 0.04518355 -0.04938018 -0.024170801 0.99830705 0.018987246
25133991.371 0.22452892 0.04508326 0.045728974 -0.050712515 -0.024736635 0.9982242 0.019100834
25183991.521 0.2364 0.045768026 0.046158455 -0.052646957 -0.024903214 0.99810904 0.019660762
25233984.172000002 0.24842328 0.046429098 0.046393286 -0.055038564 -0.025417268 0.99795705 0.020160165
25283984.571999997 0.26171196 0.046824373 0.047197957 -0.056438684 -0.026472976 0.99784255 0.020593926
25333976.973 0.27531743 0.046888515 0.048305657 -0.057315003 -0.026966145 0.9977812 0.020507986
25383970.123999998 0.28915387 0.04704726 0.049759407 -0.058294576 -0.026670268 0.9977426 0.020004801
25433962.524 0.30268574 0.047223147 0.05135845 -0.058462594 -0.02700635 0.997741 0.019125752
25483954.925 0.31654036 0.047525167 0.053416144 -0.058330182 -0.027556252 0.99774474 0.018538114
25533939.326 0.33094335 0.047509078 0.05561915 -0.05774323 -0.028148336 0.9977656 0.018363198
25583923.726999998 0.34524393 0.047348406 0.058001146 -0.056891777 -0.028703041 0.9977999 0.018301921
25633908.877 0.35896936 0.047338 0.06069118 -0.056709 -0.029138813 0.9978054 0.017872354
25683909.277999997 0.3723015 0.047930237 0.0634654 -0.05641377 -0.030107168 0.99779797 0.017614063
25733909.678 0.3852664 0.04835666 0.066360585 -0.056616068 -0.03146642 0.9977419 0.017768553
25783902.329 0.39792806 0.049459826 0.069069445 -0.056722257 -0.032028966 0.9977119 0.018106705
25833878.98 0.41031027 0.05033351 0.07174404 -0.055953093 -0.032142792 0.9977528 0.018039867
25883871.381 0.4221757 0.051231932 0.07401027 -0.056108337 -0.031609565 0.99777126 0.01747145
25933864.531000003 0.43406048 0.052436855 0.07648726 -0.056264214 -0.031095376 0.99779314 0.016624121
25983856.932 0.44515634 0.05434231 0.078681126 -0.056183245 -0.031739883 0.99778664 0.016056394
26033849.333 0.45543626 0.055865593 0.080226965 -0.057552416 -0.032334194 0.9977016 0.01528739
26083825.733999997 0.46542087 0.0573865 0.08146919 -0.059196353 -0.03334219 0.99756575 0.015708461
26133810.384 0.47615153 0.058404356 0.082532056 -0.0603731 -0.03465101 0.99744135 0.016283479
26183802.785 0.4858153 0.059735894 0.08355677 -0.06190886 -0.035529446 0.9973147 0.016380506
26233803.436 0.4953863 0.060428984 0.084305696 -0.06350979 -0.03591807 0.997203 0.016207423
26283811.836 0.50558656 0.06128434 0.085167445 -0.06382822 -0.035804216 0.99717784 0.016746111
26333812.486 0.51486635 0.061898645 0.08574028 -0.063978575 -0.035338003 0.99719137 0.016353222
26383804.637000002 0.5242191 0.06331711 0.086458385 -0.064432025 -0.034568667 0.997204 0.015417501
26433789.038000003 0.5335226 0.06504252 0.0866 -0.06460486 -0.033792485 0.99723357 0.0144744655
26483773.689 0.54223007 0.06702988 0.08642132 -0.0641646 -0.033435464 0.99728566 0.013652447
26533766.089 0.5504174 0.06861534 0.085948095 -0.06294929 -0.033556916 0.9973706 0.0127774
26583759.24 0.5579146 0.07044536 0.085162304 -0.062843904 -0.033162676 0.99739635 0.012307366
26633751.641 0.5645594 0.07136658 0.08399494 -0.0622928 -0.032461267 0.9974552 0.012206933
26683744.041 0.5708783 0.07202968 0.08286968 -0.061612964 -0.03214611 0.9974993 0.012873166
26733744.441999998 0.5758024 0.07169375 0.08167805 -0.06158036 -0.031825114 0.9974986 0.013843948
26783728.843 0.58039194 0.070144 0.0805511 -0.062377885 -0.030819314 0.9974529 0.015709497
26833729.493 0.58457696 0.06774955 0.079156585 -0.06304199 -0.029503278 0.9974165 0.017766802
26883729.893999998 0.58874637 0.06540928 0.078074574 -0.064051986 -0.027996156 0.9973518 0.020073103
26933746.544 0.59326875 0.06336561 0.076594986 -0.065571465 -0.0259545 0.9972563 0.022511706
26983762.944 0.59800434 0.061801538 0.07521846 -0.066918336 -0.02507233 0.99714303 0.024476374
27033801.843 0.60369164 0.060761955 0.07396196 -0.06749143 -0.02560941 0.9970486 0.026138231
27083771.495 0.6092219 0.059926476 0.07306339 -0.06770948 -0.026429225 0.9970026 0.026509317
27133771.895 0.61470234 0.059532646 0.072132386 -0.06750563 -0.02694637 0.9969992 0.026636112
27183772.546 0.6197884 0.058916166 0.07093145 -0.06677532 -0.027311044 0.9970322 0.026869655
27233772.946 0.62474763 0.05860094 0.069942676 -0.066844314 -0.027073652 0.9970185 0.027441045
27283773.097000003 0.62907344 0.05776479 0.06869072 -0.066062875 -0.027076486 0.9970483 0.02823503
27333765.997 0.6338652 0.057282437 0.06777779 -0.06523764 -0.026927993 0.99707705 0.029264301
27383766.398 0.63818985 0.056751583 0.06691607 -0.064391196 -0.026442608 0.99712163 0.030051237
27433767.048 0.64186096 0.056464355 0.066406965 -0.063232034 -0.026293883 0.99719334 0.030262096
27483767.448999997 0.6449751 0.05674892 0.06661377 -0.061913643 -0.026345028 0.9972807 0.030065285
27533768.099 0.6473639 0.05685319 0.066750444 -0.06085047 -0.02624135 0.997375 0.029186103
27583760.5 0.6489554 0.056530766 0.06631488 -0.06049083 -0.02567878 0.9974135 0.029115718
27633752.900000002 0.6502404 0.055359334 0.06578465 -0.059520915 -0.024307653 0.9974881 0.02973164
27683745.301 0.6517185 0.05427101 0.066024624 -0.058245365 -0.023427755 0.99756587 0.03034807
27733745.702 0.65105134 0.054773174 0.065927364 -0.058329195 -0.023356387 0.99756855 0.030154556
27783754.102 0.65111923 0.054362897 0.065371625 -0.058992762 -0.02369532 0.99753976 0.029545132
27833762.752 0.6516295 0.05345319 0.0646241 -0.059713196 -0.02458195 0.9974639 0.029932661
27883771.152999997 0.6528228 0.05328004 0.06389665 -0.060290486 -0.024922382 0.9973925 0.03085773
27933763.553 0.6516453 0.054880105 0.06339901 -0.06041794 -0.02561111 0.9973251 0.032193672
27983755.954 0.6519294 0.05579287 0.063931964 -0.05986051 -0.026195897 0.99736726 0.031449676
28033756.354 0.65139675 0.0569296 0.06423272 -0.05920711 -0.027598266 0.99740857 0.030151341
28083757.005 0.6492306 0.057985168 0.06412429 -0.058575112 -0.02897839 0.99741656 0.02982528
28133765.404999997 0.6468495 0.057292853 0.0633245 -0.058897477 -0.030056601 0.99734694 0.030443622
28183758.556 0.6438747 0.057080086 0.06300315 -0.06055987 -0.030692922 0.99720234 0.031274516
28233750.706 0.6397093 0.056602713 0.062042233 -0.061246615 -0.0310817 0.9971231 0.03206634
28283751.107 0.63609207 0.055877738 0.061443932 -0.061604816 -0.030485526 0.99709827 0.032719444
28333767.757 0.6316638 0.055803113 0.060646053 -0.06148588 -0.030281413 0.99709016 0.03337327
28383783.656999998 0.6273859 0.05573476 0.06038808 -0.060831916 -0.030058715 0.9971653 0.03251577
28433800.057 0.62294817 0.055900104 0.060760263 -0.05949583 -0.030307112 0.99729633 0.030689538
28483800.208 0.61746824 0.057031803 0.06095535 -0.058385815 -0.031170232 0.9973977 0.028590294
28533784.608999997 0.61147654 0.057983052 0.06104955 -0.057470813 -0.03215813 0.9974582 0.027205981
28583769.759 0.6055143 0.058244497 0.06087809 -0.05628118 -0.032257732 0.9975088 0.027716102
28633762.16 0.59929776 0.058022097 0.060833152 -0.05455723 -0.031145142 0.9976035 0.028998153
28683797.81 0.5923674 0.057663202 0.060889274 -0.052731298 -0.029532276 0.99774104 0.029328568
28733786.711000003 0.58508396 0.05754653 0.061689574 -0.05037722 -0.028687801 0.99790186 0.028829075
28783802.860999998 0.57783264 0.057265606 0.06361606 -0.049626976 -0.028802084 0.9979517 0.028286286
28833803.511 0.5696806 0.056927424 0.06575732 -0.047874942 -0.029253075 0.99801284 0.02868331
28883795.912 0.56141555 0.056014042 0.06841817 -0.046236765 -0.030104263 0.99805135 0.029145585
28933796.312 0.5528176 0.05534091 0.070656314 -0.04469443 -0.03164584 0.9980574 0.029705543
28983804.713 0.54392934 0.054748807 0.07238297 -0.043463778 -0.03261295 0.99805605 0.030521065
29033821.362999998 0.53426814 0.054434087 0.07373001 -0.04257222 -0.032511827 0.9980973 0.030536098
29083837.763 0.5247936 0.054166686 0.07505211 -0.041137215 -0.032510407 0.99816394 0.030326074
29133853.663000003 0.51451844 0.054645263 0.07642391 -0.040422745 -0.032152183 0.99822986 0.029486021
29183846.064000003 0.50389785 0.05494859 0.07741225 -0.03925477 -0.032407574 0.99829113 0.028700653
29233846.713999998 0.4923068 0.05531155 0.07836948 -0.03865269 -0.032428212 0.99832726 0.028232846
29283839.615 0.48052368 0.05549313 0.07954449 -0.038455494 -0.032363113 0.99835724 0.02750754
29333840.015 0.46825847 0.05561612 0.08048252 -0.037567835 -0.032769546 0.99837464 0.02762266
29383896.665 0.45569938 0.05499551 0.081093475 -0.036910094 -0.03333142 0.99837023 0.02799301
29433872.816000003 0.44300702 0.054276727 0.08156513 -0.036170598 -0.03327566 0.99838066 0.028644852
29483881.216000002 0.42999566 0.053688068 0.08151974 -0.035624184 -0.033278234 0.9983851 0.029168205
29533881.616 0.41676864 0.052971136 0.08156405 -0.035186518 -0.032896176 0.998411 0.029245032
29583890.266999997 0.40343443 0.052228935 0.08131297 -0.034456808 -0.032886878 0.9984314 0.029428855
29633905.667 0.38989535 0.05196523 0.08088012 -0.03408521 -0.032681644 0.99844664 0.029572502
29683922.317 0.37600002 0.0519103 0.080211885 -0.03417727 -0.03157824 0.9984928 0.029103234
29733938.717 0.36225444 0.05207619 0.079783775 -0.033947133 -0.031157365 0.9985509 0.027803913
29783967.617 0.34854293 0.052468427 0.079217725 -0.032564253 -0.031659987 0.99862725 0.026094224
29833956.018 0.33417818 0.05334529 0.07830426 -0.032093413 -0.031753592 0.9986943 0.02390547
29883956.168 0.31905064 0.05402425 0.07692795 -0.033124845 -0.030362807 0.99875164 0.021818243
29933964.068 0.30374905 0.0545066 0.07514145 -0.03444803 -0.028361129 0.99878854 0.020749826
29983972.719 0.28762412 0.055367813 0.07278135 -0.03743003 -0.027794778 0.9986794 0.02158514
30033973.119 0.27132264 0.056333724 0.07030929 -0.04137406 -0.028736034 0.9984628 0.023121854
30083989.519 0.25565082 0.056702357 0.0678792 -0.04563928 -0.030101087 0.9981915 0.024998337
30134013.919000003 0.24086002 0.056718703 0.06516027 -0.050085623 -0.030941715 0.9979152 0.026445504
30184046.069000002 0.22692384 0.05654998 0.06309294 -0.05258124 -0.03176328 0.99772626 0.027725073
30234077.968999997 0.21406238 0.056284975 0.06183019 -0.054298446 -0.0321996 0.99759007 0.028792504
30284094.369 0.2009882 0.055961415 0.060913175 -0.05663738 -0.03216027 0.99745387 0.02904849
30334095.02 0.18856864 0.055448115 0.06072875 -0.05818144 -0.031890593 0.9973672 0.02926902
30384095.419999998 0.17650004 0.054540575 0.06097123 -0.057555947 -0.031668074 0.9973855 0.03011129
30434111.82 0.1652214 0.053110834 0.061717246 -0.056109123 -0.030806303 0.997469 0.030957336
30484143.97 0.15437068 0.052243475 0.062475443 -0.05521572 -0.02951277 0.9975348 0.031693675
30534186.369000003 0.14387418 0.05156744 0.063525304 -0.05367674 -0.028401881 0.9976428 0.031952184
30584208.52 0.13393058 0.050825525 0.0646339 -0.05262361 -0.02763007 0.99773926 0.03136542
30634216.92 0.1242044 0.050432596 0.06517906 -0.051217776 -0.027064538 0.99782515 0.031453766
30684217.32 0.115734 0.049931712 0.06596098 -0.04906823 -0.026114449 0.9979416 0.03198263
30734225.720999997 0.10724901 0.049537208 0.06640269 -0.04661716 -0.02519455 0.99806374 0.032570582
30784242.371 0.10028349 0.049379334 0.06705614 -0.04418999 -0.024111796 0.9981924 0.032829918
30834258.021 0.09398476 0.049068723 0.068067215 -0.04199357 -0.02324426 0.99832577 0.032280687
30884266.421 0.08752185 0.050077196 0.06956904 -0.04026281 -0.023332968 0.9984303 0.031170022
30934274.821 0.081279956 0.05096563 0.0703637 -0.039378982 -0.023745846 0.99848163 0.030329201
30984267.472 0.075845025 0.05246257 0.07061668 -0.03818412 -0.024224896 0.99851555 0.030363386
31034260.123 0.070831664 0.053039424 0.070632115 -0.03719524 -0.024374504 0.9985505 0.030322159
31084268.273 0.06596118 0.05356663 0.07064529 -0.03661283 -0.024163023 0.99857295 0.030459667
31134276.673 0.06100869 0.054169234 0.0706633 -0.03657713 -0.024222413 0.99858004 0.030220024
31184293.074 0.056333855 0.054769594 0.07063992 -0.03738679 -0.024191938 0.9985531 0.030144405
31234301.724 0.05215593 0.055361588 0.07048112 -0.038651858 -0.024487551 0.99848884 0.030439379
31284302.124 0.048691373 0.0556482 0.0704155 -0.039064858 -0.025369156 0.99843574 0.030926855
31334310.525 0.046213664 0.056180276 0.071175545 -0.038382955 -0.026513834 0.99842787 0.03107412
31384311.175 0.045181252 0.056185987 0.07138655 -0.03858419 -0.026556501 0.99842316 0.030940326
31434319.075 0.043790277 0.056056716 0.07159122 -0.03808597 -0.026200138 0.9984593 0.030693684
31484335.476 0.044275835 0.05554609 0.072696686 -0.03792162 -0.02556316 0.9984811 0.030725254
31534335.876000002 0.04335353 0.05470775 0.07196716 -0.03741348 -0.025076775 0.9985121 0.03074187
31584336.277 0.042102702 0.054451093 0.07129685 -0.037993673 -0.024450308 0.9984917 0.03119212
31634328.927 0.04259168 0.053435173 0.070171885 -0.03934025 -0.024256088 0.9984353 0.031480975
31684337.327999998 0.042710472 0.05301817 0.069266826 -0.040346164 -0.023630114 0.99841726 0.03125441
31734374.477 0.04360039 0.05295279 0.06804348 -0.04152577 -0.022505727 0.9983995 0.031105962
31784346.628 0.04498201 0.051933914 0.066909395 -0.043333653 -0.020819457 0.99837226 0.030685645
31834355.029 0.049766187 0.050842978 0.06470282 -0.04489779 -0.01968921 0.99831676 0.030987531
31884347.428999998 0.05437241 0.05082896 0.063925095 -0.045923956 -0.020395448 0.99826235 0.030779231
31934339.83 0.05973751 0.05122461 0.06376619 -0.04757516 -0.021983042 0.998185 0.029668014
31984331.981000002 0.064143896 0.052126836 0.06451367 -0.047538567 -0.024183052 0.9981697 0.028505513
32034324.631 0.07009418 0.05184024 0.06515404 -0.04610669 -0.025004867 0.99823534 0.027842367
32084317.531999998 0.07642559 0.050473318 0.065257825 -0.046132695 -0.02340335 0.99827075 0.027922515
32134301.933000002 0.08230741 0.048752014 0.06510582 -0.047400348 -0.02043214 0.99826217 0.028432496
32184302.833 0.08788955 0.046726197 0.0646872 -0.048053797 -0.018550318 0.99824774 0.02912405
32234302.984 0.09235123 0.045335233 0.06491801 -0.049052894 -0.017665796 0.9982028 0.029545967
32284303.384000003 0.09789941 0.043894112 0.06499968 -0.051312435 -0.016407907 0.99811876 0.029270642
32334311.783999998 0.103325 0.042615995 0.064772315 -0.052435424 -0.015659703 0.99807054 0.029335456
32384304.185000002 0.10985559 0.041852698 0.06468502 -0.054051805 -0.014628952 0.9979934 0.02955609
32434296.836 0.116574556 0.041622076 0.064255826 -0.05632584 -0.014404634 0.9978841 0.029108308
32484297.236 0.12351779 0.04174118 0.06460173 -0.057567596 -0.015067352 0.9978311 0.028144347
32534297.637 0.13114218 0.042020813 0.06524259 -0.05797799 -0.01576921 0.99782264 0.027202593
32584298.037 0.13964108 0.042381108 0.06579997 -0.058978997 -0.015540611 0.99780416 0.02582354
32634282.688000005 0.1479694 0.042672552 0.06656474 -0.058560822 -0.0153073585 0.9978559 0.02489808
32684267.588999998 0.1574211 0.043040063 0.067537785 -0.05844267 -0.015554986 0.99787307 0.024329035
32734243.990000002 0.1663701 0.042957656 0.06891795 -0.05819866 -0.015758285 0.9979146 0.02304714
32784228.391000003 0.17602088 0.043175574 0.070306666 -0.057835106 -0.016324082 0.99794227 0.022356879
32834221.041000005 0.18551585 0.04310064 0.07162173 -0.056929037 -0.016689355 0.997996 0.022013335
32884218.442 0.19530518 0.042876493 0.07286998 -0.056640506 -0.015494098 0.9980398 0.021645097
32934198.843000002 0.2049544 0.042235613 0.073807865 -0.05701228 -0.01429523 0.998045 0.02124698
32984183.244 0.21456064 0.042295136 0.07437155 -0.057370164 -0.014349081 0.99801046 0.02186328
33034159.645 0.22447713 0.041883245 0.07467203 -0.05864366 -0.015149736 0.99791217 0.022421213
33084144.546 0.23511375 0.041910548 0.07513766 -0.059708063 -0.016460788 0.9978211 0.022739448
33134144.946000002 0.24610278 0.042051446 0.075894594 -0.059955973 -0.018192207 0.9977747 0.022804372
33184160.596 0.25688595 0.042320646 0.0769078 -0.0604848 -0.019410547 0.99771404 0.02305637
33234177.246 0.26697415 0.042106852 0.07774178 -0.060669504 -0.019930242 0.9976886 0.023229599
33284161.647000004 0.27761635 0.04167079 0.07880668 -0.061226625 -0.020019952 0.9976427 0.023655599
33334146.547999997 0.2883288 0.041203693 0.07980081 -0.061135292 -0.019168913 0.9976554 0.02405892
33384123.198999997 0.2987522 0.04087299 0.080736235 -0.062036626 -0.01814028 0.9976135 0.024283066
33434123.599 0.30922076 0.041044533 0.0817147 -0.06362438 -0.017710146 0.99753445 0.02373562
33484132.0 0.3198223 0.04159827 0.082653895 -0.063769855 -0.018337343 0.9975224 0.023372797
33534140.400000002 0.33001983 0.041915946 0.083247 -0.06389908 -0.018912178 0.99751985 0.02265887
33584125.051 0.3403803 0.042659715 0.084140226 -0.06502088 -0.018541794 0.9974561 0.02258336
33634093.952 0.35051477 0.042976897 0.08485458 -0.06645065 -0.01769518 0.99737096 0.022858264
33684070.353 0.3606409 0.042740695 0.08546957 -0.06655947 -0.017396336 0.99735737 0.023358136
33734070.754 0.37140638 0.042753644 0.08635255 -0.06715211 -0.016942568 0.997305 0.024215193
33784087.404 0.38231072 0.042827513 0.08744093 -0.06804844 -0.016491832 0.9972605 0.023853423
33834103.804 0.39245918 0.04348378 0.088258296 -0.06862002 -0.016851021 0.9972196 0.023672242
33884096.203999996 0.40259185 0.04437641 0.08944607 -0.07040295 -0.017791176 0.9970862 0.023367453
33934072.855000004 0.4131404 0.045312464 0.090342745 -0.07149861 -0.019232584 0.99697644 0.023580428
33984057.006 0.4241604 0.045775905 0.09120018 -0.07143653 -0.019715963 0.9969505 0.024449691
34034050.157 0.4353893 0.046626806 0.09192491 -0.07228877 -0.019244501 0.99686533 0.025759052
34084091.807 0.44658408 0.04770071 0.09252231 -0.073374525 -0.019484418 0.99676055 0.026552977
34134051.458 0.45828333 0.048975497 0.09301131 -0.07356426 -0.020749407 0.9966971 0.027433965
34184051.858 0.4699946 0.05012097 0.09355868 -0.07418192 -0.021944342 0.9966164 0.027770203
34234036.258999996 0.4819805 0.05151071 0.09393875 -0.07490215 -0.02237685 0.9965434 0.028111646
34284020.660000004 0.49388435 0.05301748 0.09445365 -0.07593578 -0.022895223 0.99646014 0.02787151
34333997.311000004 0.50555086 0.05471071 0.094835944 -0.07690008 -0.023630068 0.9963961 0.026886428
34383989.962 0.51663744 0.05660492 0.09545079 -0.07694086 -0.024262153 0.99641234 0.025573242
34433990.362 0.5272991 0.05847013 0.096043386 -0.07710013 -0.02507749 0.9964062 0.024522463
34484016.012 0.5372784 0.06006691 0.09630269 -0.07770722 -0.02576944 0.99636894 0.023376096
34533975.414000005 0.54639435 0.061241407 0.09652233 -0.07787817 -0.02634616 0.9963653 0.02229588
34583959.814 0.5549074 0.062103156 0.09666175 -0.07814486 -0.026487933 0.9963493 0.021907173
34633944.715 0.5625182 0.0626643 0.09669935 -0.07841226 -0.026496775 0.9963214 0.0222084
34683937.116 0.569524 0.062631145 0.09708189 -0.07861032 -0.02579077 0.99631906 0.022441817
34733945.516 0.57623875 0.063519716 0.09763489 -0.07959708 -0.025579825 0.9962354 0.022914939
34783945.917 0.58266664 0.06368765 0.09760266 -0.07995338 -0.025076548 0.996232 0.022375634
34833954.066999994 0.58940995 0.063983984 0.09773106 -0.07945387 -0.025132103 0.99626195 0.022753516
34883946.968 0.59598494 0.06418675 0.097557165 -0.07953227 -0.024803074 0.9962545 0.02316268
34933939.368 0.6017306 0.06401147 0.09691544 -0.08045973 -0.024165118 0.99619544 0.023175266
34983923.769 0.607365 0.06346288 0.09630876 -0.08082306 -0.023490487 0.99617857 0.023328684
35033924.42 0.6124435 0.062611885 0.09551028 -0.08144696 -0.02270885 0.9961355 0.023765564
35083932.82 0.61711794 0.060923558 0.094392106 -0.0825049 -0.02201995 0.996046 0.024503589
35133941.22 0.6214727 0.05910895 0.09328381 -0.08365339 -0.02084093 0.9959531 0.02540393
35183941.871 0.62558615 0.057593834 0.0923007 -0.08507809 -0.019576233 0.995828 0.026554016
35233949.271 0.6296413 0.056147747 0.090931915 -0.085475855 -0.018097766 0.99578243 0.027997443
35283943.172 0.6349087 0.054038987 0.08993076 -0.08406555 -0.016732706 0.9958696 0.029949483
35333951.572000004 0.64054066 0.052113503 0.08908149 -0.0830811 -0.016180526 0.99590486 0.031768676
35383951.972 0.6457127 0.050505243 0.08842704 -0.082820185 -0.01655192 0.99591106 0.03206433
35433959.873 0.6506895 0.04988061 0.08770399 -0.08104029 -0.017738253 0.99602765 0.032355104
35483960.272999994 0.65584296 0.04918897 0.086838365 -0.08018885 -0.018551486 0.99606806 0.032774042
35533960.423999995 0.6611737 0.048015766 0.084414415 -0.079235666 -0.018293433 0.99610037 0.034222916
35583945.574999996 0.6667997 0.046556473 0.08199219 -0.07711507 -0.017028857 0.9962018 0.036678433
35633945.975 0.6729971 0.04500913 0.07963107 -0.07522451 -0.015301553 0.9962938 0.038805302
35683975.375 0.6794261 0.043079436 0.07777914 -0.07334607 -0.01488309 0.996417 0.03939675
35733946.776 0.685925 0.04123092 0.076184265 -0.06952822 -0.015467348 0.9966898 0.03919163
35783947.426 0.6925609 0.04007051 0.07496617 -0.06651857 -0.016276896 0.99688846 0.039037324
35833939.827 0.69871306 0.038566496 0.07389756 -0.063881986 -0.016517134 0.99706674 0.03878469
35883924.228 0.70476973 0.037423182 0.07302879 -0.06090112 -0.016450405 0.99725366 0.03880358
35933924.628 0.71069884 0.036326047 0.07282883 -0.056782424 -0.0150213875 0.99757236 0.037411064
35983925.029 0.71594155 0.035352316 0.07280349 -0.05350115 -0.012547143 0.9978718 0.035102487
36033925.679 0.72049713 0.03430615 0.07227909 -0.05001115 -0.011578255 0.9981008 0.034053415
36083926.080000006 0.724448 0.03272248 0.071780115 -0.049008977 -0.011453535 0.9981381 0.034455746
36133926.730000004 0.72733873 0.030251294 0.06960885 -0.051070847 -0.011636678 0.9980245 0.034691676
36183927.131000005 0.72791874 0.028939182 0.06789819 -0.05235966 -0.013518516 0.99790126 0.03562047
36233927.531 0.728737 0.028305614 0.06613871 -0.05378853 -0.016481321 0.99773306 0.036932375
36283935.932000004 0.729106 0.027639126 0.06465866 -0.056336336 -0.017580617 0.997508 0.038665555
36333944.332 0.72913766 0.025436629 0.06265347 -0.057922732 -0.01769073 0.9973886 0.039344955
36383944.982 0.73074615 0.025389677 0.06235285 -0.057295687 -0.018849416 0.99733377 0.041076813
36433983.882 0.7313584 0.024485568 0.06208275 -0.056463096 -0.021257026 0.9972791 0.042361725
36483946.033 0.73080194 0.023482982 0.061865408 -0.05572169 -0.022357875 0.99724877 0.043476123
36533954.434 0.7305375 0.022188587 0.061296422 -0.055651072 -0.021198273 0.99723047 0.044554397
36583970.584 0.7307242 0.020803042 0.06066473 -0.055571288 -0.018624242 0.9972622 0.045091096
36633970.984 0.7320806 0.021214653 0.060814142 -0.054309838 -0.017247574 0.99730164 0.046287276
36683971.135 0.7327313 0.020864893 0.06070018 -0.05261299 -0.018201603 0.997327 0.04732198
36733971.785 0.7332084 0.019840367 0.06011632 -0.0530186 -0.019605573 0.9972614 0.04769073
36783971.936 0.7325179 0.020260783 0.0598472 -0.052379742 -0.02180664 0.9972 0.048713554
36833980.586 0.7318457 0.019602505 0.058595065 -0.05308229 -0.024390334 0.9970743 0.04929714
36883988.986 0.7305318 0.020640835 0.057875324 -0.05385927 -0.02592061 0.99692756 0.050624426
36933989.387 0.72966623 0.020575035 0.055988852 -0.05405578 -0.027614562 0.9968427 0.051187206
36983982.037999995 0.72887105 0.02080084 0.05422879 -0.054597218 -0.02911806 0.99671394 0.052275207
37033982.438 0.7283446 0.02126962 0.05221384 -0.056236867 -0.029692126 0.99654543 0.053413983
37083982.838 0.72727007 0.02187725 0.04963166 -0.057937343 -0.029496755 0.99640757 0.05426963
37133991.239 0.7267891 0.02251319 0.047920145 -0.059151433 -0.029721875 0.9963183 0.054476503
37183991.889 0.7258387 0.02276446 0.04632821 -0.05923691 -0.030654918 0.99632007 0.053830173
37233992.29 0.72672284 0.02275154 0.045564264 -0.058945198 -0.030412091 0.9964199 0.052420825
37283984.69 0.72728366 0.02319079 0.045476492 -0.05784225 -0.029648248 0.99654454 0.051714256
37333969.591000006 0.7273398 0.023036743 0.044257805 -0.05760022 -0.02784158 0.99664867 0.05097722
37383969.992 0.7286061 0.022210399 0.043884303 -0.057417545 -0.027378324 0.99666166 0.051179096
37433978.142 0.7289251 0.020816077 0.04314773 -0.057074223 -0.027581153 0.9966459 0.051757026
37483986.542 0.7288623 0.019651629 0.04255865 -0.057333797 -0.028111992 0.996567 0.05269531
