943929.4789999999 -0.0 -0.0 -0.0 -0.0 -0.0 1.0 -0.0
984360.358 -0.0 -0.0 -0.0 -0.0 -0.0 1.0 -0.0
1043934.0360000001 0.0004308356 0.00014946789 0.000329993 0.0011452844 -0.0010615546 0.9999983 -0.0010776557
1084364.9149999998 0.0004308356 0.00014946789 0.000329993 0.0011452844 -0.0010615546 0.9999983 -0.0010776557
1143938.8429999999 0.0004308356 0.00014946789 0.000329993 0.0011452844 -0.0010615546 0.9999983 -0.0010776557
1184369.722 0.0004308356 0.00014946789 0.000329993 0.0011452844 -0.0010615546 0.9999983 -0.0010776557
1243943.4000000001 0.00056033966 0.00028286708 0.0005930551 -0.0022209845 0.0005709917 0.99999475 -0.0022881422
1284374.5289999999 0.00056033966 0.00028286708 0.0005930551 -0.0022209845 0.0005709917 0.99999475 -0.0022881422
1343948.207 0.00056033966 0.00028286708 0.0005930551 -0.0022209845 0.0005709917 0.99999475 -0.0022881422
1384379.0860000001 0.00056033966 0.00028286708 0.0005930551 -0.0022209845 0.0005709917 0.99999475 -0.0022881422
1443952.764 0.0006915041 0.0006097439 0.00080133084 0.0011070515 0.0020331896 0.999997 -0.0007765062
1484383.643 0.0006915041 0.0006097439 0.00080133084 0.0011070515 0.0020331896 0.999997 -0.0007765062
1543957.571 0.0006915041 0.0006097439 0.00080133084 0.0011070515 0.0020331896 0.999997 -0.0007765062
1584388.45 0.0006915041 0.0006097439 0.00080133084 0.0011070515 0.0020331896 0.999997 -0.0007765062
1643962.1279999998 0.0006272767 0.001014119 0.0013298184 0.0012782676 0.0035454363 0.9999876 -0.0032633028
1684415.257 0.0006272767 0.001014119 0.0013298184 0.0012782676 0.0035454363 0.9999876 -0.0032633028
1744049.6860000002 0.0009853553 0.0015497121 0.0017379273 0.0053056753 0.0028595347 0.9999745 -0.0038393755
1784397.814 0.0009853553 0.0015497121 0.0017379273 0.0053056753 0.0028595347 0.9999745 -0.0038393755
1843971.4919999999 0.0011728781 0.001980927 0.0021461218 0.0060889293 0.002010063 0.9999669 -0.0050197593
1884402.371 0.0011728781 0.001980927 0.0021461218 0.0060889293 0.002010063 0.9999669 -0.0050197593
1943976.2989999999 0.0011728781 0.001980927 0.0021461218 0.0060889293 0.002010063 0.9999669 -0.0050197593
1984406.928 0.001102859 0.0023270943 0.0017320083 0.008497894 0.0017305994 0.9999551 -0.0038362783
2043980.8549999997 0.0015968977 0.0019629123 0.0011037565 0.00847365 0.00218082 0.9999588 -0.0024416572
2085974.0089999996 0.0014164426 0.0015079061 0.00048812132 0.008027429 0.0024642486 0.99996316 -0.0017926663
2135310.2770000002 0.0013526668 0.0013534258 -9.017088e-06 0.0074649206 0.0023376844 0.9999687 -0.0011780342
2185280.555 0.00035479793 0.0010308198 0.0001913833 0.00922299 0.0013559693 0.9999561 -0.0009876798
2235687.34 0.00030201586 0.0007713846 -5.9268612e-05 0.010851106 0.000225356 0.99994045 -0.0011543292
2286292.128 0.00036242767 0.00092700846 0.0006271388 0.011640196 -0.0006868809 0.99993056 -0.0017268254
2336548.6599999997 0.00033883378 0.001025205 0.00072093424 0.011326076 -0.0010659155 0.9999308 -0.00301854
2386249.434 0.00012494047 0.0014430735 0.0010012405 0.012293303 -0.0014484539 0.9999124 -0.004704839
2435887.2070000004 0.00022684401 0.0019649083 0.0012125601 0.012063138 -0.0014413876 0.9999175 -0.00418329
2485706.983 0.00013601832 0.0021734466 0.0012616998 0.011837827 -0.0005480571 0.9999249 -0.003122574
2535733.512 8.181674e-05 0.002137338 0.0016077756 0.01246324 -0.00065196265 0.999917 -0.0032258858
2585902.293 7.480415e-05 0.0028437614 0.002097321 0.01251597 -0.0018485393 0.9999184 -0.0018083869
2636078.574 0.00018236048 0.002798127 0.0026436516 0.013010878 -0.0018119242 0.9999087 -0.003177315
2686105.1029999997 0.00015331185 0.0034405023 0.003294235 0.013531323 -0.0004075788 0.9998751 -0.00815788
2736012.38 0.00014103312 0.003957993 0.0036168455 0.012773812 8.9750414e-05 0.9998213 -0.013936192
2785903.656 0.0002884003 0.0040924414 0.0035784142 0.0117921 -0.0003027633 0.99978447 -0.01708516
2835850.434 1.8382309e-05 0.004511269 0.0034398271 0.013457444 -0.0021856877 0.99979144 -0.015206215
2885868.4630000005 0.00031651996 0.003957239 0.0032441851 0.017237488 -0.002278761 0.99978316 -0.011465767
2935980.743 0.0006989743 0.0035616625 0.0031266375 0.021183634 -0.0018926996 0.99974465 -0.0076365764
2985976.521 0.0011473305 0.003227569 0.0030139124 0.02374559 -0.0011573702 0.99970514 -0.0049540275
3036010.3 0.0018895998 0.0018510426 0.0031608655 0.023496635 0.00012098885 0.9997121 -0.0048579765
3085988.5790000004 0.0016852255 0.00014838681 0.0029340386 0.024235426 0.0024857055 0.9996849 -0.006055556
3135951.856 0.0016491865 -0.0012338235 0.00317046 0.024287647 0.0061650295 0.99965745 -0.0075605204
3185930.3850000002 0.00106182 -0.0031341333 0.0032852052 0.024825182 0.009471093 0.9996061 -0.009040928
3235940.1629999997 0.00064489857 -0.005039082 0.003719112 0.029538115 0.012066223 0.9994702 -0.0064279954
3285974.442 0.00036680576 -0.006428491 0.0038336194 0.03595444 0.01383401 0.9992563 -0.0016448605
3336029.471 -0.00030305397 -0.008331323 0.0042665815 0.040955625 0.017002322 0.999013 0.0025888956
3385987.2490000003 -0.0016445745 -0.009947365 0.0046738847 0.0428029 0.018854342 0.9988932 0.004983274
3435965.527 -0.002949508 -0.011375505 0.0049802028 0.041990653 0.01831186 0.998924 0.00723685
3485944.305 -0.0048047276 -0.012523641 0.005414787 0.03995794 0.015363495 0.9990383 0.009477973
3535962.334 -0.0066592367 -0.013522478 0.0057949703 0.03706774 0.013414259 0.99915445 0.011687228
3585996.613 -0.008580605 -0.014129613 0.0064898212 0.035310853 0.011115462 0.99924576 0.011727059
3636046.3919999995 -0.010273001 -0.014692 0.0073473444 0.03421071 0.0076395404 0.9993471 0.00875978
3686080.421 -0.012591335 -0.015311151 0.008451847 0.03458491 0.0029324775 0.99938107 0.0057362607
3736082.7 -0.014881924 -0.016108124 0.009387962 0.032874964 0.0010510022 0.99944156 0.005887
3786061.478 -0.017673496 -0.016655272 0.010159828 0.024789387 0.002610403 0.99966055 0.007590537
3836047.756 -0.020504246 -0.016647195 0.010660624 0.015634507 0.00557423 0.9998268 0.008420258
3886058.0349999997 -0.023115426 -0.015969869 0.011335849 0.008582605 0.008980705 0.99988693 0.0084771775
3936100.064 -0.02537331 -0.015004822 0.011870071 0.0046148575 0.011685332 0.99989045 0.007835384
3986149.843 -0.027583405 -0.013355874 0.012566599 0.002826558 0.012200802 0.9998956 0.0072191246
4036176.1220000004 -0.0296944 -0.0113469465 0.0131774 -0.0017693177 0.0119757075 0.99991226 0.0053808503
4086178.4000000004 -0.031378783 -0.009093832 0.013771919 -0.00815563 0.013242161 0.9998759 0.0025238167
4136191.1789999995 -0.0328217 -0.0063510775 0.014440303 -0.013826924 0.015763413 0.99977785 -0.0021526883
4186159.2070000004 -0.03354865 -0.003707528 0.01505559 -0.016688354 0.017430717 0.9996764 -0.008052865
4236185.486 -0.034114227 -0.0006225093 0.015773967 -0.016761154 0.019150192 0.9996104 -0.01145728
4286219.515 -0.034061443 0.0022017257 0.016387343 -0.016850473 0.02321595 0.9994759 -0.014998271
4336245.794 -0.033914864 0.0047399616 0.016782964 -0.018117346 0.028542535 0.9992795 -0.017252004
4386256.072 -0.033516888 0.00692346 0.016903074 -0.020236414 0.03310044 0.9990953 -0.01741781
4436275.101000001 -0.033376396 0.00927383 0.016981175 -0.020693155 0.034883678 0.999051 -0.015876072
4486237.129 -0.03267693 0.011466531 0.016879223 -0.022384904 0.035168316 0.9990421 -0.013305919
4536231.157000001 -0.0318007 0.013737366 0.016652565 -0.02522234 0.034657177 0.9990259 -0.010493376
4586233.436000001 -0.030446783 0.015967859 0.016363049 -0.027606357 0.032353666 0.99904907 -0.009601234
4636243.714 -0.028560458 0.018168775 0.016270442 -0.030168654 0.029993549 0.99904436 -0.010035033
4686254.243000001 -0.026292607 0.020140316 0.016024457 -0.03279883 0.026569357 0.99902767 -0.01272942
4736248.521 -0.023250284 0.022138955 0.015957015 -0.029713007 0.025497898 0.9991221 -0.014903549
4786227.3 -0.019207343 0.02397297 0.015980436 -0.01758477 0.023115048 0.9994545 -0.01572418
4836197.578 -0.01445936 0.025624434 0.0162316 -0.00027997477 0.021084532 0.99961334 -0.018127823
4886152.3549999995 -0.009086424 0.027092237 0.016545178 0.018285874 0.020169456 0.99934554 -0.023821924
4936083.383 -0.0040949937 0.028695818 0.016969422 0.034872904 0.019750843 0.99871165 -0.031128502
4986006.66 0.00061125343 0.03004592 0.01717527 0.04760664 0.018428812 0.9980112 -0.036983803
5035937.437 0.005154407 0.031107347 0.017106142 0.059046872 0.01707717 0.99717605 -0.04314771
5085939.716 0.009742861 0.031798527 0.016995763 0.07313936 0.015409137 0.996017 -0.04861508
5135973.495 0.014070272 0.0321319 0.016775252 0.085319616 0.016127074 0.9948534 -0.05222404
5186000.024 0.018013705 0.03190836 0.016393965 0.09581514 0.016858993 0.9937532 -0.054679498
5235970.801999999 0.021538353 0.031248061 0.016071308 0.103862695 0.01677219 0.9928567 -0.05627526
5285945.08 0.024524447 0.030224599 0.015650058 0.110236384 0.014707424 0.9920566 -0.05878225
5335864.607 0.0271258 0.028444923 0.014974185 0.1152622 0.013329125 0.9914134 -0.060303178
5385851.135 0.029300988 0.026463922 0.014546261 0.11913197 0.013333497 0.9910118 -0.059375808
5435861.164 0.030820819 0.023941 0.014071775 0.11984957 0.014672893 0.9910949 -0.056140944
5485871.442000001 0.032139182 0.021081775 0.013377776 0.11857366 0.016205566 0.9913595 -0.05370344
5535849.97 0.033483844 0.017959233 0.012835004 0.117893144 0.017011676 0.99154925 -0.051400308
5585804.748 0.034678277 0.0150612295 0.012368153 0.11871985 0.018022455 0.9915702 -0.048677307
5635775.026 0.035581797 0.0119312825 0.011922572 0.12109962 0.017806612 0.99139005 -0.046514362
5685793.305 0.036026467 0.008860495 0.0113195265 0.12042203 0.0162748 0.99161893 -0.04388154
5735835.334 0.035867617 0.005487029 0.010549697 0.11724907 0.014694391 0.9921379 -0.04122118
5785885.613 0.035241414 0.0019944124 0.009848228 0.114376485 0.013414778 0.9925779 -0.03907999
5835919.392 0.034603845 -0.0015635638 0.0091561945 0.1121124 0.012743751 0.992934 -0.03675021
5885921.671 0.0335511 -0.0052632317 0.008268062 0.10569594 0.0133207645 0.9937231 -0.034137465
5935915.949 0.03242251 -0.00867738 0.0077500003 0.099544175 0.014702649 0.9943559 -0.03363413
5985926.478 0.031304277 -0.011932186 0.007436648 0.09729778 0.015806802 0.99462986 -0.03154046
6035944.756 0.030330332 -0.015057302 0.0072743194 0.09993966 0.014093736 0.9944828 -0.028591318
6085962.785 0.029203704 -0.017518248 0.007189596 0.10451269 0.010488862 0.9941426 -0.025447974
6135981.064 0.027489902 -0.019872852 0.0072186613 0.105671875 0.005924555 0.9941011 -0.023693403
6185991.343 0.024714341 -0.021352248 0.00719201 0.101459645 0.0031347235 0.9945793 -0.022542225
6236001.620999999 0.021795843 -0.022655077 0.0073211705 0.09238688 0.0015864626 0.99545777 -0.022935733
6286011.9 0.018458595 -0.023710966 0.007610896 0.0822286 -0.0009978451 0.9963111 -0.024527874
6336022.428 0.0151526695 -0.024327613 0.008117545 0.0774209 -0.004838505 0.9966534 -0.025781607
6386040.2069999995 0.0121917315 -0.025094794 0.008678393 0.075636625 -0.008174108 0.99672055 -0.027577529
6436066.736 0.00876613 -0.025631774 0.009269352 0.07262047 -0.009235235 0.996911 -0.028451331
6486113.015 0.005225657 -0.025854195 0.009753831 0.06593604 -0.010379831 0.997348 -0.029012188
6536118.794 0.0014555394 -0.02624552 0.010179833 0.056937862 -0.011714328 0.99784315 -0.0304944
6586137.322 -0.002030297 -0.026250897 0.010573698 0.049412295 -0.012757964 0.99823624 -0.030333217
6636154.851 -0.005218684 -0.025974976 0.011049574 0.043774594 -0.014416412 0.9984971 -0.029656285
6686173.38 -0.008048357 -0.025795177 0.0116477115 0.03965994 -0.015212123 0.99864644 -0.030019052
6736199.659 -0.010785595 -0.025387611 0.012401443 0.035845798 -0.014615195 0.9987624 -0.031226696
6786225.437999999 -0.013482081 -0.02484443 0.013016953 0.03173299 -0.013401161 0.99882513 -0.03408605
6836235.716 -0.016180648 -0.024024706 0.013667757 0.026484584 -0.011576511 0.9988676 -0.03779088
6886257.245 -0.018621959 -0.02307504 0.0145275965 0.022881702 -0.011467223 0.9988593 -0.04031246
6936224.523 -0.020941466 -0.022297455 0.01527492 0.021187544 -0.010128548 0.9988912 -0.040804278
6986219.551 -0.023131473 -0.021426564 0.0158411 0.017731851 -0.0077614672 0.9990557 -0.03890027
7036221.58 -0.024917591 -0.020385167 0.016296161 0.014676452 -0.0032899932 0.99926317 -0.03531312
7086247.359 -0.026349567 -0.018696 0.016707132 0.013033858 0.0022261292 0.9993619 -0.03318296
7136273.886999999 -0.027474228 -0.016396314 0.017074415 0.00916806 0.007209176 0.99938154 -0.03317431
7186291.665999999 -0.02877708 -0.014026906 0.017372927 0.003944807 0.0106948735 0.9993327 -0.034702353
7236286.445 -0.030122733 -0.011618412 0.017607575 -0.00063101377 0.01164729 0.9992758 -0.03621903
7286288.723 -0.031293742 -0.0088470895 0.017611401 -0.004974063 0.012131552 0.9992853 -0.035454486
7336314.751999999 -0.032243058 -0.00620286 0.017652495 -0.011243176 0.01357054 0.9991955 -0.036024936
7386341.0309999995 -0.033256978 -0.003310378 0.017378682 -0.019631315 0.013133369 0.99900967 -0.037707124
7436374.81 -0.03338404 -0.0001957515 0.01703303 -0.026168868 0.01275095 0.9987913 -0.03960588
7486409.339000001 -0.03377966 0.002623937 0.016743563 -0.02875506 0.01221737 0.998666 -0.041112904
7536427.117000001 -0.033602316 0.005656871 0.016519658 -0.028494122 0.011365525 0.99870807 -0.040510338
7586421.896 -0.032891117 0.008239613 0.016207421 -0.024704238 0.0088710375 0.99885225 -0.040065154
7636392.174 -0.03171882 0.010496959 0.015891597 -0.02111139 0.006379536 0.9989696 -0.039666876
7686361.2020000005 -0.030424 0.0128740035 0.015624035 -0.018969951 0.0075757415 0.9990473 -0.03856527
7736325.48 -0.028943527 0.015138769 0.015257012 -0.020855065 0.011471719 0.999019 -0.037342757
7786312.507999999 -0.027418569 0.01763568 0.014795636 -0.020053068 0.01392652 0.9989894 -0.037737213
7836314.785999999 -0.025401626 0.0201435 0.014563693 -0.017230913 0.01484637 0.9990209 -0.037948076
7886332.5649999995 -0.023178747 0.022642821 0.014562165 -0.01148599 0.0151705025 0.99903727 -0.039528873
7936343.0940000005 -0.020900311 0.025469813 0.014599043 -0.01043129 0.016041785 0.99888664 -0.043120556
7986329.1219999995 -0.01893735 0.028470477 0.0148290545 -0.011633976 0.016448501 0.99860406 -0.048826568
8036331.4 -0.016442847 0.031291023 0.0148372045 -0.011040969 0.015382966 0.9982675 -0.055710196
8086381.68 -0.013734576 0.03424369 0.015110429 -0.008094063 0.012922846 0.9978338 -0.06399493
8136495.21 -0.011127897 0.037025962 0.015312247 -0.0054831165 0.011268121 0.99720395 -0.073670775
8186639.991 -0.008324433 0.03961759 0.015646823 -0.0019216796 0.009980318 0.996441 -0.083678834
8236761.271 -0.005426188 0.04189774 0.016012562 0.0034780574 0.0102322055 0.99576926 -0.09125153
8286835.301000001 -0.0024826077 0.04336268 0.016119778 0.00840646 0.010092321 0.9952089 -0.096885584
8336837.579 0.000537119 0.044348642 0.016129706 0.013637241 0.010240897 0.99502444 -0.09816059
8386760.356000001 0.0037801242 0.044504527 0.015917562 0.021714048 0.008769828 0.9949563 -0.09753754
8436675.633000001 0.007201709 0.044540532 0.015571968 0.031912617 0.004886854 0.99483687 -0.09621545
8486606.410999998 0.010622165 0.04378496 0.015166218 0.042365495 0.002325667 0.99456537 -0.09507636
8536577.439 0.014137548 0.042726845 0.014833278 0.05348794 0.002537812 0.9940971 -0.09435826
8586555.717 0.017445544 0.04105465 0.014366114 0.061691348 0.004361602 0.99371094 -0.09334774
8636502.495 0.020527003 0.039070062 0.013927263 0.06826005 0.0061791986 0.9934476 -0.09145655
8686410.022 0.023670143 0.036589146 0.013418468 0.07446487 0.008069187 0.9933126 -0.0878638
8736316.799 0.02660383 0.034146804 0.013096872 0.08266058 0.0086340625 0.9929552 -0.084454544
8786248.076000001 0.029436972 0.03154776 0.0126153845 0.08942707 0.009793671 0.992551 -0.08215499
8836218.354 0.03210458 0.028958231 0.012380506 0.098521836 0.010558835 0.991897 -0.07951356
8886197.382 0.03452532 0.026410693 0.012078692 0.10745289 0.010584189 0.99108034 -0.0781129
8936159.66 0.03672786 0.024064986 0.011899756 0.11501681 0.010807918 0.9902983 -0.077225186
8986114.438000001 0.03844546 0.021607552 0.011684225 0.11858266 0.0130295465 0.98985475 -0.07717593
9036069.215 0.039946895 0.019049343 0.011472145 0.12115856 0.014353337 0.98957187 -0.0765652
9086031.992999999 0.041345425 0.01649972 0.011358923 0.12720375 0.014128022 0.98905885 -0.07336407
9136026.272 0.042299014 0.013885317 0.011257807 0.13379751 0.011660053 0.9884551 -0.070134915
9186028.799999999 0.04230517 0.0115857255 0.011347874 0.1371687 0.01012964 0.98813677 -0.06832215
9236031.079 0.04189913 0.009516246 0.011575229 0.13593644 0.009702022 0.98843306 -0.066537246
9286041.356999999 0.040787723 0.007285687 0.011484281 0.1320346 0.008494298 0.98910284 -0.06457889
9336059.386 0.039215073 0.0049393713 0.011201295 0.12786238 0.008380416 0.98977625 -0.0626421
9386085.665000001 0.0373646 0.0024893405 0.010878017 0.12165172 0.007693915 0.99075246 -0.059593186
9436095.943 0.035114087 -0.00016774902 0.010903779 0.114480495 0.0061769704 0.9917658 -0.057068523
9486106.222000001 0.032748263 -0.0024886716 0.010550262 0.10699583 0.0062995297 0.99270064 -0.05529653
9536108.751 0.030422324 -0.004931079 0.010472374 0.09947037 0.007857047 0.9935308 -0.054226186
9586126.529000001 0.028134253 -0.007418429 0.010584514 0.09238506 0.0081174215 0.99421257 -0.05422777
9636136.808 0.026039438 -0.009748989 0.010764978 0.08711 0.007011174 0.9947842 -0.05260508
9686155.087 0.024014106 -0.0118797505 0.011052725 0.0824477 0.005569851 0.9952395 -0.05166952
9736157.615 0.022056486 -0.013269795 0.01143143 0.07890984 0.0044731447 0.995495 -0.052372742
9786167.894000001 0.020157361 -0.014814395 0.011795689 0.07594742 0.0019560496 0.99564797 -0.05397465
9836186.172 0.017887617 -0.015771035 0.012098778 0.07230111 -0.00061070494 0.99591404 -0.05410584
9886211.951000001 0.015161734 -0.016576555 0.01231398 0.065847754 -0.0015043151 0.9963624 -0.054072797
9936238.48 0.012210274 -0.017180033 0.012241061 0.055852 -0.0023356618 0.9969112 -0.055164073
9986256.259 0.009112758 -0.017710546 0.011998133 0.045106832 -0.0025233112 0.9973507 -0.057014532
10036282.538 0.0059802434 -0.018353282 0.011858812 0.037471734 -0.0042374665 0.9977023 -0.056285344
10086398.318 0.00293361 -0.018778017 0.011626505 0.03183739 -0.007327766 0.9979711 -0.05464802
10136342.846 -0.00022509045 -0.01883997 0.011442728 0.026206946 -0.0093114525 0.99821 -0.05294586
10186408.625 -0.0037167051 -0.0189943 0.0113206655 0.017734535 -0.009996931 0.99839723 -0.052806396
10236427.154 -0.0073200683 -0.019141711 0.0110781435 0.008197728 -0.011107828 0.9985045 -0.052897245
10286405.432 -0.010827195 -0.018828502 0.01092056 0.0005856237 -0.012272357 0.99865633 -0.05034497
10336376.209999999 -0.0140572665 -0.01875918 0.0108613195 -0.0068094055 -0.013798183 0.99866825 -0.04924384
10386385.989 -0.01744205 -0.017799988 0.0109265195 -0.013536426 -0.015880318 0.998616 -0.048277143
10436428.268 -0.020289434 -0.016940191 0.010978942 -0.019254018 -0.017726475 0.998521 -0.047653686
10486494.047 -0.023128977 -0.016000677 0.010958128 -0.025869124 -0.018282706 0.99842083 -0.046393964
10536544.076 -0.025893275 -0.015089524 0.010679269 -0.035387836 -0.016061908 0.9982608 -0.04432991
10586569.854999999 -0.028575568 -0.013386937 0.010539699 -0.04428134 -0.014192763 0.99801874 -0.042382777
10636580.134 -0.030831806 -0.01177025 0.010462771 -0.05265807 -0.013985032 0.997659 -0.0413285
10686598.663 -0.03286535 -0.009881781 0.010529992 -0.059757028 -0.014428221 0.9972735 -0.04082323
10736632.442 -0.034850713 -0.007750993 0.010645776 -0.066773415 -0.014524 0.99673784 -0.042943906
10786666.721 -0.036466856 -0.0052985726 0.010894953 -0.07311948 -0.014481139 0.9961718 -0.045669105
10836692.499 -0.037833717 -0.0027385051 0.011043315 -0.080014534 -0.0130760595 0.9955635 -0.047749173
10886695.028 -0.03901669 -9.822013e-05 0.011097104 -0.08774783 -0.011206951 0.9949021 -0.048421822
10936689.806 -0.039591253 0.00307187 0.011191792 -0.093112774 -0.011777961 0.99432546 -0.050082564
10986684.084999999 -0.039497543 0.0063977265 0.01156037 -0.09159776 -0.015143078 0.9942301 -0.053732086
11036694.363 -0.03901374 0.009850279 0.01211246 -0.08716054 -0.01590431 0.9944131 -0.05738268
11086712.391999999 -0.038141064 0.013324529 0.01269725 -0.08493271 -0.013024221 0.9944046 -0.06145273
11136722.671 -0.036829177 0.01653905 0.013152089 -0.08357058 -0.010856026 0.99430484 -0.06523902
11186716.949 -0.035027124 0.019371215 0.013621569 -0.0787301 -0.011492372 0.9945305 -0.0676663
11236735.228 -0.03288492 0.02215397 0.014014555 -0.06946697 -0.013933165 0.9951247 -0.06860892
11286845.008 -0.030328497 0.024847977 0.014525202 -0.060536545 -0.0162386 0.99558735 -0.069838606
11336851.036 -0.028006965 0.027402788 0.014798901 -0.05570908 -0.016920956 0.9956466 -0.072787285
11386900.816 -0.025619242 0.029870579 0.014996654 -0.053450294 -0.01592092 0.9954589 -0.0771436
11436935.095 -0.023084162 0.032125562 0.015241095 -0.05014088 -0.0153914355 0.99502856 -0.084659606
11486976.874 -0.020012377 0.03423051 0.015771858 -0.044933975 -0.013483875 0.9946351 -0.09219635
11537058.902999999 -0.016829139 0.03587669 0.016244385 -0.039660856 -0.010289565 0.9941366 -0.100068405
11587179.684 -0.013363567 0.037064303 0.016883302 -0.03327781 -0.006692883 0.9939894 -0.10408073
11637237.463000001 -0.009684698 0.03767626 0.01726961 -0.026288921 -0.003574611 0.99412465 -0.10493966
11687208.491 -0.005982252 0.038119026 0.017497556 -0.01667867 -0.0023635263 0.9941553 -0.10663744
11737115.768 -0.0022368853 0.037950464 0.01761703 -0.0057948222 -0.0020352805 0.99413353 -0.10798544
11786983.044 0.0012638338 0.03728141 0.017543238 0.0027136977 -0.0018264581 0.9942324 -0.107197106
11836842.821 0.0048543606 0.036047623 0.017308636 0.010265315 -0.0011273139 0.99452513 -0.10398625
11886710.097000001 0.008068972 0.034081988 0.01685196 0.019143546 -0.0008608841 0.9947448 -0.10057716
11936633.124000002 0.011370987 0.031939093 0.0165033 0.028661747 -0.0014453045 0.99478936 -0.097829394
11986603.901999999 0.0142177 0.029471952 0.01616974 0.0372479 -0.0023228023 0.9946202 -0.09663274
12036614.181 0.016909376 0.026840294 0.015766945 0.04422302 -0.0018480162 0.99445415 -0.09540411
12086592.458999999 0.01915798 0.024202 0.015492026 0.049979653 -0.0019654853 0.99424356 -0.09475209
12136515.986 0.021211317 0.021475006 0.015206886 0.054058794 -0.0019131241 0.99409765 -0.094042376
12186399.262999998 0.023078907 0.018624742 0.014951229 0.06068079 -0.0022924524 0.9939285 -0.09175439
12236306.04 0.024657553 0.015608169 0.014703624 0.068017125 -0.0046772147 0.99378985 -0.08794091
12286260.818 0.025693202 0.012753869 0.0142208375 0.07435195 -0.00610444 0.9936717 -0.08397096
12336247.596 0.026303412 0.009936193 0.013819036 0.076217346 -0.0062661497 0.9937554 -0.08125288
12386242.124 0.026588174 0.007182278 0.0134516675 0.07564749 -0.005879302 0.99411714 -0.077292606
12436236.402999999 0.026608588 0.004285805 0.01291122 0.07438822 -0.004704935 0.99455327 -0.07285745
12486276.932 0.026633801 0.0014398764 0.012752278 0.07388681 -0.0020912027 0.9947896 -0.07021433
12536272.709999999 0.026478644 -0.0008688526 0.012667025 0.07642713 -9.610478e-05 0.99471563 -0.06855457
12586307.239 0.026169423 -0.0029973239 0.012779298 0.07877376 0.00085415394 0.99464256 -0.06693457
12636317.268 0.0254028 -0.0047314665 0.013009159 0.08079356 0.0011178617 0.9945044 -0.066574425
12686319.546 0.024003146 -0.0066471323 0.013181525 0.07949915 -1.5303984e-05 0.99460113 -0.06669719
12736306.074000001 0.021972137 -0.008280762 0.013204075 0.07441043 -0.0016778654 0.9950975 -0.06512554
12786308.353 0.019229999 -0.009666967 0.013145166 0.06861606 -0.0036506332 0.9957345 -0.061574098
12836334.132 0.016330972 -0.010777277 0.013018784 0.062277786 -0.005653315 0.99631596 -0.058685586
12886368.411 0.013261423 -0.011699684 0.012919442 0.05536868 -0.008052455 0.99676144 -0.05776024
12936418.44 0.0100168185 -0.012552176 0.012836378 0.046420425 -0.009873854 0.9972568 -0.056802634
12986452.218999999 0.006558915 -0.01362696 0.012873054 0.035360046 -0.010361084 0.99777424 -0.0555785
13036470.498000002 0.0030343416 -0.014542105 0.012840662 0.023443522 -0.0104512805 0.9981954 -0.054286964
13086480.776 -0.0002060977 -0.01541336 0.012870389 0.011308888 -0.010991306 0.9984562 -0.053259987
13136522.805 -0.0032706256 -0.016395101 0.013148755 0.0037165415 -0.014253975 0.9985205 -0.05234285
13186572.584999999 -0.0059963367 -0.017391998 0.01340357 0.00036117813 -0.018309489 0.9985474 -0.050674334
13236590.863 -0.008730413 -0.018076362 0.013893322 -0.0020496072 -0.022010366 0.99854845 -0.0491162
13286593.391999999 -0.011463408 -0.018451137 0.014311866 -0.006094353 -0.025201786 0.9984782 -0.048674468
13336579.67 -0.014067797 -0.018623326 0.014717997 -0.010607011 -0.027246486 0.99836874 -0.049040575
13386581.949000001 -0.016518665 -0.018657276 0.015087851 -0.014375137 -0.027859407 0.9983102 -0.048927538
13436616.228 -0.019054078 -0.018462356 0.015634872 -0.019012837 -0.027178206 0.99826455 -0.04866031
13486658.257 -0.02167033 -0.017907113 0.016100802 -0.02538764 -0.024855435 0.998185 -0.048625715
13536700.536 -0.024122851 -0.017204149 0.016542386 -0.034021992 -0.022612197 0.9979419 -0.049428344
13586726.315000001 -0.026827786 -0.016211396 0.017197147 -0.041529275 -0.021466399 0.9976351 -0.050385244
13636781.344 -0.029204914 -0.0150816655 0.01815287 -0.04690635 -0.0192728 0.9973957 -0.0512861
13686771.122 -0.031838804 -0.013588907 0.019002566 -0.053217087 -0.016781721 0.9970475 -0.052750748
13736804.901 -0.034554992 -0.0116968425 0.019729367 -0.06321816 -0.013244384 0.9964087 -0.054752063
13786823.18 -0.037130855 -0.009486824 0.020076534 -0.07519623 -0.0076942733 0.99556637 -0.05598261
13836840.959 -0.039612114 -0.0071200565 0.02036057 -0.08362652 -0.0036627257 0.9948808 -0.056617536
13886859.237 -0.041183814 -0.00408913 0.020414922 -0.08794753 -0.0042351754 0.99449134 -0.05687118
13936885.766 -0.04197729 -0.00076808216 0.020310499 -0.091243416 -0.0041458425 0.9942285 -0.05627768
13986911.545 -0.042537704 0.0025172292 0.02002942 -0.09428285 -0.0009755422 0.9939058 -0.05710699
14036905.824000001 -0.04257943 0.0058180257 0.019736217 -0.09723341 0.00077033666 0.9935097 -0.059021257
14086892.602 -0.042246334 0.009189842 0.019626873 -0.09812722 0.0013842151 0.993265 -0.06159428
14136879.129999999 -0.041224875 0.012269221 0.019753372 -0.09566196 0.0021829952 0.9933678 -0.06375368
14186881.409 -0.0397993 0.01498472 0.019923516 -0.0926231 0.0027221416 0.99351686 -0.06586259
14236891.687 -0.038200427 0.017587833 0.0201134 -0.08858869 0.0025105083 0.9937693 -0.06758998
14286909.466 -0.036072783 0.019989664 0.020277588 -0.081426874 0.0017518896 0.9942344 -0.06974663
14336927.995000001 -0.033518557 0.022100266 0.020652305 -0.06951931 0.0007612627 0.99509203 -0.07041568
14386954.273 -0.030538997 0.023873394 0.020776791 -0.056063622 -0.00025227168 0.9959949 -0.0696485
14436972.052000001 -0.027658312 0.025539389 0.020565972 -0.04545866 -0.0013770299 0.99653924 -0.06957944
14486958.83 -0.025288707 0.027000608 0.020166688 -0.038971893 -0.0019936827 0.9966798 -0.07146099
14536929.358000001 -0.02294295 0.028648274 0.019729247 -0.036325183 -0.0023808621 0.9964853 -0.07544566
14586900.136 -0.02085712 0.029973919 0.019377938 -0.034686454 -0.002604447 0.9961109 -0.08095108
14636933.915000001 -0.018304806 0.031215943 0.019256279 -0.031977594 -0.0027871202 0.9957315 -0.086536296
14687015.945 -0.015271635 0.03229353 0.019401696 -0.025079742 -0.0026047588 0.9954851 -0.091507666
14737105.225 -0.011713998 0.03316532 0.019636588 -0.014259718 -0.0003822933 0.995491 -0.09377765
14787155.003999999 -0.007990919 0.033733085 0.019665234 -0.0034560116 0.0011069218 0.99547845 -0.0949187
14837131.532 -0.004503991 0.034017444 0.019449154 0.0050873742 0.0029063812 0.99540293 -0.095596954
14886993.309 -0.0014093139 0.033885367 0.018932868 0.01102992 0.003655304 0.99533266 -0.09580187
14936869.085 0.0017077774 0.033530872 0.018199459 0.015137942 0.0029030414 0.99523795 -0.09624915
14986783.862 0.0042490982 0.032682803 0.017114328 0.015841551 0.0024529903 0.99493486 -0.09923587
15036770.639999999 0.006627087 0.03126245 0.015709238 0.014760361 0.0013658713 0.99504995 -0.09826451
15086812.42 0.009321762 0.029470444 0.0145128695 0.022100983 0.00054778904 0.9953036 -0.094245106
15136870.449000001 0.012150078 0.027416833 0.01346411 0.032152705 0.00042510385 0.99542785 -0.08994139
15186880.727999998 0.014695492 0.025206035 0.012458045 0.04035416 -0.0007967636 0.995489 -0.08586407
15236803.505 0.016964616 0.02291314 0.011274321 0.044742785 0.0003894589 0.9955549 -0.08287553
15286655.531 0.018881941 0.02062618 0.010328162 0.04701004 0.0020170235 0.99563897 -0.08055519
15336522.807 0.020668633 0.018623725 0.009525021 0.049388982 0.003531414 0.99555 -0.08017817
15386461.585 0.022747867 0.016458482 0.00889907 0.05356424 0.005145306 0.99525064 -0.08112105
15436479.864 0.024864167 0.014213636 0.008816552 0.06182416 0.006196116 0.9948136 -0.08053133
15486537.893000001 0.027031954 0.011504374 0.008758783 0.07239674 0.006944131 0.9941343 -0.08004722
15536532.171 0.028828477 0.008615512 0.008607714 0.08117388 0.008235867 0.99366814 -0.07724439
15586462.949000001 0.030263275 0.005423633 0.008142634 0.08566892 0.011845804 0.993502 -0.07398859
15636370.226 0.03137324 0.0017037474 0.007494608 0.0889273 0.015359275 0.99359053 -0.06807308
15686333.253 0.03227491 -0.0024305386 0.006724059 0.09049507 0.019411523 0.99387425 -0.06039806
15736391.033 0.03321521 -0.006545522 0.0058908486 0.09330888 0.024509285 0.9938832 -0.05374902
15786504.313000001 0.03406176 -0.010717227 0.005071593 0.09904367 0.028268911 0.99358326 -0.04672829
15836585.593 0.034578867 -0.014967221 0.0042667827 0.10480454 0.03148636 0.993211 -0.0394539
15886572.621 0.034848157 -0.01898338 0.003590566 0.11005092 0.034361463 0.9928018 -0.032446418
15936503.648 0.034562748 -0.02268514 0.0029903178 0.11608225 0.032491088 0.99236804 -0.02598012
15986466.426 0.033652324 -0.025849063 0.002593097 0.11901195 0.029203018 0.99225235 -0.020460205
16036491.205000002 0.03193096 -0.02847298 0.0024988665 0.11794296 0.024797674 0.99257696 -0.016297258
16086557.985 0.029432546 -0.03085505 0.0024672295 0.113054216 0.021408603 0.9932435 -0.015091938
16136623.764 0.026148379 -0.03234855 0.0026512984 0.10549132 0.018259304 0.9941272 -0.015789162
16186642.043 0.022369863 -0.033395592 0.0029460501 0.09363636 0.0139527535 0.99535227 -0.017649144
16236612.570999999 0.018176068 -0.034162164 0.0034569665 0.08018154 0.009280478 0.9964964 -0.02190531
16286575.349 0.013892008 -0.034819286 0.003938215 0.06916403 0.0060922396 0.9972704 -0.025119925
16336585.626999998 0.009727712 -0.03525166 0.004400493 0.061229903 0.0031150584 0.99777806 -0.026079161
16386659.407 0.0055640913 -0.035233278 0.0047231 0.054055415 0.0015164448 0.99817884 -0.02673517
16436756.686999999 0.0012633809 -0.034993745 0.0048909406 0.04576632 0.0009287514 0.99857885 -0.027293494
16486806.716000002 -0.0029806758 -0.03426631 0.00517891 0.038102943 -2.7594688e-05 0.9988853 -0.027862893
16536784.993999999 -0.0071662376 -0.033145666 0.005513999 0.030069884 -0.0024222606 0.99904996 -0.031451788
16586755.772 -0.011298878 -0.03196119 0.005943674 0.023041034 -0.0047472673 0.9990094 -0.03777454
16636742.049999999 -0.015076954 -0.0304615 0.0065537626 0.018357003 -0.008794191 0.99888265 -0.042651
16686776.329000002 -0.018394869 -0.029211948 0.0071386695 0.014831714 -0.010432523 0.99865705 -0.048531264
16736818.359000001 -0.02166016 -0.027942719 0.007751229 0.011740221 -0.009828038 0.99843484 -0.05379123
16786836.637000002 -0.02455086 -0.026399175 0.0083024455 0.009500715 -0.011822553 0.9982812 -0.056609266
16836822.915 -0.027529491 -0.024597624 0.008679781 0.0066176536 -0.0141993975 0.99816006 -0.058574837
16886801.444000002 -0.030155944 -0.022647982 0.009008901 0.003048229 -0.012814675 0.998254 -0.05757985
16936819.722 -0.03273058 -0.020834291 0.008981084 -0.003785196 -0.012408224 0.99837166 -0.05554988
16986854.001000002 -0.034967538 -0.018214718 0.008698846 -0.014370934 -0.012436645 0.99824697 -0.056051463
17036895.779999997 -0.0369245 -0.015160318 0.00854752 -0.023325786 -0.0107831005 0.99799025 -0.05792443
17086937.81 -0.03820373 -0.011831517 0.008712368 -0.029985849 -0.009021939 0.99772507 -0.059700135
17136964.088 -0.039245054 -0.008509988 0.008882873 -0.035056017 -0.010417645 0.99747825 -0.060825635
17186966.367000002 -0.03967896 -0.0052453536 0.009086203 -0.04017167 -0.01210959 0.99724203 -0.061221223
17236952.895 -0.04003139 -0.001718369 0.009169219 -0.04359045 -0.010638348 0.99712986 -0.0609815
17286931.673 -0.039553784 0.0016612073 0.0095373895 -0.04619458 -0.008752212 0.9969714 -0.0619468
17336925.952 -0.038997915 0.005400705 0.00983119 -0.04630318 -0.009564859 0.99672776 -0.065561906
17386951.73 -0.037876725 0.00968584 0.0103186555 -0.047691885 -0.014036082 0.9962231 -0.07119022
17436978.009 -0.036608566 0.013708129 0.010777184 -0.047741268 -0.01930533 0.9957294 -0.07662308
17487039.538999997 -0.03503333 0.017054202 0.011485965 -0.04384453 -0.019092731 0.9956141 -0.080409445
17537054.316999998 -0.033070546 0.019808136 0.012359642 -0.036851123 -0.01541436 0.99582964 -0.08202262
17587135.597 -0.03062895 0.022731869 0.013102824 -0.032027666 -0.013715924 0.99586654 -0.08388074
17637217.627 -0.028550971 0.025585657 0.013548371 -0.03129137 -0.011390683 0.99548906 -0.08884085
17687259.156 -0.026539084 0.028211387 0.013900176 -0.033427887 -0.008479264 0.99487627 -0.09503688
17737293.185 -0.024256349 0.030476538 0.014354807 -0.034810904 -0.006384335 0.9943458 -0.10012014
17787382.965 -0.02131206 0.03215892 0.014968541 -0.030175954 -0.0048202923 0.99400234 -0.10500262
17837504.244999997 -0.01797985 0.033393696 0.015631923 -0.021385252 -0.00352644 0.9937849 -0.10918706
17887578.275 -0.014388097 0.034364942 0.016225187 -0.01098058 -0.0030132723 0.99357337 -0.11261594
17937556.553 -0.010789663 0.034722745 0.01661464 -0.002458385 -0.0027117017 0.993437 -0.114322536
17987431.829 -0.007399649 0.034919858 0.016656425 0.004798063 -0.002687213 0.9934092 -0.11448968
18037275.604999997 -0.0037115475 0.034797866 0.016483242 0.01200369 -0.001887406 0.99330664 -0.114866726
18087135.632 -0.00021606445 0.03426428 0.016066529 0.021205194 -0.0018005489 0.9932647 -0.11389685
18137050.409 0.0033380452 0.03342845 0.015546613 0.028997209 -0.0009186318 0.9933479 -0.11143796
18187013.187 0.006744354 0.0324315 0.015042362 0.03818036 0.0012104461 0.9930948 -0.11092096
18237031.465 0.010066311 0.03132473 0.01466857 0.047414366 0.0024822801 0.9925893 -0.111858055
18287049.244 0.013227106 0.029981101 0.014409896 0.054707732 0.0051603788 0.99201965 -0.1134792
18337020.272 0.016197247 0.028402569 0.014120834 0.06259956 0.008056396 0.9914273 -0.11440445
18386927.549 0.018925628 0.026716458 0.013768811 0.06951628 0.010448429 0.9907543 -0.1160356
18436910.077 0.02128169 0.024850478 0.013398194 0.07356999 0.015023609 0.99021286 -0.11764509
18486741.603 0.023396991 0.022622088 0.012847255 0.07460878 0.019358842 0.9902268 -0.11623099
18536736.130999997 0.025470307 0.020260982 0.012333315 0.07781404 0.021926418 0.99024326 -0.11350123
18586769.91 0.027759522 0.017871238 0.011630276 0.087077916 0.018641932 0.9899963 -0.10944054
18636812.19 0.029696431 0.015384683 0.0107961 0.0967876 0.015294111 0.98958 -0.10549789
18686782.968 0.031314738 0.012273169 0.009898736 0.10426992 0.019476715 0.9892341 -0.10081923
18736697.995 0.032724448 0.009134109 0.008952772 0.10415056 0.024926186 0.9898821 -0.09308495
18786605.272 0.034092516 0.005649486 0.00797607 0.10158073 0.03176624 0.99052805 -0.0867561
18836559.549000002 0.03522295 0.0021132706 0.00703575 0.10373285 0.035381533 0.99069756 -0.08065932
18886562.078 0.03674303 -0.0013752261 0.0065241135 0.11180024 0.03978619 0.9900974 -0.07499933
18936612.356999997 0.038226582 -0.005284597 0.0058647986 0.1234643 0.045160152 0.98899984 -0.06779772
18986677.637000002 0.03917428 -0.009049363 0.0055137584 0.13406767 0.050572548 0.98785156 -0.06014781
19036711.915999997 0.038867038 -0.012578608 0.0053624366 0.13509092 0.053282086 0.9879275 -0.05395296
19086706.444000002 0.03713265 -0.015574688 0.004973265 0.12481428 0.052543942 0.9894785 -0.05091921
19136684.722 0.034506995 -0.018593226 0.0045998837 0.112255394 0.050599437 0.99114805 -0.0496389
19186679.5 0.031761188 -0.021372357 0.004257773 0.10399586 0.04525051 0.9923882 -0.047989555
19236705.279 0.028802484 -0.024075035 0.004066299 0.09850857 0.037585728 0.99335 -0.046250977
19286739.808000002 0.025500035 -0.026602654 0.0038707817 0.094461344 0.030764176 0.99409026 -0.04376371
19336765.586999997 0.021795431 -0.028975243 0.0038846873 0.08700776 0.022828225 0.9950801 -0.041522812
19386775.866 0.017966345 -0.030962657 0.003879591 0.07981831 0.01600737 0.9958756 -0.04005868
19436778.143999998 0.014041664 -0.03248838 0.0040110303 0.07416883 0.009016242 0.9964551 -0.03866478
19486796.673 0.009762023 -0.033710103 0.0041572535 0.065643325 0.002155507 0.99712574 -0.037770767
19536838.452 0.0054502846 -0.03426602 0.00446679 0.054484118 -0.004247788 0.9977535 -0.03874853
19586904.481999997 0.0011212212 -0.034786012 0.0048092543 0.042860843 -0.010359492 0.99822325 -0.04007636
19637000.511 -0.0030401992 -0.035016105 0.005524077 0.034192976 -0.014889728 0.9984216 -0.041994236
19686956.539 -0.006922695 -0.035062198 0.0062492625 0.029890556 -0.01857215 0.9984233 -0.043734606
19736958.818 -0.010634102 -0.034948837 0.0071033933 0.026007226 -0.021229 0.998414 -0.04519561
19786969.096 -0.014240461 -0.034293976 0.007974777 0.022414552 -0.022946266 0.9983894 -0.046793457
19836987.625 -0.018015515 -0.033512786 0.008917128 0.016361875 -0.022222083 0.9983919 -0.04951976
19887005.154000003 -0.021535946 -0.03270102 0.009603409 0.010743562 -0.023274396 0.99827915 -0.052742034
19937023.683000002 -0.024937341 -0.031456478 0.010489852 0.00552001 -0.021985244 0.9981976 -0.05556715
19987017.961 -0.028315118 -0.02995421 0.011334732 0.000494491 -0.020899802 0.99810827 -0.057817567
20037028.740000002 -0.03142516 -0.028118996 0.012122358 -0.00601692 -0.01987416 0.9979203 -0.061024446
20087055.018000003 -0.0347123 -0.02624467 0.012863394 -0.011791382 -0.017924739 0.99772114 -0.06397042
20137104.548 -0.037634704 -0.02434722 0.013569639 -0.016452827 -0.018717127 0.9975656 -0.06512898
20187146.327 -0.04058703 -0.022493988 0.014368864 -0.019848503 -0.017247092 0.99750733 -0.065480664
20237164.605 -0.043010883 -0.020409541 0.014766783 -0.025279567 -0.016468361 0.9973872 -0.06564003
20287175.134 -0.04541113 -0.01791171 0.014963759 -0.030282518 -0.01581962 0.99722797 -0.066100046
20337177.413 -0.04764857 -0.015347352 0.014951122 -0.034990825 -0.014355286 0.9970809 -0.0663278
20387195.191 -0.049495764 -0.012328885 0.014739795 -0.040474057 -0.014998928 0.99684477 -0.066614285
20437205.72 -0.05110884 -0.009066755 0.014349534 -0.045991015 -0.013494733 0.99658936 -0.06717429
20487215.999 -0.052267242 -0.0056035533 0.013790972 -0.050532345 -0.012225867 0.99635607 -0.06761334
20537218.277000003 -0.052708622 -0.002281122 0.013198583 -0.054638013 -0.012796281 0.99607414 -0.06846429
20587204.555 -0.052869704 0.0010341351 0.012788772 -0.055343345 -0.01416834 0.996096 -0.06729828
20637199.584 -0.05254603 0.0038900424 0.012429408 -0.05457535 -0.014777302 0.99625915 -0.06535276
20687209.362 -0.051477157 0.0067787766 0.012127289 -0.05353855 -0.015482961 0.99638635 -0.064095445
20737227.641000003 -0.049841117 0.009720298 0.0119364355 -0.050852448 -0.015802478 0.99657315 -0.063295
20787246.17 -0.047560234 0.012581778 0.011894659 -0.047478214 -0.015890509 0.99670696 -0.06378649
20837288.948999997 -0.044834808 0.01562735 0.012031208 -0.04046064 -0.017443184 0.9968511 -0.06592925
20887266.727 -0.041803397 0.018353147 0.012383651 -0.033099733 -0.017305344 0.9969255 -0.06888165
20937269.005000003 -0.038947303 0.020953098 0.012828918 -0.02734293 -0.017904531 0.9968995 -0.07157744
20987295.033999998 -0.036052216 0.023388295 0.013431529 -0.023123197 -0.01939776 0.996691 -0.075473234
21037336.813 -0.03284204 0.025610339 0.013975445 -0.02074691 -0.018667856 0.9962653 -0.08171029
21087402.593000002 -0.029471261 0.027395999 0.014544678 -0.015266475 -0.01544713 0.9957725 -0.089249805
21137468.372 -0.025428 0.028929945 0.015426261 -0.008414021 -0.013467294 0.99545443 -0.09390647
21187526.152000003 -0.02097353 0.030034078 0.016048025 0.0031225893 -0.012048909 0.9951023 -0.0980639
21237560.680999998 -0.016698848 0.030603241 0.016460491 0.013020127 -0.0091666775 0.99473584 -0.10122785
21287538.959 -0.01245891 0.030824583 0.016775565 0.022523241 -0.005822577 0.9942249 -0.1047644
21337446.235999998 -0.008216194 0.030457754 0.016843114 0.03293606 -0.0038537947 0.99371547 -0.10691105
21387313.512 -0.0042225393 0.029686375 0.016807333 0.043726094 -0.003411592 0.9931543 -0.10826389
21437196.788999997 -0.00013335883 0.028608091 0.016456988 0.05452638 -0.0036360766 0.9924411 -0.10988321
21487128.316 0.003715444 0.027043365 0.016004952 0.065009736 -0.0030764411 0.9918386 -0.109637864
21537114.594 0.0074205566 0.024964565 0.015556191 0.074492045 -0.0009416325 0.99133646 -0.108176604
21587100.873 0.010802356 0.022642512 0.015024755 0.08130762 0.0018944163 0.9909338 -0.10693844
21637047.65 0.013485421 0.020136002 0.014519983 0.0847401 0.00550109 0.9906535 -0.10674504
21686947.177 0.015919715 0.017071128 0.013986057 0.08912991 0.0081357965 0.99041927 -0.105163194
21736861.954 0.01810245 0.013677921 0.013451354 0.094892174 0.008791146 0.9902261 -0.10183589
21786816.732 0.020236792 0.010213196 0.012932093 0.10477712 0.009269147 0.989629 -0.09782803
21836803.759999998 0.02161228 0.0064844717 0.012233517 0.10959808 0.010975814 0.989314 -0.09552787
21886782.038 0.022439988 0.0027353358 0.011289764 0.11124243 0.0109705385 0.98940307 -0.09266303
21936752.816 0.022870574 -0.0011073642 0.010554642 0.110833555 0.011161037 0.9896787 -0.09015282
21986760.845 0.023413803 -0.005263613 0.009956961 0.11261948 0.012885763 0.98983026 -0.08594748
22036744.373 0.023518981 -0.009274628 0.009561171 0.115200184 0.015237271 0.98994404 -0.08066984
22086791.402 0.023242813 -0.013079526 0.009700615 0.11415827 0.017670296 0.9901149 -0.079549566
22136857.182 0.022218963 -0.016025066 0.00990835 0.10974287 0.016878398 0.9902936 -0.0836077
22186890.961 0.020863712 -0.018311137 0.010307528 0.10507038 0.015243784 0.9904875 -0.08753557
22236877.989 0.019383425 -0.020264514 0.010918688 0.10521385 0.013707783 0.99036294 -0.08901447
22286840.267 0.018310051 -0.022435406 0.01122736 0.11154866 0.011788938 0.9898793 -0.08693114
