28361871.689590443 -0.0 -0.0 -0.0 -0.0 -0.0 1.0 -0.0
28386138.689590443 -0.0 -0.0 -0.0 -0.0 -0.0 1.0 -0.0
28410404.689590443 -0.0 -0.0 -0.0 -0.0 -0.0 1.0 -0.0
28434673.689590443 0.0030112073 0.000844659 0.001597646 -0.00017498716 -0.0018208206 0.9999817 0.005766173
28458943.689590443 0.0030112073 0.000844659 0.001597646 -0.00017498716 -0.0018208206 0.9999817 0.005766173
28483215.689590443 0.0030112073 0.000844659 0.001597646 -0.00017498716 -0.0018208206 0.9999817 0.005766173
28507492.689590443 0.0030112073 0.000844659 0.001597646 -0.00017498716 -0.0018208206 0.9999817 0.005766173
28531774.439590443 0.0030112073 0.000844659 0.001597646 -0.00017498716 -0.0018208206 0.9999817 0.005766173
28556061.439590443 0.011537655 -0.00023631526 0.004884674 -0.0007216533 -0.003442724 0.9998545 0.016691417
28580353.439590443 0.011537655 -0.00023631526 0.004884674 -0.0007216533 -0.003442724 0.9998545 0.016691417
28604653.689590443 0.011537655 -0.00023631526 0.004884674 -0.0007216533 -0.003442724 0.9998545 0.016691417
28628961.689590443 0.011537655 -0.00023631526 0.004884674 -0.0007216533 -0.003442724 0.9998545 0.016691417
28653279.689590443 0.011537655 -0.00023631526 0.004884674 -0.0007216533 -0.003442724 0.9998545 0.016691417
28677609.689590443 0.015485203 -0.0029629087 0.0051427176 -0.0026855045 -0.00718028 0.99961066 0.026830234
28701949.689590443 0.015485203 -0.0029629087 0.0051427176 -0.0026855045 -0.00718028 0.99961066 0.026830234
28726301.689590443 0.015485203 -0.0029629087 0.0051427176 -0.0026855045 -0.00718028 0.99961066 0.026830234
28750665.689590443 0.015485203 -0.0029629087 0.0051427176 -0.0026855045 -0.00718028 0.99961066 0.026830234
28775041.689590443 0.024780612 0.0009160703 0.011140155 -0.006824349 -0.007445712 0.9995086 0.029674288
28799427.439590443 0.024780612 0.0009160703 0.011140155 -0.006824349 -0.007445712 0.9995086 0.029674288
28823824.689590443 0.034467436 0.004051377 0.005919801 -0.015169118 -0.009940919 0.9994795 0.026683059
28848232.439590443 0.034467436 0.004051377 0.005919801 -0.015169118 -0.009940919 0.9994795 0.026683059
28872646.689590443 0.034467436 0.004051377 0.005919801 -0.015169118 -0.009940919 0.9994795 0.026683059
28897062.689590443 0.034467436 0.004051377 0.005919801 -0.015169118 -0.009940919 0.9994795 0.026683059
28921477.689590443 0.054880507 0.011646963 0.0066826805 -0.034558933 -0.011207006 0.9991851 0.017585963
28945888.439590443 0.054880507 0.011646963 0.0066826805 -0.034558933 -0.011207006 0.9991851 0.017585963
28970290.689590443 0.054880507 0.011646963 0.0066826805 -0.034558933 -0.011207006 0.9991851 0.017585963
28994681.689590443 0.07762034 0.03013685 0.0055227657 -0.055980552 -0.013138586 0.99808353 0.022867566
29019059.689590443 0.08108913 0.029490134 0.0012842191 -0.063036844 -0.011360014 0.9976751 0.023275184
29043426.439590443 0.0916707 0.03550474 0.00016287922 -0.07125972 -0.010647374 0.99705935 0.026104242
29067779.689590443 0.10103674 0.03764437 0.0024199854 -0.08182052 -0.0083842855 0.996165 0.029842297
29092117.689590443 0.037712477 0.035770193 -0.026470248 -0.059474804 -0.012982316 0.9979176 0.021321872
29116440.439590443 0.05043214 0.0407598 -0.0217836 -0.06708704 -0.011587056 0.9973469 0.025772696
29140751.689590443 0.053382337 0.043994993 -0.017010596 -0.071648695 -0.011926024 0.9968553 0.03168279
29165049.689590443 0.065771356 0.057554282 -0.012485638 -0.0777748 -0.012619948 0.99600816 0.04194714
29189337.439590443 0.067629896 0.063441284 -0.0065990128 -0.08257717 -0.013518537 0.99510705 0.052537296
29213617.689590443 0.07678817 0.0658348 -0.00371161 -0.089954205 -0.015439467 0.9939825 0.06056961
29237893.689590443 0.079401314 0.072562665 0.0032054738 -0.09428181 -0.010981467 0.9930635 0.069392346
29262166.439590443 0.078796916 0.07634308 0.002780628 -0.095172904 -0.0072469804 0.9926483 0.07442518
29286441.689590443 0.09862645 0.07993771 0.010722987 -0.10547846 -0.0039931773 0.991028 0.08198711
29310720.689590443 0.0358871 0.081061885 -0.051896658 -0.06976366 -0.0048134904 0.99582493 0.058673747
29335004.689590443 0.051325172 0.09230192 -0.04880368 -0.079857774 -0.004815643 0.9943112 0.07031964
29359290.689590443 0.04809979 0.093482174 -0.046575624 -0.078802295 -0.0064828712 0.99384177 0.077632114
29383589.439590443 0.060839582 0.10182537 -0.041207902 -0.08784685 -0.0057454347 0.99210286 0.08934206
29407908.689590443 0.07354292 0.1042797 -0.036853038 -0.09502061 -0.004860482 0.99083954 0.09583645
29432243.689590443 0.08766214 0.1058835 -0.034396663 -0.10406101 -0.0062435237 0.9891395 0.10361235
29456595.689590443 0.098718226 0.11024876 -0.027388318 -0.111809656 -0.0006115226 0.9876976 0.10932426
29480965.689590443 0.035729226 0.11849686 -0.048075937 -0.07700501 -0.002086866 0.9925391 0.09450915
29505354.689590443 0.035071462 0.123887844 -0.049455687 -0.07864648 -0.0029420643 0.99155027 0.10312261
29529752.439590443 0.042222355 0.1290681 -0.044391483 -0.08360777 -0.0027094723 0.99038273 0.110202156
29554170.689590443 0.04980377 0.14163345 -0.046010815 -0.0894202 -0.002913756 0.98857117 0.12133734
29578618.439590443 0.04593973 0.14709036 -0.043223172 -0.089176655 0.0002450393 0.98790854 0.12682405
29603085.439590443 0.05463829 0.15196007 -0.0359416 -0.09713839 0.0006439416 0.986497 0.13186154
29627568.689590443 0.0525858 0.15768178 -0.03606939 -0.097356215 0.0015841322 0.9858364 0.13655032
29652065.439590443 0.056674022 0.16227797 -0.033999052 -0.10156867 -0.0015783043 0.9841919 0.1450783
29676574.689590443 0.06921102 0.17095616 -0.030169565 -0.112617224 -0.0040480327 0.9813585 0.15568087
29701093.689590443 0.05786361 0.17595325 -0.035927832 -0.08957817 0.0022800588 0.98988295 0.110011026
29725621.689590443 0.0574299 0.18146962 -0.03296787 -0.09051217 0.0024314264 0.98896223 0.11728351
29750157.689590443 0.060465112 0.18538131 -0.029482 -0.09390559 -0.0001861235 0.9880379 0.12232282
29774702.689590443 0.06276616 0.18894976 -0.023927657 -0.09571976 -0.0032359893 0.9869686 0.12930681
29799254.689590443 0.06341088 0.19548817 -0.019687 -0.0959921 -0.0038177222 0.985933 0.13677423
29823815.689590443 0.06629548 0.2017803 -0.016436463 -0.09632219 -0.0076157283 0.9848683 0.14387004
29848381.439590443 0.066909485 0.20746288 -0.012208233 -0.098053336 -0.0052561564 0.9837012 0.15063165
29872957.689590443 0.06878033 0.22133344 -0.0063575055 -0.098430045 -0.0039939745 0.9815591 0.1638214
29897543.689590443 0.07741383 0.23308423 -0.0011839885 -0.10307894 -0.0065498683 0.9787928 0.17690848
29922139.689590443 0.078947484 0.244231 0.0004385691 -0.10305232 -0.0064129685 0.976627 0.18851765
29946748.439590443 0.055402774 0.23600435 0.011534935 -0.08490459 0.007853658 0.9847956 0.15135156
29971374.439590443 0.055513363 0.24209355 0.010726489 -0.083957605 0.0087663075 0.98339283 0.16066381
29996015.689590443 0.049928598 0.2526632 0.010842331 -0.081816494 0.007741108 0.9817987 0.17122339
30020678.439590443 0.045950647 0.25654054 0.017705861 -0.08211213 0.010474592 0.9807376 0.17692274
30045363.689590443 0.04654271 0.26826948 0.022930678 -0.08488002 0.009177127 0.9794652 0.18264486
30070074.689590443 0.04418125 0.2799471 0.027948145 -0.08569827 0.008369252 0.97827977 0.188559
30094814.689590443 0.04075462 0.28916955 0.03345725 -0.085007936 0.0074022077 0.977057 0.19513732
30119583.689590443 0.03584209 0.30590448 0.04807892 -0.08808922 0.005152008 0.97585624 0.19979584
30144382.689590443 0.032138012 0.32315305 0.051578984 -0.0899918 0.005827535 0.97436535 0.20610608
30169209.689590443 0.040013105 0.32487738 0.060807817 -0.09334085 0.004262925 0.9730452 0.2108375
30194066.439590443 0.036836546 0.3316155 0.070855476 -0.09343576 0.0047366885 0.971772 0.21657921
30218951.689590443 0.045982003 0.3055464 0.04493869 -0.10057007 0.0031867735 0.97645736 0.19080532
30243851.689590443 0.04272951 0.31562355 0.054653205 -0.102184534 0.0018762283 0.9752479 0.19607724
30268779.439590443 0.042392544 0.32307753 0.0641517 -0.103845626 0.0009019045 0.9742091 0.20032957
30293751.689590443 0.03932786 0.33560097 0.07361436 -0.10590006 0.00066393724 0.9730765 0.20471188
30318750.689590443 0.04100985 0.33705795 0.08439619 -0.10765053 -0.0034843187 0.9715388 0.21097788
30343776.689590443 0.044134486 0.34667492 0.09552261 -0.110740446 -0.0069481037 0.9692981 0.21942997
30368827.689590443 0.04363423 0.3551145 0.110239215 -0.11163057 -0.013096313 0.9667317 0.22977571
30393903.439590443 0.043894123 0.37186947 0.12800549 -0.112495564 -0.018113242 0.9644595 0.2384004
30419004.689590443 0.028955592 0.3704648 0.103132844 -0.11294445 -0.008890084 0.9672089 0.22731374
30444133.439590443 0.029484075 0.38256928 0.11856064 -0.113084465 -0.016894108 0.9640547 0.23984382
30469288.689590443 0.024673508 0.3935679 0.13561946 -0.111036815 -0.02226018 0.9610415 0.25213996
30494473.689590443 0.02365787 0.4047235 0.15249804 -0.1090497 -0.030345412 0.9574921 0.26532304
30519688.689590443 0.01880886 0.4093429 0.16228494 -0.10753334 -0.033598166 0.9550647 0.27415177
30544934.439590443 0.01291161 0.4150753 0.17240414 -0.10639506 -0.033424407 0.9523428 0.28391224
30570213.689590443 0.003648432 0.42649624 0.18448752 -0.10535311 -0.030329498 0.94941735 0.29425782
30595525.439590443 -0.0074672177 0.43965635 0.19663468 -0.1084052 -0.028653504 0.9450641 0.30705234
30620871.689590443 -0.00931518 0.44909698 0.21750331 -0.11055246 -0.029582849 0.93987983 0.32175922
30646254.689590443 -0.015201377 0.45394513 0.23343521 -0.10928813 -0.029022602 0.93560624 0.33444703
30671675.689590443 -0.019002046 0.45784387 0.2505736 -0.107555054 -0.031749982 0.93181956 0.3451611
30697134.439590443 -0.01875926 0.46589693 0.26956934 -0.10747506 -0.03532137 0.9268702 0.35792902
30722630.439590443 -0.013000809 0.46078366 0.29031393 -0.11096501 -0.036678735 0.921292 0.3708942
30748168.689590443 -0.016211705 0.4689212 0.31266245 -0.11087557 -0.037025005 0.913791 0.38900107
30773749.689590443 -0.01684056 0.47441256 0.3338282 -0.11245557 -0.038090568 0.90598506 0.4063175
30799376.439590443 -0.025074633 0.47485203 0.3531924 -0.10980022 -0.03887299 0.89858973 0.42304766
30825051.689590443 -0.012590665 0.43661308 0.34969512 -0.1100153 -0.040901363 0.9056426 0.40747416
30850779.439590443 -0.018972376 0.44198 0.37173122 -0.108134225 -0.040230464 0.8967567 0.42721888
30876560.689590443 -0.020794764 0.44652355 0.397469 -0.10873891 -0.04165893 0.88640535 0.4480246
30902396.689590443 -0.021965396 0.44609055 0.4171475 -0.11169801 -0.041195966 0.87736887 0.46481222
30928290.689590443 -0.015041124 0.4168812 0.35404038 -0.119486436 -0.041039966 0.90326595 0.4100603
30954244.689590443 -0.014730532 0.41959602 0.37833065 -0.1221644 -0.04185417 0.89393127 0.4291982
30980263.689590443 -0.015576918 0.4207424 0.4006304 -0.12397455 -0.04191842 0.88416725 0.4484658
31006348.689590443 -0.021617245 0.41671917 0.41992384 -0.123348705 -0.039209493 0.8751661 0.46618894
31032506.689590443 -0.015526861 0.39692843 0.3569545 -0.13320655 -0.040462907 0.90102094 0.41082862
31058740.689590443 -0.019885313 0.3975976 0.38034347 -0.13365664 -0.04140065 0.89120287 0.43148503
31085053.689590443 -0.028255489 0.39436525 0.40297818 -0.13056412 -0.0400612 0.88145554 0.45208868
31111448.439590443 -0.017141718 0.38068742 0.36048612 -0.13911965 -0.04578588 0.8988421 0.4130766
31137924.689590443 -0.020539489 0.3752123 0.3787459 -0.1407172 -0.046268273 0.89095145 0.42925918
31164443.439590443 -0.02928269 0.36950985 0.39471814 -0.1379712 -0.0453158 0.8840339 0.44429097
31191047.689590443 -0.01855287 0.3639543 0.36666948 -0.14748363 -0.052963436 0.8956091 0.41632673
31217785.689590443 -0.029882707 0.35609347 0.37964967 -0.14693193 -0.049876533 0.89029634 0.42813072
31244613.689590443 -0.031177815 0.3492999 0.3880119 -0.15073013 -0.050181728 0.885673 0.43628624
31271526.689590443 -0.027241655 0.3435372 0.39309424 -0.15294996 -0.068511754 0.881683 0.4410756
31298520.689590443 -0.02092186 0.340465 0.37294662 -0.15887015 -0.07402897 0.8902518 0.42039478
31325592.439590443 -0.022322472 0.33409712 0.37771714 -0.1610653 -0.080286965 0.8872916 0.42464766
31352739.689590443 -0.022067603 0.3298595 0.3735813 -0.1668912 -0.09276835 0.88672316 0.42102668
31379959.689590443 -0.018534556 0.3249959 0.37613264 -0.16748928 -0.09687645 0.8853168 0.42281964
31407246.689590443 -0.02414487 0.31596065 0.38025817 -0.16833717 -0.103411034 0.883305 0.4251366
31434596.689590443 -0.025218032 0.31141937 0.38178837 -0.17081803 -0.11055592 0.88137174 0.4263596
31462004.689590443 -0.025736026 0.30561727 0.3838796 -0.1744594 -0.11761425 0.8792724 0.42733008
31489465.689590443 -0.026938394 0.2993168 0.3859604 -0.17740954 -0.12623724 0.8768276 0.4286764
31516974.689590443 -0.027594138 0.28997272 0.38959327 -0.18123348 -0.13412979 0.8744173 0.4296021
31544525.689590443 -0.029102296 0.28419793 0.39076638 -0.1834082 -0.14297271 0.8724313 0.42986494
31572114.689590443 -0.030127138 0.2778007 0.39217314 -0.18732047 -0.15211257 0.86970687 0.43056104
31599736.689590443 -0.032196496 0.27053678 0.3967403 -0.19060831 -0.16082737 0.86647296 0.43246704
31627385.689590443 -0.033084303 0.2620661 0.3993968 -0.1942102 -0.17064479 0.86353344 0.4329814
31655054.689590443 -0.03430611 0.2557904 0.4009644 -0.19859794 -0.18038629 0.8604285 0.43322337
31682741.689590443 -0.036114298 0.24904135 0.4032115 -0.20229053 -0.19000268 0.8572399 0.43372497
31710443.439590443 -0.039744306 0.24269563 0.40571755 -0.20717281 -0.1994348 0.85351485 0.43453145
31738151.689590443 -0.04054777 0.23647058 0.40793535 -0.2124996 -0.20920494 0.85000724 0.43424067
31765863.689590443 -0.042705942 0.22886112 0.40880325 -0.2178077 -0.22014925 0.8465484 0.4329551
31793573.689590443 -0.045055993 0.2209425 0.41253084 -0.22452146 -0.23058684 0.84156996 0.43379703
31821274.439590443 -0.047399186 0.21455617 0.41516954 -0.23074012 -0.24033217 0.83727837 0.4335486
31848963.439590443 -0.049286444 0.20623842 0.41885406 -0.23834269 -0.25079724 0.8322342 0.43322027
31876638.689590443 -0.0538967 0.19984676 0.4202447 -0.24480067 -0.2601094 0.8280359 0.43217176
31904296.689590443 -0.05569829 0.19133525 0.42539203 -0.25266567 -0.27009103 0.8225378 0.43202144
31931933.689590443 -0.05880177 0.1843142 0.42976904 -0.25981334 -0.2785686 0.8176328 0.43170977
31959548.689590443 -0.06255323 0.17816152 0.43126717 -0.26679748 -0.28677124 0.8132457 0.4303635
31987137.689590443 -0.06585024 0.17113745 0.43335325 -0.27463216 -0.29490706 0.80865717 0.42857978
32014699.689590443 -0.070662834 0.16440332 0.43640736 -0.28203425 -0.30193233 0.804189 0.4272862
32042230.689590443 -0.07412839 0.1580252 0.43976513 -0.29099324 -0.30871716 0.79951674 0.42519382
32069727.689590443 -0.078277424 0.15238774 0.44193265 -0.29944173 -0.31475833 0.79536486 0.42267805
32097190.689590443 -0.08278667 0.14503539 0.44420964 -0.3083831 -0.32039696 0.79136854 0.41950154
32124636.689590443 -0.08705863 0.13820268 0.44696257 -0.3174534 -0.32469714 0.7876413 0.41643295
32152044.439590443 -0.09254876 0.13127519 0.44989148 -0.32754734 -0.32952523 0.7833629 0.41287827
32179391.689590443 -0.097408086 0.12481071 0.45332822 -0.3370423 -0.33413556 0.7786741 0.41039327
32206691.439590443 -0.10220138 0.1187551 0.4559632 -0.34585568 -0.34040272 0.7733369 0.4079951
32233947.439590443 -0.10583504 0.11214331 0.45871976 -0.35261205 -0.34989625 0.7668963 0.40633422
32261159.689590443 -0.11120008 0.10425283 0.46090174 -0.35904345 -0.36085558 0.7595045 0.4049988
32288327.689590443 -0.11636217 0.09781687 0.4639569 -0.3646701 -0.37347522 0.75043494 0.40543738
32315448.439590443 -0.12222901 0.091973156 0.46664482 -0.36953625 -0.387565 0.7404107 0.40623677
32342526.689590443 -0.12608565 0.08430107 0.4679114 -0.3763705 -0.40223894 0.72994906 0.40462762
32369562.689590443 -0.13243088 0.07790281 0.4707201 -0.38239014 -0.41738513 0.7181733 0.40471545
32396557.689590443 -0.13807887 0.07177614 0.4737346 -0.38859016 -0.43245113 0.7057289 0.4048834
32423512.689590443 -0.14378045 0.06496483 0.47562638 -0.394489 -0.44735608 0.69332504 0.4044148
32450428.439590443 -0.15043959 0.05885972 0.4778317 -0.40019423 -0.46203417 0.6803474 0.404347
32477307.689590443 -0.1566388 0.053685248 0.48016837 -0.40550193 -0.47611916 0.66758883 0.40398517
32504155.689590443 -0.16285674 0.04751627 0.48237085 -0.411225 -0.48940834 0.6550339 0.40286985
32530974.689590443 -0.16959235 0.04226339 0.4851314 -0.41761437 -0.5016676 0.6426514 0.40115717
32557765.689590443 -0.17633796 0.036324784 0.4871665 -0.42414916 -0.51351213 0.6301271 0.39917746
32584531.689590443 -0.18301754 0.030377343 0.48949626 -0.4309615 -0.52408624 0.61748976 0.39788485
32611273.439590443 -0.1899882 0.025301903 0.4911223 -0.43816748 -0.53426397 0.6047117 0.39609984
32637997.689590443 -0.19740686 0.01992704 0.49258202 -0.44505003 -0.5436456 0.5917596 0.3952221
32664704.689590443 -0.2052195 0.014801279 0.4942875 -0.45257622 -0.5526988 0.578064 0.39438677
32691396.689590443 -0.21280201 0.009190947 0.4957515 -0.45964506 -0.5619385 0.5637317 0.39390132
32718076.689590443 -0.22037292 0.0056387335 0.49803978 -0.46658605 -0.5695833 0.5496228 0.39469898
32744744.689590443 -0.22856893 0.0007120967 0.49897334 -0.47391343 -0.57768154 0.5348721 0.39446408
32771399.439590443 -0.23648569 -0.003196597 0.5005579 -0.48091522 -0.5854894 0.5188501 0.39587554
32798039.689590443 -0.24458256 -0.006340593 0.5020714 -0.48807237 -0.5931323 0.50265115 0.3966375
32824665.689590443 -0.2529093 -0.010591716 0.50364614 -0.49509525 -0.60119396 0.48539433 0.39728954
32851271.689590443 -0.26104474 -0.014117241 0.5046513 -0.5020916 -0.60893935 0.46785185 0.39775836
32877856.439590443 -0.26929444 -0.016924948 0.5057536 -0.50992614 -0.6159135 0.44982007 0.39785406
32904420.689590443 -0.27781337 -0.020311087 0.5067231 -0.5182736 -0.62274176 0.43056905 0.3977381
32930961.689590443 -0.28652066 -0.022709548 0.50720793 -0.5264856 -0.62902594 0.41130385 0.3974526
32957476.689590443 -0.29520762 -0.025312573 0.5078941 -0.53549075 -0.6344243 0.39145842 0.39688265
32983971.689590443 -0.30333984 -0.026695698 0.5084505 -0.5448991 -0.6391353 0.37134635 0.39584467
33010444.689590443 -0.31198567 -0.027937531 0.5091222 -0.55527115 -0.6432844 0.34970707 0.39441612
33036899.689590443 -0.32041103 -0.029440612 0.50937706 -0.5669682 -0.6463939 0.32748377 0.39176062
33063342.689590443 -0.32887787 -0.030405104 0.5091377 -0.57808506 -0.649069 0.30511403 0.38914338
33089778.689590443 -0.3372447 -0.0313116 0.50914764 -0.589524 -0.65103966 0.2827832 0.38554204
33116213.689590443 -0.34602258 -0.03141576 0.5092387 -0.5999393 -0.6529577 0.25976405 0.38241568
33142650.689590443 -0.35382476 -0.031461477 0.5087429 -0.6093847 -0.655052 0.23704417 0.3786387
33169094.689590443 -0.36211377 -0.03135529 0.50886595 -0.6181402 -0.6570622 0.21344925 0.374982
33195542.689590443 -0.3696267 -0.03147632 0.50793135 -0.62653947 -0.6586082 0.19006999 0.37088674
33222004.689590443 -0.37768805 -0.030689895 0.50772303 -0.6344376 -0.6592262 0.16771239 0.36712712
33248492.689590443 -0.38545305 -0.029869199 0.5073225 -0.6412977 -0.65965897 0.14364164 0.36462915
33275001.439590443 -0.39353013 -0.028619945 0.50658727 -0.6472653 -0.6596549 0.12125214 0.3622167
33301537.439590443 -0.40069145 -0.027310312 0.5056314 -0.651845 -0.6604125 0.098925635 0.35939842
33328101.689590443 -0.40778872 -0.026019514 0.50499994 -0.65611607 -0.6608079 0.07759336 0.3561235
33354700.689590443 -0.41552305 -0.023436487 0.5041656 -0.6585561 -0.66206795 0.058646068 0.35288876
33381334.689590443 -0.42209366 -0.021572232 0.5031926 -0.66116095 -0.6638885 0.041960973 0.34692577
33408003.689590443 -0.42812783 -0.01986003 0.50227845 -0.66395247 -0.6660914 0.027714757 0.33870533
33434708.689590443 -0.4348365 -0.017081082 0.502177 -0.66698515 -0.6685791 0.016395433 0.3284267
33461450.689590443 -0.4414345 -0.013622224 0.50169104 -0.6701165 -0.6708704 0.0070715626 0.3175323
33488228.689590443 -0.44702268 -0.010595739 0.5008248 -0.6741311 -0.6720279 -0.0025646084 0.30646238
33515038.439590443 -0.4527811 -0.008173883 0.4994697 -0.679319 -0.6714015 -0.01294706 0.29593587
33541882.439590443 -0.45845252 -0.003298521 0.49967667 -0.6853936 -0.6688348 -0.023436993 0.2869607
33568758.43959044 -0.4634969 0.00048196316 0.4989022 -0.6917115 -0.6657559 -0.033567917 0.2778084
33595667.68959044 -0.46867472 0.004132509 0.49727848 -0.6975694 -0.66315424 -0.042601056 0.26797128
33622610.68959044 -0.4732864 0.008256376 0.49646798 -0.7035036 -0.66066355 -0.048957337 0.25731212
33649587.68959044 -0.4784871 0.014158487 0.49546576 -0.7078132 -0.65942 -0.054419678 0.24739498
33676598.68959044 -0.4831811 0.017926931 0.49436092 -0.7124796 -0.6587044 -0.058175623 0.23472765
33703646.68959044 -0.48728642 0.022862732 0.49310753 -0.71761876 -0.65734416 -0.06109825 0.22178598
33730729.68959044 -0.49125051 0.026836336 0.49153385 -0.7224726 -0.6556693 -0.0645051 0.20969076
33757845.68959044 -0.4949903 0.031423748 0.48987126 -0.72676486 -0.6538966 -0.06877909 0.19875027
33784992.68959044 -0.49886763 0.035698712 0.48790777 -0.7302204 -0.65203005 -0.074895985 0.18980423
33812169.68959044 -0.5021225 0.04152268 0.48663875 -0.7338508 -0.64898247 -0.08217766 0.18311659
33839376.68959044 -0.5052227 0.046355367 0.48478103 -0.7359127 -0.646971 -0.09042046 0.17800348
33866612.68959044 -0.5088822 0.052556813 0.483624 -0.73660636 -0.6462264 -0.098729104 0.17336388
33893879.68959044 -0.51204693 0.057735264 0.48163053 -0.7359749 -0.64729804 -0.105439514 0.16801415
33921169.43959044 -0.51468116 0.06394279 0.48032472 -0.73444474 -0.6490206 -0.11180801 0.16389686
33948480.68959044 -0.51709 0.069268286 0.4786113 -0.73292947 -0.6509486 -0.11709317 0.15927844
33975811.68959044 -0.51966095 0.07572746 0.476955 -0.7321568 -0.6518109 -0.12252379 0.1551673
34003158.68959044 -0.52186394 0.08106887 0.47425815 -0.7314097 -0.6526885 -0.12739018 0.15102765
34030516.68959044 -0.5239133 0.08722818 0.47224024 -0.73129296 -0.65299046 -0.13260995 0.14570063
34057879.68959044 -0.52621776 0.092861176 0.4703354 -0.7314826 -0.6532274 -0.13703895 0.13945456
34085244.68959044 -0.5278605 0.09951383 0.4683065 -0.7315249 -0.6534108 -0.14151473 0.13378808
34112602.68959044 -0.5295341 0.10594028 0.4662147 -0.73229825 -0.6528306 -0.1455421 0.12794167
34139951.68959044 -0.5299036 0.11181688 0.46319845 -0.73237085 -0.6534553 -0.14767572 0.1217418
34167286.68959044 -0.53113604 0.11716747 0.46051714 -0.7328705 -0.65349185 -0.15021627 0.11525733
34194608.68959044 -0.53235525 0.12423241 0.4578015 -0.73329425 -0.65400416 -0.15117574 0.10818565
34221916.68959044 -0.53284574 0.13087112 0.4548282 -0.7336612 -0.6553908 -0.14873676 0.1004077
34249214.68959044 -0.5338546 0.13719368 0.4520182 -0.73434466 -0.6563716 -0.14630884 0.09223928
34276505.68959044 -0.5345808 0.14388484 0.4488292 -0.7354041 -0.65684086 -0.14405319 0.083604455
34303787.68959044 -0.53486824 0.15050203 0.44596136 -0.7368192 -0.6567839 -0.14092101 0.076639876
34331064.68959044 -0.5353136 0.15794277 0.44346017 -0.7384257 -0.6564202 -0.1379874 0.06927859
34358337.68959044 -0.53563046 0.16447222 0.4399603 -0.7385558 -0.6572981 -0.13567339 0.06393256
34385608.68959044 -0.5357986 0.17101973 0.43652055 -0.73917747 -0.65773547 -0.13246252 0.05877521
34412880.68959044 -0.53604716 0.1783101 0.43303156 -0.7391786 -0.658414 -0.13058202 0.05526668
34440159.68959044 -0.5359734 0.18563834 0.4294335 -0.7390405 -0.65927577 -0.12824032 0.052239582
34467448.68959044 -0.5363092 0.19321844 0.42643908 -0.74018806 -0.6585255 -0.12635523 0.050001383
34494744.68959044 -0.53601146 0.20041946 0.4232122 -0.74112016 -0.6576931 -0.12525873 0.049910296
34522053.68959044 -0.5361451 0.2077862 0.4191547 -0.7415357 -0.6573125 -0.125383 0.04841609
34549382.68959044 -0.53549194 0.2143934 0.4149153 -0.7427896 -0.656245 -0.12354878 0.048392937
34576733.68959044 -0.535162 0.22309071 0.4112674 -0.744342 -0.65506095 -0.12151071 0.04566455
34604107.68959044 -0.53430784 0.22977525 0.4067502 -0.74684083 -0.65305465 -0.117979325 0.042771783
34631510.43959044 -0.53553945 0.23760256 0.40287519 -0.7494114 -0.65115994 -0.11404473 0.03697519
34658943.68959044 -0.53481793 0.2451596 0.3987689 -0.7517135 -0.64938855 -0.11023725 0.032697227
34686407.68959044 -0.5348689 0.25324592 0.3949791 -0.7532284 -0.6482839 -0.10730078 0.029352618
34713902.68959044 -0.53407824 0.26073405 0.39073196 -0.75410914 -0.6479199 -0.10404657 0.026334897
34741430.43959044 -0.53322095 0.2693459 0.38693547 -0.7547149 -0.6476751 -0.10163053 0.02436723
34768989.68959044 -0.5328159 0.27657184 0.3824635 -0.7546379 -0.6482303 -0.099106394 0.022296323
34796586.43959044 -0.5333624 0.2849309 0.37772965 -0.754787 -0.6483653 -0.09783464 0.018637342
34824202.43959044 -0.53249884 0.29241067 0.37359068 -0.7551495 -0.64843756 -0.094850175 0.016775547
34851861.68959044 -0.5319717 0.299042 0.36852834 -0.75518715 -0.6487612 -0.09268559 0.014513476
34879587.68959044 -0.53069603 0.30672508 0.36418277 -0.7554038 -0.64892226 -0.090014055 0.012743491
34907368.68959044 -0.5306855 0.3140309 0.3593366 -0.756035 -0.64845425 -0.08839843 0.010196457
34935205.68959044 -0.5302491 0.32305104 0.3557126 -0.75810504 -0.6461492 -0.08754539 0.010186321
34963104.43959044 -0.5301808 0.32895052 0.35200503 -0.76013416 -0.6439801 -0.08604491 0.009053841
34991069.68959044 -0.5292257 0.3379668 0.34803015 -0.7621252 -0.6416558 -0.08572796 0.009686972
35019105.68959044 -0.5293199 0.34641892 0.34332544 -0.76287526 -0.64090294 -0.084620036 0.010214539
35047214.43959044 -0.52888286 0.35554677 0.3384962 -0.76289403 -0.64096254 -0.0838369 0.011451706
35075397.43959044 -0.52850056 0.363724 0.3336819 -0.7627353 -0.64131004 -0.08239375 0.012947964
35103656.43959044 -0.52786577 0.37358153 0.3285644 -0.7630504 -0.6411008 -0.080744825 0.014973752
35131992.68959044 -0.5259868 0.38054597 0.32410118 -0.76315933 -0.6412842 -0.077404715 0.018734504
35160408.43959044 -0.5261816 0.39045084 0.31930542 -0.7636851 -0.64091164 -0.07489649 0.020196833
35188909.43959044 -0.5253383 0.39933977 0.314059 -0.76392543 -0.6409085 -0.07148153 0.023341278
35217495.68959044 -0.52513456 0.40777367 0.31002396 -0.76466036 -0.64031667 -0.06757117 0.026895162
35246171.68959044 -0.52489984 0.41708368 0.30526465 -0.76502854 -0.6401335 -0.063507415 0.03045082
35274942.68959044 -0.525174 0.4261987 0.3011061 -0.766233 -0.6388646 -0.0593038 0.03495929
35303813.68959044 -0.52488357 0.43515322 0.29640988 -0.7664503 -0.6386479 -0.054707885 0.041109476
35332786.68959044 -0.5258169 0.44558507 0.2921422 -0.76774156 -0.63697726 -0.05163302 0.046549447
35361866.68959044 -0.5256512 0.45421022 0.2874182 -0.7677925 -0.636567 -0.048418872 0.05415428
35391057.43959044 -0.525585 0.46417052 0.28347874 -0.7686783 -0.63518965 -0.04427502 0.06088918
35420360.68959044 -0.525447 0.47385806 0.27920318 -0.76891875 -0.6345868 -0.03978919 0.06693629
35449775.68959044 -0.5257231 0.48266345 0.27480233 -0.7692921 -0.6340492 -0.03465637 0.07049995
35479301.68959044 -0.52605224 0.49223584 0.27049682 -0.7698379 -0.63337016 -0.02890596 0.07318679
35508936.68959044 -0.52592134 0.50302327 0.26694846 -0.77092004 -0.63195163 -0.023588099 0.075915165
35538680.68959044 -0.52547216 0.5137617 0.26247776 -0.77142805 -0.63135284 -0.018149886 0.07722025
35568527.68959044 -0.52548504 0.52333844 0.2577269 -0.77160287 -0.6311017 -0.01207329 0.078701645
35598472.68959044 -0.525096 0.53456795 0.2539305 -0.7740572 -0.6279424 -0.00718101 0.08045052
35628508.68959044 -0.5247096 0.5451789 0.2499665 -0.7773986 -0.62378037 -0.0013175829 0.08091938
35658628.68959044 -0.52446806 0.5560627 0.24576065 -0.7813798 -0.6186961 0.0033210486 0.08154569
35688825.68959044 -0.52380073 0.56722176 0.2417278 -0.7850925 -0.61375993 0.008655435 0.082787246
35719092.68959044 -0.5235891 0.57752 0.23758718 -0.788329 -0.6091754 0.0139596695 0.08513491
35749419.68959044 -0.523389 0.5877585 0.23312277 -0.79095405 -0.605379 0.020019826 0.086643696
35779802.68959044 -0.52358526 0.59780645 0.22919595 -0.7935719 -0.6013526 0.026352026 0.08901921
35810239.68959044 -0.5237592 0.6078831 0.22527522 -0.7957916 -0.59759253 0.032656644 0.092371784
35840732.68959044 -0.52303845 0.61931086 0.2205894 -0.7980001 -0.59354365 0.04011475 0.09639838
35871281.68959044 -0.5243292 0.62917507 0.21636477 -0.7996005 -0.59014887 0.048041742 0.10027653
35901886.68959044 -0.52359974 0.6391858 0.21172047 -0.8002978 -0.58747876 0.059194673 0.10434607
35932539.68959044 -0.52408284 0.649003 0.20748219 -0.8008093 -0.5848498 0.07119983 0.107636526
35963233.68959044 -0.52373946 0.65961754 0.20366347 -0.800654 -0.58230245 0.08578758 0.11188188
35993961.68959044 -0.5244082 0.6702182 0.1996184 -0.8000201 -0.57999194 0.10139686 0.115307465
36024720.68959044 -0.5245905 0.68058896 0.19505012 -0.7984097 -0.5779181 0.11945357 0.11951393
36055499.68959044 -0.5253156 0.6914833 0.19107676 -0.79667187 -0.5753325 0.13948211 0.12186605
36086289.68959044 -0.5260476 0.70246315 0.18646067 -0.7943218 -0.5727507 0.15998429 0.12415573
36117083.68959044 -0.5260425 0.71427715 0.18371832 -0.7920519 -0.5690074 0.18070683 0.12739472
36147874.68959044 -0.525291 0.7259333 0.1791197 -0.78846353 -0.566072 0.2018896 0.13087475
36178654.68959044 -0.52733994 0.736007 0.17571604 -0.7852499 -0.5625527 0.22111739 0.13425453
36209420.68959044 -0.5281156 0.74594647 0.17106384 -0.78121734 -0.5589276 0.2413545 0.13801289
36240169.43959044 -0.53117484 0.75558996 0.16824329 -0.7781566 -0.55418205 0.25968778 0.14112753
36270907.68959044 -0.53253376 0.7653893 0.16500193 -0.77447426 -0.5500329 0.27726102 0.1441517
36301637.68959044 -0.5350689 0.77461773 0.16009599 -0.77009195 -0.54694456 0.292799 0.14858958
36332352.68959044 -0.5356847 0.7849123 0.15689927 -0.76550496 -0.5433489 0.30818248 0.15426517
36363051.68959044 -0.53792083 0.7939106 0.15173757 -0.760069 -0.54115814 0.3217091 0.16107845
36393734.68959044 -0.5387806 0.80394995 0.1468522 -0.7554298 -0.5380634 0.33403724 0.16802618
36424400.68959044 -0.5406915 0.8138078 0.1443705 -0.75097907 -0.5345658 0.34488896 0.17697895
36455047.68959044 -0.5430607 0.8232435 0.14029604 -0.74635893 -0.5319835 0.3545467 0.18503703
36485668.68959044 -0.54532933 0.8321553 0.13692653 -0.74138576 -0.5295881 0.36524242 0.1910018
36516263.68959044 -0.54710764 0.8405118 0.13251692 -0.735491 -0.5278366 0.37639683 0.1968934
36546840.68959044 -0.5498659 0.84805334 0.12872612 -0.73007417 -0.52563405 0.38742578 0.20149893
36577397.68959044 -0.5524474 0.856902 0.12426114 -0.7251631 -0.52216184 0.39834428 0.2068995
36607934.68959044 -0.55474144 0.8657155 0.12004018 -0.71954507 -0.51837033 0.41065505 0.2119188
36638453.68959044 -0.55715775 0.8746878 0.11540717 -0.71376795 -0.5140541 0.4236198 0.21640258
36668953.68959044 -0.56069535 0.88109356 0.11164379 -0.7085632 -0.5101066 0.43554 0.21916749
36699433.68959044 -0.563419 0.89111006 0.10769266 -0.70206773 -0.5048003 0.44959515 0.22392346
36729893.68959044 -0.56708276 0.8987383 0.10374761 -0.6953305 -0.50008667 0.46274605 0.22868097
36760325.68959044 -0.5703033 0.9072833 0.099942565 -0.68814176 -0.4944236 0.4764515 0.23452133
36790729.43959044 -0.57401335 0.915512 0.09637797 -0.6805333 -0.489087 0.49006152 0.23980866
36821098.68959044 -0.57712317 0.92275655 0.091510594 -0.67242855 -0.4834005 0.50454843 0.24412051
36851425.68959044 -0.58140117 0.92944443 0.08820975 -0.66584545 -0.4768171 0.51763654 0.24768469
36881705.43959044 -0.5848851 0.93701786 0.08414012 -0.6578608 -0.47039166 0.5318591 0.25115085
36911933.68959044 -0.58908904 0.9437258 0.0799723 -0.64997655 -0.46454364 0.5445807 0.25526777
36942103.68959044 -0.59341526 0.9503422 0.0760591 -0.64256954 -0.45800623 0.5572736 0.25841975
36972209.68959044 -0.5973291 0.957698 0.073156655 -0.63446933 -0.45170906 0.5694515 0.2629308
37002247.68959044 -0.60225034 0.96390176 0.06981763 -0.62720907 -0.44508502 0.5811648 0.26599932
37032212.43959044 -0.6067659 0.9701651 0.0660114 -0.61954343 -0.4386522 0.5927356 0.2690999
37062100.68959044 -0.61110365 0.9774978 0.060940772 -0.611553 -0.43096155 0.6054348 0.27152157
37091907.43959044 -0.61580265 0.9828987 0.05717638 -0.6049326 -0.42371398 0.61638075 0.27312618
37121630.68959044 -0.6209304 0.98909736 0.053052306 -0.59759426 -0.4165843 0.62760526 0.27468207
37151266.68959044 -0.62526447 0.9959438 0.04867436 -0.58956915 -0.4090931 0.6392403 0.2764469
37180816.68959044 -0.63066036 1.001466 0.0452127 -0.5831326 -0.40093023 0.64959455 0.27791756
37210276.68959044 -0.6359443 1.0068189 0.04197429 -0.5757131 -0.39465266 0.65906864 0.28005758
37239649.43959044 -0.6412562 1.0121565 0.037312984 -0.56812453 -0.3870009 0.66969633 0.2810192
37268979.68959044 -0.6466587 1.0172405 0.033755064 -0.5606404 -0.3798696 0.6793875 0.28251398
37298226.68959044 -0.6522851 1.0220854 0.030599222 -0.5533855 -0.37291476 0.6882176 0.2847028
37327344.68959044 -0.65800214 1.0262798 0.027036592 -0.5464053 -0.36579305 0.6969195 0.28625137
37356378.68959044 -0.66435987 1.0303565 0.023538515 -0.53901 -0.3591274 0.7050773 0.28872457
37385334.43959044 -0.6700514 1.0343663 0.02022504 -0.5310735 -0.35293055 0.713159 0.2912135
37414212.68959044 -0.6760899 1.0377548 0.016400378 -0.5230798 -0.34648314 0.7211042 0.29384634
37443010.68959044 -0.68203604 1.0415223 0.0122164935 -0.5142634 -0.34075454 0.7287498 0.2972261
37471727.68959044 -0.6885959 1.0442088 0.00978311 -0.50672853 -0.3345729 0.7354757 0.30060402
37500357.68959044 -0.69531524 1.0503628 0.0062554814 -0.4972762 -0.32737097 0.7432952 0.30505234
37528896.68959044 -0.70137346 1.053216 0.0029506963 -0.489034 -0.32098055 0.75069374 0.30704433
37557341.68959044 -0.7085475 1.0556649 0.00025956705 -0.4813464 -0.31377694 0.758072 0.30850694
37585688.68959044 -0.71470493 1.0586683 -0.002586484 -0.473372 -0.3059418 0.76573896 0.30977815
37613934.43959044 -0.72174966 1.0616572 -0.005919084 -0.46518314 -0.29755685 0.7734455 0.31120193
37642075.68959044 -0.72864306 1.0636619 -0.00876639 -0.45750502 -0.28889275 0.7805657 0.31296566
37670114.43959044 -0.73549724 1.0657734 -0.011254869 -0.4501239 -0.27933198 0.7873893 0.31524643
37698050.43959044 -0.74215674 1.067473 -0.015104137 -0.4417572 -0.27079108 0.79426783 0.31727183
37725882.43959044 -0.7486452 1.0677971 -0.017379083 -0.43425167 -0.2618936 0.8004985 0.31943607
37753610.68959044 -0.7564343 1.0700043 -0.019868493 -0.42644745 -0.25197926 0.8071299 0.3212325
37781231.68959044 -0.7637063 1.0718616 -0.022414416 -0.4181229 -0.24232134 0.8139488 0.32239875
37808742.43959044 -0.7707819 1.0732058 -0.024033546 -0.4098567 -0.23141156 0.8213295 0.3223105
37836148.43959044 -0.7774347 1.0736107 -0.026939914 -0.4023277 -0.22118726 0.82859147 0.3203823
37863455.43959044 -0.78514665 1.0746691 -0.028455317 -0.3940474 -0.21084285 0.8353303 0.32014868
37890665.43959044 -0.7918886 1.0750501 -0.030514374 -0.3860509 -0.20042273 0.84201944 0.31905913
37917786.68959044 -0.7976416 1.0749004 -0.033056617 -0.3778406 -0.19076976 0.84849733 0.31764102
37944822.68959044 -0.8047258 1.0748432 -0.034668773 -0.36965916 -0.1806123 0.8544808 0.31716537
37971780.68959044 -0.8121725 1.0745059 -0.035911337 -0.36153162 -0.17017294 0.8600273 0.3173155
37998666.43959044 -0.8199372 1.0742775 -0.03793238 -0.35293347 -0.159757 0.8655427 0.3174139
38025485.43959044 -0.8260783 1.0732994 -0.039589554 -0.3446782 -0.15065646 0.8705714 0.317183
38052240.68959044 -0.8335366 1.0725188 -0.040713146 -0.33555046 -0.14176811 0.8748744 0.31922168
38078934.68959044 -0.8402613 1.0714246 -0.042447835 -0.3265751 -0.1317533 0.87936574 0.32047737
38105572.68959044 -0.84740376 1.0702535 -0.042974174 -0.31714123 -0.12189355 0.88336396 0.32284927
38132156.68959044 -0.85434306 1.0686159 -0.04504423 -0.30683303 -0.11198783 0.88746595 0.32514068
38158686.68959044 -0.86087745 1.0669935 -0.045618787 -0.29718125 -0.10260376 0.8907558 0.32819203
38185161.68959044 -0.8677841 1.0648788 -0.046864927 -0.28775823 -0.092619866 0.89451367 0.32933584
38211581.68959044 -0.8753004 1.0627676 -0.047034144 -0.27835715 -0.08268282 0.89771736 0.33133736
38237949.68959044 -0.8822558 1.0609083 -0.047226563 -0.2688095 -0.07233205 0.90105164 0.33258912
38264263.68959044 -0.8893771 1.0584667 -0.047804296 -0.25856882 -0.0625755 0.90465194 0.33291364
38290521.68959044 -0.89582974 1.0552243 -0.04946418 -0.24908017 -0.05259825 0.90805644 0.3326051
38316726.68959044 -0.9027268 1.0524697 -0.048929557 -0.23950236 -0.041745625 0.91076446 0.3337726
38342879.43959044 -0.9092452 1.0493598 -0.049128607 -0.2296219 -0.031087842 0.91334313 0.33483103
38368984.68959044 -0.91557413 1.0465658 -0.04893767 -0.21952032 -0.019825364 0.9152834 0.337156
38395044.68959044 -0.9209722 1.043122 -0.049237832 -0.2085383 -0.009664378 0.91721094 0.33932665
38421059.68959044 -0.92730844 1.0393914 -0.048568614 -0.19798349 0.002146376 0.9186156 0.34196982
38447030.68959044 -0.93350226 1.0357718 -0.048611477 -0.18701422 0.014058452 0.9203347 0.34323782
38472959.43959044 -0.9391055 1.0320355 -0.0482376 -0.17628679 0.026277728 0.9217326 0.34444365
38498852.43959044 -0.94548833 1.0283297 -0.048516475 -0.16495557 0.03778565 0.923367 0.34460896
38524711.68959044 -0.95116 1.0233971 -0.04802782 -0.1549039 0.05060454 0.9243552 0.34498048
38550542.68959044 -0.9566592 1.0192971 -0.04723493 -0.14476211 0.064052075 0.9248063 0.34594014
38576346.68959044 -0.96172404 1.014755 -0.04704701 -0.1337494 0.07622468 0.9248547 0.34777102
38602129.68959044 -0.9668546 1.0100657 -0.045785308 -0.123162754 0.08924111 0.924426 0.3497194
38627890.68959044 -0.9728026 1.0051849 -0.04452373 -0.11206902 0.10300748 0.92346203 0.35220447
38653634.68959044 -0.97735274 1.0006304 -0.042811505 -0.10149709 0.11595086 0.92233807 0.35432512
38679361.68959044 -0.98221827 0.99604595 -0.042222634 -0.09006994 0.12873392 0.9211956 0.35596865
38705073.68959044 -0.9872572 0.9907679 -0.04176213 -0.07854501 0.14158235 0.9198735 0.35723665
38730772.43959044 -0.99242455 0.9854164 -0.040423192 -0.067062914 0.15370688 0.91847533 0.35816175
38756459.68959044 -0.99738383 0.97895193 -0.039241552 -0.05591073 0.16611773 0.91684437 0.35871357
38782133.68959044 -1.001168 0.9739773 -0.038430355 -0.044560153 0.1778396 0.9151177 0.35909206
38807798.68959044 -1.0057724 0.969013 -0.035494328 -0.03481605 0.19176786 0.9124499 0.359789
38833454.68959044 -1.0100971 0.96294963 -0.03434574 -0.023616074 0.20375964 0.9105306 0.35896847
38859099.68959044 -1.0135992 0.95649326 -0.032468073 -0.013375856 0.21603474 0.9080573 0.35858354
38884734.68959044 -1.0172291 0.95057344 -0.030236125 -0.0027660162 0.22781779 0.9054422 0.3581424
38910361.43959044 -1.0203462 0.94563764 -0.028776988 0.007564595 0.24054664 0.90231705 0.35763666
38935984.68959044 -1.0234737 0.94002473 -0.027336791 0.01809432 0.25287092 0.8990514 0.356981
38961603.68959044 -1.0259141 0.93363595 -0.025013119 0.028309098 0.2650932 0.8953901 0.3566523
38987222.68959044 -1.0293391 0.9274682 -0.022651434 0.038672186 0.27852008 0.8911179 0.35614613
39012841.68959044 -1.031528 0.92033243 -0.021979928 0.04896252 0.29033706 0.88750494 0.35446033
39038459.68959044 -1.0341007 0.9145362 -0.019670531 0.058817733 0.3038426 0.8828141 0.35335454
39064077.68959044 -1.0360906 0.9082732 -0.017609596 0.06755986 0.31723928 0.8780451 0.35189733
39089701.68959044 -1.0383043 0.9024581 -0.015569001 0.07698206 0.33117455 0.872774 0.3502325
39115333.68959044 -1.0397133 0.89649475 -0.013610974 0.08576183 0.3453599 0.86718875 0.34836066
39140973.68959044 -1.0410354 0.89021224 -0.01107794 0.094831064 0.35919115 0.8614415 0.34627652
39166627.68959044 -1.0421761 0.883811 -0.0072052777 0.10283313 0.37330738 0.85511905 0.3447295
39192311.43959044 -1.0425024 0.8778693 -0.0055429637 0.11152925 0.3869034 0.8489889 0.34217677
39218018.43959044 -1.0434626 0.8709166 -0.0029278398 0.12118477 0.40019447 0.8422968 0.34013957
39243751.43959044 -1.0434823 0.8645449 0.00028917193 0.12941557 0.4138277 0.8352808 0.33808926
39269514.68959044 -1.0427989 0.85861605 0.0026535392 0.13818367 0.42608193 0.82866263 0.3356752
39295312.68959044 -1.0417439 0.85319334 0.00491184 0.14671732 0.43836096 0.821556 0.33370578
39321149.68959044 -1.04121 0.8467728 0.007869959 0.15576711 0.45025614 0.8144216 0.3312455
39347025.68959044 -1.0401188 0.841158 0.009961754 0.16436802 0.46206823 0.80712205 0.3286795
39372943.68959044 -1.0389855 0.83524734 0.0122383535 0.17344932 0.47360337 0.79948044 0.32626104
39398899.68959044 -1.0382462 0.82836586 0.014942765 0.18306346 0.48486948 0.79156893 0.32374063
39424893.68959044 -1.0366986 0.82308537 0.018177569 0.1923851 0.4950963 0.7837042 0.32198665
39450925.68959044 -1.0349689 0.81753594 0.021203518 0.20112923 0.5055825 0.77577746 0.31953523
39476993.68959044 -1.0323011 0.81183785 0.023638904 0.21017309 0.51551044 0.7678641 0.31695595
39503095.68959044 -1.0303793 0.80600536 0.026603103 0.2209479 0.52360654 0.7602055 0.3148108
39529233.68959044 -1.0280933 0.80083215 0.029887676 0.23120911 0.5317297 0.75212985 0.31321982
39555408.68959044 -1.0244231 0.79582167 0.033425868 0.24090225 0.5390663 0.7444456 0.31172824
39581621.68959044 -1.0214766 0.79102814 0.035329342 0.2507386 0.54526836 0.737343 0.31006116
39607877.43959044 -1.0178398 0.78671384 0.04033643 0.2614953 0.5499803 0.7303897 0.30931035
39634172.68959044 -1.0143514 0.7820134 0.04248625 0.27176404 0.5547947 0.72345024 0.30816695
39660509.68959044 -1.0103259 0.7779741 0.046131194 0.28178295 0.5576845 0.7175923 0.30764875
39686885.68959044 -1.0061091 0.773077 0.04979837 0.29230055 0.55992657 0.71212834 0.30645695
39713303.68959044 -1.0014856 0.7678548 0.05207169 0.30307624 0.56119365 0.70696396 0.30562818
39739760.68959044 -0.9968921 0.7632839 0.05520588 0.31333518 0.5613651 0.70266944 0.30487043
39766254.68959044 -0.9914608 0.7589183 0.058436155 0.323165 0.56002957 0.6993072 0.30479622
39792782.68959044 -0.9859152 0.75482774 0.06123638 0.3303763 0.5601685 0.69525343 0.30608085
39819346.68959044 -0.9801837 0.7509538 0.06462997 0.3366516 0.5597273 0.6922545 0.3068465
39845942.43959044 -0.97413945 0.74726 0.06824273 0.34228063 0.5585561 0.6902288 0.3073164
39872572.68959044 -0.9691311 0.74288714 0.070747375 0.34653428 0.5577803 0.68849266 0.30785212
39899233.68959044 -0.9629219 0.73960996 0.074368775 0.3500785 0.5553812 0.68770206 0.3099399
39925928.68959044 -0.9556979 0.7363149 0.077352345 0.35315335 0.5534613 0.6867946 0.31189194
39952655.68959044 -0.94998705 0.73263705 0.08040321 0.3569063 0.549009 0.6886397 0.31142008
39979416.68959044 -0.9431133 0.7298642 0.08329326 0.36011115 0.54447514 0.6896806 0.313381
40006209.68959044 -0.9356028 0.72662014 0.08596259 0.363251 0.54015213 0.69108886 0.31413475
40033037.68959044 -0.9289535 0.72354275 0.08835709 0.36597213 0.5352348 0.69377816 0.31346467
40059902.68959044 -0.921798 0.7205423 0.09082574 0.36751682 0.53070176 0.6959912 0.31445718
40086806.43959044 -0.9139699 0.7173127 0.09391475 0.36826453 0.5261096 0.6989474 0.3147419
40113752.68959044 -0.90648717 0.71483034 0.09605044 0.3670788 0.52231354 0.7014044 0.31697586
40140746.68959044 -0.8980632 0.7119839 0.09935796 0.36593524 0.51770645 0.70435107 0.31931344
40167793.43959044 -0.88958466 0.70920223 0.10206926 0.364466 0.51235145 0.7081431 0.32123807
40194901.68959044 -0.88228333 0.7064038 0.10418987 0.36365426 0.50604355 0.7121994 0.3231835
40222077.68959044 -0.8740759 0.7037317 0.10625076 0.3623473 0.49979067 0.7163942 0.32510477
40249329.68959044 -0.8649474 0.70146155 0.10957128 0.36116695 0.4931172 0.72045684 0.32762137
40276660.68959044 -0.85629547 0.6985345 0.111631274 0.3600512 0.48663512 0.7247425 0.32908636
40304075.68959044 -0.84682786 0.6968587 0.1136381 0.35864282 0.47877854 0.72987235 0.33080631
40331582.68959044 -0.8371917 0.6942942 0.11573553 0.3580196 0.4702773 0.73503125 0.33225048
40359187.68959044 -0.82836664 0.69128937 0.118186295 0.3577661 0.46249717 0.7394639 0.33360606
40386893.43959044 -0.8181752 0.688904 0.12062466 0.35735065 0.45291448 0.745204 0.33442494
40414709.68959044 -0.81006575 0.68591833 0.12196243 0.35693914 0.444276 0.75037605 0.33488682
40442638.68959044 -0.8000494 0.6836705 0.12355465 0.35608575 0.4345096 0.7566623 0.33446467
40470681.68959044 -0.7907194 0.6809094 0.12461513 0.35514656 0.42504507 0.7626963 0.3339193
40498837.68959044 -0.7801737 0.67815644 0.12692362 0.35537618 0.41571036 0.7680717 0.3331045
40527105.68959044 -0.76954687 0.675842 0.12955052 0.3552219 0.4070049 0.773022 0.33256793
40555481.68959044 -0.75944453 0.6731554 0.13017637 0.35410145 0.3985974 0.77856374 0.33101493
40583960.43959044 -0.74841034 0.670424 0.13271067 0.35526884 0.389594 0.7834925 0.32884672
40612540.68959044 -0.7376854 0.667759 0.13387829 0.35519773 0.38086775 0.7884896 0.32719803
40641217.68959044 -0.7264701 0.66551864 0.13555673 0.3552718 0.3721207 0.7930248 0.32622063
40669989.68959044 -0.7155601 0.6632836 0.1379202 0.35570076 0.36317486 0.7974481 0.32505018
40698853.43959044 -0.70436704 0.6604321 0.13954538 0.35536128 0.3547119 0.8019412 0.32371002
40727798.68959044 -0.69347763 0.657833 0.14098683 0.35554734 0.34677333 0.8058502 0.32239714
40756818.43959044 -0.6817771 0.6549312 0.14266473 0.3542182 0.3391381 0.809935 0.3217454
40785907.43959044 -0.6708899 0.6517112 0.14542699 0.3527931 0.3329013 0.8127726 0.32266787
40815051.68959044 -0.659228 0.64887214 0.14649239 0.35004145 0.32791495 0.8155061 0.32387134
40844241.68959044 -0.64791906 0.64609456 0.14751378 0.3464621 0.3221084 0.8190734 0.32454446
40873463.68959044 -0.6368056 0.6416732 0.15024471 0.34419987 0.31496075 0.8226809 0.32484215
40902708.43959044 -0.62643176 0.63745487 0.15023813 0.3396992 0.3084919 0.82661647 0.32579526
40931973.68959044 -0.6146581 0.6344848 0.15250054 0.33594784 0.30047625 0.83051884 0.32724842
40961248.68959044 -0.6037122 0.6306767 0.15517235 0.33263117 0.29196668 0.8342974 0.32872453
40990529.43959044 -0.59231365 0.6260595 0.15813933 0.3292261 0.28341118 0.8382305 0.32963327
41019811.68959044 -0.58069444 0.6221359 0.15911253 0.32456335 0.27479872 0.84274536 0.33003727
41049092.43959044 -0.56655705 0.6189322 0.16200767 0.31899843 0.26680577 0.84625524 0.33302662
41078364.68959044 -0.5565225 0.61406267 0.1637735 0.31352302 0.26239175 0.84912884 0.3344162
41107620.68959044 -0.5451544 0.6097752 0.16679749 0.30714414 0.2580687 0.8514309 0.33782914
41136851.68959044 -0.53480613 0.6048656 0.1667836 0.29846632 0.2565263 0.8542683 0.3396143
41166048.43959044 -0.5230566 0.6005404 0.16881564 0.2914273 0.2534959 0.85668266 0.34191355
41195203.68959044 -0.51233065 0.5952805 0.17216544 0.28448105 0.25042254 0.8587979 0.3447105
41224304.68959044 -0.5001376 0.5913218 0.17438835 0.27698532 0.24562265 0.86171186 0.34698913
41253346.68959044 -0.4882014 0.5852882 0.17670764 0.26986924 0.24211879 0.86430335 0.34860986
41282328.68959044 -0.47747937 0.5809126 0.17845774 0.26277977 0.23634493 0.86746246 0.35013822
41311244.43959044 -0.46488208 0.57622176 0.18033063 0.25460026 0.23039074 0.8705911 0.35237756
41340096.68959044 -0.4531479 0.5711137 0.18367086 0.24876498 0.22277889 0.8731167 0.35518
41368881.68959044 -0.44106197 0.56619287 0.18592113 0.24138658 0.21321222 0.87655926 0.35765487
41397597.68959044 -0.42910713 0.56118405 0.18829872 0.23440665 0.20265742 0.879662 0.3608024
41426240.68959044 -0.41968375 0.5552345 0.19121048 0.22877048 0.19261795 0.8824508 0.36310193
41454805.68959044 -0.40923882 0.5496421 0.19270304 0.22095035 0.18209794 0.88566846 0.36553076
41483291.68959044 -0.39804804 0.5440139 0.19647084 0.21414053 0.1707144 0.8884691 0.36827064
41511693.68959044 -0.3872819 0.53808105 0.1998955 0.20722248 0.16043359 0.8914956 0.36953425
41540010.68959044 -0.37618086 0.53270817 0.20200625 0.19809203 0.14915268 0.89529234 0.37008747
41568248.43959044 -0.36553082 0.52652216 0.20563817 0.18966185 0.13810521 0.8981851 0.3717781
41596404.68959044 -0.35432714 0.5211865 0.21108338 0.18124908 0.12620336 0.90088594 0.37366554
41624484.68959044 -0.3434474 0.51434433 0.21384642 0.17168291 0.114952415 0.9042477 0.3736937
41652493.68959044 -0.33343685 0.50860983 0.2179069 0.16287783 0.10302948 0.90683883 0.3748322
41680438.43959044 -0.32302773 0.50289166 0.22319031 0.15404896 0.09156116 0.90900433 0.37629342
41708319.68959044 -0.3119945 0.4971441 0.22793135 0.14486806 0.079650536 0.9109953 0.37783167
41736145.43959044 -0.30168846 0.49069455 0.23071864 0.13596964 0.066995166 0.9134513 0.37766463
41763925.68959044 -0.29445958 0.48365247 0.23397595 0.12851292 0.055240657 0.9153271 0.37763652
41791669.68959044 -0.28533888 0.47736907 0.23723683 0.12029242 0.042302325 0.9170626 0.37780496
41819389.68959044 -0.27514207 0.47075593 0.24037753 0.11160465 0.028660633 0.91863894 0.37792253
41847099.68959044 -0.2654461 0.46421877 0.24439052 0.10381916 0.015186982 0.919624 0.37852696
41874809.43959044 -0.256637 0.45745108 0.2490929 0.096657544 0.001052107 0.92048675 0.3786297
41902527.68959044 -0.24633956 0.45098007 0.253873 0.08883152 -0.012880476 0.9205713 0.38012046
41930262.68959044 -0.23730192 0.44426286 0.25922137 0.08167815 -0.025025098 0.9204641 0.38137683
41958026.68959044 -0.22897948 0.4371939 0.26273558 0.07465436 -0.03792603 0.9206156 0.38138604
41985818.68959044 -0.22087723 0.42990017 0.26719326 0.06795101 -0.050440613 0.9204552 0.3815766
42013640.68959044 -0.2121626 0.4239264 0.27304333 0.062219985 -0.06331481 0.9194617 0.38302758
42041494.68959044 -0.20498946 0.41762334 0.27856195 0.056644656 -0.07589504 0.91814446 0.38476244
42069381.68959044 -0.19723783 0.410837 0.28201032 0.04877756 -0.08718833 0.917713 0.3844761
42097301.68959044 -0.18974243 0.40333304 0.28669667 0.04050883 -0.09664567 0.91676813 0.3854281
42125258.68959044 -0.18198448 0.39620543 0.2925441 0.032201305 -0.10622925 0.91532904 0.38710618
42153259.43959044 -0.17298329 0.38859344 0.29752412 0.022430941 -0.11615336 0.91354346 0.3891575
42181307.68959044 -0.16514203 0.38132143 0.30411044 0.013730405 -0.12546605 0.91081023 0.39305788
42209406.68959044 -0.1585297 0.37352473 0.30927914 0.0038647023 -0.13418831 0.9083649 0.39604515
42237559.68959044 -0.15183215 0.36528498 0.31386232 -0.0056745033 -0.14331096 0.9059315 0.39839432
42265767.68959044 -0.14403896 0.35798988 0.31917706 -0.014998717 -0.1534956 0.9031041 0.40077066
42294029.68959044 -0.13742036 0.35012388 0.32451537 -0.024430612 -0.16378352 0.90006953 0.40305465
42322345.43959044 -0.13226001 0.34281415 0.33027992 -0.032394465 -0.17473538 0.89666003 0.40548605
42350709.68959044 -0.12703381 0.33459973 0.33527038 -0.04032831 -0.18604901 0.8933783 0.40698236
42379114.68959044 -0.12074116 0.32616663 0.34123263 -0.049808856 -0.19697326 0.8896904 0.40886632
42407557.43959044 -0.11592948 0.31829065 0.34661174 -0.058165517 -0.20823854 0.8859906 0.41021246
42436032.43959044 -0.11022322 0.3095785 0.35217312 -0.06655461 -0.21986476 0.88196725 0.41153833
42464532.68959044 -0.10480912 0.30114898 0.35703 -0.07599778 -0.2308555 0.8781167 0.412118
42493052.68959044 -0.1008043 0.2935189 0.36334717 -0.08485942 -0.24171594 0.8737334 0.41347584
42521587.68959044 -0.09595708 0.2847812 0.36913761 -0.0945193 -0.25224277 0.86962867 0.41374582
42550129.68959044 -0.09262681 0.27776724 0.37475246 -0.10336399 -0.26356786 0.8648845 0.41451508
42578675.43959044 -0.087584764 0.26893458 0.38047096 -0.11456539 -0.27519313 0.8597109 0.41477796
42607223.43959044 -0.08428246 0.26083833 0.38547212 -0.12443544 -0.28579146 0.8546298 0.4152673
42635764.68959044 -0.08216691 0.25194687 0.39152074 -0.1350313 -0.29709634 0.84871286 0.41615716
42664300.68959044 -0.078862175 0.2436146 0.3966751 -0.14571065 -0.30837023 0.8425224 0.416932
42692822.68959044 -0.076189294 0.23488197 0.4034872 -0.15641639 -0.32075173 0.8347897 0.41925943
42721328.43959044 -0.07461141 0.22782059 0.40818182 -0.1660335 -0.3319483 0.82794726 0.42041248
42749814.43959044 -0.07355325 0.21961506 0.41335595 -0.17701232 -0.3425101 0.8209131 0.42125443
42778277.68959044 -0.071489215 0.21230766 0.41745996 -0.18709604 -0.35288545 0.8143949 0.42098457
42806713.68959044 -0.06958404 0.20407505 0.4216422 -0.19933675 -0.36086452 0.80835253 0.42024735
42835119.43959044 -0.06853085 0.19630349 0.42790663 -0.2135133 -0.3657193 0.80298084 0.4193844
42863490.68959044 -0.067764536 0.18866289 0.42987347 -0.22655268 -0.37028712 0.7989935 0.41613796
42891821.68959044 -0.06735049 0.18078935 0.43613964 -0.24118738 -0.3751027 0.7925863 0.41585284
42920111.68959044 -0.06855678 0.17255953 0.44247058 -0.2552078 -0.37960836 0.78557575 0.416698
42948355.68959044 -0.06926291 0.16534168 0.44650334 -0.26895306 -0.3828074 0.7792269 0.41704702
42976551.43959044 -0.069314 0.15760706 0.45055416 -0.28343144 -0.38698608 0.7722502 0.41657883
43004698.43959044 -0.06955 0.1495976 0.455227 -0.2976244 -0.3915803 0.7650693 0.4156364
43032790.68959044 -0.071011215 0.14244615 0.45988116 -0.31021467 -0.39574587 0.7586547 0.41424048
43060825.68959044 -0.0725209 0.13503765 0.46486422 -0.32228327 -0.4012795 0.75150424 0.41273436
43088802.68959044 -0.07357442 0.12781484 0.4692817 -0.33437204 -0.4063654 0.74446464 0.41089538
43116723.43959044 -0.07496282 0.120360106 0.47325864 -0.34524366 -0.4128583 0.737305 0.40833342
43144589.68959044 -0.07708751 0.113124356 0.47845495 -0.35609797 -0.41969532 0.728692 0.40750223
43172400.68959044 -0.079880886 0.10663852 0.4833225 -0.36519828 -0.4273595 0.7197442 0.40738487
43200156.68959044 -0.081081234 0.09813945 0.4858476 -0.3755821 -0.43543574 0.71075153 0.40517414
43227858.68959044 -0.084314965 0.0914944 0.49091533 -0.3847439 -0.4434512 0.7001206 0.4063918
43255510.68959044 -0.08652131 0.08458464 0.49489427 -0.39403346 -0.45172387 0.6898767 0.4058982
43283113.68959044 -0.089682564 0.07820292 0.4988872 -0.40289006 -0.4590011 0.680169 0.4054231
43310668.68959044 -0.09276748 0.07095435 0.5021367 -0.4115828 -0.46643314 0.67106354 0.40337768
43338200.68959044 -0.0951466 0.06333801 0.50500345 -0.42206466 -0.47188666 0.6637348 0.39829695
43365692.68959044 -0.09977661 0.058056444 0.5091344 -0.42991126 -0.47584248 0.6577646 0.39508995
43393123.68959044 -0.102436736 0.05060187 0.5117404 -0.43927926 -0.48103467 0.6521232 0.38778198
43420519.68959044 -0.106335565 0.044786304 0.5149406 -0.44848308 -0.48473948 0.6468215 0.38146117
43447883.68959044 -0.11099546 0.040539533 0.5183559 -0.4568356 -0.48861519 0.6407432 0.37683514
43475220.68959044 -0.115815654 0.034831762 0.5226079 -0.4654287 -0.49204877 0.6343726 0.37260658
43502539.68959044 -0.120045364 0.029648274 0.52549785 -0.4737424 -0.49572548 0.62810767 0.36783853
43529846.68959044 -0.124483004 0.0237526 0.5278498 -0.48215324 -0.49929884 0.6217505 0.3628435
43557146.68959044 -0.12666449 0.018633068 0.53053415 -0.4902214 -0.50344217 0.61465734 0.35836488
43584440.68959044 -0.1332604 0.01361537 0.5335565 -0.4978364 -0.50582427 0.6088055 0.35448092
43611734.68959044 -0.13806832 0.008183539 0.5361787 -0.50614256 -0.5094949 0.601481 0.34993625
43639025.68959044 -0.14311227 0.0049426556 0.53841716 -0.5124539 -0.5130756 0.5951689 0.3462924
43666315.68959044 -0.1487545 -0.002298355 0.54050624 -0.5208846 -0.5177481 0.58666915 0.34122646
43693605.68959044 -0.15271148 -0.0055975914 0.5419847 -0.528134 -0.5213999 0.5789754 0.33764493
43720898.68959044 -0.15788153 -0.009606421 0.5445434 -0.53537315 -0.5261378 0.56929916 0.33534035
43748195.68959044 -0.16366279 -0.013688505 0.5450935 -0.54226303 -0.53069615 0.5596916 0.33325318
43775502.68959044 -0.16880107 -0.018645823 0.5472632 -0.54959226 -0.5358501 0.5488117 0.33108717
43802817.68959044 -0.17569023 -0.024482489 0.549291 -0.5578632 -0.54020077 0.5375099 0.3287171
43830140.68959044 -0.18078128 -0.028872818 0.5496852 -0.56466573 -0.5453999 0.52592516 0.3272528
43857471.68959044 -0.18694949 -0.033685595 0.551289 -0.57217026 -0.5500045 0.513166 0.3267675
43884809.43959044 -0.19397426 -0.03714174 0.55198133 -0.5783591 -0.5546003 0.50073695 0.32738617
43912154.68959044 -0.20033336 -0.041768283 0.55343205 -0.58430743 -0.5601113 0.4872079 0.3278545
43939502.68959044 -0.20664346 -0.04570645 0.55394614 -0.5907627 -0.56476694 0.47457567 0.32682675
43966849.68959044 -0.21274239 -0.04940608 0.55454665 -0.59576 -0.56992036 0.4619146 0.32694915
43994193.68959044 -0.21943447 -0.05289343 0.55530524 -0.60020703 -0.57566833 0.4488037 0.3270059
44021531.68959044 -0.22605348 -0.05694717 0.5557991 -0.6036353 -0.5821203 0.43529359 0.3275362
44048861.43959044 -0.23290664 -0.060843885 0.5564993 -0.6071663 -0.5879889 0.42277175 0.32692838
44076183.68959044 -0.23964506 -0.06480247 0.5568599 -0.6107418 -0.5937351 0.41042012 0.3256201
44103498.68959044 -0.24600512 -0.06809223 0.55673695 -0.6143642 -0.5991778 0.39822856 0.32397014
44130802.68959044 -0.2526074 -0.070637524 0.556705 -0.61694276 -0.6045627 0.38574556 0.32416967
44158097.43959044 -0.2596243 -0.073954284 0.55667794 -0.6203588 -0.60974014 0.37288165 0.32300353
44185383.68959044 -0.26628616 -0.076758385 0.55673957 -0.62295717 -0.61483806 0.35966244 0.32332882
44212658.68959044 -0.27298424 -0.07957381 0.55634737 -0.6255233 -0.6196265 0.34828418 0.32168573
44239922.43959044 -0.27953234 -0.08144796 0.5558876 -0.6286092 -0.62353504 0.33839703 0.3186565
44267175.68959044 -0.28644595 -0.084038585 0.5558575 -0.63164246 -0.6276258 0.32975662 0.3136468
44294415.68959044 -0.29301023 -0.08683637 0.5549694 -0.63520724 -0.631164 0.32232454 0.30700263
44321647.68959044 -0.3001465 -0.08839324 0.55462354 -0.63897 -0.6337814 0.3156816 0.30063888
44348864.68959044 -0.306944 -0.089957714 0.55365455 -0.64225906 -0.63692874 0.30920067 0.29363266
44376067.68959044 -0.3134417 -0.09186134 0.5525151 -0.646071 -0.6395287 0.3024504 0.28656423
44403260.68959044 -0.32000095 -0.09324217 0.55147696 -0.6498405 -0.64174783 0.29607156 0.27965823
44430447.68959044 -0.3278165 -0.09337175 0.5509486 -0.65379626 -0.64336765 0.2889363 0.2741246
44457626.68959044 -0.33478716 -0.09466511 0.54979193 -0.6574153 -0.64554083 0.28226465 0.26722452
44484801.43959044 -0.3405894 -0.09578836 0.5479016 -0.6602142 -0.6483295 0.2754039 0.26065084
44511973.68959044 -0.34759548 -0.095974565 0.5469394 -0.66351146 -0.6501767 0.26856962 0.25474134
44539142.68959044 -0.35444432 -0.09746668 0.5450021 -0.66610575 -0.65274256 0.26146144 0.24873324
44566310.68959044 -0.36152613 -0.097952545 0.5436555 -0.6685091 -0.65525395 0.25341785 0.24396166
44593476.43959044 -0.368622 -0.098362446 0.54173744 -0.67079604 -0.6576786 0.245216 0.23950109
44620642.68959044 -0.37577027 -0.09824723 0.5398459 -0.6728316 -0.66026956 0.23612677 0.23576674
44647804.43959044 -0.38239965 -0.09833148 0.53790355 -0.6744253 -0.6628204 0.22749938 0.23251617
44674964.68959044 -0.3896939 -0.09818706 0.53592896 -0.6763644 -0.6651422 0.21834181 0.22900645
44702117.68959044 -0.39643666 -0.09777844 0.5339319 -0.67798203 -0.66768587 0.20884821 0.22565098
44729262.68959044 -0.40362358 -0.09675744 0.5318832 -0.67916936 -0.6703441 0.19885176 0.22321686
44756401.68959044 -0.4112239 -0.095525354 0.5299057 -0.6806127 -0.67232436 0.18863648 0.2217267
44783530.68959044 -0.41776103 -0.09459269 0.5277517 -0.682575 -0.67390716 0.1771986 0.22032063
44810649.68959044 -0.42447048 -0.09343499 0.52506703 -0.68390703 -0.67584795 0.16495654 0.21975003
44837758.68959044 -0.43155017 -0.09228635 0.5222571 -0.6850461 -0.67775744 0.15168288 0.21988422
44864859.68959044 -0.43864408 -0.09070063 0.5200081 -0.686851 -0.6786362 0.13825935 0.22039293
44891950.68959044 -0.44523588 -0.0894025 0.5172912 -0.688253 -0.6798159 0.12518968 0.22019482
44919032.68959044 -0.45199087 -0.08708465 0.5143493 -0.68944067 -0.6807079 0.11285502 0.22039093
44946106.68959044 -0.45823005 -0.0851056 0.5116244 -0.6906291 -0.6815096 0.099540934 0.22060783
44973170.43959044 -0.46494806 -0.082932055 0.5086285 -0.69113183 -0.6826777 0.08693177 0.22075064
45000224.68959044 -0.47133714 -0.08056742 0.5057713 -0.69187903 -0.68331414 0.07509341 0.22078568
45027269.68959044 -0.47780102 -0.07781184 0.5029888 -0.6920932 -0.6840988 0.0625256 0.22159989
45054300.68959044 -0.4840287 -0.074989974 0.50029397 -0.6928195 -0.6842313 0.049810078 0.22214347
45081320.43959044 -0.49011987 -0.07159567 0.49743128 -0.69280785 -0.68461704 0.03723967 0.22345035
45108327.68959044 -0.49552572 -0.068805456 0.49424317 -0.6930556 -0.68484807 0.024568658 0.22372603
45135324.68959044 -0.5017265 -0.06546444 0.49135286 -0.692675 -0.6850677 0.011574834 0.22527698
45162309.68959044 -0.507254 -0.062057674 0.48831955 -0.69287187 -0.684738 -0.0006792103 0.22596925
45189283.68959044 -0.5131923 -0.05830139 0.48511726 -0.6927093 -0.6844321 -0.013296105 0.22700183
45216249.68959044 -0.51805496 -0.05399072 0.48246568 -0.69239116 -0.6841287 -0.024675934 0.22793333
45243214.68959044 -0.52329695 -0.049592733 0.48001325 -0.69165623 -0.68390054 -0.03614417 0.22931506
45270177.68959044 -0.52906954 -0.045431614 0.47709802 -0.69172674 -0.6833309 -0.047556046 0.228717
45297141.68959044 -0.5333011 -0.040871978 0.4742239 -0.6909949 -0.6830033 -0.05792015 0.22951663
45324109.68959044 -0.5384592 -0.036194503 0.47097325 -0.68973565 -0.683493 -0.06820355 0.22902031
45351085.68959044 -0.5434197 -0.031591 0.46792802 -0.6887056 -0.6839403 -0.07684175 0.22804756
45378070.68959044 -0.54799604 -0.02700001 0.46483088 -0.6875043 -0.68451464 -0.08547505 0.22687362
45405066.43959044 -0.5517036 -0.022023678 0.46180078 -0.6864007 -0.68498915 -0.09340542 0.22565316
45432074.68959044 -0.5560761 -0.016580582 0.45896217 -0.685627 -0.68589365 -0.099681504 0.22255144
45459098.68959044 -0.5602771 -0.010462403 0.45565072 -0.68479186 -0.68679297 -0.10440598 0.22017038
45486138.68959044 -0.56426954 -0.0049343705 0.45255664 -0.6846849 -0.6871816 -0.10939219 0.21684422
45513197.68959044 -0.5670958 0.0009626746 0.4497401 -0.6839149 -0.6878946 -0.11369541 0.21479024
45540278.68959044 -0.5711778 0.0066506863 0.44700792 -0.68526304 -0.68717515 -0.11741325 0.21075842
45567382.68959044 -0.57474375 0.01347816 0.44370916 -0.6856179 -0.68757695 -0.11947716 0.2071019
45594515.68959044 -0.5782222 0.019572914 0.4408196 -0.6872595 -0.68681425 -0.1214557 0.20300004
45621680.43959044 -0.5806397 0.025592208 0.43699327 -0.68795997 -0.68633145 -0.1237953 0.20083599
45648882.68959044 -0.5831803 0.03315407 0.43458742 -0.69019145 -0.6845181 -0.12557593 0.19824596
45676125.43959044 -0.5861238 0.040959656 0.43149325 -0.6924881 -0.68248814 -0.12757465 0.1959465
45703412.43959044 -0.58860457 0.047717035 0.42808387 -0.6945192 -0.68109006 -0.12866777 0.19288366
45730744.68959044 -0.59032446 0.055408537 0.4253738 -0.69715405 -0.6786828 -0.13007832 0.1909071
45758121.43959044 -0.59287834 0.062298775 0.4219629 -0.69938123 -0.6771555 -0.13087583 0.1876109
45785541.43959044 -0.59465784 0.069758296 0.41792735 -0.7011821 -0.67593545 -0.13216165 0.18435927
45813004.43959044 -0.5962962 0.07799482 0.41536486 -0.7038174 -0.6738551 -0.13233456 0.18179075
45840505.68959044 -0.5975883 0.08532709 0.41151366 -0.70538974 -0.6727518 -0.13340735 0.17897749
45868040.68959044 -0.5981833 0.09274274 0.4090289 -0.7078411 -0.67100495 -0.1324306 0.17656608
45895607.68959044 -0.5988734 0.101156056 0.40516838 -0.70979875 -0.66986006 -0.1314394 0.17377289
45923202.43959044 -0.59921837 0.10912055 0.40172213 -0.71215224 -0.66926795 -0.12810148 0.16884826
45950822.68959044 -0.6004705 0.11775166 0.39916423 -0.7148643 -0.6684633 -0.124319635 0.16331133
45978462.68959044 -0.60117155 0.12557048 0.39514932 -0.71674937 -0.6689951 -0.11879547 0.1568558
46006116.68959044 -0.60135925 0.13488281 0.39212093 -0.71973383 -0.66840005 -0.11269823 0.150079
46033785.68959044 -0.6020254 0.14346403 0.38829848 -0.7222413 -0.6681493 -0.10676174 0.14333886
46061462.68959044 -0.6026393 0.15315479 0.3855207 -0.7255114 -0.66695523 -0.10051436 0.13675103
46089144.68959044 -0.6028483 0.16086596 0.38179088 -0.7284462 -0.6658615 -0.09460938 0.13055167
46116830.68959044 -0.60321605 0.16892862 0.37728444 -0.7308578 -0.6653643 -0.08770839 0.12427591
46144514.68959044 -0.60268474 0.17858124 0.3744441 -0.73452455 -0.6631834 -0.081877425 0.11814203
46172198.43959044 -0.6030677 0.18717021 0.37079102 -0.73734343 -0.66192687 -0.076464094 0.11104409
46199879.68959044 -0.6024548 0.19664887 0.3671146 -0.7401781 -0.6604056 -0.07119435 0.10455715
46227559.68959044 -0.6025415 0.20453039 0.36322516 -0.7427373 -0.6591168 -0.066300236 0.09752296
46255238.43959044 -0.6025392 0.21273834 0.35993457 -0.7445496 -0.6583634 -0.061911717 0.091490485
46282921.68959044 -0.6013485 0.22187772 0.3559997 -0.74643207 -0.65728986 -0.058259837 0.08611122
46310610.43959044 -0.59877926 0.23255187 0.35207662 -0.7477948 -0.6565972 -0.053871524 0.08234644
46338309.43959044 -0.59821737 0.2428003 0.34763998 -0.7494575 -0.6554104 -0.05153741 0.078068286
46366018.43959044 -0.59752285 0.25222984 0.34493798 -0.7507234 -0.6546043 -0.048940368 0.074245475
46393742.68959044 -0.59671223 0.26292512 0.34151113 -0.7521744 -0.6536184 -0.045857802 0.0700991
46421485.68959044 -0.5967297 0.27289346 0.3371849 -0.7533384 -0.6528858 -0.0432232 0.065979585
46449250.68959044 -0.59605384 0.2815798 0.3336491 -0.75411147 -0.6527057 -0.039713886 0.06094289
46477039.68959044 -0.596166 0.29215285 0.3295639 -0.7548421 -0.6525051 -0.036214 0.056027494
46504862.68959044 -0.59489757 0.30174825 0.32570362 -0.754726 -0.65305346 -0.033732004 0.052650344
46532722.68959044 -0.5946106 0.31122997 0.32223994 -0.75526255 -0.6528348 -0.031233096 0.049090393
46560626.43959044 -0.59335506 0.3227709 0.31849387 -0.75611156 -0.65202165 -0.030467177 0.04727548
46588579.68959044 -0.5922098 0.33250868 0.31509113 -0.7564547 -0.65165186 -0.029639302 0.04741065
46616586.68959044 -0.5908422 0.34291884 0.3104731 -0.7561852 -0.65200716 -0.028330382 0.04762491
46644651.68959044 -0.5898388 0.35434467 0.30697936 -0.75665605 -0.65131235 -0.027507989 0.050071966
46672778.68959044 -0.58905655 0.36405516 0.3045397 -0.75747997 -0.65017116 -0.026010087 0.05315066
46700973.43959044 -0.5881944 0.37442774 0.2999031 -0.75723624 -0.6503097 -0.023236997 0.056130648
46729237.68959044 -0.58854127 0.3840398 0.29462776 -0.75718814 -0.6503497 -0.019199988 0.057817787
46757576.68959044 -0.5879005 0.39437264 0.29111245 -0.7577549 -0.6498834 -0.013143467 0.057327256
46785995.68959044 -0.5873349 0.4052193 0.28711352 -0.7585276 -0.6490469 -0.005067414 0.057864226
46814493.68959044 -0.5873704 0.41676956 0.28417668 -0.7593733 -0.64820117 0.00471875 0.056260187
46843077.68959044 -0.5861204 0.42743775 0.2797535 -0.7594169 -0.64809287 0.01447553 0.05524726
46871748.68959044 -0.5849423 0.43760753 0.27486706 -0.75870645 -0.6486433 0.023549454 0.055424687
46900511.43959044 -0.58468145 0.448874 0.2710352 -0.75886095 -0.6481209 0.030882299 0.055818632
46929370.68959044 -0.5845839 0.45991448 0.26684007 -0.75914586 -0.6473668 0.03804684 0.056269266
46958330.68959044 -0.5841086 0.4713006 0.26239637 -0.75929 -0.6467807 0.044675943 0.05619281
46987393.68959044 -0.5834825 0.4819601 0.25787854 -0.75930697 -0.64626986 0.050820686 0.056616835
47016560.68959044 -0.5837571 0.4936224 0.25413048 -0.7595884 -0.645503 0.05606962 0.056636304
47045831.68959044 -0.5831116 0.50572467 0.24990764 -0.7593444 -0.64520377 0.0607533 0.058457352
47075204.68959044 -0.5829873 0.5170829 0.24561673 -0.7591201 -0.6449768 0.064081505 0.060293663
47104678.68959044 -0.58277315 0.52979237 0.24140847 -0.75923455 -0.6442965 0.067155994 0.062729545
47134243.43959044 -0.58213866 0.54143655 0.23716348 -0.7586159 -0.6443699 0.07038399 0.06584429
47163894.68959044 -0.58189 0.5535302 0.23272038 -0.7576366 -0.64482695 0.07419318 0.06841388
47193625.68959044 -0.58195364 0.5656625 0.22838196 -0.75698453 -0.6448984 0.077857144 0.07084312
47223429.68959044 -0.5817565 0.5784983 0.22456494 -0.75704616 -0.6439412 0.082320124 0.0737853
47253303.43959044 -0.58204335 0.5913533 0.22097772 -0.7573598 -0.6426781 0.0875918 0.07549073
47283240.68959044 -0.5823251 0.6034713 0.2164377 -0.75636566 -0.64268035 0.09488889 0.076609984
47313238.68959044 -0.58306116 0.6157513 0.21219826 -0.75572294 -0.6423021 0.10186513 0.07716495
47343297.68959044 -0.58329654 0.6288403 0.20894969 -0.75570315 -0.6407268 0.109776095 0.0795689
47373418.68959044 -0.58373654 0.6408308 0.20467353 -0.7545618 -0.64032334 0.118170805 0.08159796
47403602.68959044 -0.5848095 0.65411645 0.20143211 -0.7541877 -0.63862234 0.12822129 0.0831969
47433848.68959044 -0.58571273 0.6664531 0.19826192 -0.75336117 -0.6372323 0.13920654 0.08368707
47464151.68959044 -0.5866776 0.67926574 0.19438237 -0.7522286 -0.63585585 0.15090768 0.08406163
47494504.68959044 -0.58763933 0.69216007 0.19042641 -0.7513601 -0.6338974 0.16269504 0.08463045
47524897.68959044 -0.58926344 0.70512724 0.1872387 -0.7512808 -0.6307471 0.1748903 0.084550716
47555324.68959044 -0.5899963 0.7174431 0.18279117 -0.74980664 -0.6288886 0.18736872 0.08474705
47585779.68959044 -0.5914449 0.73060894 0.17846614 -0.749383 -0.62539446 0.20050995 0.08427715
47616260.43959044 -0.5926203 0.74352795 0.17404509 -0.7480173 -0.6222879 0.21537915 0.082702294
47646767.68959044 -0.5947402 0.75700545 0.17052299 -0.7475623 -0.61785847 0.22993754 0.08081031
47677307.68959044 -0.5960308 0.7702996 0.16600066 -0.7466127 -0.6133471 0.24546815 0.078231804
47707883.68959044 -0.597563 0.7835537 0.16215318 -0.7461255 -0.6079852 0.26039842 0.07644221
47738498.68959044 -0.59983563 0.7963748 0.15831482 -0.74534094 -0.6025243 0.27556473 0.07413098
47769155.43959044 -0.60217553 0.8091418 0.15428728 -0.7449568 -0.5961987 0.29056293 0.07183191
47799860.68959044 -0.60504234 0.8222998 0.15021384 -0.7446151 -0.5895872 0.30479383 0.07096554
47830615.43959044 -0.6081082 0.8349679 0.14617914 -0.7438141 -0.58275414 0.3197811 0.069844656
47861425.68959044 -0.6116108 0.84759927 0.1421572 -0.74399924 -0.5745547 0.3338989 0.06974059
47892297.43959044 -0.6153387 0.8601345 0.13755 -0.7441263 -0.56601655 0.3479773 0.06937708
47923230.68959044 -0.619404 0.87250507 0.13298297 -0.7444761 -0.55640835 0.36233315 0.06985614
47954234.68959044 -0.6243395 0.88491976 0.12912726 -0.745936 -0.5453685 0.37580556 0.070164084
47985317.68959044 -0.6291836 0.8967866 0.12497616 -0.74640006 -0.5350005 0.38924962 0.07173729
48016480.68959044 -0.6338806 0.90845376 0.12039423 -0.7462012 -0.5249972 0.40270868 0.07339882
48047724.43959044 -0.6388371 0.9203043 0.11604279 -0.74541974 -0.51413924 0.4175056 0.0754946
48079046.43959044 -0.6446629 0.9315294 0.11158764 -0.74404407 -0.50322753 0.43222255 0.07965022
48110435.43959044 -0.6501699 0.94224423 0.106517315 -0.74201536 -0.49133176 0.44816917 0.08456168
48141879.68959044 -0.65645546 0.9529073 0.10247296 -0.74014884 -0.47839132 0.46403566 0.08940057
48173365.68959044 -0.6628814 0.9630985 0.09771484 -0.7368399 -0.465446 0.48109877 0.094715536
48204877.68959044 -0.6690027 0.9734938 0.09349632 -0.73327714 -0.45160115 0.498191 0.10083068
48236393.68959044 -0.67561406 0.9825777 0.08879191 -0.72894686 -0.43679348 0.51623106 0.10655299
48267885.68959044 -0.6823611 0.9916853 0.08450085 -0.72443587 -0.42064312 0.5343984 0.11256325
48299328.68959044 -0.6898774 1.0006576 0.080120444 -0.71920824 -0.4035929 0.55255246 0.12057374
48330703.43959044 -0.6980811 1.0094879 0.075499 -0.71243703 -0.3857682 0.57177925 0.12917008
48361982.68959044 -0.7049612 1.0170776 0.07149702 -0.7046605 -0.36785677 0.59035975 0.14003727
48393140.68959044 -0.71310234 1.0245361 0.06770158 -0.6956158 -0.34891617 0.6094711 0.15139718
48424155.68959044 -0.7211811 1.0310602 0.063675225 -0.68611693 -0.33022967 0.62758374 0.16226742
48455008.43959044 -0.7295506 1.0381403 0.06004995 -0.6744111 -0.31165686 0.6460306 0.1751687
48485681.43959044 -0.73677075 1.0451338 0.054945678 -0.6607341 -0.29236126 0.6656378 0.18676648
48516159.43959044 -0.74427044 1.0497413 0.051301718 -0.6472124 -0.27355167 0.68363357 0.19730914
48546428.68959044 -0.7524353 1.0544548 0.04859057 -0.6326051 -0.25578594 0.7003281 0.20958284
48576474.68959044 -0.7601849 1.0596157 0.045298666 -0.61747533 -0.23736036 0.7166485 0.22090556
48606292.43959044 -0.7678118 1.0625848 0.041656584 -0.6010753 -0.22081415 0.7325094 0.23104022
48635879.43959044 -0.7752415 1.0668774 0.038514897 -0.5841691 -0.20374975 0.7474585 0.24194701
48665232.68959044 -0.7826497 1.0706433 0.03573683 -0.56627935 -0.18805668 0.7620523 0.25147325
48694357.68959044 -0.79043484 1.0734941 0.033156976 -0.5475564 -0.17519432 0.77562934 0.26055366
48723254.68959044 -0.79637223 1.0761634 0.030709468 -0.5283422 -0.16359995 0.7884659 0.2690932
48751929.43959044 -0.8040762 1.0785556 0.02831769 -0.5093512 -0.15284958 0.8002497 0.27712604
48780390.43959044 -0.8106685 1.0803192 0.026411053 -0.48956797 -0.14337535 0.8116196 0.28467613
48808650.43959044 -0.8175789 1.0817792 0.024336934 -0.4716424 -0.13446005 0.8216214 0.2905379
48836717.68959044 -0.8240306 1.0829264 0.022345737 -0.45527694 -0.12770489 0.83060944 0.29411283
48864603.43959044 -0.82954824 1.083881 0.020613566 -0.43941215 -0.12305078 0.83885205 0.2968211
48892321.68959044 -0.83859885 1.0854741 0.020016868 -0.4247982 -0.1170177 0.8463702 0.2991835
48919888.43959044 -0.8450314 1.0856053 0.0187234 -0.41020846 -0.11343583 0.8535968 0.30038944
48947322.68959044 -0.8512238 1.0860072 0.016467508 -0.39605534 -0.10947818 0.86074936 0.30044186
48974640.68959044 -0.8564142 1.0853808 0.014746841 -0.38216922 -0.106075145 0.8674335 0.300423
49001858.68959044 -0.86302555 1.0852449 0.013615996 -0.36840495 -0.101848744 0.8732257 0.30229378
49028990.43959044 -0.8693764 1.084284 0.012991019 -0.35583755 -0.09710861 0.878182 0.30454233
49056044.68959044 -0.8750913 1.083758 0.011296064 -0.3435221 -0.09112515 0.88282204 0.30710587
49083029.43959044 -0.8811619 1.0825659 0.010247022 -0.3309945 -0.084498376 0.88692135 0.31092328
49109951.43959044 -0.8863494 1.0808482 0.009037532 -0.31970298 -0.07772755 0.8907796 0.31346467
49136812.68959044 -0.89270866 1.0789162 0.00813017 -0.30834287 -0.07067582 0.8945016 0.31590575
49163643.68959044 -0.8985121 1.077015 0.007882372 -0.2978012 -0.06378025 0.8982008 0.3169888
49190415.68959044 -0.9038037 1.0743773 0.0076466203 -0.2872713 -0.05737799 0.9017675 0.3178024
49217098.68959044 -0.90958166 1.0718696 0.006229833 -0.27514693 -0.05068423 0.9056621 0.3185929
49243723.68959044 -0.9147066 1.0690346 0.0053579807 -0.2634629 -0.044186164 0.9090398 0.319815
49270291.68959044 -0.92010534 1.0659698 0.0045640767 -0.25255856 -0.03660118 0.9117514 0.3218446
49296802.43959044 -0.92524654 1.0626904 0.0041148886 -0.24191001 -0.028555421 0.9140066 0.32443205
49323254.68959044 -0.93070495 1.0586089 0.0034762397 -0.2310527 -0.019163227 0.9162482 0.3267059
49349645.68959044 -0.93554497 1.0548851 0.0030954033 -0.2195788 -0.010002069 0.9182316 0.3294479
49375975.68959044 -0.9406955 1.0505155 0.0026147366 -0.20850286 -0.0006210501 0.92026186 0.3311259
49402247.68959044 -0.9451594 1.0463958 0.002312906 -0.19732086 0.008381703 0.9221325 0.33266497
49428465.68959044 -0.9497472 1.0417293 0.0021395609 -0.1863496 0.017900068 0.92378926 0.33401623
49454632.43959044 -0.9539566 1.037067 0.0018057302 -0.17545496 0.026764954 0.92558426 0.33435452
49480751.43959044 -0.9587344 1.0323639 0.0014733002 -0.16337466 0.035205983 0.92784476 0.33342674
49506827.68959044 -0.96266264 1.0271358 0.0013537481 -0.15246451 0.042791083 0.9297341 0.33244246
49532869.68959044 -0.96644473 1.0216095 0.0014812499 -0.14069521 0.050555397 0.9315777 0.33137912
49558881.43959044 -0.9706452 1.0163658 0.00096505135 -0.1283314 0.05837236 0.93359745 0.32942322
49584868.68959044 -0.9743061 1.0102491 0.002367992 -0.11671225 0.06628607 0.93491614 0.32850605
49610838.68959044 -0.97781944 1.0053258 0.0014916025 -0.10385117 0.07537434 0.9368103 0.32545394
49636792.68959044 -0.98109174 0.9992091 0.0016668104 -0.09185209 0.08417141 0.93813264 0.32308757
49662740.68959044 -0.9852499 0.9929063 0.0019166358 -0.080199786 0.09455062 0.9391478 0.32035878
49688683.43959044 -0.988421 0.9865701 0.0026046447 -0.06875438 0.10402042 0.93980426 0.31815186
49714620.68959044 -0.9917852 0.9798255 0.0025418438 -0.05707367 0.11446329 0.94030017 0.31539884
49740553.68959044 -0.99475664 0.9728371 0.003836166 -0.046853594 0.12581936 0.9401129 0.31330827
49766480.68959044 -0.99782664 0.96636665 0.0034550764 -0.035268746 0.13776012 0.94015807 0.30964676
49792395.68959044 -1.0006706 0.9594369 0.004431043 -0.023778118 0.15008189 0.9396065 0.3066754
49818293.68959044 -1.0032651 0.95237875 0.005739335 -0.011679815 0.16289425 0.93843365 0.30441967
49844172.68959044 -1.0050981 0.94541293 0.006599549 -0.0011125952 0.17656082 0.9370068 0.30140236
49870029.68959044 -1.0077006 0.9381602 0.0076147467 0.01119357 0.1897409 0.93513215 0.29900008
49895864.43959044 -1.0097001 0.93094784 0.008742284 0.022475105 0.20517604 0.9324514 0.29653352
49921676.68959044 -1.0115181 0.9237808 0.009837732 0.032613304 0.22033478 0.9290407 0.29541907
49947466.68959044 -1.0131159 0.9160267 0.011334553 0.042968735 0.23659132 0.924849 0.2946738
49973236.68959044 -1.0145646 0.908957 0.012437664 0.05211956 0.25325727 0.920053 0.2943584
49998987.68959044 -1.0157504 0.90082955 0.014491282 0.0621614 0.26943636 0.91478413 0.29446578
50024721.68959044 -1.0171429 0.89252585 0.016020328 0.0707066 0.2857475 0.9093458 0.29400563
50050443.68959044 -1.0188068 0.8844867 0.01646468 0.08117049 0.30179465 0.9034738 0.29337093
50076156.68959044 -1.0195215 0.87665236 0.018763393 0.09015956 0.31765854 0.89706016 0.29367897
50101861.68959044 -1.0196033 0.8685018 0.020921335 0.09817815 0.3346182 0.8901904 0.2931769
50127560.68959044 -1.0201212 0.86074233 0.022443414 0.10566379 0.35224953 0.8825879 0.2929062
50153257.68959044 -1.0204965 0.85260904 0.025423229 0.11356139 0.36862016 0.8750837 0.29232112
50178959.68959044 -1.0198162 0.8442193 0.027161583 0.1198919 0.38639897 0.8669302 0.29112524
50204674.68959044 -1.0193434 0.83592314 0.028532997 0.12628287 0.40328315 0.8587632 0.2897259
50230409.68959044 -1.0191383 0.827989 0.031299144 0.13186844 0.420458 0.8498501 0.28910324
50256170.43959044 -1.0173945 0.81983006 0.033783197 0.13747863 0.4368717 0.8408492 0.2884706
50281965.43959044 -1.0162029 0.81165546 0.035247892 0.14200684 0.45337588 0.8313559 0.28832573
50307795.43959044 -1.0151691 0.8032492 0.037674427 0.1470526 0.47056505 0.8206805 0.2888385
50333667.43959044 -1.0137737 0.7947577 0.04029146 0.15181778 0.4871255 0.8095954 0.29019904
50359582.68959044 -1.0112382 0.7869465 0.04262206 0.155222 0.5042143 0.7979794 0.2913812
50385545.43959044 -1.009423 0.77916837 0.04561758 0.15917955 0.520588 0.7859514 0.29313913
50411531.68959044 -1.0071702 0.7711657 0.048339665 0.16295959 0.5372167 0.7731765 0.29502627
50437570.68959044 -1.0038723 0.76393473 0.05111721 0.16647246 0.55270493 0.76064736 0.29701823
50463690.43959044 -1.0006704 0.75654227 0.05373603 0.17067395 0.5675586 0.7481117 0.2984569
50489868.68959044 -0.9972451 0.74842954 0.05612114 0.17650788 0.58007354 0.7365187 0.2998333
50516102.68959044 -0.9935864 0.7408778 0.059083343 0.18273856 0.591346 0.7255439 0.30083656
50542388.68959044 -0.9900824 0.7335845 0.06271607 0.18884587 0.6027174 0.71383715 0.30249894
50568728.68959044 -0.98489934 0.72779125 0.065443456 0.194713 0.6108775 0.7048943 0.30338037
50595116.68959044 -0.98097956 0.71989113 0.06920767 0.20319262 0.61651707 0.69788086 0.30262503
50621554.68959044 -0.9757941 0.71321404 0.07117301 0.21287598 0.61863434 0.6938877 0.3008244
50648039.68959044 -0.9711805 0.707587 0.073281646 0.22125025 0.61995614 0.6906919 0.2994118
50674572.68959044 -0.9642236 0.7030309 0.076239526 0.22961627 0.6192048 0.68900067 0.2985631
50701149.68959044 -0.9580573 0.6957318 0.07877499 0.23809159 0.6200941 0.68596643 0.29706183
50727774.68959044 -0.9515507 0.68997926 0.08242202 0.24656603 0.61913574 0.68439656 0.29576603
50754451.43959044 -0.9445759 0.6846007 0.08548576 0.25211263 0.61952806 0.6828502 0.29383653
50781184.68959044 -0.93751764 0.67940956 0.090263605 0.25782293 0.61945987 0.6817173 0.2916477
50807979.68959044 -0.9309042 0.6742359 0.09328544 0.26394203 0.6191518 0.6806209 0.28938016
50834841.43959044 -0.9232608 0.66916496 0.09676707 0.2688781 0.618115 0.6808165 0.28657892
50861776.68959044 -0.9158461 0.66443986 0.100998044 0.27361926 0.61783624 0.68028444 0.28394386
50888792.43959044 -0.9083602 0.65966463 0.10506946 0.28028685 0.6145574 0.6814484 0.2817563
50915893.68959044 -0.89999 0.65485764 0.108228564 0.2844891 0.61209553 0.68291706 0.27933732
50943087.68959044 -0.89206374 0.6515631 0.11108142 0.28774902 0.6081884 0.68587357 0.27728137
50970379.68959044 -0.8834865 0.6475975 0.114065886 0.2924729 0.60324776 0.68881685 0.2758319
50997777.68959044 -0.8758553 0.6438903 0.11739206 0.2968469 0.5971299 0.69243085 0.27542225
51025282.68959044 -0.86712897 0.64020187 0.12226695 0.3031967 0.58982754 0.6958133 0.27571562
51052899.68959044 -0.8582077 0.636684 0.12551951 0.30910772 0.5812308 0.70085275 0.2746426
51080636.43959044 -0.84896874 0.6334836 0.1295388 0.31526965 0.57103956 0.7066845 0.27407274
51108495.68959044 -0.8390015 0.6299564 0.13364601 0.32165474 0.56057113 0.71278936 0.27245104
51136481.43959044 -0.8295835 0.626597 0.13712746 0.32741138 0.54916084 0.7195768 0.27098602
51164593.68959044 -0.8200138 0.6233298 0.14140767 0.33282772 0.5383801 0.72550225 0.27022064
51192838.68959044 -0.8099363 0.620471 0.14575893 0.3378353 0.52694625 0.7317924 0.26958287
51221218.68959044 -0.7995265 0.61766577 0.14950183 0.34118378 0.51633394 0.73789006 0.2692789
51249734.68959044 -0.78920853 0.6151606 0.15281531 0.3437929 0.50591344 0.7439475 0.2690729
51278386.68959044 -0.77800965 0.6122852 0.15809304 0.34813076 0.4941148 0.7496057 0.26971623
51307172.43959044 -0.76654047 0.6094877 0.16205454 0.34976342 0.48319396 0.7556834 0.27042904
51336084.68959044 -0.7563911 0.606388 0.16537839 0.35130346 0.47262365 0.7613216 0.27129722
51365111.68959044 -0.74493515 0.60349077 0.16961697 0.35315517 0.46063972 0.7674468 0.2722461
51394241.68959044 -0.7330842 0.60056525 0.17380658 0.3536926 0.44886628 0.7735887 0.2738269
51423457.68959044 -0.7212631 0.5979438 0.17709425 0.35415483 0.4370848 0.77969706 0.27496132
51452747.68959044 -0.7094897 0.594589 0.18161952 0.35451818 0.42520285 0.7855193 0.2765481
51482096.68959044 -0.6974206 0.59127235 0.18555963 0.35449973 0.4135711 0.7911479 0.27816185
51511486.43959044 -0.6849262 0.58806014 0.1896199 0.35366535 0.40265352 0.79619914 0.28081656
51540901.68959044 -0.67228794 0.5849472 0.19255255 0.35011846 0.39281237 0.80150646 0.28408265
51570328.68959044 -0.6603939 0.58173627 0.19679478 0.34745535 0.38169003 0.80727726 0.28616607
51599752.68959044 -0.6465917 0.5787306 0.2003137 0.34368092 0.37040922 0.8131356 0.2889481
51629163.43959044 -0.63360196 0.57566136 0.20442086 0.33989584 0.35811135 0.818928 0.29254764
51658553.68959044 -0.62155265 0.57186 0.20848362 0.33633247 0.34529373 0.824646 0.29599297
51687916.43959044 -0.60928434 0.5678922 0.21254174 0.33191982 0.33250087 0.8300815 0.30039492
51717238.68959044 -0.59606755 0.5643053 0.21569037 0.32697365 0.31894034 0.8356096 0.30515897
51746502.68959044 -0.5837052 0.5601588 0.21966204 0.3225689 0.3046913 0.8410777 0.30935568
51775691.43959044 -0.5707053 0.55629456 0.22308075 0.31579095 0.29012164 0.84687686 0.31449178
51804792.68959044 -0.5582507 0.55180514 0.22639218 0.3081338 0.274764 0.8530674 0.31911504
51833797.68959044 -0.54616404 0.54758793 0.23114356 0.30028385 0.25835297 0.8590083 0.32432702
51862704.43959044 -0.5331799 0.54375947 0.2354342 0.29139602 0.2410952 0.8651785 0.32928357
51891515.43959044 -0.5207273 0.5388965 0.23807125 0.2817444 0.22376181 0.87137216 0.3335587
51920226.68959044 -0.5086357 0.5342777 0.24198212 0.27176002 0.20526263 0.8774854 0.3376881
51948840.68959044 -0.4961498 0.5290555 0.24656636 0.2628163 0.18589105 0.88311607 0.34128883
51977354.43959044 -0.4847802 0.5241047 0.24949291 0.25215033 0.16483162 0.8891544 0.34446383
52005770.68959044 -0.47260866 0.5183532 0.25376073 0.2426858 0.14148518 0.89441574 0.34800306
52034094.68959044 -0.4607138 0.512544 0.2572363 0.23264536 0.11733741 0.89965045 0.35033867
52062342.68959044 -0.44866762 0.5072906 0.26015753 0.2220616 0.09331036 0.90417916 0.35276338
52090528.43959044 -0.43833825 0.5016587 0.2636019 0.21182922 0.07004038 0.90807766 0.35442597
52118664.43959044 -0.42503366 0.4955928 0.26712823 0.20136651 0.046520643 0.9114428 0.3557518
52146765.68959044 -0.41378418 0.4891935 0.26992923 0.190091 0.024344586 0.91424745 0.35696572
52174850.68959044 -0.40250164 0.48244253 0.27348804 0.17984961 0.0021868846 0.9161935 0.3581045
52202935.68959044 -0.39134777 0.47645676 0.2770242 0.16855446 -0.019737128 0.91765434 0.3593195
52231030.68959044 -0.38144454 0.4696241 0.28079346 0.15741588 -0.040034454 0.9186413 0.36016065
52259151.68959044 -0.37034783 0.46305597 0.28478277 0.14502405 -0.06071147 0.9190513 0.36142346
52287305.68959044 -0.35995173 0.45588434 0.28861585 0.1323528 -0.08116966 0.91919804 0.36189672
52315498.68959044 -0.35004812 0.44845086 0.29257357 0.11974826 -0.101906024 0.9186041 0.36254933
52343731.68959044 -0.34115192 0.44153512 0.29578632 0.107305735 -0.12141924 0.9176813 0.36277258
52372003.68959044 -0.33162242 0.43411404 0.29977444 0.094040945 -0.14108372 0.9160614 0.36343265
52400320.43959044 -0.3219658 0.42664558 0.30358922 0.0792245 -0.1588443 0.91410965 0.36454844
52428689.68959044 -0.31306002 0.41893944 0.30675575 0.06486427 -0.17813268 0.91142976 0.36518103
52457118.43959044 -0.30515885 0.41102612 0.31094486 0.051416527 -0.19649892 0.9080923 0.36621428
52485612.68959044 -0.29761967 0.40340838 0.31409356 0.037412208 -0.21529563 0.9042179 0.36693075
52514168.43959044 -0.29004425 0.3948701 0.31812197 0.024400488 -0.23336557 0.8996366 0.36823788
52542786.68959044 -0.2830689 0.3871978 0.3220376 0.010984013 -0.25192162 0.89458394 0.3689639
52571458.68959044 -0.2766339 0.37837112 0.32580203 -0.0013218322 -0.26984057 0.8890142 0.36991647
52600178.68959044 -0.26999924 0.37073648 0.32985792 -0.014116638 -0.28765357 0.8829958 0.37064078
52628937.68959044 -0.2637807 0.3618129 0.3339253 -0.026935885 -0.30421242 0.8767672 0.37149516
52657727.68959044 -0.2586064 0.35334647 0.33753693 -0.03990127 -0.32064813 0.87019545 0.3719578
52686543.68959044 -0.2526087 0.34496957 0.3404477 -0.05302871 -0.33698714 0.8631411 0.37231046
52715379.68959044 -0.2486096 0.33670416 0.34454596 -0.0666318 -0.35126036 0.85614234 0.37309077
52744229.68959044 -0.24313019 0.3277373 0.34843105 -0.079771295 -0.3661449 0.8481165 0.37453026
52773090.68959044 -0.23870584 0.3191779 0.3525695 -0.09426741 -0.37941912 0.83997643 0.37629038
52801956.68959044 -0.23500787 0.31088215 0.35706133 -0.107951306 -0.39391363 0.8310848 0.3774608
52830822.68959044 -0.23222761 0.30277812 0.36165285 -0.12119246 -0.40618408 0.82248545 0.37926865
52859684.68959044 -0.22922829 0.29555818 0.36419094 -0.13409561 -0.4193645 0.81398934 0.37891057
52888533.68959044 -0.22663629 0.28718457 0.36805195 -0.1477417 -0.43102878 0.8050044 0.37994015
52917366.43959044 -0.22422008 0.2789188 0.37219954 -0.16139965 -0.44159082 0.796158 0.38089404
52946178.68959044 -0.22149709 0.27050173 0.37495568 -0.17543595 -0.45078635 0.7884872 0.37987083
52974967.68959044 -0.22028108 0.2628471 0.3778087 -0.18923868 -0.45847785 0.7815833 0.37830475
53003729.68959044 -0.21885236 0.25516823 0.3822144 -0.20207329 -0.46679184 0.77330923 0.37850314
53032457.68959044 -0.21774964 0.24645266 0.38696617 -0.21641213 -0.47384313 0.7647795 0.37914482
53061144.68959044 -0.21713893 0.23876467 0.38976392 -0.22926462 -0.48080057 0.75680697 0.3788295
53089792.43959044 -0.2173858 0.23137745 0.39521286 -0.24157694 -0.48648575 0.74815804 0.38109297
53118402.68959044 -0.21756653 0.22352877 0.39775363 -0.25437894 -0.4919947 0.74080724 0.3800489
53146971.68959044 -0.21815617 0.21609078 0.40124756 -0.2659052 -0.49720365 0.73372144 0.37912518
53175497.43959044 -0.21878031 0.20967369 0.4044396 -0.27727154 -0.5028844 0.72604525 0.3782674
53203977.68959044 -0.22124486 0.20195772 0.4078634 -0.28832594 -0.5065037 0.720041 0.37664732
53232409.68959044 -0.22179145 0.19530696 0.41103598 -0.299552 -0.5105273 0.71401066 0.37392417
53260793.68959044 -0.22361635 0.18871462 0.41506395 -0.30975467 -0.513451 0.70850325 0.37207982
53289132.68959044 -0.22552592 0.18172666 0.41693297 -0.3210642 -0.51683563 0.70302516 0.3681772
53317430.43959044 -0.22749755 0.17584404 0.42025805 -0.33118755 -0.51999927 0.69667614 0.36682162
53345685.68959044 -0.22976857 0.16955723 0.4225719 -0.3412122 -0.52414936 0.6895809 0.36513
53373899.68959044 -0.23303522 0.16395022 0.42505163 -0.35054472 -0.5294445 0.6812498 0.36428782
53402073.68959044 -0.23648393 0.15728007 0.42784038 -0.3606032 -0.5343047 0.6718686 0.36479637
53430207.43959044 -0.23982793 0.15168522 0.43043882 -0.36996192 -0.5397159 0.6620254 0.36545515
53458300.68959044 -0.24353266 0.1455579 0.43269876 -0.37899786 -0.5457424 0.6514723 0.3662102
53486351.43959044 -0.24797913 0.14065042 0.435538 -0.38744217 -0.5505336 0.6418397 0.3672101
53514358.43959044 -0.25125244 0.1340042 0.4360618 -0.39588246 -0.55654013 0.63222146 0.36583644
53542324.68959044 -0.25606567 0.1291825 0.4388467 -0.40387833 -0.56129235 0.62246436 0.36656708
53570249.68959044 -0.26113796 0.124982096 0.44135785 -0.41154072 -0.5653792 0.6130824 0.36757383
53598136.68959044 -0.26545542 0.11953972 0.44262964 -0.41941068 -0.57058233 0.6033298 0.36677477
53625984.68959044 -0.2699685 0.11467953 0.44410375 -0.42614993 -0.57584625 0.593727 0.36645
53653795.68959044 -0.27530983 0.11014233 0.44591787 -0.43316263 -0.5807076 0.5837284 0.36661983
53681570.43959044 -0.28037655 0.10497439 0.44726667 -0.44000962 -0.5860846 0.57338905 0.36622596
53709307.68959044 -0.28602448 0.10113833 0.44828796 -0.44569558 -0.5911284 0.5639459 0.3659068
53737008.68959044 -0.29191178 0.09792485 0.4501047 -0.45134118 -0.5960015 0.5538788 0.36645833
53764676.68959044 -0.29793718 0.09444841 0.4507717 -0.45741743 -0.60090154 0.5450614 0.36413574
53792312.68959044 -0.30398807 0.0903147 0.45228434 -0.46392837 -0.6056298 0.53554624 0.36217847
53819916.43959044 -0.30993667 0.08651842 0.45310754 -0.47048303 -0.61061287 0.5262441 0.3589775
53847487.68959044 -0.3163081 0.08355054 0.45384276 -0.47727662 -0.61502683 0.51708335 0.3557723
53875027.68959044 -0.32293344 0.080475464 0.4545461 -0.48427498 -0.61949146 0.5075597 0.352266
53902539.43959044 -0.32953322 0.078047775 0.45517278 -0.4909382 -0.6243989 0.49704584 0.34935823
53930023.68959044 -0.33585584 0.07553567 0.4555967 -0.49770012 -0.6293636 0.48671663 0.34540278
53957481.68959044 -0.34375188 0.07284309 0.45608437 -0.50416034 -0.6345197 0.47593454 0.3416041
53984910.43959044 -0.35052836 0.07041077 0.45613074 -0.5104275 -0.64011127 0.46468255 0.33732998
54012314.68959044 -0.35717213 0.068317436 0.45590335 -0.5162803 -0.6459213 0.45304188 0.33315676
54039688.68959044 -0.364753 0.06611754 0.45547473 -0.5223618 -0.651674 0.44061214 0.32912016
54067036.68959044 -0.3715463 0.06477144 0.4550022 -0.5275926 -0.65761 0.4276234 0.32608795
54094359.68959044 -0.37869632 0.063263 0.4544248 -0.5333949 -0.6629754 0.41470578 0.32244805
54121656.68959044 -0.38632774 0.061579585 0.45395458 -0.53886884 -0.6685272 0.40116215 0.3189996
54148928.68959044 -0.393426 0.060617886 0.4529389 -0.5440563 -0.6737671 0.38748324 0.31606546
54176176.68959044 -0.40093195 0.06033072 0.45233148 -0.54884934 -0.6788177 0.37427798 0.31286886
54203401.68959044 -0.40850368 0.05972305 0.45155793 -0.55443025 -0.6839656 0.359389 0.30925342
54230606.68959044 -0.41641724 0.059627116 0.45016062 -0.5598279 -0.68897223 0.34445572 0.30538562
54257791.43959044 -0.42388168 0.059713498 0.44935662 -0.5653208 -0.69340223 0.32848883 0.30282146
54284957.68959044 -0.4314707 0.05981058 0.4476279 -0.5708013 -0.69828486 0.31170523 0.29903862
54312106.68959044 -0.43945616 0.06060739 0.44628155 -0.5771286 -0.7019465 0.29394385 0.29629517
54339236.43959044 -0.44726822 0.06133306 0.44451243 -0.58271503 -0.70601183 0.27483612 0.2940334
54366348.43959044 -0.45480376 0.062165633 0.44277334 -0.5883671 -0.70934045 0.25542694 0.2922626
54393443.68959044 -0.46213123 0.063655585 0.4411751 -0.5937293 -0.71244705 0.23544663 0.29063672
54420522.68959044 -0.47027814 0.065148845 0.43908995 -0.59933555 -0.714844 0.21594973 0.28837618
54447589.68959044 -0.47703514 0.066497594 0.436934 -0.6044934 -0.7171814 0.1954993 0.2863892
54474645.68959044 -0.48489305 0.06856629 0.43458238 -0.60947454 -0.71903694 0.17484634 0.2845268
54501693.43959044 -0.4919342 0.070684165 0.43231326 -0.6147336 -0.7201868 0.15395188 0.28236938
54528736.68959044 -0.49922824 0.0728668 0.4295961 -0.61905825 -0.72143626 0.13270259 0.28051156
54555778.43959044 -0.5062256 0.07564655 0.4271869 -0.6225671 -0.7223302 0.111449026 0.2796934
54582820.68959044 -0.5131937 0.07872602 0.42474648 -0.62575054 -0.722933 0.08997448 0.27876285
54609868.43959044 -0.51997745 0.081260175 0.4218179 -0.629108 -0.7232094 0.06963182 0.27630207
54636923.68959044 -0.52672136 0.08470923 0.41906068 -0.6315134 -0.72317505 0.049623344 0.27522025
54663984.43959044 -0.5329516 0.08858019 0.41654062 -0.63346446 -0.7230519 0.029698685 0.27392828
54691059.68959044 -0.539631 0.09216979 0.41318798 -0.63567454 -0.7227179 0.010795748 0.27107254
54718163.43959044 -0.5457747 0.09605065 0.41015166 -0.63730496 -0.7221438 -0.008140877 0.26885757
54745296.68959044 -0.5513601 0.10020527 0.40729603 -0.6385542 -0.72136074 -0.02702889 0.266752
54772460.68959044 -0.55767405 0.10492894 0.4040416 -0.63948053 -0.7201001 -0.045917485 0.26535293
54799655.68959044 -0.5629591 0.109393656 0.40108812 -0.64074075 -0.7183902 -0.06347787 0.26332
54826881.68959044 -0.5681952 0.11354405 0.39743662 -0.64185536 -0.71693367 -0.080554485 0.25988224
54854140.43959044 -0.57390624 0.11908573 0.3944772 -0.64229256 -0.7150915 -0.09793659 0.25790086
54881437.68959044 -0.5788013 0.12446952 0.39138746 -0.6422145 -0.71319824 -0.11440625 0.2565544
54908774.68959044 -0.5832019 0.12978578 0.3882046 -0.64176166 -0.71177876 -0.12948689 0.2544526
54936157.68959044 -0.5880524 0.1356228 0.3847783 -0.6415593 -0.71075004 -0.14233983 0.25094894
54963585.68959044 -0.59252477 0.14135844 0.3816402 -0.6412134 -0.7106413 -0.15215223 0.24634142
54991060.43959044 -0.59647 0.14755559 0.378766 -0.6408469 -0.7111964 -0.15914735 0.24121992
55018582.68959044 -0.6002606 0.15353733 0.37517905 -0.64004135 -0.71243286 -0.16509055 0.2356516
55046150.68959044 -0.6041994 0.15928364 0.37123895 -0.6393151 -0.7134062 -0.17170274 0.22988263
55073762.68959044 -0.60699403 0.16586775 0.368724 -0.63866436 -0.71391827 -0.1778061 0.22541884
55101414.68959044 -0.6105665 0.17311293 0.36492532 -0.6380643 -0.7146538 -0.18289785 0.22066326
55129109.68959044 -0.61406815 0.17960447 0.36140454 -0.63816774 -0.7151337 -0.18725793 0.21508172
55156839.68959044 -0.61618745 0.18664736 0.35775274 -0.63747096 -0.71594805 -0.19092071 0.21118361
55184604.68959044 -0.61936986 0.1938492 0.35419077 -0.6383544 -0.71624595 -0.19308658 0.20545796
55212400.68959044 -0.6211083 0.20111305 0.35040998 -0.63843805 -0.7162491 -0.1966198 0.20180371
55240225.68959044 -0.62263423 0.20978802 0.3469482 -0.6393651 -0.7154722 -0.19851018 0.19976367
55268077.68959044 -0.6239733 0.21820635 0.34329945 -0.64181376 -0.71404386 -0.19944824 0.19605319
55295951.68959044 -0.62506926 0.22622979 0.33973587 -0.64352846 -0.71297586 -0.2007309 0.19298631
55323840.68959044 -0.6259213 0.23410356 0.33542207 -0.6438045 -0.71355355 -0.20062388 0.19001906
55351742.43959044 -0.627077 0.24255061 0.33226246 -0.6458713 -0.71336555 -0.19895415 0.18541083
55379656.68959044 -0.62756777 0.25127855 0.32850465 -0.64623576 -0.71436685 -0.19765732 0.1816342
55407580.68959044 -0.62854695 0.25994256 0.3249749 -0.64780354 -0.7148414 -0.19537894 0.17657706
55435513.43959044 -0.6286136 0.26880887 0.3209421 -0.6490019 -0.7156694 -0.1930245 0.17133452
55463453.43959044 -0.6287786 0.27771336 0.31654766 -0.65031177 -0.7164759 -0.19019675 0.1660788
55491404.43959044 -0.62884337 0.28669718 0.31404173 -0.6526206 -0.7164878 -0.18563014 0.16208977
55519365.68959044 -0.62924504 0.29607335 0.30993646 -0.65427953 -0.71657497 -0.1837595 0.1570703
55547339.68959044 -0.62847686 0.30561015 0.30612063 -0.6562476 -0.7168175 -0.17934956 0.15279233
55575330.43959044 -0.6281891 0.31381077 0.30167514 -0.65750194 -0.7178213 -0.1746507 0.14805745
55603342.43959044 -0.6268879 0.32370594 0.29793823 -0.6591927 -0.7185021 -0.16960071 0.14302243
55631384.68959044 -0.6262019 0.33328375 0.29360774 -0.66000974 -0.72015935 -0.16394766 0.13740022
55659459.68959044 -0.62494016 0.34313202 0.2895528 -0.66105545 -0.7216174 -0.15797247 0.13160108
55687574.68959044 -0.6243185 0.35201156 0.2857249 -0.6617528 -0.7235578 -0.15136412 0.12504548
55715733.43959044 -0.62345874 0.36227787 0.28153837 -0.66242605 -0.7252282 -0.1452959 0.11884829
55743944.68959044 -0.6209364 0.37217116 0.2773321 -0.66320324 -0.7266275 -0.13863245 0.11381975
55772216.68959044 -0.6195215 0.38315403 0.27352 -0.6644177 -0.7275295 -0.13300864 0.10751102
55800556.68959044 -0.6190183 0.3938764 0.26907206 -0.66555554 -0.7281443 -0.12837003 0.10179896
55828971.68959044 -0.6170151 0.40441865 0.26486757 -0.6666447 -0.7286646 -0.12381506 0.0964503
55857465.43959044 -0.6146733 0.41457283 0.26074213 -0.6675258 -0.7294012 -0.11813831 0.09179605
55886049.43959044 -0.61282146 0.42616722 0.25611937 -0.66776884 -0.73046535 -0.11375617 0.086975865
55914729.68959044 -0.61109614 0.43809962 0.252657 -0.66939116 -0.73048353 -0.10790532 0.08164411
55943512.68959044 -0.6089464 0.4488642 0.24806064 -0.6705165 -0.73106974 -0.101104476 0.07564765
55972408.43959044 -0.6067721 0.46065202 0.24370466 -0.6718132 -0.7318008 -0.09243789 0.06774892
56001427.68959044 -0.60474837 0.47265378 0.23924036 -0.6743009 -0.7311952 -0.08370931 0.060535662
56030578.68959044 -0.6023115 0.48449072 0.23495515 -0.67726165 -0.73000354 -0.07405311 0.054108784
