947695.7899999999 -0.0 -0.0 -0.0 -0.0 -0.0 1.0 -0.0
988125.268 -0.0 -0.0 -0.0 -0.0 -0.0 1.0 -0.0
1047697.132 -0.0 -0.0 -0.0 -0.0 -0.0 1.0 -0.0
1088126.61 -0.0 -0.0 -0.0 -0.0 -0.0 1.0 -0.0
1147698.224 -0.0 -0.0 -0.0 -0.0 -0.0 1.0 -0.0
1188136.202 -0.0 -0.0 -0.0 -0.0 -0.0 1.0 -0.0
1247754.064 -0.0 -0.0 -0.0 -0.0 -0.0 1.0 -0.0
1288129.044 -0.0007621346 -0.0007267879 -0.00043230454 -4.484206e-05 0.000374188 1.0 6.866667e-05
1347700.907 -0.0007621346 -0.0007267879 -0.00043230454 -4.484206e-05 0.000374188 1.0 6.866667e-05
1388130.1360000002 -0.0007621346 -0.0007267879 -0.00043230454 -4.484206e-05 0.000374188 1.0 6.866667e-05
1447702.249 -0.0007621346 -0.0007267879 -0.00043230454 -4.484206e-05 0.000374188 1.0 6.866667e-05
1488131.478 -0.0007621346 -0.0007267879 -0.00043230454 -4.484206e-05 0.000374188 1.0 6.866667e-05
1547703.091 -0.0007621346 -0.0007267879 -0.00043230454 -4.484206e-05 0.000374188 1.0 6.866667e-05
1588132.82 -0.0007621346 -0.0007267879 -0.00043230454 -4.484206e-05 0.000374188 1.0 6.866667e-05
1647704.433 -0.0007621346 -0.0007267879 -0.00043230454 -4.484206e-05 0.000374188 1.0 6.866667e-05
1688133.911 -0.0007621346 -0.0007267879 -0.00043230454 -4.484206e-05 0.000374188 1.0 6.866667e-05
1747705.775 -0.0007621346 -0.0007267879 -0.00043230454 -4.484206e-05 0.000374188 1.0 6.866667e-05
1788135.003 -0.0007621346 -0.0007267879 -0.00043230454 -4.484206e-05 0.000374188 1.0 6.866667e-05
1847706.867 -0.0007621346 -0.0007267879 -0.00043230454 -4.484206e-05 0.000374188 1.0 6.866667e-05
1888136.095 -0.0007621346 -0.0007267879 -0.00043230454 -4.484206e-05 0.000374188 1.0 6.866667e-05
1947707.9579999999 -0.0007621346 -0.0007267879 -0.00043230454 -4.484206e-05 0.000374188 1.0 6.866667e-05
1988137.4370000002 -0.0012136217 -0.00020429911 -0.00020600023 -5.5421973e-05 0.00019381443 1.0 -4.5657674e-05
2047709.3 -0.0012136217 -0.00020429911 -0.00020600023 -5.5421973e-05 0.00019381443 1.0 -4.5657674e-05
2089565.7520000003 -0.0012136217 -0.00020429911 -0.00020600023 -5.5421973e-05 0.00019381443 1.0 -4.5657674e-05
2138916.31 -0.0012136217 -0.00020429911 -0.00020600023 -5.5421973e-05 0.00019381443 1.0 -4.5657674e-05
2188924.856 -0.0012136217 -0.00020429911 -0.00020600023 -5.5421973e-05 0.00019381443 1.0 -4.5657674e-05
2239456.392 -0.0012136217 -0.00020429911 -0.00020600023 -5.5421973e-05 0.00019381443 1.0 -4.5657674e-05
2290321.671 -0.0012136217 -0.00020429911 -0.00020600023 -5.5421973e-05 0.00019381443 1.0 -4.5657674e-05
2340496.714 -0.0012136217 -0.00020429911 -0.00020600023 -5.5421973e-05 0.00019381443 1.0 -4.5657674e-05
2389990.0190000003 -0.0012136217 -0.00020429911 -0.00020600023 -5.5421973e-05 0.00019381443 1.0 -4.5657674e-05
2439480.825 -0.0012136217 -0.00020429911 -0.00020600023 -5.5421973e-05 0.00019381443 1.0 -4.5657674e-05
2489285.125 -0.0012136217 -0.00020429911 -0.00020600023 -5.5421973e-05 0.00019381443 1.0 -4.5657674e-05
2539365.169 -0.0012136217 -0.00020429911 -0.00020600023 -5.5421973e-05 0.00019381443 1.0 -4.5657674e-05
2589627.21 -0.0012136217 -0.00020429911 -0.00020600023 -5.5421973e-05 0.00019381443 1.0 -4.5657674e-05
2639858.001 -0.0012136217 -0.00020429911 -0.00020600023 -5.5421973e-05 0.00019381443 1.0 -4.5657674e-05
2689835.048 -0.0012136217 -0.00020429911 -0.00020600023 -5.5421973e-05 0.00019381443 1.0 -4.5657674e-05
2739645.097 -0.0012136217 -0.00020429911 -0.00020600023 -5.5421973e-05 0.00019381443 1.0 -4.5657674e-05
2789487.1459999997 -0.0012136217 -0.00020429911 -0.00020600023 -5.5421973e-05 0.00019381443 1.0 -4.5657674e-05
2839455.943 -0.0012136217 -0.00020429911 -0.00020600023 -5.5421973e-05 0.00019381443 1.0 -4.5657674e-05
2889575.736 -0.0012136217 -0.00020429911 -0.00020600023 -5.5421973e-05 0.00019381443 1.0 -4.5657674e-05
2939631.531 -0.0012136217 -0.00020429911 -0.00020600023 -5.5421973e-05 0.00019381443 1.0 -4.5657674e-05
2989672.077 -0.0012136217 -0.00020429911 -0.00020600023 -5.5421973e-05 0.00019381443 1.0 -4.5657674e-05
3039640.873 -0.0018362466 -0.00061334705 -0.00075371016 -0.000372469 -0.00019893772 0.99999994 0.0002617948
3089585.92 -0.0018362466 -0.00061334705 -0.00075371016 -0.000372469 -0.00019893772 0.99999994 0.0002617948
3139546.967 -0.0018362466 -0.00061334705 -0.00075371016 -0.000372469 -0.00019893772 0.99999994 0.0002617948
3189563.762 -0.0018362466 -0.00061334705 -0.00075371016 -0.000372469 -0.00019893772 0.99999994 0.0002617948
3239603.8079999997 -0.0018362466 -0.00061334705 -0.00075371016 -0.000372469 -0.00019893772 0.99999994 0.0002617948
3289635.8529999997 -0.0018362466 -0.00061334705 -0.00075371016 -0.000372469 -0.00019893772 0.99999994 0.0002617948
3339636.399 -0.0021209244 -0.0012709817 -0.0009567524 -0.000523967 -0.00040113385 0.99999976 0.00041195896
3389613.445 -0.0021209244 -0.0012709817 -0.0009567524 -0.000523967 -0.00040113385 0.99999976 0.00041195896
3439598.241 -0.0021209244 -0.0012709817 -0.0009567524 -0.000523967 -0.00040113385 0.99999976 0.00041195896
3489590.787 -0.0021209244 -0.0012709817 -0.0009567524 -0.000523967 -0.00040113385 0.99999976 0.00041195896
3539607.583 -0.0021209244 -0.0012709817 -0.0009567524 -0.000523967 -0.00040113385 0.99999976 0.00041195896
3589639.628 -0.0018726154 -0.00062568596 -0.0008197999 -0.0005656759 -0.0003948262 0.9999997 0.0004191836
3639632.175 -0.0018726154 -0.00062568596 -0.0008197999 -0.0005656759 -0.0003948262 0.9999997 0.0004191836
3689609.2210000004 -0.0018726154 -0.00062568596 -0.0008197999 -0.0005656759 -0.0003948262 0.9999997 0.0004191836
3739585.767 -0.0018726154 -0.00062568596 -0.0008197999 -0.0005656759 -0.0003948262 0.9999997 0.0004191836
3789578.313 -0.0018726154 -0.00062568596 -0.0008197999 -0.0005656759 -0.0003948262 0.9999997 0.0004191836
3839579.109 -0.0018726154 -0.00062568596 -0.0008197999 -0.0005656759 -0.0003948262 0.9999997 0.0004191836
3889595.655 -0.0018726154 -0.00062568596 -0.0008197999 -0.0005656759 -0.0003948262 0.9999997 0.0004191836
3939612.201 -0.0018726154 -0.00062568596 -0.0008197999 -0.0005656759 -0.0003948262 0.9999997 0.0004191836
3989612.996 -0.0018167227 -4.738899e-05 -0.00067231385 -0.000572075 -0.0005078963 0.99999964 0.00049103267
4039597.543 -0.0018167227 -4.738899e-05 -0.00067231385 -0.000572075 -0.0005078963 0.99999964 0.00049103267
4089582.089 -0.0018167227 -4.738899e-05 -0.00067231385 -0.000572075 -0.0005078963 0.99999964 0.00049103267
4139575.1350000002 -0.0018167227 -4.738899e-05 -0.00067231385 -0.000572075 -0.0005078963 0.99999964 0.00049103267
4189583.181 -0.0018167227 -4.738899e-05 -0.00067231385 -0.000572075 -0.0005078963 0.99999964 0.00049103267
4239591.977 -0.0018167227 -4.738899e-05 -0.00067231385 -0.000572075 -0.0005078963 0.99999964 0.00049103267
4289600.522 -0.0018167227 -4.738899e-05 -0.00067231385 -0.000572075 -0.0005078963 0.99999964 0.00049103267
4339601.068 -0.0018167227 -4.738899e-05 -0.00067231385 -0.000572075 -0.0005078963 0.99999964 0.00049103267
4389593.864 -0.0018167227 -4.738899e-05 -0.00067231385 -0.000572075 -0.0005078963 0.99999964 0.00049103267
4439594.409999999 -0.0018167227 -4.738899e-05 -0.00067231385 -0.000572075 -0.0005078963 0.99999964 0.00049103267
4489594.956 -0.0018167227 -4.738899e-05 -0.00067231385 -0.000572075 -0.0005078963 0.99999964 0.00049103267
4539603.502 -0.0018167227 -4.738899e-05 -0.00067231385 -0.000572075 -0.0005078963 0.99999964 0.00049103267
4589612.298 -0.0018167227 -4.738899e-05 -0.00067231385 -0.000572075 -0.0005078963 0.99999964 0.00049103267
4639620.8440000005 -0.0020225195 -0.0006423627 -0.00072588003 -0.0005260757 -0.00042880478 0.99999976 0.00031660087
4689613.39 -0.0020244415 -0.00069853343 -0.00078573776 -0.0004697646 -0.00044664167 0.99999976 0.00035552788
4739613.936000001 -0.0020150265 -0.0006933284 -0.0007614174 -0.00052592694 -0.00049370894 0.99999976 0.00030631095
4789622.731000001 -0.001962181 -0.0006723556 -0.0008100448 -0.00049142924 -0.00057171995 0.9999997 0.0003679111
4839623.527000001 -0.0019385156 -0.000713515 -0.00096003985 -0.0005346449 -0.0004029851 0.99999976 0.00037515158
4889623.823 -0.0020591347 -0.0005527427 -0.00093583023 -0.00059747207 -0.0005955941 0.9999996 0.00044832565
4939624.369 -0.002126762 -0.00028327983 -0.0009562473 -0.00057025475 -0.00047061982 0.99999964 0.0004595614
4989624.915 -0.0021564022 -0.000107820364 -0.00088382076 -0.0005727418 -0.0004864817 0.9999997 0.00038680556
5039617.711 -0.0021943545 -2.173929e-05 -0.0010080851 -0.0005241804 -0.00048004783 0.99999976 0.00028004512
5089618.257 -0.0022142373 -3.7653535e-05 -0.0010125889 -0.00054214057 -0.0005263105 0.9999997 0.0002655941
5139610.803 -0.0023988704 -4.3831908e-05 -0.0010083724 -0.0004633229 -0.0005043838 0.9999997 0.0004508781
5189603.598999999 -0.0025474718 -0.00015985331 -0.00091519766 -0.00049034867 -0.00046068584 0.9999997 0.00045263112
5239660.394 -0.002537566 -0.00028589333 -0.0010005417 -0.00054765114 -0.000449659 0.9999997 0.00031314633
5289620.691000001 -0.0026660399 -0.00032502747 -0.0011235402 -0.00052461715 -0.00049857696 0.9999997 0.0003420912
5339629.237000001 -0.0027127333 -0.0003124973 -0.0010864141 -0.0005861337 -0.0005424355 0.99999964 0.000354039
5389629.782 -0.0029638568 5.613741e-05 -0.0011254709 -0.00055928394 -0.00045913178 0.99999964 0.00040151295
5439638.578 -0.0030102446 0.000526863 -0.001399335 -0.00049850356 -0.0005087787 0.9999997 0.000452029
5489631.124 -0.0028099536 0.0009870555 -0.0013298307 -0.00040963758 -0.00039389974 0.9999998 0.00043460267
5539615.671 -0.0023796197 0.0012628201 -0.0009395712 -0.0004967158 -0.00060560607 0.9999997 0.00036536803
5589600.467 -0.0017409382 0.0016340279 -0.00043451012 -0.0005270247 -0.0009181212 0.9999992 0.00075317785
5639593.513 -0.0006309809 0.0016087961 0.00011867089 -0.0005647378 -0.0008205299 0.99999934 0.0006488162
5689586.058999999 0.0007517665 0.0012528093 0.0010015076 -0.00062161125 -0.00048650164 0.9999996 0.0006109461
5739586.605 0.0018228672 0.00066981965 0.0005698861 -0.0007999235 0.00037758835 0.99999946 0.0006853778
5789595.151000001 0.0027808666 -0.00033405857 0.00050352793 0.00010609284 0.0010781994 0.9999993 0.0005796975
5839603.4459999995 0.0039838436 -0.0014234555 0.0009466928 0.00042201328 0.00048443925 0.99999964 0.0005695785
5889604.242 0.0051000025 -0.0027405503 0.0010000671 -0.00072607846 0.0010513326 0.99999887 0.0007638984
5939620.788 0.005788053 -0.0046068397 0.0011122968 -0.00030209817 0.001026028 0.9999992 0.00066827313
5989717.332 0.005099994 -0.0061609265 0.0017931424 0.0052630217 0.015216683 0.9998698 0.001109386
6039685.379 0.0051248115 -0.007959367 0.00211444 0.005289634 0.015091721 0.99987155 0.0010776329
6089733.424 0.005346608 -0.009543839 0.0024200196 0.005224879 0.015126406 0.9998709 0.0014691659
6139781.469 0.0055125533 -0.011277023 0.0028496543 0.005158921 0.015180095 0.9998703 0.0015497204
6189829.7639999995 0.005429226 -0.012803626 0.0032966475 0.005281651 0.014807372 0.9998756 0.001267355
6239854.308999999 0.0060170745 -0.0117057795 0.0034043817 -0.0001740182 0.014885791 0.99982995 0.010884276
6289878.855 0.0041416655 -0.0127594685 0.003991669 -0.00018045296 0.015047073 0.9998252 0.0111024035
6339902.9 0.00180641 -0.013720123 0.00435366 -0.00011090934 0.015620494 0.9998166 0.011080799
6389927.6959999995 -0.0003176905 -0.014265638 0.0046524014 -0.00010031689 0.015137546 0.99982387 0.0110949585
6439959.740999999 0.0035266161 -0.013696884 0.0049978285 -0.023694944 0.013277973 0.99954456 0.013150169
6490000.285999999 0.0014223144 -0.013416479 0.00522662 -0.024087775 0.012166476 0.9995518 0.012966125
6540048.331 -0.0010740116 -0.012472377 0.0056929784 -0.02402197 0.012468653 0.99954635 0.013216328
6590080.376 -0.0022187938 -0.011370557 0.006312688 -0.02394333 0.012730218 0.9995459 0.013144095
6640089.172 3.1978667e-05 -0.012135424 0.0064687296 -0.035263166 0.013806892 0.9992737 0.004241558
6690081.718 -0.0014507641 -0.01081326 0.0066546304 -0.035490613 0.013347184 0.9992731 0.0039364006
6740066.264 -0.0032323117 -0.009684922 0.0068533206 -0.0356364 0.013231386 0.99926865 0.004152137
6790043.561 -0.004477807 -0.008647773 0.006653334 -0.0355727 0.011200913 0.9992964 0.003974988
6840044.107 -0.004589135 -0.0081841275 0.006212171 -0.039999906 0.006649741 0.99917763 7.287928e-05
6890060.652 -0.0057133664 -0.006809154 0.005996661 -0.043178193 0.005512389 0.9990522 3.5792855e-05
6940068.698 -0.0067666597 -0.005552971 0.005809615 -0.047219627 0.008913264 0.99884325 -0.0017652005
6990045.995 -0.007350874 -0.0045302715 0.005484338 -0.049142316 0.01148057 0.9987154 -0.00456472
7040014.541 -0.0075277477 -0.0033812027 0.005191395 -0.051077627 0.011978662 0.99859464 -0.0075088157
7089975.588 -0.007396833 -0.0023751992 0.0049423478 -0.053605776 0.0113503095 0.9984346 -0.01122443
7139928.885 -0.006939936 -0.0013313091 0.004991654 -0.055365685 0.011583054 0.99827856 -0.015506577
7189907.181000001 -0.0062407954 -0.00044617534 0.0052044853 -0.055421226 0.013278376 0.99815995 -0.020711698
7239826.978 -0.005258972 0.00041111786 0.0054921936 -0.056165658 0.016283346 0.9979677 -0.025314992
7289787.525 -0.003682753 0.001022029 0.005767131 -0.056200396 0.019077182 0.99784714 -0.027906146
7339740.822000001 -0.0017538805 0.0017099654 0.006094141 -0.05438404 0.02025542 0.99791837 -0.028127324
7389701.869 0.0007483175 0.0023393333 0.006459337 -0.051436022 0.019820193 0.9980621 -0.028874759
7439670.915 0.003693541 0.002914458 0.006873139 -0.045592587 0.018356461 0.998341 -0.029994486
7489647.461999999 0.00704376 0.003205622 0.007216583 -0.03929257 0.01733019 0.998609 -0.03059173
7539608.507999999 0.010662378 0.003319782 0.0075296396 -0.033530902 0.018721214 0.99878895 -0.030754399
7589561.805 0.014495334 0.0032604984 0.00781207 -0.028106002 0.021521714 0.998875 -0.031552773
7639506.852 0.018497553 0.0031584348 0.008102877 -0.020718964 0.023781933 0.99895287 -0.03314173
7689467.399 0.02243434 0.0028604434 0.008489672 -0.011502846 0.024827087 0.99902713 -0.034585856
7739451.944999999 0.026133828 0.0021962023 0.008818022 -0.0044106795 0.026393399 0.9990589 -0.03413695
7789444.990999999 0.029481156 0.0011309225 0.0091479095 -0.00027892017 0.029072322 0.9990443 -0.0326398
7839437.7870000005 0.032589268 -0.00023504619 0.009464515 0.0038891872 0.03144435 0.99905986 -0.029591449
7889430.333 0.03534622 -0.0019240072 0.009755221 0.0071924618 0.03302389 0.99910676 -0.025366837
7939438.879 0.037733555 -0.003813419 0.009972149 0.008811978 0.033190005 0.9992083 -0.02008937
7989471.174 0.039871182 -0.0057269507 0.010117471 0.0112407375 0.032071665 0.9993264 -0.013852484
8039535.2190000005 0.041613147 -0.0077145766 0.010316211 0.014957718 0.029636525 0.99941003 -0.008809866
8089615.262999999 0.042851623 -0.009692785 0.01050909 0.017201018 0.028253471 0.9994411 -0.0048340834
8139679.308 0.04362739 -0.0116159255 0.010744139 0.017267888 0.029084912 0.99942595 -0.0019340575
8189703.353999999 0.044239882 -0.013441825 0.010917196 0.01944146 0.029285591 0.9993819 0.00046205317
8239704.15 0.044517513 -0.015175491 0.011129501 0.023107594 0.028164579 0.9993308 0.0032703327
8289704.696 0.04430597 -0.016880933 0.011298744 0.025289496 0.02729393 0.9992841 0.0068444684
8339747.241 0.043562453 -0.01837516 0.011370187 0.02467878 0.027604654 0.99924165 0.012047537
8389745.787 0.042389654 -0.019765545 0.011363293 0.021995807 0.027596742 0.9992293 0.017186634
8439770.331999999 0.040779684 -0.020868277 0.011344594 0.02024806 0.025343388 0.99923116 0.02201944
8489794.627999999 0.03881268 -0.021569965 0.011406062 0.018152853 0.022164483 0.9992541 0.025893297
8539818.922999999 0.036539193 -0.021947438 0.011406349 0.013640659 0.020252328 0.9993115 0.027934544
8589835.468999999 0.034098167 -0.022010399 0.011379863 0.0068435934 0.019847741 0.99937916 0.028295957
8639852.014 0.03166498 -0.02163797 0.011486837 0.0019294893 0.019333161 0.9994416 0.027185116
8689884.06 0.02939443 -0.021013172 0.011728127 -0.001846433 0.019250287 0.9995425 0.023257343
8739924.105 0.027288083 -0.020087324 0.011969261 -0.0055584363 0.019062053 0.9996326 0.018454187
8789956.9 0.025489211 -0.019048328 0.012144696 -0.009783808 0.01917602 0.9996771 0.013499873
8839980.946 0.02394502 -0.017766057 0.012303828 -0.014119257 0.018777844 0.9996845 0.00888612
8889989.491 0.0226085 -0.016472446 0.012482516 -0.016655797 0.017643897 0.99969393 0.0048375567
8940006.037 0.021876315 -0.015105605 0.012592726 -0.018442232 0.017573066 0.9996734 0.0020387513
8990030.831999999 0.021357322 -0.013704962 0.012784158 -0.020610996 0.018510466 0.9996134 -0.0023459045
9040038.878 0.020939806 -0.012284788 0.012999096 -0.0237699 0.020161968 0.99947804 -0.008499698
9090015.925 0.020768195 -0.010705641 0.013211721 -0.02712212 0.021435866 0.99928504 -0.015308287
9139960.972 0.020774107 -0.009213924 0.013400279 -0.030598529 0.022140907 0.9990551 -0.02150324
9189898.269 0.020959847 -0.007859971 0.0135137625 -0.033561636 0.02297457 0.9988154 -0.026711937
9239827.316 0.021310356 -0.0064982157 0.013538855 -0.03741525 0.023480682 0.99854213 -0.031022353
9289772.363 0.02177349 -0.005268802 0.013518376 -0.041925583 0.023890259 0.9981636 -0.036620554
9339733.659999998 0.022555944 -0.0040121474 0.013504567 -0.046186298 0.024045408 0.9977407 -0.042452317
9389694.705999998 0.023524784 -0.002713685 0.013372723 -0.049900286 0.023046073 0.99734885 -0.04768797
9439655.253 0.024626477 -0.0014359416 0.013156479 -0.05319709 0.022164654 0.9969685 -0.052274697
9489608.299999999 0.02609422 -0.000179188 0.012939388 -0.05599693 0.021287214 0.9966081 -0.056422573
9539563.347000001 0.027760006 0.0010140842 0.012774075 -0.056585055 0.021151729 0.9963264 -0.060700364
9589514.644 0.029693611 0.0020691492 0.012657001 -0.056206983 0.02137967 0.9960774 -0.06491154
9639459.691 0.031804558 0.0027959852 0.012565093 -0.056096517 0.021900978 0.9958207 -0.068663806
9689404.738 0.034235146 0.0032811433 0.012534759 -0.057022247 0.022829471 0.9955998 -0.07076912
9739357.784 0.036954533 0.0036298824 0.012510242 -0.05590227 0.024133915 0.9955291 -0.072210394
9789318.331 0.040041327 0.00390724 0.012592656 -0.052481536 0.024017895 0.99569666 -0.0725055
9839295.626999998 0.043302763 0.0040602167 0.012732991 -0.047677033 0.023290507 0.9959254 -0.07291857
9889280.174 0.04669126 0.0039719692 0.012824303 -0.04343899 0.024087856 0.99596643 -0.074724734
9939264.719999999 0.050089408 0.003729911 0.012859435 -0.041481208 0.024846608 0.9960834 -0.07402682
9989242.015999999 0.053546254 0.0034331451 0.012996034 -0.034491505 0.021634987 0.99654824 -0.07234548
10039234.561999999 0.05669608 0.0029889022 0.013141067 -0.027224133 0.017362615 0.99704784 -0.06966331
10089243.108000001 0.059503783 0.0022911127 0.013122914 -0.025075207 0.01580679 0.9973681 -0.06616899
10139251.654 0.061907064 0.0013115816 0.012971533 -0.026207484 0.01665939 0.9975599 -0.06252973
10189312.199000001 0.064226195 3.5425808e-05 0.012639918 -0.025720658 0.018060291 0.99784106 -0.057667997
10239300.495 0.06647345 -0.001401319 0.012290639 -0.022128709 0.017525876 0.99823296 -0.052289397
10289348.54 0.06853707 -0.0029620135 0.011959574 -0.018908683 0.017071249 0.9985301 -0.047841113
10339388.585 0.07038702 -0.0044900365 0.011634199 -0.01618562 0.016682545 0.99873567 -0.04457359
10389428.879999999 0.07205436 -0.005945267 0.011376067 -0.011393125 0.015442519 0.99891996 -0.042316485
10439445.425999999 0.07337831 -0.0073545813 0.011196905 -0.0066875825 0.01423674 0.99908036 -0.039890364
10489461.970999999 0.07413331 -0.008700443 0.011109103 -0.0041031293 0.014056542 0.9991618 -0.038228106
10539470.517 0.07426933 -0.010093708 0.011031885 -0.0030213294 0.015511703 0.9992048 -0.036607817
10589494.813000001 0.07409097 -0.011452638 0.010980222 -0.002176732 0.018803373 0.9992217 -0.034609754
10639527.358 0.073668525 -0.012844751 0.010838062 -0.0014776553 0.022172177 0.9992745 -0.030931778
10689567.403 0.07287697 -0.0141820805 0.010775835 -0.0018537726 0.025009386 0.9993091 -0.02742915
10739692.696999999 0.07172614 -0.015293779 0.010909006 -0.002190719 0.026536776 0.99934316 -0.024583858
10789624.243999999 0.0703556 -0.01608389 0.011081024 -0.001623136 0.026587373 0.9993904 -0.022567865
10839648.789 0.068931594 -0.016578004 0.011331636 -0.00076482 0.02555949 0.9994176 -0.022597639
10889664.835 0.067351565 -0.016651561 0.011653651 -0.0003636319 0.024439042 0.9994247 -0.023515377
10939665.381 0.06577997 -0.01642245 0.012054224 0.0004345632 0.022745054 0.99939436 -0.026334174
10989666.177000001 0.064204745 -0.01574494 0.012416232 0.0024139436 0.021031182 0.99931383 -0.03039428
11039666.723000001 0.06255329 -0.0149356155 0.012773896 0.0018877336 0.020293111 0.99915147 -0.035791654
11089651.769 0.06090215 -0.013976663 0.013034075 -0.0017648985 0.020989688 0.9989673 -0.040258914
11139636.315 0.059407305 -0.013045731 0.013225485 -0.0056210477 0.022489486 0.9987454 -0.04438988
11189621.112 0.05802435 -0.011998451 0.013343745 -0.008231603 0.023474319 0.9985409 -0.047929954
11239615.408 0.05678672 -0.010923229 0.013366358 -0.01125527 0.023571137 0.9983924 -0.050303116
11289590.704 0.05559425 -0.009780742 0.013304894 -0.0141622545 0.022346336 0.9983535 -0.050897
11339575.25 0.05480878 -0.008627255 0.013199236 -0.016715603 0.020278785 0.99834776 -0.051100373
11389552.297 0.054199837 -0.007403912 0.01304604 -0.019660553 0.017887376 0.9982874 -0.052113775
11439537.092999998 0.05377487 -0.006262421 0.012843376 -0.023692982 0.0151183335 0.9981505 -0.05390444
11489521.639 0.053468168 -0.0051165465 0.0125599485 -0.028990928 0.0135036595 0.9979873 -0.05476032
11539506.184999999 0.05333091 -0.0039559053 0.012230711 -0.03516494 0.011928854 0.9977864 -0.055167433
11589483.232 0.05341785 -0.0026384667 0.011924958 -0.040684354 0.010031494 0.99750304 -0.056850236
11639468.028 0.053627085 -0.0013711016 0.011582863 -0.047114275 0.008954651 0.9971294 -0.0585932
11689444.574000001 0.05399813 -5.791051e-05 0.011195292 -0.054774933 0.007762408 0.9967168 -0.059119735
11739413.621 0.05467792 0.0013009446 0.0107942205 -0.062332835 0.005082809 0.99628824 -0.05914911
11789382.667000001 0.055606574 0.0026754471 0.010419527 -0.068423875 0.00042593892 0.99591106 -0.05898462
11839359.464 0.056977633 0.0038963954 0.010154337 -0.070522204 -0.0054786424 0.9957109 -0.05963526
11889344.01 0.05875377 0.0048015583 0.010028594 -0.07170207 -0.009075255 0.9955322 -0.060762793
11939366.806 0.060825992 0.005218904 0.009950184 -0.0743762 -0.008865263 0.9951663 -0.06351089
11989297.853 0.06298477 0.0058253594 0.009952464 -0.07471515 -0.007040134 0.9950532 -0.06509485
12039275.149 0.06545897 0.005994447 0.01013056 -0.074011974 -0.005084475 0.99494606 -0.06766567
12089251.445999999 0.06814214 0.0060275733 0.01033979 -0.07300293 -0.0036370407 0.99493414 -0.06901746
12139235.992 0.070990786 0.005973756 0.010583846 -0.071630426 -0.0017548327 0.9950518 -0.06883275
12189228.788 0.074042216 0.005746914 0.010907871 -0.06918064 -0.00062461424 0.99530816 -0.06764136
12239237.333999999 0.07717062 0.0054549184 0.011294419 -0.06552305 -0.00041822554 0.995693 -0.06558952
12289253.878999999 0.080358826 0.004945638 0.011695319 -0.061814684 -4.531694e-05 0.99605346 -0.063690476
12339270.424999999 0.08348439 0.0043644053 0.01210917 -0.058417503 9.456369e-05 0.99639124 -0.061579127
12389279.220999999 0.08655826 0.0035421962 0.012506079 -0.055269737 0.0006560827 0.9966898 -0.05961767
12439271.766999999 0.089554556 0.00266572 0.012882401 -0.050269894 0.0007068892 0.9970672 -0.057701677
12489280.313000001 0.09234694 0.0017449227 0.0132045485 -0.04611274 0.0012637129 0.99743956 -0.054647405
12539288.358 0.09485844 0.0008559936 0.013359168 -0.042739395 0.0005665994 0.99768543 -0.05288478
12589313.154 0.09700454 3.4728117e-05 0.013512719 -0.039894357 -0.0015280888 0.9978666 -0.0516581
12639329.699 0.09876401 -0.0009387372 0.013639298 -0.03865881 -0.002228721 0.99793625 -0.051223896
12689330.245 0.100115456 -0.0020741846 0.013671069 -0.03863332 -0.0016896705 0.99795824 -0.050832663
12739323.041 0.10123523 -0.0034021216 0.013608064 -0.03785508 -0.00042632633 0.99803835 -0.049862266
12789331.587 0.10210329 -0.0048818192 0.01349894 -0.03691335 -0.0003472342 0.9981658 -0.047983173
12839347.633 0.10268721 -0.0065280655 0.013520093 -0.035196114 -0.0017246725 0.9983851 -0.044558927
12889380.178000001 0.10315235 -0.00831387 0.013662475 -0.03166272 -0.0027316657 0.9986838 -0.04025942
12939428.223000001 0.103250705 -0.010096056 0.013957827 -0.02800729 -0.0020725068 0.99895394 -0.036089066
12989476.268 0.10310739 -0.01182264 0.014369795 -0.025082616 -0.0008301439 0.9991335 -0.033202022
13039516.563000001 0.10251134 -0.013330957 0.014875776 -0.02232628 0.0005469675 0.99929315 -0.03024104
13089577.358000001 0.101639986 -0.014606789 0.015467083 -0.01959745 0.0024184315 0.9993994 -0.028478533
13139557.904000001 0.10058567 -0.015798902 0.016007824 -0.016631868 0.00417579 0.9994663 -0.027803648
13189566.45 0.09921946 -0.016607832 0.016520105 -0.013123113 0.0041920897 0.9995402 -0.027011963
13239582.496 0.0977402 -0.017267408 0.016998267 -0.012015227 0.0031876888 0.9995452 -0.027475854
13289599.041 0.0958954 -0.017454503 0.017514378 -0.011993625 0.0022004542 0.99953634 -0.027900638
13339615.587 0.09393723 -0.017457666 0.017911598 -0.013011123 0.001052723 0.9994892 -0.02917135
13389624.133000001 0.09190857 -0.017221516 0.018290149 -0.014660727 -0.00041375463 0.99938875 -0.031736244
13439632.929000001 0.08989694 -0.016644213 0.01859204 -0.016265297 -0.0027030953 0.9992842 -0.034046296
13489625.475 0.08790559 -0.015853655 0.018835014 -0.018704697 -0.0049378537 0.9991254 -0.037070826
13539626.021000002 0.08603569 -0.014882717 0.018946474 -0.021107227 -0.0065081534 0.9989476 -0.04019627
13589610.817 0.08431785 -0.013750763 0.019006645 -0.02377823 -0.007372824 0.9987361 -0.043663982
13639603.363 0.08286238 -0.012466682 0.018999845 -0.02654161 -0.007771192 0.9984226 -0.048861764
13689595.909 0.0816289 -0.011172395 0.018867185 -0.029867036 -0.007312546 0.998023 -0.054814983
13739572.955 0.0806828 -0.009811699 0.01867315 -0.032552477 -0.00645912 0.99765724 -0.05982186
13789557.502 0.080087654 -0.008450797 0.018443512 -0.03553642 -0.00546512 0.9972456 -0.06487309
13839526.298 0.079775006 -0.0071125193 0.018200714 -0.038501162 -0.0042178445 0.9968136 -0.06973267
13889503.345 0.079799645 -0.0057757515 0.017919183 -0.03967625 -0.003472254 0.9964278 -0.074468166
13939471.891 0.08000179 -0.0045443834 0.017676378 -0.041664958 -0.0033995989 0.99604636 -0.07838499
13989433.188000001 0.08017388 -0.003421418 0.01739043 -0.046205793 -0.0043111388 0.995617 -0.081199296
14039394.234000001 0.0805977 -0.0023968339 0.017090425 -0.05110218 -0.006347919 0.995226 -0.082906894
14089362.781000001 0.081231795 -0.001479762 0.016782012 -0.053672116 -0.009857622 0.9950734 -0.08277139
14139347.827000001 0.082120955 -0.0007551569 0.016558206 -0.056404185 -0.012907696 0.99493104 -0.08224512
14189348.623 0.083157174 -3.2094424e-05 0.01630203 -0.06006049 -0.014801667 0.9946883 -0.0822739
14239341.419 0.08440628 0.00068096124 0.016093425 -0.065123476 -0.016597938 0.99424845 -0.08338793
14289346.465 0.085853405 0.00140259 0.015963983 -0.06887517 -0.019652046 0.99390167 -0.08384269
14339318.511999998 0.087639585 0.002017116 0.015935374 -0.071394674 -0.02302752 0.9936584 -0.08375849
14389295.558 0.08960835 0.0025567063 0.016024513 -0.07411501 -0.02545628 0.9933998 -0.08376031
14439280.104 0.09176541 0.0030231457 0.016102986 -0.07690797 -0.026696367 0.9930983 -0.084429
14489264.65 0.09418183 0.0033738208 0.016319474 -0.07805458 -0.02701994 0.99290466 -0.085544124
14539265.696 0.096899904 0.00355592 0.01664446 -0.07846697 -0.026206182 0.9928252 -0.08633884
14589265.741999999 0.09987322 0.003516716 0.017115178 -0.07704192 -0.025694652 0.9928796 -0.08714583
14639251.038 0.10294651 0.003295092 0.017602626 -0.07479522 -0.024900265 0.9930189 -0.087744586
14689227.834999999 0.10597402 0.0029561203 0.018065883 -0.07298316 -0.024088258 0.993089 -0.08869854
14739212.381000001 0.108914085 0.0025723572 0.018518185 -0.070714615 -0.024163773 0.99325466 -0.088661656
14789204.927000001 0.111634366 0.0020753425 0.018934883 -0.0685908 -0.025430813 0.99343354 -0.087968975
14839213.473 0.11413441 0.0015022313 0.019260911 -0.06780948 -0.02688989 0.9936047 -0.08618914
14889230.019 0.11630317 0.0007514815 0.019537777 -0.06794571 -0.026846781 0.9937466 -0.084441856
14939222.565 0.11833174 -0.00016175245 0.019759702 -0.068508595 -0.02830432 0.9938948 -0.08172275
14989207.361000001 0.12015878 -0.0012313059 0.01997548 -0.068972535 -0.031069389 0.99395937 -0.07951273
15039192.407 0.121885724 -0.002551037 0.02031051 -0.06684079 -0.03278719 0.99428314 -0.076540716
15089208.453 0.123499356 -0.0042266008 0.020683793 -0.062076006 -0.03363849 0.9947793 -0.073683254
15139241.248 0.12475663 -0.006121317 0.021026354 -0.057414662 -0.03271131 0.9952659 -0.07126932
15189289.293000001 0.12555091 -0.008245987 0.021244083 -0.054571487 -0.029379718 0.99567634 -0.069190934
15239345.338 0.12581913 -0.010374509 0.021449497 -0.052756723 -0.025034763 0.9960373 -0.06708026
15289401.383 0.12564543 -0.012389805 0.021518042 -0.051127654 -0.021692645 0.99644744 -0.063308045
15339449.428000001 0.1251428 -0.01437823 0.021490406 -0.04857556 -0.019292787 0.99702394 -0.056669567
15389481.973 0.12446199 -0.016287453 0.021283586 -0.044971023 -0.016228944 0.99768543 -0.048353344
15439522.268 0.12355375 -0.017967662 0.020887706 -0.04167618 -0.013149629 0.9982403 -0.040082168
15489570.313000001 0.12255393 -0.019518847 0.02025752 -0.04106948 -0.011124865 0.9985705 -0.032350026
15539618.608000001 0.12134035 -0.02071736 0.019603126 -0.038994476 -0.011037618 0.99887013 -0.024824467
15589659.154000001 0.1198863 -0.021590631 0.018902896 -0.03687757 -0.011986657 0.99907863 -0.018395944
15639667.199000001 0.11815139 -0.021986587 0.018308599 -0.037072282 -0.01296063 0.99913 -0.014030917
15689667.745000001 0.11617072 -0.02209805 0.017718855 -0.038351852 -0.014035356 0.99909353 -0.012012542
15739668.291 0.11430775 -0.021712178 0.017168906 -0.03987239 -0.014349074 0.99904 -0.011110542
15789669.087000001 0.112393424 -0.02103504 0.01673356 -0.040960807 -0.015261345 0.9989756 -0.011706013
15839669.633000001 0.11053693 -0.019986887 0.01636602 -0.043773413 -0.016397154 0.9988183 -0.013310084
15889670.429 0.108833686 -0.018689469 0.016076397 -0.046121184 -0.018626694 0.9986043 -0.017757196
15939670.975 0.107359186 -0.017134868 0.015773764 -0.048783913 -0.021117076 0.99830663 -0.023625713
15989686.521 0.10614303 -0.015564833 0.01545854 -0.052344542 -0.02245977 0.99796844 -0.028542817
16039648.567000002 0.10513074 -0.014031431 0.015048629 -0.056928325 -0.023130815 0.9975447 -0.033597153
16089625.114000002 0.10433855 -0.012527922 0.014613437 -0.062489048 -0.02458863 0.99704856 -0.03721204
16139594.159999998 0.10370502 -0.011258564 0.014170334 -0.06880622 -0.026509615 0.9964616 -0.040340826
16189554.707 0.10312754 -0.009934311 0.013637215 -0.0767876 -0.029442167 0.995676 -0.04320003
16239524.003 0.10265259 -0.008545942 0.013097538 -0.08711733 -0.033126082 0.99457574 -0.046177093
16289508.55 0.10224007 -0.0071574114 0.012451293 -0.09788028 -0.03750297 0.9932871 -0.048926022
16339485.596 0.10225749 -0.0056744795 0.011893595 -0.106547214 -0.042268436 0.99207205 -0.051518597
16389462.391999999 0.10269423 -0.0042093433 0.011407758 -0.11267251 -0.047702648 0.99102336 -0.05387134
16439439.439000001 0.10326753 -0.00286098 0.010922666 -0.11977731 -0.052768797 0.9897995 -0.056266036
16489407.985000001 0.10415766 -0.001488782 0.0105786435 -0.12649561 -0.05640194 0.9885794 -0.059401564
16539385.032 0.10524542 -0.00015526917 0.010173429 -0.1318227 -0.059549112 0.98745465 -0.06332542
16589361.827999998 0.106516905 0.0010629878 0.009925356 -0.13609155 -0.061960742 0.98648477 -0.06699119
16639338.373999998 0.107909 0.0020856406 0.009606355 -0.14069961 -0.06279485 0.9856289 -0.06925431
16689375.92 0.10950205 0.0028507411 0.009311744 -0.14442065 -0.06330482 0.9849106 -0.07131779
16739276.717 0.11117188 0.0035457648 0.009121573 -0.14536934 -0.06432595 0.9846128 -0.07257849
16789253.264 0.11293274 0.004025203 0.008946902 -0.14679731 -0.065319054 0.9842783 -0.07334979
16839253.81 0.11458707 0.004265345 0.0086645 -0.14879291 -0.06376696 0.98418295 -0.07196107
16889246.356 0.11629051 0.0037833566 0.008486573 -0.15044259 -0.06223232 0.9839808 -0.072636954
16939246.902000003 0.11816368 0.0033001548 0.008427499 -0.15160197 -0.06098394 0.9839275 -0.07200402
16989247.698 0.1201043 0.0027859053 0.008452828 -0.15025654 -0.060229763 0.98433614 -0.06984174
17039248.244 0.12197995 0.0019624056 0.008481177 -0.14896402 -0.058958914 0.98469007 -0.06869589
17089248.79 0.123626165 0.0011605246 0.008534303 -0.14826636 -0.057650793 0.9849468 -0.067626335
17139249.336 0.1252736 0.00022030901 0.008682055 -0.14729129 -0.057264253 0.985134 -0.06735802
17189250.130999997 0.12672055 -0.00090992753 0.008843728 -0.14426394 -0.0568376 0.98567617 -0.06633249
17239258.677 0.12794405 -0.0021760971 0.00901014 -0.14113371 -0.05549526 0.98634124 -0.06428518
17289259.222999997 0.12901857 -0.003678667 0.0091397865 -0.13875742 -0.05404165 0.9869419 -0.061414495
17339268.018999998 0.12996446 -0.0052548638 0.009333611 -0.13479441 -0.05292492 0.98775953 -0.057970665
17389291.814 0.13069148 -0.006906954 0.0095797945 -0.13010482 -0.05219509 0.9885725 -0.05543346
17439324.36 0.13112582 -0.008641785 0.009830136 -0.1271514 -0.051250983 0.98911405 -0.05347355
17489364.655 0.13120632 -0.0104025435 0.010024595 -0.124817304 -0.049275693 0.9896544 -0.050761275
17539397.45 0.1309715 -0.012222256 0.010228632 -0.12300762 -0.046819787 0.9901615 -0.04751134
17589429.496 0.130584 -0.01395634 0.0104573835 -0.1203853 -0.044895947 0.99077076 -0.043186136
17639461.541 0.12993202 -0.015486753 0.010607284 -0.11804778 -0.044041455 0.9912857 -0.03844243
17689510.336 0.12897919 -0.016806701 0.010851469 -0.115921974 -0.04368745 0.9917049 -0.034278434
17739566.131 0.12785351 -0.01790326 0.011213948 -0.11326371 -0.042896856 0.9921339 -0.0316463
17789614.426 0.12646985 -0.018706813 0.011591535 -0.109556586 -0.041659284 0.9926672 -0.029560022
17839678.97 0.125065 -0.01934703 0.012082093 -0.10553392 -0.040345397 0.9931811 -0.028743744
17889653.767 0.1234553 -0.019767987 0.012507906 -0.10127075 -0.038501374 0.993708 -0.028395625
17939624.063 0.12164042 -0.019895082 0.012855716 -0.0974607 -0.036417 0.99416524 -0.0284736
17989632.859 0.119663715 -0.019919187 0.013135862 -0.09483566 -0.034000468 0.994478 -0.029388977
18039657.155 0.11750603 -0.019839277 0.013301484 -0.09224965 -0.032871563 0.99471754 -0.03076603
18089665.45 0.11511017 -0.019511031 0.013487293 -0.09002676 -0.032449458 0.99492276 -0.031162476
18139666.246000003 0.1126333 -0.01909672 0.013609526 -0.08817932 -0.032307446 0.9950942 -0.031116588
18189658.792 0.11009284 -0.01864968 0.013690177 -0.086912364 -0.030594595 0.99526244 -0.031031132
18239651.338999998 0.10764196 -0.018121978 0.013801491 -0.08643578 -0.027159024 0.99538684 -0.031564478
18289651.884 0.10530761 -0.017430453 0.013900725 -0.08625156 -0.023560941 0.9954359 -0.033362113
18339668.68 0.103166364 -0.016686732 0.013922768 -0.0874108 -0.019289032 0.9953413 -0.035820685
18389677.226 0.10102316 -0.01581269 0.013764304 -0.09192205 -0.014992703 0.9949711 -0.036852263
18439661.772 0.09906024 -0.014907065 0.013669932 -0.096282 -0.01240457 0.9945394 -0.038306106
18489638.818 0.09728785 -0.013856176 0.013836957 -0.097905986 -0.01332693 0.99426347 -0.040951483
18539623.365000002 0.09561065 -0.012650387 0.014135822 -0.100081764 -0.015489295 0.9938324 -0.045176785
18589631.91 0.0940145 -0.011236249 0.014368515 -0.10447442 -0.01733728 0.9930908 -0.050548617
18639656.206 0.092753656 -0.009705041 0.014423528 -0.11178551 -0.018825851 0.9919801 -0.05590359
18689656.751999997 0.091810785 -0.008255605 0.014485756 -0.117993265 -0.020712942 0.9909494 -0.06056352
18739626.048 0.09136699 -0.0069752843 0.0147149265 -0.118888296 -0.022942802 0.99059117 -0.06378444
18789571.095 0.09099439 -0.0057598753 0.014934521 -0.11754795 -0.025384992 0.990522 -0.06636463
18839531.642 0.09082144 -0.0048272936 0.015154471 -0.11815968 -0.025615022 0.9903703 -0.0674453
18889500.689 0.090893045 -0.004018548 0.015188932 -0.11707032 -0.024167253 0.99072933 -0.06454345
18939501.485000003 0.09131835 -0.0036809775 0.015129664 -0.11212966 -0.02268991 0.9914425 -0.06288012
18989510.029999997 0.09177018 -0.0030114166 0.014963437 -0.10672455 -0.0212876 0.9919828 -0.06424063
19039543.075999998 0.09209237 -0.0021681879 0.014525671 -0.10424571 -0.020228628 0.9919384 -0.06915178
19089511.372 0.092537336 -0.001150917 0.013924897 -0.10115001 -0.017181695 0.99184865 -0.07556307
19139472.419 0.09333917 -0.00028238178 0.01328211 -0.09493478 -0.012788797 0.9920192 -0.081986405
19189409.466000002 0.09447512 0.00054225634 0.012691073 -0.08692302 -0.008188179 0.99239385 -0.08678652
19239338.513 0.09572792 0.0011875894 0.012142146 -0.07848237 -0.0026770104 0.9927439 -0.09106608
19289299.560000002 0.097165026 0.0015866181 0.011822972 -0.070558004 0.0036442513 0.99293137 -0.09537068
19339276.356 0.098639555 0.0016720885 0.011699235 -0.0622698 0.0077102575 0.99314946 -0.09857635
19389260.903 0.10018348 0.001431839 0.011739657 -0.05363682 0.010639303 0.9935075 -0.09976379
19439245.949 0.10156816 0.0008114531 0.011826948 -0.046300247 0.011854946 0.99390674 -0.09932354
19489230.745 0.10282672 -0.0001290043 0.0120286625 -0.040477205 0.012842955 0.99435854 -0.097199775
19539223.291 0.10399886 -0.0013767463 0.012231708 -0.033726633 0.011641553 0.9950197 -0.09307497
19589247.836999997 0.10497462 -0.0028131607 0.012474568 -0.027571682 0.008467514 0.99574083 -0.087569185
19639287.882 0.105741575 -0.004356191 0.012677143 -0.02259888 0.002920326 0.9963053 -0.08280502
19689335.926999997 0.10623585 -0.0059870277 0.012969515 -0.018519595 -0.0020679198 0.9967779 -0.07801702
19739360.472 0.106565684 -0.0077025676 0.013365114 -0.014947642 -0.00401135 0.9972597 -0.072343886
19789376.768 0.10651621 -0.009268427 0.013860199 -0.015092458 -0.0036860136 0.9975365 -0.068407916
19839385.314 0.10631674 -0.010741385 0.014567622 -0.014876222 -0.003451564 0.9975686 -0.067997634
19889426.109 0.106003605 -0.012006913 0.015495004 -0.013540277 -0.004420217 0.99760985 -0.067614324
19939474.154 0.10538316 -0.013262773 0.01649773 -0.013139443 -0.005290281 0.9976433 -0.0671362
19989522.199 0.104526795 -0.014457031 0.017637057 -0.011614553 -0.0070941555 0.99772817 -0.0659793
20039538.744 0.10365533 -0.015616307 0.018799813 -0.011336246 -0.008949579 0.9978551 -0.0638487
20089546.79 0.10247334 -0.016661381 0.020038243 -0.012010294 -0.010230009 0.9980168 -0.06094058
20139555.336000003 0.1012227 -0.017530091 0.021304155 -0.012946632 -0.010996419 0.99806017 -0.059895337
20189595.881 0.09986272 -0.018277653 0.022556884 -0.013927104 -0.011267623 0.99804986 -0.059795927
20239645.426 0.098433234 -0.01883967 0.023801116 -0.015067951 -0.011602911 0.99809605 -0.058674112
20289684.220999997 0.096982606 -0.019208502 0.025003424 -0.015398452 -0.012683997 0.9981515 -0.057408355
20339693.016999997 0.095469706 -0.01925154 0.026249224 -0.017506998 -0.013047348 0.99811006 -0.05744217
20389685.563 0.09392614 -0.019095844 0.02754079 -0.020696685 -0.013690222 0.9979233 -0.05944254
20439678.109 0.09255311 -0.01878065 0.028954443 -0.021878973 -0.014357406 0.9976751 -0.06292611
20489686.655 0.09131386 -0.018212466 0.0304166 -0.021275476 -0.015461415 0.9974713 -0.066026025
20539703.450999998 0.09027489 -0.01766643 0.031920414 -0.02273274 -0.01541247 0.9971105 -0.07082647
20589711.996999998 0.08921152 -0.016931308 0.033373702 -0.024532882 -0.014975017 0.99678636 -0.074772246
20639696.543 0.088322334 -0.016122725 0.034751236 -0.02491979 -0.014818303 0.9965496 -0.07777152
20689673.089 0.087574996 -0.015275436 0.03611538 -0.024967844 -0.013951452 0.99635285 -0.08039282
20739650.385 0.0869832 -0.014482364 0.037333943 -0.025590574 -0.012828496 0.99612993 -0.08310078
20789658.930999998 0.08617521 -0.013608612 0.03840156 -0.02853086 -0.010328368 0.99586356 -0.08564603
20839690.977 0.08538658 -0.012875854 0.03915125 -0.03297631 -0.007383544 0.99544525 -0.08914507
20889707.522 0.08446708 -0.011835375 0.03974377 -0.03562351 -0.005771378 0.99537945 -0.08898025
20939700.068 0.08362749 -0.011131159 0.040157348 -0.03876565 -0.006154834 0.9952817 -0.08873404
20989676.865000002 0.08277362 -0.01038541 0.040410876 -0.041719995 -0.006443978 0.9953798 -0.08623805
21039653.911 0.08193654 -0.009646278 0.040570196 -0.045558736 -0.006435996 0.9954009 -0.084024444
21089654.457 0.081244476 -0.008998031 0.040637586 -0.048313864 -0.0063065873 0.99532706 -0.083367415
21139678.752 0.08064261 -0.00820276 0.040489245 -0.049099244 -0.0071159857 0.9953238 -0.08288049
21189695.298 0.0803729 -0.0074680815 0.040211387 -0.049815398 -0.006891154 0.9953027 -0.08272589
21239695.844 0.08015748 -0.0068104644 0.039705742 -0.0489289 -0.006248149 0.99538887 -0.08226796
21289672.89 0.080116324 -0.0061482987 0.03908002 -0.048210215 -0.005071855 0.99546075 -0.08190216
21339649.437 0.0799719 -0.005576064 0.038175996 -0.046702996 -0.0048228637 0.99554104 -0.08181507
21389626.233 0.080049485 -0.004951177 0.037087206 -0.044209383 -0.0048315097 0.9957747 -0.080343045
21439718.777 0.080194905 -0.0044480036 0.035798322 -0.04165571 -0.0041039805 0.99606645 -0.07810015
21489635.325 0.08034712 -0.00392255 0.03431965 -0.03915541 -0.002943256 0.9962926 -0.07654606
21539636.371 0.080534436 -0.0033567813 0.032785714 -0.036856744 -0.0017071152 0.9963525 -0.07694403
21589620.667 0.080786586 -0.002533162 0.031233944 -0.03544732 -0.00051459 0.996496 -0.075755596
21639597.713 0.081303895 -0.0020476158 0.029679159 -0.032081705 0.0014010041 0.99651986 -0.07692264
21689566.26 0.082039595 -0.0013310299 0.02815066 -0.025785672 0.0027517877 0.9967238 -0.07661107
21739535.306 0.08301241 -0.0008211975 0.026675265 -0.019968232 0.0054473258 0.9968508 -0.076551646
21789511.853 0.084213436 -0.0006538605 0.025134828 -0.012550955 0.0081884945 0.9970242 -0.07561971
21839497.149 0.08562765 -0.000854829 0.023632959 -0.003651586 0.010984792 0.9972872 -0.07269318
21889481.945 0.0871342 -0.0012502994 0.02215257 0.0050356416 0.013341778 0.9975248 -0.06885516
21939474.491 0.088604376 -0.0018743052 0.020753613 0.0128855 0.014601373 0.9976632 -0.06549086
21989483.037 0.090058126 -0.002666954 0.019495305 0.02238831 0.013738637 0.9976765 -0.06286221
22039536.582000002 0.091475114 -0.0037285665 0.018384153 0.03192502 0.011665046 0.9976448 -0.059579227
22089484.129 0.0927844 -0.0051197833 0.017338157 0.040608235 0.010723081 0.9975967 -0.055107456
22139484.675 0.09390334 -0.0067405235 0.01646 0.048960626 0.011533435 0.9974309 -0.051004097
22189501.471 0.09477917 -0.008579538 0.015722146 0.056087524 0.013692855 0.9971977 -0.047576196
22239525.516000003 0.09545079 -0.010554226 0.015028411 0.061789505 0.016263044 0.9969521 -0.044767722
22289558.311 0.09581519 -0.012604103 0.014302778 0.06653992 0.017521037 0.996789 -0.04095476
22339590.357 0.095785156 -0.01472555 0.01366134 0.069415055 0.017144347 0.99676615 -0.036673162
22389614.902 0.09551911 -0.01664245 0.013083452 0.06975071 0.01675051 0.9969045 -0.032182585
22439646.948 0.0949185 -0.018499708 0.012539982 0.06799441 0.016624976 0.9971577 -0.02787369
22489687.743 0.09405052 -0.020237638 0.012064393 0.06593131 0.01667305 0.9973968 -0.023973824
22539719.788 0.09279014 -0.02177265 0.011795457 0.06339017 0.016277004 0.9976573 -0.019919071
22589736.334 0.09128368 -0.02309989 0.011575135 0.05893388 0.016516726 0.99800575 -0.015445193
22639797.878 0.08951536 -0.024123102 0.011464803 0.05293006 0.017122911 0.9983715 -0.012638657
22689753.175 0.08753248 -0.024775542 0.011624087 0.047557816 0.016287833 0.9986724 -0.011246042
22739769.721 0.08547628 -0.025113909 0.011915758 0.042088676 0.014624991 0.9989555 -0.010131146
22789778.267 0.08337721 -0.025158638 0.012287366 0.036320057 0.012880011 0.99920297 -0.010418918
22839778.813 0.08132305 -0.024980456 0.012751002 0.031183897 0.012557145 0.9993626 -0.012012583
22889787.358 0.079328045 -0.024651123 0.0133171985 0.026359815 0.013791798 0.9994641 -0.013661195
22939796.154 0.077441074 -0.02418941 0.013811783 0.020982878 0.015299629 0.999533 -0.016107537
22989812.2 0.07547204 -0.023544405 0.014237914 0.014774123 0.01621468 0.9995801 -0.018936928
23039820.995 0.07360454 -0.022931682 0.014551882 0.009610595 0.016974613 0.9996128 -0.019843878
23089840.791 0.07209158 -0.022173943 0.014851358 0.0076504624 0.018409783 0.99961424 -0.019337725
23139822.087 0.07081168 -0.021370219 0.015191221 0.007830226 0.019819543 0.9995576 -0.020749107
23189830.633 0.069593325 -0.020397628 0.015445397 0.0076645305 0.021220377 0.9994528 -0.024186697
23239839.179 0.068402745 -0.01921354 0.01575836 0.006096765 0.022672378 0.9992744 -0.029993169
23289831.725 0.06734434 -0.01797794 0.015979558 0.0054381667 0.023733364 0.99906564 -0.035708033
23339824.270999998 0.066503026 -0.016584039 0.016122738 0.0065245135 0.0237403 0.99888694 -0.040232815
23389801.317 0.065707475 -0.015187613 0.016108625 0.0075875656 0.023610951 0.99870175 -0.04449562
23439778.114 0.06483377 -0.013801221 0.015949642 0.00712226 0.023327362 0.9985229 -0.04855134
23489755.41 0.06406344 -0.01248314 0.015757443 0.005591014 0.024150569 0.99833053 -0.052169636
23539739.956 0.063436404 -0.011230466 0.015559091 0.004563488 0.026213894 0.99810374 -0.055506464
23589716.503 0.06294722 -0.009952926 0.015268263 0.004735745 0.028766438 0.9979125 -0.057625867
23639677.549 0.06253389 -0.00872093 0.015039861 0.0027034895 0.032004178 0.9977611 -0.058663238
23689646.096 0.06222037 -0.0075091855 0.014750459 0.0010552993 0.034053333 0.9976902 -0.058766473
23739615.143 0.06202556 -0.006194043 0.01448952 0.0012116281 0.035136722 0.99766135 -0.058615968
23789627.688 0.06195561 -0.0049099918 0.014236618 0.0012256682 0.035281148 0.99768466 -0.05813053
23839576.735 0.061993472 -0.003665944 0.014034551 0.0021316442 0.03632003 0.9977232 -0.056786127
23889569.531 0.062466823 -0.0025000023 0.014087297 0.005383685 0.036592387 0.9977088 -0.056650154
23939546.078 0.06321415 -0.0012762855 0.014300907 0.010013584 0.035558995 0.99765134 -0.057681277
23989531.373999998 0.06395728 -0.0002524807 0.014705304 0.014277043 0.033997156 0.99753934 -0.05962945
24039507.919999998 0.064795524 0.0005942629 0.015216213 0.0177104 0.0321796 0.997447 -0.061239764
24089476.967 0.065665826 0.0012118624 0.015919978 0.020982241 0.030250495 0.9973817 -0.062245335
24139453.513 0.06658255 0.0016615142 0.016745418 0.023581758 0.028160268 0.99737316 -0.06243189
24189446.059 0.067551 0.0019955393 0.017705824 0.02647071 0.025102727 0.99737597 -0.06253245
24239454.855 0.06853098 0.0022486197 0.018851373 0.02964999 0.020070596 0.99736834 -0.063043304
24289471.401 0.0694915 0.0023755245 0.020232245 0.03174953 0.015134294 0.99731433 -0.06424276
24339487.696 0.07026697 0.0024540354 0.021897985 0.032614306 0.009526997 0.99723434 -0.0661001
24389480.742000002 0.07090064 0.0023493865 0.02371532 0.033187386 0.003436172 0.99706656 -0.06888474
24439519.288 0.07147801 0.0021259084 0.025654478 0.034159224 -0.0019780174 0.9968943 -0.0709301
24489465.834000003 0.07195648 0.0016178017 0.027592218 0.03610674 -0.0041110874 0.99670905 -0.072460994
24539489.88 0.072181545 0.0011322183 0.029678937 0.037285507 -0.005323156 0.99660546 -0.07320591
24589522.425 0.0722264 0.0006316457 0.03184191 0.03682742 -0.0063858433 0.99651444 -0.0745788
24639562.720000003 0.07222591 0.00018866654 0.034002613 0.036007468 -0.00823358 0.9964115 -0.0761569
24689595.266 0.07177009 -0.00037825733 0.036140922 0.03608449 -0.01020961 0.9961544 -0.0791834
24739611.311 0.07136807 -0.00061397307 0.03816989 0.03470549 -0.012227792 0.99613565 -0.0797477
24789628.107 0.07095609 -0.00091174745 0.040042445 0.033252545 -0.013068533 0.9961479 -0.08008076
24839636.653 0.07049626 -0.0012503678 0.041796274 0.032500777 -0.013033703 0.9960437 -0.08167488
24889660.948 0.070443995 -0.001277766 0.043304756 0.027215922 -0.011396192 0.9961168 -0.08295015
24939685.244 0.06920443 -0.0016716961 0.044795174 0.031278756 -0.012668948 0.9954272 -0.08936341
24989714.789 0.06883988 -0.0015433746 0.045989174 0.028382838 -0.010725571 0.9953327 -0.09160962
25039694.585 0.068045005 -0.0015526912 0.04694798 0.026177231 -0.009092936 0.99508744 -0.095042385
25089679.132000003 0.06728678 -0.0014195443 0.047665518 0.022337113 -0.007283671 0.9949666 -0.09741403
25139656.178 0.0663497 -0.0013497036 0.048121925 0.018209523 -0.0061193644 0.9949498 -0.09851805
25189656.974 0.06554794 -0.0012624335 0.048599523 0.014215597 -0.0041728076 0.9950095 -0.09867424
25239681.019 0.06489582 -0.0011804699 0.049045645 0.011561135 -0.002661211 0.99505246 -0.09864081
25289697.565 0.063996956 -0.0010885706 0.049381055 0.01048051 -0.0011601839 0.9949801 -0.09951598
25339706.110999998 0.063380696 -0.0010409801 0.04953596 0.008658701 0.0008452398 0.9949005 -0.10048508
25389706.907 0.0629078 -0.0012041938 0.049379572 0.008244492 0.0042099846 0.99496096 -0.099835016
25439699.453 0.062369496 -0.0015488175 0.04871307 0.009059627 0.00777452 0.9952127 -0.09700103
25489691.998999998 0.06213396 -0.00206569 0.04780197 0.0067773447 0.01390999 0.9953512 -0.095060684
25539719.544 0.06147803 -0.002387199 0.04652785 0.0086141005 0.016549075 0.9955542 -0.09232437
25589725.34 0.061386485 -0.0027916762 0.045038145 0.006225682 0.021214047 0.99564147 -0.09060567
25639741.386 0.061004434 -0.0031222696 0.043390047 0.005839233 0.023258355 0.99582607 -0.08806477
25689749.932 0.060892053 -0.0034641116 0.041517906 0.004188373 0.02637836 0.99596435 -0.08568401
25739734.728 0.060276613 -0.003553684 0.03953246 0.0058211894 0.029573042 0.9960986 -0.082941785
25789711.774 0.060222447 -0.003562404 0.037454735 0.0029530898 0.03318145 0.99612045 -0.08145155
25839704.32 0.05991549 -0.0034940091 0.03535784 0.0015444645 0.03570511 0.9960766 -0.08095839
25889680.867 0.059556615 -0.003267075 0.033232592 -0.00021993137 0.038498998 0.9960015 -0.08061541
25939666.163 0.059249077 -0.0029322233 0.031120487 -0.0014472903 0.04155833 0.9959207 -0.08007989
25989634.709000003 0.059004314 -0.002614632 0.029041573 -0.0020216599 0.044590652 0.9957811 -0.08017208
26039611.756 0.058733586 -0.002286576 0.026958987 -0.0029434 0.046922293 0.99571663 -0.079612
26089588.302 0.058672503 -0.0020307996 0.024940258 -0.003291828 0.048517056 0.9957041 -0.07879433
26139557.599 0.058816906 -0.001835905 0.023041183 -0.0022786544 0.049377758 0.9958128 -0.07690014
26189542.145000003 0.05929965 -0.001777538 0.021322906 0.00016538186 0.050183617 0.9959079 -0.07515976
26239526.691 0.05991008 -0.0018988227 0.019609211 0.0025933494 0.050788175 0.9959636 -0.07396296
26289511.237 0.060783975 -0.0020172459 0.01797741 0.0077439616 0.050720725 0.9960433 -0.07256213
26339504.534 0.061927993 -0.0021959592 0.016482173 0.013606345 0.051048208 0.9960692 -0.07110037
26389497.08 0.06327843 -0.0023879483 0.015092611 0.019817047 0.0526637 0.99601346 -0.06921789
26439497.876000002 0.064724796 -0.0025275692 0.0138219325 0.025781866 0.053817093 0.99597114 -0.06693717
26489498.171 0.066326216 -0.0025833596 0.012696531 0.032386195 0.053816736 0.9958403 -0.06600808
26539498.717 0.06808389 -0.0027219893 0.011685138 0.03988179 0.054105364 0.9955311 -0.06633208
26589491.263 0.06990778 -0.002938564 0.01073135 0.046915397 0.053363554 0.9952815 -0.066075444
26639484.060000002 0.07175321 -0.0034627041 0.009883967 0.05387332 0.051026393 0.99508774 -0.06553214
26689468.606 0.07361864 -0.0042799916 0.009141942 0.061095055 0.047616754 0.99501294 -0.062843986
26739461.152000003 0.07547746 -0.0053977515 0.008527876 0.06971998 0.044502072 0.99480903 -0.05927743
26789461.948 0.077103354 -0.006669532 0.008080746 0.07705663 0.042057537 0.994619 -0.05501368
26839502.743 0.07836559 -0.008094091 0.007759493 0.08173516 0.04006396 0.9945035 -0.051740706
26889518.789 0.0792416 -0.009618284 0.007574449 0.08407089 0.038261242 0.99461126 -0.047082126
26939567.084000003 0.0798801 -0.011215983 0.007543025 0.08549538 0.03649022 0.9947734 -0.042250104
26989599.129 0.08019455 -0.012861579 0.0076392023 0.08725178 0.033636358 0.9948888 -0.038106043
27039615.925 0.080105856 -0.014489952 0.007980778 0.088278554 0.02942636 0.9950224 -0.035656724
27089631.97 0.079581246 -0.015950851 0.008404139 0.087400384 0.025064824 0.9953002 -0.033323705
27139656.516 0.07854845 -0.01734942 0.008977604 0.084641665 0.02118268 0.9956987 -0.03116543
27189688.811 0.07715873 -0.018533811 0.009713031 0.07915235 0.019054674 0.996263 -0.0288415
27239713.356 0.07541259 -0.019602992 0.010566619 0.07178827 0.017599268 0.9968912 -0.02728979
27289737.902 0.07344413 -0.02042082 0.011534598 0.06552214 0.014797621 0.99739116 -0.02643653
27339761.947 0.071484834 -0.021114778 0.012675125 0.060016062 0.013628199 0.9977508 -0.026563918
27389848.492 0.069377646 -0.021644134 0.01395475 0.053009238 0.014503432 0.998102 -0.027787501
27439795.289 0.06723613 -0.022018932 0.015393573 0.046395157 0.016001504 0.9983246 -0.030651428
27489819.334 0.06509017 -0.022185871 0.016855555 0.041287307 0.016293226 0.9984442 -0.03375145
27539843.88 0.06296398 -0.022111073 0.018262252 0.036961675 0.015488865 0.9985511 -0.035913307
27589852.675 0.060874358 -0.021746093 0.01959138 0.032435253 0.01378244 0.9986628 -0.03782346
27639853.221 0.058821764 -0.021161677 0.0207749 0.028178245 0.011072612 0.99873203 -0.040220782
27689846.017 0.056750987 -0.020359652 0.02181569 0.02344526 0.008417258 0.9987484 -0.043371193
27739838.563 0.05474386 -0.01948592 0.02270735 0.018673986 0.006365132 0.9987222 -0.04652781
27789847.109 0.05269111 -0.018580267 0.023418335 0.012502703 0.006213055 0.9986854 -0.049320642
27839910.654000003 0.05071978 -0.017643066 0.023880357 0.0055727754 0.00846988 0.9985845 -0.05221329
27889879.7 0.048931796 -0.016595196 0.02419909 -0.000115645336 0.010445968 0.99838364 -0.05586596
27939904.496 0.047474384 -0.015597841 0.024285914 -0.0044811666 0.01222991 0.99808913 -0.060402397
27989936.541 0.046321724 -0.014518293 0.024184246 -0.0072220266 0.013621355 0.997799 -0.06449411
28039945.087 0.045414615 -0.013384874 0.023981478 -0.0091492105 0.015264221 0.9975516 -0.06763184
28089914.134 0.044710025 -0.0122587625 0.02366097 -0.010917218 0.018193023 0.9973181 -0.07004636
28139867.18 0.044100333 -0.011140176 0.023265135 -0.012250473 0.021669628 0.99720025 -0.07051254
28189827.977 0.043784115 -0.00985903 0.0228343 -0.01326236 0.025184669 0.99702054 -0.071693376
28239813.023000002 0.043669615 -0.008382456 0.022440994 -0.012029258 0.027421124 0.9968245 -0.073785454
28289805.569 0.043691434 -0.006894798 0.021991868 -0.009493067 0.028705854 0.99663967 -0.07612675
28339790.366 0.044005748 -0.0054564 0.021380957 -0.006445458 0.029183121 0.9965621 -0.07727113
28389727.413 0.04470264 -0.00412311 0.020693535 -0.0027289933 0.029290339 0.9965022 -0.07821782
28439648.46 0.045516647 -0.002770759 0.020007081 0.0018382786 0.029561142 0.9963476 -0.08008946
28489586.007 0.04655108 -0.0014888381 0.01925459 0.006067424 0.030519886 0.9960467 -0.083202764
28539546.554 0.04776244 -0.00045327988 0.018449541 0.011296764 0.029970793 0.9958646 -0.08501656
28589539.849999998 0.049280647 0.0002595929 0.017589353 0.018299628 0.029689766 0.99580693 -0.08457074
28639476.647 0.0509407 0.00062387314 0.016746454 0.024994556 0.032103088 0.9956496 -0.08382521
28689445.444000002 0.052707743 0.0007944761 0.015961785 0.030891025 0.03454098 0.9954482 -0.08328092
28739422.49 0.054617334 0.0007106216 0.015310761 0.039323695 0.0352699 0.99510145 -0.083562866
28789407.286 0.056482475 0.00037335115 0.014761424 0.04714026 0.034378123 0.99482906 -0.0831329
28839407.832 0.0581697 -0.0001840712 0.014151411 0.054032713 0.03392037 0.99466485 -0.08106649
28889424.378 0.05965559 -0.001014312 0.013585977 0.059808876 0.03430476 0.99455965 -0.078084365
28939440.674000002 0.060822017 -0.0020001275 0.0130897695 0.064538755 0.03470681 0.99444836 -0.07551669
28989456.969 0.061583076 -0.0032308812 0.01263419 0.06897278 0.03498495 0.994261 -0.07391844
29039473.765 0.06198921 -0.0046546473 0.012335129 0.070970505 0.03539467 0.9942627 -0.071778975
29089497.810000002 0.061885312 -0.006225657 0.011988699 0.071041666 0.036149453 0.99447656 -0.068284184
29139514.606 0.061323754 -0.00782785 0.01169541 0.06653708 0.036880314 0.995135 -0.06260248
29189539.151 0.060267765 -0.009334992 0.011612548 0.06230261 0.03530442 0.9957784 -0.057423025
29239579.447 0.05900592 -0.010703061 0.011604538 0.058181833 0.03208041 0.99638677 -0.05290809
29289635.491 0.057606574 -0.011868721 0.01167612 0.05490586 0.027894942 0.99685645 -0.04984472
29339691.286000002 0.05589834 -0.01286839 0.011843907 0.05014629 0.02423912 0.9972941 -0.047982387
29389723.582 0.053955987 -0.013731307 0.012078907 0.04377387 0.022812549 0.9976727 -0.047040604
29439740.127 0.05187616 -0.014448046 0.012344918 0.036060736 0.02225563 0.9980291 -0.046284672
29489748.672999997 0.049823817 -0.014978454 0.012684802 0.028428856 0.02165146 0.9983298 -0.045394175
29539765.469 0.047852844 -0.015321614 0.013053275 0.021950454 0.01983447 0.9985698 -0.044533353
29589805.514 0.045897428 -0.01561556 0.013492022 0.016436292 0.017706685 0.9987237 -0.044354524
29639845.558999997 0.04404229 -0.01567497 0.014038459 0.011586508 0.015889442 0.99877334 -0.045444027
29689870.104000002 0.042038012 -0.015575346 0.014609898 0.005563548 0.0139853945 0.9987557 -0.04754681
29739912.15 0.039996102 -0.015317647 0.01526756 -0.0017784606 0.0116322925 0.9986795 -0.05000867
29789894.946000002 0.03802573 -0.014906849 0.015901072 -0.008779745 0.009068951 0.998545 -0.05242783
29839911.492 0.036148295 -0.014320669 0.016483331 -0.014492553 0.005812156 0.9984019 -0.054312542
29889944.037 0.03440655 -0.013624203 0.016988795 -0.02034287 0.0016820068 0.99823135 -0.055835523
29939968.082000002 0.032751974 -0.0129206935 0.017396023 -0.025754003 -0.0022647008 0.997998 -0.05772001
29989976.628000002 0.031109577 -0.0122666 0.01774393 -0.03242204 -0.004871839 0.9976756 -0.059737377
30039961.424 0.029569216 -0.011488641 0.017973354 -0.039352655 -0.006217406 0.997271 -0.0621561
30089946.470999997 0.02809476 -0.0105406465 0.018065406 -0.045573127 -0.007762166 0.99677604 -0.065577306
30139954.516 0.02674501 -0.009496417 0.01797868 -0.05045555 -0.00972616 0.99628156 -0.069158204
30189998.061 0.025694171 -0.008547267 0.017753473 -0.05511639 -0.010944746 0.995803 -0.07224151
30239971.858000003 0.024931308 -0.0075263847 0.017470814 -0.057541568 -0.011758769 0.9955191 -0.07411107
30289940.904 0.024512954 -0.006687428 0.01701797 -0.05748029 -0.012017756 0.9953036 -0.07695823
30339885.951 0.024404772 -0.0058480254 0.01654271 -0.056363933 -0.01240352 0.9951966 -0.07907686
30389831.248 0.024484117 -0.0050954674 0.016021004 -0.05544143 -0.011777323 0.9951206 -0.080762684
30439784.294999998 0.02464087 -0.004273646 0.015439228 -0.055156987 -0.010549273 0.99498796 -0.08273705
30489752.842 0.02504856 -0.0034192733 0.014704496 -0.05333028 -0.009847781 0.9949987 -0.083884396
30539729.388 0.02570989 -0.0026677796 0.014014006 -0.050820388 -0.008459627 0.9950654 -0.08479795
30589706.685 0.026337389 -0.001757945 0.013292347 -0.04738344 -0.0073187104 0.9951345 -0.08607318
30639675.231 0.027490007 -0.00097188377 0.0126406 -0.04401206 -0.006425753 0.9950288 -0.08910372
30689628.278 0.028891483 -0.0002536661 0.0121300025 -0.038455144 -0.0045234836 0.9951231 -0.090724476
30739581.575 0.030540418 0.00032307988 0.011690521 -0.03213541 -0.0014069024 0.995292 -0.09142848
30789534.371999998 0.032415524 0.00067290885 0.011372653 -0.02556599 0.0019834635 0.99545527 -0.09171316
30839495.667999998 0.03439126 0.0007918918 0.011171428 -0.017410947 0.004781098 0.99563146 -0.09160823
30889472.215 0.036490407 0.0007693519 0.011095675 -0.007588983 0.006398126 0.995727 -0.091810845
30939459.511 0.038550027 0.0005942778 0.011109013 0.0025396047 0.006677817 0.9957361 -0.0919712
30989449.807 0.040434204 2.5839701e-05 0.011156729 0.011527949 0.008183859 0.9956056 -0.092572674
31039442.353 0.04215919 -0.0007702634 0.01113689 0.017751204 0.011451073 0.9956044 -0.09124535
31089435.149 0.043704614 -0.0019787997 0.011134494 0.022912852 0.014846546 0.9957739 -0.087686375
31139435.695 0.04506773 -0.003295256 0.011241562 0.027143255 0.016924672 0.9960662 -0.08263736
31189452.491 0.046284664 -0.0047883955 0.011403941 0.032076344 0.01701979 0.99631995 -0.07764027
31239492.536000002 0.047222193 -0.0062658573 0.011721599 0.037157558 0.015375654 0.9964507 -0.073951975
31289548.581 0.04786825 -0.007812574 0.012077286 0.04093478 0.013439632 0.9965372 -0.07111539
31339604.626000002 0.048074156 -0.009473934 0.012505594 0.040762123 0.013828276 0.9967432 -0.06819369
31389644.671 0.048158467 -0.011091736 0.012944989 0.040225755 0.01622989 0.996993 -0.06421402
31439661.466000002 0.04797056 -0.012816765 0.013356282 0.041167222 0.018575653 0.99717903 -0.059952073
31489685.512 0.047439843 -0.014289831 0.0137146665 0.040074356 0.02040713 0.9974676 -0.055101465
31539726.057 0.046317514 -0.015703546 0.014010129 0.036001913 0.021444863 0.9978337 -0.050713472
31589782.352 0.044994686 -0.016949903 0.014295502 0.031597327 0.021668866 0.9982218 -0.04566479
31639846.397 0.04367079 -0.017907703 0.014636651 0.028778803 0.02063299 0.99854666 -0.04062871
31689894.442 0.04211909 -0.018618347 0.014944285 0.02650217 0.01829981 0.99879384 -0.03706404
31739926.487 0.040374756 -0.019182824 0.015292638 0.021385228 0.016639382 0.9990028 -0.03548576
31789943.283 0.03846948 -0.019429123 0.015545898 0.013886452 0.016056295 0.99918884 -0.034220092
31839967.827999998 0.03654846 -0.019482449 0.015721895 0.006497372 0.015772061 0.9992981 -0.033352714
31889999.873 0.034805547 -0.019323034 0.01585658 0.0018565186 0.015087031 0.99932724 -0.033376843
31940055.917999998 0.033203356 -0.018818967 0.016027052 -0.0014956626 0.013441569 0.9993156 -0.03443054
31990104.213 0.03180497 -0.018007351 0.016198386 -0.004293238 0.012009583 0.99922913 -0.037129257
32040128.759000003 0.030608812 -0.016989866 0.01643277 -0.007010119 0.0121094 0.9990547 -0.04115819
32090113.305 0.029535145 -0.015869739 0.016599217 -0.009424699 0.0122746 0.99886173 -0.045120325
32140161.85 0.028603306 -0.014702906 0.016681302 -0.011277745 0.011791176 0.99868166 -0.04867079
32190034.898 0.02773552 -0.013393331 0.016597103 -0.012741665 0.0098621175 0.99853057 -0.051740624
32240012.195000004 0.026961481 -0.012059932 0.01634868 -0.013840418 0.0072967233 0.99843705 -0.053653933
32290004.741 0.026305085 -0.010592948 0.015938276 -0.015468279 0.003883862 0.9983684 -0.05483035
32339981.286999997 0.025579106 -0.009074809 0.015383398 -0.018099692 -0.00047949384 0.99825096 -0.05627828
32389942.334000003 0.024841808 -0.0075033945 0.0147265745 -0.023008639 -0.004680439 0.9979725 -0.05915762
32439903.630999997 0.024313735 -0.0058585033 0.01410823 -0.02774265 -0.008123002 0.99762386 -0.06253841
32489864.676999997 0.024145056 -0.004327772 0.013618907 -0.02991561 -0.011038093 0.9972504 -0.06689527
32539841.223999996 0.024227219 -0.0030100876 0.013342418 -0.030409802 -0.012241048 0.9969478 -0.070855804
32589810.519999996 0.024552325 -0.001919342 0.013341823 -0.030438144 -0.011627932 0.9966535 -0.07496801
32639747.566999998 0.025281139 -0.0010889072 0.013562824 -0.028750308 -0.010757108 0.9964187 -0.07878787
32689684.613999996 0.026334884 -0.00034344126 0.014023298 -0.025276233 -0.011237844 0.99628127 -0.081599735
32739669.411 0.027482625 0.0002173657 0.014761615 -0.021238677 -0.012728783 0.99615115 -0.08408203
32789598.457999997 0.028726436 0.00057326944 0.015708845 -0.016724603 -0.014295069 0.99608135 -0.08566235
32839583.504 0.03012091 0.0008669412 0.016971283 -0.010861756 -0.01553589 0.9960375 -0.08689132
32889568.049999997 0.031520672 0.0009549664 0.018362865 -0.0041029314 -0.016031083 0.9959096 -0.08882744
32939552.597 0.03286522 0.00083584175 0.019884558 0.0019724998 -0.015349117 0.99571264 -0.09119733
32989537.142999995 0.03408866 0.00054567173 0.021442773 0.0072492817 -0.013799135 0.99555075 -0.092928894
33039530.439 0.035169058 0.00023088454 0.023040116 0.012371021 -0.012429287 0.99542063 -0.09396952
33089538.485000003 0.03612389 -0.00022518974 0.024682818 0.016979411 -0.0120789595 0.9952278 -0.0953279
33139563.28 0.03687165 -0.0008213155 0.026312381 0.021085927 -0.012238182 0.9950362 -0.09648129
33189587.825999998 0.037400924 -0.0013335358 0.027877383 0.024133436 -0.012435306 0.99502426 -0.09586294
33239619.871 0.037763685 -0.001978246 0.029472189 0.024739247 -0.011679806 0.995023 -0.095816664
33289636.417 0.037962787 -0.0024937277 0.0310764 0.025869988 -0.010573474 0.994984 -0.09605131
33339710.461 0.0381663 -0.002874143 0.03278541 0.02806667 -0.01014516 0.9947583 -0.097802855
33389685.507999998 0.038351685 -0.003133965 0.034546476 0.029657247 -0.010077162 0.99444973 -0.10044275
33439717.053 0.038496703 -0.0032641778 0.036275785 0.031139228 -0.00924143 0.99416196 -0.10289271
33489741.847999997 0.038583722 -0.0033572726 0.037971046 0.033282366 -0.009177005 0.9938937 -0.10480203
33539750.393999998 0.03874228 -0.003411726 0.03956536 0.035446603 -0.009270384 0.99358433 -0.10699447
33589751.44 0.038790546 -0.0033962266 0.041087896 0.037553735 -0.00987524 0.9932553 -0.109252915
33639759.736 0.0387556 -0.0033345406 0.04251735 0.03885439 -0.010414818 0.99289 -0.11203326
33689775.780999996 0.038841594 -0.0032375176 0.043774728 0.037983518 -0.0101890275 0.992652 -0.11443561
33739784.327 0.038417205 -0.0031280762 0.04492282 0.040099982 -0.010155665 0.9923204 -0.11657264
33789785.122999996 0.038339462 -0.0029595306 0.045894857 0.03919115 -0.009850554 0.99211454 -0.1186416
33839785.669 0.03814324 -0.002830112 0.0468509 0.038351435 -0.008741852 0.9917638 -0.12189117
33889778.214999996 0.0380964 -0.002562097 0.047708675 0.03803147 -0.007952782 0.9915089 -0.12409921
33939778.761 0.038000405 -0.0023973074 0.04834186 0.037692867 -0.007879123 0.9912088 -0.12657967
33989787.557 0.03803541 -0.0023176486 0.048815485 0.038212124 -0.0077247857 0.99109536 -0.12731928
34039788.103 0.038295247 -0.0025098438 0.049016297 0.03816695 -0.0074230283 0.9911198 -0.12716064
