1642661813844448.5 -0.0 -0.0 -0.0 -0.0 -0.0 1.0 -0.0
1642661813877781.5 -0.00030450456 -0.002306875 -0.055102713 0.0013280653 0.0010808688 0.9998546 0.01696654
1642661813911114.5 0.00078757457 -0.0021303003 -0.05904889 0.0059955753 0.0031725988 0.9997113 0.023053452
1642661813944448.0 0.008956117 -0.0057117464 -0.078574434 0.010766865 0.007810852 0.99949896 0.028722797
1642661813977781.5 0.032789916 -0.012630783 -0.10798616 0.013991458 0.014184837 0.99915755 0.03587809
1642661814011115.0 0.034599308 -0.012036093 -0.120921746 0.020862248 0.024552524 0.99842185 0.04599769
1642661814044448.5 0.039020985 -0.012806601 -0.13756949 0.027538411 0.038155254 0.9972435 0.0573687
1642661814077781.5 0.04256772 -0.012751493 -0.15653835 0.03530032 0.056133736 0.99534476 0.06994135
1642661814111114.0 0.04349941 -0.011804139 -0.17140083 0.045605082 0.07729438 0.99249554 0.08305719
1642661814144448.5 0.3813901 -0.026006272 -0.29643315 0.016639428 0.09872144 0.9909406 0.089521214
1642661814177781.5 0.3846475 -0.02473798 -0.30862832 0.029568737 0.12091073 0.98725533 0.09916279
1642661814211114.5 0.38154483 -0.021349426 -0.3107567 0.043606475 0.14469823 0.9824895 0.10897371
1642661814244448.5 0.37297454 -0.024723444 -0.3295702 0.058702108 0.16878662 0.97731054 0.11370707
1642661814277781.0 0.37270865 -0.026945502 -0.34364855 0.08014581 0.18612674 0.9729902 0.11056022
1642661814311114.5 1.0361464 -0.10520583 -0.27177542 0.024806935 0.22146176 0.9714679 0.08117506
1642661814344448.5 1.0364398 -0.104867294 -0.26669845 0.04082985 0.23924612 0.9675225 0.07067197
1642661814377781.5 1.0392656 -0.10131892 -0.24710318 0.0479118 0.2583508 0.9631349 0.057711527
1642661814411114.5 1.0424609 -0.09719128 -0.2529833 0.054096807 0.2796815 0.95771813 0.040346652
1642661814444448.0 1.0331657 -0.08871314 -0.23796377 0.063780725 0.292909 0.9538009 0.020004898
1642661814477781.5 1.3463382 0.15797885 0.090015136 0.024745738 0.30222648 0.9528915 -0.0066767954
1642661814511115.0 1.3435032 0.17023796 0.11612005 0.017820675 0.29463047 0.95493466 -0.031227952
1642661814544448.5 1.3489739 0.17345002 0.14986724 -0.00077185733 0.27819848 0.9587715 -0.05798517
1642661814577781.5 1.3026558 0.17835283 0.19450775 -0.015942626 0.2562492 0.9633752 -0.077397466
1642661814611114.0 0.8872279 0.31750888 0.2392522 -0.007403485 0.23304215 0.9699576 -0.0694183
1642661814644448.5 0.8511183 0.2939725 0.22133628 -0.04136152 0.20269592 0.9753102 -0.07728896
1642661814677781.5 0.79159546 0.2892044 0.18852958 -0.07394715 0.17997824 0.97803885 -0.07469801
1642661814711114.5 0.46328264 0.2464347 0.09547922 -0.07686814 0.14786835 0.984105 -0.061349396
1642661814744448.5 0.39648664 0.21790904 0.021347838 -0.09947285 0.1238777 0.98613757 -0.04787683
1642661814777781.0 0.3035576 0.16582938 -0.09339872 -0.11518786 0.10062865 0.9877702 -0.0302605
1642661814811114.5 0.13392806 0.0984819 -0.20977451 -0.11455216 0.079060465 0.99021095 -0.01046343
1642661814844448.5 0.06275506 0.07209254 -0.33195925 -0.11885897 0.05852173 0.9910856 0.014042089
1642661814877781.5 -0.023396289 0.057424992 -0.4473734 -0.11845348 0.039725125 0.9914125 0.038626272
1642661814911114.5 -0.111100875 0.07981509 -0.565484 -0.119241625 0.017364496 0.99070024 0.06318933
1642661814944448.0 -0.1857131 0.10885704 -0.67388445 -0.121046685 -0.009662414 0.9891771 0.082359284
1642661814977781.5 -0.26990125 0.13338222 -0.7430126 -0.12140148 -0.042627886 0.9873297 0.09286916
1642661815011115.0 -0.32334507 0.16624229 -0.79071337 -0.12095665 -0.07605992 0.9849229 0.097525775
1642661815044448.5 -0.37726456 0.26880416 -0.8065101 -0.11673172 -0.112259254 0.9817457 0.099734604
1642661815077781.5 -0.42860296 0.3336012 -0.8141476 -0.10712936 -0.14188647 0.9797609 0.09197944
1642661815111114.0 -0.4460303 0.5277538 -0.76483864 -0.09109487 -0.16891135 0.9769121 0.0938798
1642661815144448.5 -0.42945063 0.5958618 -0.68945146 -0.07474759 -0.1844253 0.9765287 0.08241246
1642661815177781.5 -0.40780357 0.63422406 -0.60632324 -0.05559548 -0.19494146 0.9769726 0.06656997
1642661815211114.5 -0.3245132 0.7214529 -0.5305917 -0.04109819 -0.19912097 0.9775705 0.054933935
1642661815244448.5 -0.268164 0.77422035 -0.4168719 -0.021789271 -0.20267569 0.9782532 0.03832176
1642661815277781.0 -0.19243222 0.7820037 -0.3315816 -0.00021778204 -0.20162153 0.9792717 0.019383058
1642661815311114.5 0.02750153 0.8006845 -0.23750523 0.014930246 -0.19830415 0.97998315 0.009254275
1642661815344448.5 0.16727751 0.7814033 -0.14323658 0.042393476 -0.1872546 0.981395 0.001535684
1642661815377781.5 0.37590525 0.72742397 -0.09098167 0.063576035 -0.17054217 0.9832948 -0.0022029888
1642661815411114.5 0.53813225 0.67177755 -0.055427425 0.08750874 -0.14980829 0.9848324 -0.0022094606
1642661815444448.0 0.7222852 0.6236836 -0.045895502 0.10634723 -0.12337834 0.98664093 0.0027930674
1642661815477781.5 0.88695097 0.57088315 -0.047004122 0.11983201 -0.09102494 0.98856443 0.00976251
1642661815511115.0 1.0698552 0.46976548 -0.07476031 0.12527934 -0.05801153 0.9903352 0.013265272
1642661815544448.5 1.223359 0.40838203 -0.11775188 0.13027626 -0.016754325 0.991131 0.020170897
1642661815577781.5 1.3941181 0.34196478 -0.15089862 0.13107815 0.025276333 0.9907589 0.024010211
1642661815611114.0 1.5349283 0.2867776 -0.19306165 0.13327573 0.06894088 0.988342 0.025786996
1642661815644448.5 1.6677661 0.24925113 -0.20565376 0.13246773 0.11199585 0.9845089 0.025524223
1642661815677781.5 1.7825891 0.20223051 -0.2234056 0.1307145 0.15010183 0.9797538 0.021582697
1642661815711114.5 1.8044646 0.1872249 -0.22796187 0.13126054 0.18505503 0.97371197 0.020256275
1642661815744448.5 1.8193592 0.17260699 -0.22312966 0.12388801 0.21282084 0.96901655 0.019131169
1642661815777781.0 1.781229 0.15839845 -0.2147213 0.10983811 0.23003913 0.96672815 0.021314217
1642661815811114.5 1.7277037 0.081694625 -0.21313465 0.0896661 0.23399436 0.96788955 0.019913012
1642661815844448.5 1.5545745 -0.04139012 -0.20921978 0.078463465 0.23093241 0.9696192 0.0187733
1642661815877781.5 1.4412246 -0.14212406 -0.21010233 0.06093101 0.2217522 0.973012 0.019005189
1642661815911114.5 1.2990726 -0.22221793 -0.21379383 0.046916604 0.20926425 0.97647125 0.0226095
1642661815944448.0 1.1524851 -0.30778638 -0.23252395 0.034988765 0.1933377 0.9802025 0.024483478
1642661815977781.5 0.9882814 -0.3486665 -0.25877112 0.02402181 0.17414856 0.98396504 0.030134773
1642661816011115.0 0.8365847 -0.39604568 -0.30005834 0.013175834 0.15422869 0.9874017 0.032830317
1642661816044448.5 0.68071175 -0.40362328 -0.34911555 0.00956093 0.13507028 0.99005824 0.03807068
1642661816077781.5 0.56653684 -0.3717776 -0.405609 0.009184298 0.11781358 0.99195147 0.04547443
1642661816111114.0 0.44366556 -0.32466325 -0.46988678 0.01406441 0.10167105 0.9932643 0.053770803
1642661816144448.5 0.3634375 -0.25718725 -0.5240036 0.016036047 0.08638478 0.99426055 0.06104504
1642661816177781.5 0.29675168 -0.16962644 -0.56791395 0.016223995 0.0708455 0.9951574 0.06617812
1642661816211114.5 0.24435556 -0.08514444 -0.5974195 0.01453639 0.056078054 0.9961718 0.06546646
1642661816244448.5 0.23171079 0.023392204 -0.6256645 0.008406708 0.04120943 0.99715793 0.06250852
1642661816277781.0 0.20989011 0.11239938 -0.64121413 0.00385867 0.029026551 0.99809694 0.054268498
1642661816311114.5 0.21296176 0.22527213 -0.642831 0.002032917 0.021476066 0.9986766 0.04668841
1642661816344448.5 0.2215273 0.3397325 -0.63504845 0.0028911964 0.013705013 0.9991405 0.039015505
1642661816377781.5 0.2742552 0.4328802 -0.61031145 0.0051989374 0.010711864 0.99943244 0.031514887
1642661816411114.5 0.3190698 0.5050231 -0.5823279 0.011496497 0.009848146 0.99960154 0.023825658
1642661816444448.0 0.37863022 0.5650828 -0.52993286 0.01793257 0.011460077 0.9996327 0.016783025
1642661816477781.5 0.43885544 0.572102 -0.45950428 0.025073146 0.01432332 0.99956775 0.0055358927
1642661816511115.0 0.49208042 0.5800859 -0.40002593 0.033718936 0.017501043 0.9992737 -0.002981501
1642661816544448.5 0.56187344 0.52939016 -0.33252162 0.040826116 0.016351944 0.998949 -0.012918434
1642661816577781.5 0.6148328 0.47808695 -0.274817 0.04935977 0.01786646 0.99846613 -0.017603515
1642661816611114.0 0.64785236 0.37656432 -0.23857732 0.059725687 0.017821569 0.9978104 -0.022127165
1642661816644448.5 0.66824067 0.29414603 -0.21499112 0.068928346 0.017895367 0.9972472 -0.020658031
1642661816677781.5 0.64362055 0.19471844 -0.2349815 0.07758595 0.01447969 0.99673307 -0.01714652
1642661816711114.5 0.59872615 0.1339303 -0.26183513 0.084701754 0.010493341 0.99633765 -0.005178497
1642661816744448.5 0.54572624 0.056036796 -0.33062845 0.0884901 0.0077083455 0.99600685 0.008976325
1642661816777781.0 0.47729555 -0.022678003 -0.40822542 0.089171395 0.0013297102 0.9956685 0.026288703
1642661816811114.5 0.37585467 -0.07324279 -0.4882122 0.08859776 -0.009784397 0.9949267 0.046644535
1642661816844448.5 0.254351 -0.102301925 -0.57633394 0.08606998 -0.02467087 0.9938542 0.065093644
1642661816877781.5 0.13165613 -0.11896351 -0.6566397 0.07999388 -0.044652786 0.9924759 0.08123248
1642661816911114.5 -0.011352986 -0.09047808 -0.7097809 0.07237418 -0.066728786 0.99035853 0.0974639
1642661816944448.0 -0.18924583 -0.060674816 -0.7564029 0.06667086 -0.09053893 0.9875941 0.10961564
1642661816977781.5 -0.36653665 -0.017725172 -0.7798735 0.063788585 -0.11466543 0.98418987 0.118967116
1642661817011114.5 -0.5444263 0.05684235 -0.7753728 0.06619571 -0.14047584 0.9796792 0.12693809
1642661817044448.5 -0.7087123 0.13166086 -0.7309575 0.07455892 -0.16677837 0.9745245 0.13010763
1642661817077781.5 -0.8434829 0.1949383 -0.67067486 0.0848269 -0.19069186 0.96948045 0.12864196
1642661817111114.0 -1.0281186 0.26318055 -0.5693466 0.09843797 -0.21876916 0.96337914 0.119793914
1642661817144448.5 -1.2070671 0.3577602 -0.4633593 0.11042592 -0.24625358 0.95705396 0.105892
1642661817177781.5 -1.3341751 0.46664873 -0.3521218 0.11608208 -0.2768609 0.949803 0.08801937
1642661817211114.5 -1.499356 0.58390784 -0.20959115 0.12391617 -0.3009998 0.9431995 0.06647306
1642661817244448.5 -1.6198378 0.7047053 -0.06641383 0.1296565 -0.3238477 0.9361852 0.043234117
1642661817277781.0 -1.7266216 0.78529894 0.0770645 0.13648482 -0.34124798 0.9298673 0.016387075
1642661817311114.5 -1.7956035 0.9578768 0.21977268 0.14796619 -0.36027098 0.9210377 0.00074008445
1642661817344448.5 -1.8565199 1.0542371 0.32990944 0.16061035 -0.375639 0.9125809 -0.017199086
1642661817377781.5 -1.904603 1.1519324 0.4370018 0.17589748 -0.38955742 0.90359265 -0.028730586
1642661817411114.5 -1.9443326 1.2293298 0.5128453 0.19128707 -0.40430984 0.89363 -0.036990367
1642661817444448.0 -1.9873352 1.2388101 0.5593282 0.20112659 -0.4149635 0.8863317 -0.0420662
1642661817477781.5 -2.0520205 1.2378768 0.55909854 0.20574938 -0.42201313 0.88190603 -0.042590667
1642661817511114.5 -2.094973 1.1729859 0.5040505 0.19902276 -0.4191073 0.88509405 -0.03670955
1642661817544448.5 -2.1024463 1.1764374 0.43759233 0.19017918 -0.4161569 0.8890384 -0.01600748
1642661817577781.5 -2.1541824 1.0834854 0.3593948 0.18079615 -0.4010151 0.8980529 0.00085215434
1642661817611114.0 -2.1502974 1.0003942 0.2581404 0.16910014 -0.3874183 0.90602344 0.020824471
1642661817644448.5 -2.1628635 0.8340814 0.14263523 0.15900834 -0.36237696 0.91769737 0.035084993
1642661817677781.5 -2.1186523 0.69296813 0.0077418387 0.14707516 -0.3396281 0.9277567 0.0478453
1642661817711114.5 -2.055591 0.5793852 -0.10358368 0.1364536 -0.31257626 0.9380611 0.06097411
1642661817744448.5 -1.9536573 0.45799854 -0.20344584 0.12454287 -0.28383368 0.94820267 0.06956493
1642661817777781.0 -1.8408287 0.40053612 -0.281129 0.11644523 -0.25722474 0.95616436 0.077625446
1642661817811114.5 -1.713449 0.403326 -0.3349062 0.11108619 -0.23372087 0.9619276 0.08791921
1642661817844448.5 -1.5781837 0.3385725 -0.34989348 0.1069587 -0.20625077 0.9686405 0.08806834
1642661817877781.5 -1.4312117 0.3297962 -0.34556997 0.1018317 -0.18357687 0.9738197 0.08720776
1642661817911114.5 -1.2824707 0.33129472 -0.2998324 0.09641665 -0.16487996 0.97843313 0.078658
1642661817944448.0 -1.1587225 0.3667265 -0.20962937 0.094232164 -0.14546593 0.9826534 0.0659729
1642661817977781.5 -1.0025947 0.41262522 -0.10954774 0.08888556 -0.1331249 0.986149 0.043441784
1642661818011114.5 -0.86322623 0.4785749 0.02552067 0.08493306 -0.12271012 0.98869604 0.014449448
1642661818044448.5 -0.7371624 0.56145626 0.17546548 0.08219432 -0.11538565 0.9897354 -0.018816385
1642661818077781.5 -0.60471535 0.6287006 0.3155871 0.07991786 -0.11081311 0.98912364 -0.05448003
1642661818111114.0 -0.46191537 0.6907988 0.4221339 0.079374924 -0.10474751 0.98791546 -0.08216241
1642661818144448.5 -0.3065983 0.7204968 0.48768714 0.079622775 -0.09821094 0.98666495 -0.10250474
1642661818177781.5 -0.13576502 0.71451026 0.50639236 0.075150594 -0.08752035 0.9870352 -0.11159809
1642661818211114.5 0.036286246 0.6619087 0.4799085 0.06216098 -0.072699234 0.98892546 -0.11347832
1642661818244448.5 0.17721461 0.6146 0.41304025 0.04321454 -0.05145624 0.99252045 -0.10192155
1642661818277781.0 0.35835612 0.5237921 0.29814708 0.013435419 -0.0274475 0.9956861 -0.087609075
1642661818311114.5 0.5511833 0.42235273 0.1686982 -0.015766842 -0.0016146271 0.9974123 -0.07012516
1642661818344448.5 0.7627375 0.33461758 0.026743868 -0.040687643 0.023543997 0.99761957 -0.050453197
1642661818377781.5 0.970015 0.24185835 -0.1139679 -0.056286633 0.050711926 0.9965361 -0.03429397
1642661818411114.5 1.2096404 0.16651425 -0.24454033 -0.066899195 0.080992885 0.9942472 -0.020912182
1642661818444448.0 1.4476463 0.111748874 -0.36575606 -0.07193428 0.11174495 0.9910906 -0.008832128
1642661818477781.5 1.6743 0.08190022 -0.47302654 -0.0743136 0.14528722 0.98659307 0.0017879832
1642661818511114.5 1.8984108 0.07974905 -0.5666039 -0.081260785 0.17839107 0.9805271 0.01182923
1642661818544448.5 2.106182 0.09403675 -0.6513443 -0.09308615 0.21013151 0.9730218 0.020208756
1642661818577781.5 2.2884755 0.11830215 -0.7132318 -0.10943447 0.23933583 0.9643674 0.027167998
1642661818611114.0 2.4702866 0.15295725 -0.7506953 -0.1293771 0.2684617 0.953998 0.032827616
1642661818644448.5 2.639947 0.187528 -0.7452067 -0.14933127 0.29548526 0.9428787 0.036992133
1642661818677781.5 2.8037329 0.21677871 -0.7132815 -0.1669349 0.3210584 0.9313968 0.039425086
1642661818711114.5 2.932808 0.25106153 -0.63352245 -0.18092674 0.34607556 0.9197454 0.039569627
1642661818744448.5 3.0344665 0.22235662 -0.52849424 -0.19147198 0.3666873 0.9098834 0.03148311
1642661818777781.0 3.0976286 0.25651252 -0.36726287 -0.2039798 0.38460213 0.89992744 0.024578635
1642661818811114.5 3.1661468 0.23115104 -0.19557315 -0.21731661 0.39632902 0.89199 0.007115686
1642661818844448.5 3.1601663 0.22946215 -0.012576878 -0.23101749 0.40117905 0.88634354 -0.009026891
1642661818877781.5 3.126055 0.21797562 0.15557015 -0.24638258 0.39942825 0.88256747 -0.028765494
1642661818911114.5 3.0390697 0.16006052 0.3555506 -0.26219383 0.39100617 0.88043815 -0.056544416
1642661818944448.0 2.9268181 0.15677184 0.5111638 -0.27693507 0.37879166 0.87937313 -0.080788024
1642661818977781.5 2.8114815 0.17001331 0.6717737 -0.2884444 0.36303678 0.8794767 -0.107353896
1642661819011114.5 2.7159092 0.17638844 0.76440465 -0.28900483 0.34761196 0.8816115 -0.13565889
1642661819044448.5 2.6235979 0.2127446 0.8165555 -0.28119066 0.33072048 0.886807 -0.15852185
1642661819077781.5 2.5589948 0.2510062 0.82201254 -0.2717699 0.3129836 0.8931656 -0.1744638
1642661819111114.0 2.5309124 0.2720815 0.7802944 -0.26374516 0.29930958 0.8988787 -0.18129924
1642661819144448.5 2.525117 0.27622902 0.6990516 -0.2601925 0.28963372 0.90373427 -0.17797899
1642661819177781.5 2.5381458 0.25251934 0.5820183 -0.2597504 0.2841798 0.90769607 -0.1669116
1642661819211114.5 2.6084278 0.27232417 0.44375867 -0.26898378 0.2827725 0.9091809 -0.14518136
1642661819244448.5 2.6668644 0.24287954 0.2806215 -0.27325332 0.2848828 0.91033804 -0.124334864
1642661819277781.0 2.7529116 0.24026552 0.14060669 -0.27886033 0.2878234 0.9107618 -0.099536836
1642661819311114.5 2.8472342 0.19875684 -0.0028529465 -0.27694494 0.294683 0.91134024 -0.07695757
1642661819344448.5 2.888279 0.16204098 -0.17530268 -0.2653758 0.30398285 0.913751 -0.047214963
1642661819377781.5 2.9680467 0.106987715 -0.2922227 -0.2607884 0.31566674 0.9121086 -0.020047573
1642661819411114.5 3.0076554 0.094708145 -0.4056207 -0.25931782 0.3235172 0.9099297 0.010905921
1642661819444448.0 3.0127976 0.062315226 -0.49638444 -0.25710517 0.32724544 0.90851563 0.03750778
1642661819477781.5 2.9951706 0.02385217 -0.5494514 -0.25486368 0.3262973 0.90836453 0.05872442
1642661819511114.5 2.9540474 -0.075208485 -0.5649496 -0.25041628 0.32094604 0.9107428 0.0695195
1642661819544448.5 2.906358 -0.13078487 -0.54659885 -0.24874705 0.31033745 0.9142015 0.077789605
1642661819577781.5 2.8000162 -0.16681713 -0.5002957 -0.24346602 0.2952835 0.9200836 0.08353526
1642661819611114.0 2.6510909 -0.22454885 -0.43002927 -0.23688908 0.27542078 0.92802525 0.08243902
1642661819644448.5 2.507038 -0.25826403 -0.37596792 -0.22954112 0.25667685 0.9357706 0.075903654
1642661819677781.5 2.3430526 -0.31005055 -0.26295424 -0.22043756 0.23245563 0.94544417 0.059220467
1642661819711114.5 2.1683862 -0.32180613 -0.14833738 -0.20793389 0.20735732 0.95511085 0.039110955
1642661819744448.5 2.0052862 -0.2973776 -0.036675453 -0.19679034 0.1817161 0.9633274 0.01591309
1642661819777781.0 1.8454198 -0.27728802 0.072351135 -0.18296866 0.15614699 0.9705872 -0.010055768
1642661819811114.5 1.7110736 -0.2260851 0.148709 -0.16794454 0.13388753 0.9761505 -0.031607416
1642661819844448.5 1.6048039 -0.17132378 0.18654057 -0.15090281 0.11526814 0.98064476 -0.047722273
1642661819877781.5 1.5257602 -0.11066036 0.1665941 -0.13667151 0.10071042 0.98404133 -0.05330089
1642661819911114.5 1.456759 -0.057214003 0.08686937 -0.13140866 0.08993647 0.9860546 -0.048369616
1642661819944448.0 1.3931141 -0.031294234 -0.041482754 -0.13251144 0.077852786 0.9873362 -0.03933052
1642661819977781.5 1.3584495 0.040647216 -0.21082836 -0.14076741 0.06745441 0.9875489 -0.019537134
1642661820011114.5 1.3255728 0.07892923 -0.40191516 -0.14708997 0.055686146 0.9875521 -0.0021017194
1642661820044448.5 1.3116301 0.14172411 -0.6105839 -0.15016757 0.04344358 0.9875091 0.019706849
1642661820077781.5 1.3034817 0.17992888 -0.7950603 -0.14755167 0.032252803 0.98776555 0.03882776
1642661820111114.0 1.2844133 0.24075 -0.98002255 -0.13774845 0.021479974 0.9885685 0.057413645
1642661820144448.5 1.287532 0.29266047 -1.1315061 -0.12634693 0.0131953005 0.98912877 0.07407213
1642661820177781.5 1.2801061 0.33946908 -1.2412084 -0.11591294 0.010172396 0.9894128 0.08673527
1642661820211114.5 1.250431 0.36953527 -1.3411018 -0.106226504 0.006305119 0.989847 0.094229735
1642661820244448.5 1.2919981 0.5232599 -1.3701054 -0.10772023 0.0022847708 0.988528 0.10584648
1642661820277781.0 1.23982 0.57601154 -1.3916339 -0.106121086 -0.0014575969 0.98884004 0.10455419
1642661820311114.5 1.177079 0.63265973 -1.3664943 -0.108927056 -0.0068890047 0.98933935 0.09641115
1642661820344448.5 1.0987543 0.64738476 -1.3089947 -0.11400582 -0.009811548 0.99025744 0.0793518
1642661820377781.5 1.0575607 0.7045506 -1.2268214 -0.12187204 -0.013651361 0.9907522 0.058059957
1642661820411114.5 0.9759772 0.72166723 -1.0822692 -0.1257354 -0.020996785 0.99146336 0.027388979
1642661820444448.0 0.9007548 0.7673639 -0.9191887 -0.1228389 -0.028105568 0.9920255 -0.0024873842
1642661820477781.5 0.8317374 0.79932797 -0.7144022 -0.11244884 -0.03600118 0.99240136 -0.034624007
1642661820511114.5 0.72226095 0.83948135 -0.5221234 -0.08612812 -0.0507875 0.99294215 -0.06378521
1642661820544448.5 0.65689605 0.8933153 -0.33955044 -0.052636087 -0.06777046 0.99247915 -0.08730337
1642661820577781.5 0.6062743 0.9244318 -0.20158961 -0.012969414 -0.08574282 0.99102694 -0.10171357
1642661820611114.0 0.60001063 0.9174217 -0.12992458 0.016217666 -0.0996898 0.9894162 -0.10418556
1642661820644448.5 0.5055825 0.90463424 -0.13731834 0.035888474 -0.10588771 0.98920166 -0.09476281
1642661820677781.5 0.44081154 0.785423 -0.23843434 0.028394265 -0.10050745 0.99113446 -0.08212578
1642661820711114.5 0.36488298 0.6915701 -0.340464 0.009565152 -0.0910889 0.994137 -0.057472497
1642661820744448.5 0.28017107 0.6224602 -0.5307778 -0.013415345 -0.08052447 0.99639493 -0.023089299
1642661820777781.0 0.17988844 0.53792244 -0.7142528 -0.03300293 -0.068912625 0.9970319 0.009445591
1642661820811114.5 0.09465064 0.46150675 -0.87749135 -0.04951697 -0.05784692 0.9963206 0.03933487
1642661820844448.5 -0.019771084 0.40712848 -1.0211518 -0.057708025 -0.05051014 0.9948516 0.06624841
1642661820877781.5 -0.12131172 0.3308316 -1.143814 -0.062595926 -0.04471953 0.9932136 0.08722788
1642661820911114.5 -0.25546128 0.28805944 -1.2368809 -0.061919592 -0.041481618 0.99142325 0.10735565
1642661820944448.0 -0.4184123 0.25106123 -1.2901711 -0.05822508 -0.042270977 0.98966986 0.12400238
1642661820977781.5 -0.55110925 0.21539886 -1.2995664 -0.056530144 -0.04731058 0.9881322 0.13476223
1642661821011114.5 -0.7379795 0.22005312 -1.2726257 -0.048445188 -0.06126355 0.98658913 0.14332385
1642661821044448.5 -0.9334057 0.21094579 -1.221864 -0.036428265 -0.07861841 0.9855872 0.1452929
1642661821077781.5 -1.1282014 0.24918638 -1.0844378 -0.020249572 -0.103725635 0.98383707 0.144553
1642661821111114.0 -1.3124517 0.26703948 -0.9363187 -0.0038413622 -0.13148277 0.98218316 0.13421544
1642661821144448.5 -1.5130594 0.33815542 -0.7897527 0.012571338 -0.16557603 0.9792853 0.115874544
1642661821177781.5 -1.6482713 0.3696919 -0.5758293 0.024023116 -0.20216933 0.9754245 0.084246956
1642661821211114.5 -1.7641487 0.5663334 -0.35600853 0.043331373 -0.24331641 0.96706325 0.060895965
1642661821244448.5 -1.8684858 0.6784173 -0.11598616 0.07735016 -0.27710456 0.95725846 0.029770313
1642661821277781.0 -1.897438 0.82014674 0.11900261 0.11908692 -0.30792242 0.9438983 0.007619504
1642661821311114.5 -1.88501 0.93445706 0.29163307 0.15661171 -0.32900414 0.93121976 -0.0076790783
1642661821344448.5 -1.8540957 1.0360838 0.3848418 0.17775425 -0.34032008 0.9231784 -0.018095078
1642661821377781.5 -1.8435657 1.0896174 0.45907614 0.18164459 -0.34192342 0.92150164 -0.030470286
1642661821411114.5 -1.8026676 1.1233739 0.43620643 0.16204633 -0.3364343 0.92677665 -0.040472373
1642661821444448.0 -1.7643481 1.1404749 0.3813992 0.13901044 -0.32742894 0.9335233 -0.044729628
1642661821477781.5 -1.7223483 1.1295571 0.32762283 0.12269219 -0.31877288 0.9388517 -0.043451812
1642661821511114.5 -1.6281517 1.0555456 0.20443414 0.108436264 -0.30668527 0.9449222 -0.036164347
1642661821544448.5 -1.5361829 0.97099847 0.07577779 0.100436635 -0.29382393 0.950314 -0.021984158
1642661821577781.5 -1.4175937 0.87738514 -0.06790825 0.09024132 -0.27904275 0.95601946 -0.004305591
1642661821611114.0 -1.3471286 0.7403498 -0.23717858 0.07910565 -0.2570202 0.96309644 0.011322022
1642661821644448.5 -1.1957545 0.6313287 -0.4078916 0.056627598 -0.2330682 0.97027814 0.032139234
1642661821677781.5 -1.0284486 0.5345135 -0.6011169 0.031393614 -0.20961268 0.9758599 0.052672766
1642661821711114.5 -0.8455041 0.46008658 -0.77386945 0.0067524957 -0.19007663 0.97907704 0.07234273
1642661821744448.5 -0.6506661 0.39978397 -0.9353282 -0.01505017 -0.1683412 0.9812669 0.092466615
1642661821777781.0 -0.46298993 0.35562277 -1.0716026 -0.031687826 -0.14843597 0.9819885 0.11252254
1642661821811114.5 -0.25906843 0.28762162 -1.1725996 -0.045397326 -0.12871295 0.9822897 0.12837073
1642661821844448.5 -0.06843494 0.24503246 -1.2459158 -0.052801304 -0.110958494 0.9821 0.14275815
1642661821877781.5 0.11741927 0.20738298 -1.271723 -0.05787801 -0.09511718 0.98176455 0.15408233
1642661821911114.5 0.3005637 0.17354153 -1.2626779 -0.06324308 -0.08015685 0.98131657 0.1630738
1642661821944448.0 0.45515788 0.15450142 -1.2217312 -0.06871773 -0.06628186 0.9811927 0.16776656
1642661821977781.5 0.5740783 0.1180973 -1.1731346 -0.072710425 -0.053127695 0.98227245 0.16441287
1642661822011114.5 0.6950466 0.077990755 -1.086568 -0.078976505 -0.03940318 0.9838852 0.15549906
1642661822044448.5 0.8020903 0.043354742 -0.96014285 -0.08676648 -0.027367957 0.98593473 0.14019777
1642661822077781.5 0.8989705 -0.030177934 -0.8097095 -0.09594208 -0.015570383 0.9887471 0.113718644
1642661822111114.0 0.9747649 -0.06567745 -0.66495895 -0.10275938 -0.007809954 0.9911249 0.0839699
1642661822144448.5 1.0713369 -0.12002112 -0.5205241 -0.1070863 -0.0011416334 0.992954 0.05073019
1642661822177781.5 1.1757176 -0.16051333 -0.42367247 -0.102273546 0.0025518471 0.9944751 0.02351487
1642661822211114.5 1.2442807 -0.14065297 -0.39483625 -0.08945339 0.005599127 0.99586725 0.01466812
1642661822244448.5 1.3650306 -0.16581635 -0.44576073 -0.08670332 0.00961375 0.9961019 0.013082066
1642661822277781.0 1.4024113 -0.18436894 -0.54171586 -0.088156216 0.012793766 0.9957926 0.021492109
1642661822311114.5 1.4973981 -0.17491478 -0.70295584 -0.10196519 0.0166631 0.99394304 0.037452817
1642661822344448.5 1.5958953 -0.2172578 -0.8576759 -0.11597395 0.023788294 0.9916971 0.050210923
1642661822377781.5 1.6892079 -0.19784069 -1.0507212 -0.1260218 0.03253554 0.9890649 0.06935949
1642661822411114.5 1.7809851 -0.2255234 -1.2381182 -0.13168345 0.045124207 0.9866248 0.08482332
1642661822444448.0 1.8616972 -0.25405282 -1.4173207 -0.13487755 0.05853563 0.98398775 0.10074615
1642661822477781.5 1.9497614 -0.24183293 -1.5757372 -0.14065267 0.07353808 0.9798083 0.12159231
1642661822511114.5 2.024522 -0.22568852 -1.7242186 -0.14854181 0.084911175 0.9747974 0.14316249
1642661822544448.5 2.0957632 -0.19465926 -1.834515 -0.15936655 0.09073704 0.9693408 0.1635468
1642661822577781.5 2.159351 -0.17376304 -1.9508022 -0.1710339 0.094858475 0.96387416 0.18082011
1642661822611114.0 2.197368 -0.16902445 -2.013363 -0.18313453 0.101540625 0.95813733 0.19525413
1642661822644448.5 2.2497487 -0.13290076 -2.0345402 -0.1991804 0.11093792 0.95078945 0.209808
1642661822677781.5 2.2866495 -0.13154674 -2.0601482 -0.21347888 0.12136791 0.9447656 0.21705914
1642661822711114.5 2.318804 -0.07866612 -1.973695 -0.22800295 0.13182044 0.9388263 0.22190812
1642661822744448.5 2.3349752 -0.032712996 -1.9606344 -0.23160611 0.14193381 0.93668234 0.22099695
1642661822777781.0 2.4105515 0.057589263 -1.7657292 -0.23774855 0.15126857 0.9351929 0.21449427
1642661822811114.5 2.3530648 0.07227038 -1.6277349 -0.22642279 0.16450202 0.9396548 0.19677572
1642661822844448.5 2.3048882 -0.1713531 -1.3789328 -0.21247952 0.17247006 0.9497694 0.1518049
1642661822877781.5 2.1972818 -0.24801575 -1.1988255 -0.1968393 0.17481144 0.9575284 0.11762089
1642661822911114.5 2.1612165 -0.26253116 -0.95495176 -0.19923992 0.1711927 0.96138 0.08212902
1642661822944448.0 2.0583236 -0.23046787 -0.7266007 -0.19869123 0.16564313 0.9649413 0.04441204
1642661822977781.5 1.9780551 -0.18407258 -0.52635074 -0.19461906 0.15495229 0.9685549 0.0038397566
1642661823011114.5 1.8819876 -0.13984115 -0.32213175 -0.1827569 0.14711954 0.97143704 -0.035578176
1642661823044448.5 1.8503871 -0.053540744 -0.17867935 -0.16948627 0.14569806 0.97272545 -0.06206247
1642661823077781.5 1.8350424 0.04601495 -0.11228572 -0.1571427 0.14966086 0.9733148 -0.074606344
1642661823111114.0 1.8199545 0.12816751 -0.107589856 -0.15289405 0.15672252 0.97264606 -0.07759587
1642661823144448.5 1.8258703 0.18651773 -0.14751516 -0.1550618 0.16855317 0.97044194 -0.07608023
1642661823177781.5 1.8358825 0.25553483 -0.24169022 -0.15850547 0.18206504 0.9678174 -0.07111862
1642661823211114.5 1.8634977 0.31704345 -0.3263348 -0.16131288 0.1956223 0.9650612 -0.06608444
1642661823244448.5 1.8689921 0.4019939 -0.45686385 -0.15934439 0.20797114 0.9633749 -0.057150245
1642661823277781.0 1.8757843 0.4595236 -0.5585513 -0.16110338 0.21909605 0.96096355 -0.050908584
1642661823311114.5 1.8671569 0.5116867 -0.64621055 -0.16302589 0.22990277 0.95836455 -0.045877177
1642661823344448.5 1.8719485 0.57865345 -0.7567365 -0.16691749 0.2383646 0.9558975 -0.039760422
1642661823377781.5 1.8525245 0.638085 -0.82631826 -0.16947086 0.25136924 0.95237917 -0.032666963
1642661823411114.5 1.8336287 0.70635194 -0.86523926 -0.17346923 0.2669494 0.9476832 -0.023304641
1642661823444448.0 1.8210043 0.7436639 -0.8447695 -0.18330172 0.2832713 0.9412064 -0.016985616
1642661823477781.5 1.7983254 0.78748864 -0.8092633 -0.19816214 0.29868907 0.93348503 -0.011061811
1642661823511114.5 1.7716639 0.7936131 -0.7300273 -0.21207553 0.310516 0.92655104 -0.01034617
1642661823544448.5 1.7506188 0.80955946 -0.60722613 -0.22856884 0.31913027 0.9196594 -0.011783572
1642661823577781.5 1.7020768 0.78295666 -0.4754302 -0.23700252 0.32390538 0.91557187 -0.025362466
1642661823611114.0 1.6846938 0.7151657 -0.31766063 -0.23678672 0.31861192 0.91638464 -0.051553767
1642661823644448.5 1.6862061 0.69104695 -0.13873008 -0.22879748 0.31490454 0.91792667 -0.07679601
1642661823677781.5 1.7215998 0.6363727 0.023649916 -0.21197946 0.31171766 0.920157 -0.10586775
1642661823711114.5 1.7585664 0.5856758 0.15432826 -0.18484455 0.307762 0.92440474 -0.12880604
1642661823744448.5 1.8453492 0.5706402 0.2223981 -0.15585357 0.30386627 0.92922556 -0.14112025
1642661823777781.0 1.948354 0.5549247 0.25215915 -0.13289995 0.30296093 0.9331934 -0.1403657
1642661823811114.5 2.0334032 0.4988072 0.21689105 -0.118182644 0.3066468 0.93548816 -0.12985583
1642661823844448.5 2.1656752 0.428845 0.14518002 -0.11951917 0.3115061 0.9360335 -0.11189471
1642661823877781.5 2.302162 0.38220352 0.027593963 -0.12511496 0.32165685 0.9346386 -0.085638486
1642661823911114.5 2.4666173 0.35169208 -0.09561061 -0.13372296 0.33254126 0.93179053 -0.057454746
1642661823944448.0 2.646706 0.33262643 -0.2322736 -0.13839087 0.34643662 0.92735076 -0.029158896
1642661823977781.5 2.8175168 0.3284592 -0.36707032 -0.13973612 0.3613552 0.9218971 -0.0014370718
1642661824011114.5 2.9925485 0.33592823 -0.4899418 -0.14214626 0.38012958 0.913616 0.02453097
1642661824044448.5 3.113548 0.316833 -0.6213019 -0.14660656 0.39559692 0.9053514 0.048460647
1642661824077781.5 3.2964244 0.31166524 -0.6964305 -0.16566448 0.41018397 0.8941329 0.06950359
1642661824111114.0 3.4225407 0.30889148 -0.7857442 -0.185453 0.41941485 0.8838767 0.09198101
1642661824144448.5 3.5096338 0.3029756 -0.82111996 -0.20755827 0.42489275 0.874008 0.11178455
1642661824177781.5 3.6256185 0.24378645 -0.80178857 -0.23356949 0.4259947 0.8655958 0.12131683
1642661824211114.5 3.7259054 0.21693623 -0.75161076 -0.25792825 0.427105 0.85746276 0.12574594
1642661824244448.5 3.7187111 0.14309835 -0.69971883 -0.2736279 0.42499533 0.8540831 0.12267377
1642661824277781.0 3.7399266 0.07591152 -0.6143478 -0.2902808 0.42316765 0.85096604 0.11190663
1642661824311114.5 3.7278333 0.055918336 -0.48568022 -0.3019767 0.42469856 0.84782267 0.09817375
1642661824344448.5 3.6489065 0.09337914 -0.38093364 -0.3092807 0.42625815 0.84565926 0.08665991
1642661824377781.5 3.568672 0.12044203 -0.2430718 -0.3210899 0.42696065 0.84261495 0.06786695
1642661824411114.5 3.5490267 0.12289131 -0.09497213 -0.34079903 0.42477834 0.8375386 0.044142723
1642661824444448.0 3.4921668 0.1497823 -0.0038655996 -0.35757002 0.4246814 0.8314521 0.02183881
1642661824477781.5 3.4536076 0.21381688 0.083600044 -0.3678632 0.42492527 0.82711226 -0.0007003972
1642661824511114.5 3.4228919 0.2431283 0.1441077 -0.36846787 0.42731807 0.8251999 -0.025996776
1642661824544448.5 3.37218 0.27070487 0.121432066 -0.3613106 0.42925337 0.826678 -0.04242332
1642661824577781.5 3.363689 0.3190732 0.09175074 -0.35709754 0.43024758 0.82760787 -0.049332242
1642661824611114.0 3.3586073 0.35968685 0.022599936 -0.3510166 0.42753476 0.8317113 -0.047516286
1642661824644448.5 3.3903403 0.40529096 -0.050709963 -0.3445323 0.42663985 0.83510137 -0.04337745
1642661824677781.5 3.3960924 0.43639225 -0.15485406 -0.33313036 0.42755544 0.83960056 -0.035936244
1642661824711114.5 3.4251218 0.451841 -0.27119088 -0.32323772 0.42850736 0.84325063 -0.02876187
1642661824744448.5 3.4562418 0.52840084 -0.37425876 -0.31610546 0.42654532 0.8472971 -0.014970286
1642661824777781.0 3.415738 0.52881044 -0.50838035 -0.2969336 0.42555615 0.85481113 -0.005506507
1642661824811114.5 3.4038544 0.5905728 -0.5907516 -0.28117442 0.4229104 0.86142015 0.0065626446
1642661824844448.5 3.353722 0.6187097 -0.63764495 -0.26206553 0.4188378 0.8692755 0.016021313
1642661824877781.5 3.281759 0.5889952 -0.6661191 -0.24365927 0.41241035 0.87752014 0.022502651
1642661824911114.5 3.1649227 0.53938997 -0.66420835 -0.22932497 0.4004248 0.8866807 0.029451597
1642661824944448.0 2.9988434 0.52929676 -0.68015826 -0.2167226 0.38310924 0.8970237 0.0400911
1642661824977781.5 2.8327029 0.4948725 -0.64169204 -0.20781665 0.36387202 0.9069366 0.043306213
1642661825011114.5 2.5983756 0.4380415 -0.59449494 -0.19301498 0.3391728 0.9197356 0.042349435
1642661825044448.5 2.3776345 0.4039116 -0.49609175 -0.18078537 0.31117594 0.93226033 0.037107255
1642661825077781.5 2.1518567 0.33141428 -0.41197944 -0.16498666 0.28142652 0.94500387 0.023374215
1642661825111114.0 1.892981 0.28769857 -0.33102274 -0.14410485 0.25006005 0.9573891 0.010483521
1642661825144448.5 1.6761051 0.27247703 -0.2531095 -0.12753342 0.21867195 0.96742404 -0.0029322247
1642661825177781.5 1.458127 0.29553524 -0.19538534 -0.11069677 0.18944491 0.97554874 -0.012713168
1642661825211114.5 1.2547357 0.29624996 -0.19567513 -0.09075722 0.15962708 0.9827443 -0.022270057
1642661825244448.5 1.0774865 0.34148148 -0.22614838 -0.073217325 0.13704199 0.98759186 -0.022828747
1642661825277781.0 0.9043995 0.36705053 -0.3042169 -0.062120564 0.1191594 0.99076337 -0.018169645
1642661825311114.5 0.74515784 0.34994912 -0.4070653 -0.061563905 0.10502186 0.99250185 -0.010969902
1642661825344448.5 0.64671785 0.42172667 -0.52921784 -0.07698689 0.0931054 0.99264425 0.0078632105
1642661825377781.5 0.52847105 0.45620504 -0.6729137 -0.09524381 0.081530094 0.9918172 0.024088658
1642661825411114.5 0.46228477 0.4997786 -0.8099232 -0.11629275 0.071064085 0.989864 0.039939336
1642661825444448.0 0.43347195 0.5061983 -0.93005145 -0.1352256 0.06396352 0.9875302 0.049059566
1642661825477781.5 0.39446187 0.5144072 -1.028105 -0.1457191 0.059779406 0.9859445 0.055730253
1642661825511114.5 0.3937243 0.5226632 -1.1029356 -0.15255737 0.05663355 0.98473364 0.061795127
1642661825544448.5 0.41742605 0.4755711 -1.1389287 -0.15349881 0.05972925 0.9840843 0.06669777
1642661825577781.5 0.42184618 0.44584322 -1.1596209 -0.14683394 0.06423967 0.98406124 0.07704918
1642661825611114.0 0.44635588 0.39358252 -1.1453269 -0.13863468 0.068555534 0.9841903 0.08631361
1642661825644448.5 0.49313694 0.3666027 -1.0896848 -0.13117577 0.0718864 0.9839215 0.0975896
1642661825677781.5 0.47890136 0.26202586 -1.0196296 -0.116521 0.07008365 0.9858465 0.09807057
1642661825711114.5 0.46520478 0.2641109 -0.92223597 -0.09949624 0.06258591 0.98768777 0.10322994
1642661825744448.5 0.46010837 0.20483167 -0.79836065 -0.082066834 0.051196773 0.99065936 0.09611466
1642661825777781.0 0.45752254 0.15035374 -0.6402704 -0.064863846 0.037459116 0.9938095 0.08204964
1642661825811114.5 0.459062 0.13026802 -0.46913165 -0.046658136 0.019775258 0.9967479 0.06265477
1642661825844448.5 0.44246238 0.14193901 -0.30185935 -0.023792312 -0.0048287744 0.99893135 0.039330423
1642661825877781.5 0.45696205 0.19513796 -0.15293097 0.001399195 -0.028204601 0.9994653 0.016484693
1642661825911114.5 0.5180178 0.22339416 -0.03169071 0.023066984 -0.048671186 0.99852437 -0.006935484
1642661825944448.0 0.59510297 0.3030401 0.03200019 0.034134936 -0.064786784 0.9971555 -0.017845431
1642661825977781.5 0.6688849 0.3649155 0.036165703 0.031600606 -0.07484566 0.99640906 -0.023843288
1642661826011114.5 0.72526413 0.42732638 -0.011190004 0.019287162 -0.083048284 0.99611545 -0.022022273
1642661826044448.5 0.8187353 0.47621804 -0.084038466 -0.0037459875 -0.09170573 0.99563986 -0.016654696
1642661826077781.5 0.8587696 0.5217005 -0.19024229 -0.021597143 -0.10333511 0.9943727 -0.008850738
1642661826111114.0 0.86745965 0.5361649 -0.30202857 -0.03560259 -0.11626416 0.9925799 -0.00058463594
1642661826144448.5 0.91315794 0.59339076 -0.42043778 -0.049431406 -0.13540994 0.98942256 0.016237048
1642661826177781.5 0.8985441 0.61099195 -0.5379062 -0.05417222 -0.1558016 0.9857881 0.03182944
1642661826211114.5 0.8653925 0.62629765 -0.65616435 -0.053018793 -0.17815672 0.9813086 0.04982626
1642661826244448.5 0.8291678 0.63792914 -0.74525183 -0.04918191 -0.20157778 0.97570175 0.07038268
1642661826277781.0 0.74197394 0.6374057 -0.82102185 -0.036766037 -0.22154701 0.97029406 0.08997051
1642661826311114.5 0.616969 0.6541038 -0.896493 -0.019814827 -0.23849547 0.9647745 0.10925884
1642661826344448.5 0.5051762 0.6586268 -0.9275013 -0.007824803 -0.25195178 0.95973885 0.1239377
1642661826377781.5 0.35630137 0.6977185 -0.950844 0.0033588526 -0.2658699 0.9541064 0.13777861
1642661826411114.5 0.14118879 0.7404802 -0.9172042 0.0147271715 -0.27764106 0.9492293 0.14718145
1642661826444448.0 0.008856624 0.7242729 -0.9193682 0.008452409 -0.2916093 0.9448979 0.14852808
1642661826477781.5 -0.20850421 0.70964634 -0.8937264 0.006182596 -0.30827853 0.94051576 0.14267571
1642661826511114.5 -0.443583 0.7344201 -0.81385624 0.007218367 -0.32960075 0.9345571 0.13384452
1642661826544448.5 -0.6267953 0.7872686 -0.7452398 0.010428929 -0.35082674 0.92760414 0.12791559
1642661826577781.5 -0.82020974 0.81579673 -0.6275834 0.022981646 -0.37036783 0.9208505 0.11972433
1642661826611114.0 -0.97605276 0.85261184 -0.4883876 0.042554315 -0.38836834 0.91346806 0.11373325
1642661826644448.5 -1.1269926 0.9177665 -0.31634378 0.07064028 -0.40602055 0.90455776 0.109236255
1642661826677781.5 -1.29263 0.94959617 -0.13053283 0.10252919 -0.4216982 0.89566195 0.09720164
1642661826711114.5 -1.4124496 0.9850731 0.0628102 0.13242278 -0.4367755 0.8859569 0.08229105
1642661826744448.5 -1.5031562 1.0078651 0.23279887 0.1577441 -0.4492083 0.8771777 0.062353503
1642661826777781.0 -1.506768 1.0790845 0.38366276 0.17832865 -0.45655063 0.8701132 0.051610216
1642661826811114.5 -1.5179198 1.1067548 0.49910468 0.19739248 -0.4590209 0.8653966 0.03774492
1642661826844448.5 -1.5178165 1.1189119 0.57289845 0.21057096 -0.45638615 0.86413497 0.025345327
1642661826877781.5 -1.517312 1.1374298 0.5924526 0.21330732 -0.4484908 0.8678187 0.015708543
1642661826911114.5 -1.5315065 1.120964 0.55843174 0.20668581 -0.4408471 0.8734356 0.006716143
1642661826944448.0 -1.5193331 1.1317426 0.4942419 0.19419882 -0.4366617 0.8783884 0.0068683303
1642661826977781.5 -1.5092998 1.1590136 0.38988018 0.17965567 -0.4355894 0.88195944 0.011545208
1642661827011114.5 -1.4832258 1.1625903 0.23764968 0.15848322 -0.43413156 0.88659203 0.019172043
1642661827044448.5 -1.4403665 1.1747983 0.08314675 0.1360368 -0.4320984 0.89089185 0.033115696
1642661827077781.5 -1.3678958 1.180569 -0.075476885 0.111730464 -0.42611086 0.8963385 0.050230753
1642661827111114.0 -1.3038659 1.1840217 -0.28138953 0.086793505 -0.41449177 0.9033546 0.067927085
1642661827144448.5 -1.2071674 1.1417079 -0.44861418 0.06356972 -0.40015617 0.9106364 0.08108803
1642661827177781.5 -1.0601959 1.1272105 -0.61755997 0.03873916 -0.3839815 0.91735184 0.09758695
1642661827211114.5 -0.9309275 1.1179368 -0.7532282 0.018907849 -0.36782986 0.922694 0.113928035
1642661827244448.5 -0.7930989 1.025102 -0.8862078 -0.0012581731 -0.3469159 0.9297766 0.12313966
1642661827277781.0 -0.6375488 0.9897489 -0.9628285 -0.017794313 -0.32540932 0.9351726 0.13872415
1642661827311114.5 -0.48980162 0.9372031 -0.9927839 -0.033459257 -0.3060167 0.9394379 0.15063435
1642661827344448.5 -0.35596144 0.86510766 -0.9990129 -0.047959827 -0.28581432 0.94421685 0.15641172
1642661827377781.5 -0.22774597 0.7766263 -0.9482727 -0.05930846 -0.2681171 0.9488458 0.15584442
1642661827411114.5 -0.09986848 0.6914797 -0.87823707 -0.06767561 -0.25035608 0.95384985 0.15136866
1642661827444448.0 0.012282103 0.5606921 -0.741446 -0.07389948 -0.23351638 0.95962816 0.13828516
1642661827477781.5 0.15696713 0.53241944 -0.5905188 -0.081946515 -0.21688098 0.9642498 0.12833484
1642661827511114.5 0.2856664 0.44192675 -0.42453972 -0.08908723 -0.20094025 0.9700278 0.10359816
1642661827544448.5 0.42446506 0.36878017 -0.26383728 -0.09067578 -0.18688518 0.9753376 0.074621566
1642661827577781.5 0.6045745 0.30326194 -0.12701254 -0.08585731 -0.17362079 0.97976387 0.05046959
1642661827611114.0 0.78314495 0.25507912 -0.060643308 -0.074636385 -0.15804723 0.9840295 0.03371305
1642661827644448.5 0.96983755 0.228843 -0.035209052 -0.070797145 -0.14194989 0.9869653 0.027157992
1642661827677781.5 1.1471934 0.1879544 -0.09278286 -0.07684591 -0.12536626 0.9887739 0.02653747
1642661827711114.5 1.3274388 0.20542514 -0.17550643 -0.094509296 -0.108348645 0.98892164 0.036915123
1642661827744448.5 1.5222108 0.20024028 -0.2819331 -0.11960429 -0.091024205 0.98751163 0.047225136
1642661827777781.0 1.7157165 0.20919931 -0.41837236 -0.14284024 -0.0721531 0.98534375 0.059062466
1642661827811114.5 1.9017221 0.2044008 -0.53678983 -0.16291034 -0.052965745 0.9828172 0.06874149
1642661827844448.5 2.0867512 0.19553071 -0.6300142 -0.179833 -0.029934442 0.98015213 0.077883795
1642661827877781.5 2.279395 0.15656525 -0.7004968 -0.19526711 -0.0026236877 0.9772021 0.083306886
1642661827911114.5 2.4207861 0.14944512 -0.7641379 -0.20548375 0.027822692 0.9739903 0.091352805
1642661827944448.0 2.5507421 0.094151676 -0.7924452 -0.21795756 0.057571575 0.96943915 0.096787594
1642661827977781.5 2.687026 0.06135517 -0.7958416 -0.23485257 0.08550186 0.96268266 0.103806555
1642661828011114.5 2.7794015 2.8900802e-05 -0.7791507 -0.24949428 0.1124426 0.95597297 0.10594835
1642661828044448.5 2.8472817 -0.04410112 -0.6968515 -0.2637542 0.13339451 0.9494926 0.10537352
1642661828077781.5 2.8838565 -0.10792939 -0.6262419 -0.2706108 0.15114154 0.9456999 0.09786639
1642661828111114.0 2.9172077 -0.16501965 -0.48415518 -0.2752865 0.16740161 0.94296336 0.083751515
1642661828144448.5 2.8930764 -0.22155774 -0.32866493 -0.2768892 0.17853476 0.9416989 0.06827108
1642661828177781.5 2.8626497 -0.29837453 -0.16438514 -0.28005606 0.18858407 0.940156 0.045950647
1642661828211114.5 2.8021603 -0.33915403 0.008871645 -0.28375986 0.19258566 0.93907076 0.02317898
1642661828244448.5 2.7153072 -0.40273 0.17605942 -0.28385454 0.19244282 0.93933517 -0.0064707063
1642661828277781.0 2.6353197 -0.41552055 0.32160076 -0.2821269 0.18567431 0.940557 -0.035805643
1642661828311114.5 2.57984 -0.40573645 0.45589194 -0.276066 0.17565235 0.9430037 -0.06064601
1642661828344448.5 2.5540705 -0.37336123 0.54014856 -0.2643164 0.16974567 0.9462725 -0.07675718
1642661828377781.5 2.570735 -0.36653912 0.5873772 -0.2539268 0.16704535 0.9487387 -0.08667113
1642661828411114.5 2.5674794 -0.3357381 0.56720436 -0.24714486 0.16573483 0.9512504 -0.08108118
1642661828444448.0 2.6082618 -0.35976782 0.5334387 -0.25231844 0.16571939 0.9504764 -0.07394
1642661828477781.5 2.6641283 -0.35882822 0.44404668 -0.2627525 0.17033608 0.94793946 -0.05794477
1642661828511114.5 2.783486 -0.38229963 0.37309062 -0.28249776 0.17680876 0.94195557 -0.04066298
1642661828544448.5 2.8710053 -0.41776854 0.2771644 -0.2963471 0.18568614 0.93664646 -0.019811496
1642661828577781.5 3.0009484 -0.45036173 0.17994055 -0.31005982 0.19850273 0.9297475 0.005401509
1642661828611114.0 3.1362696 -0.4699543 0.15584776 -0.32321554 0.2156413 0.92089933 0.031223916
1642661828644448.5 3.2712684 -0.54997885 0.08208513 -0.33175454 0.23015459 0.91346526 0.05048789
1642661828677781.5 3.389542 -0.6013732 0.085859 -0.34379697 0.24113514 0.90491396 0.069197804
1642661828711114.5 3.4839149 -0.619735 0.07912648 -0.35283208 0.24929392 0.89786834 0.0848209
1642661828744448.5 3.558084 -0.66526127 0.12779689 -0.359446 0.25262225 0.89397085 0.0882994
1642661828777781.0 3.6321402 -0.7311718 0.21973383 -0.36492518 0.25160906 0.89284855 0.0796495
1642661828811114.5 3.6223443 -0.7879087 0.32778704 -0.3666699 0.24781883 0.894368 0.06515387
1642661828844448.5 3.591369 -0.84864444 0.4742726 -0.36706182 0.24220742 0.89705384 0.043539908
1642661828877781.5 3.5781112 -0.8164956 0.6150728 -0.37225184 0.23546267 0.89739066 0.026000004
1642661828911114.5 3.5046978 -0.83167654 0.7910566 -0.37250963 0.23297666 0.8982987 -0.0042400323
1642661828944448.0 3.468957 -0.7766135 0.96510446 -0.37609148 0.22422978 0.8983865 -0.034320846
1642661828977781.5 3.407456 -0.6990718 1.1117437 -0.37087274 0.21323508 0.9012615 -0.06864401
1642661829011114.5 3.3831186 -0.61534566 1.2468119 -0.3674297 0.19818974 0.9026243 -0.104811944
1642661829044448.5 3.363255 -0.49861902 1.3333977 -0.36562884 0.18785904 0.90195686 -0.13228208
1642661829077781.5 3.361536 -0.34543622 1.3775892 -0.36981013 0.18095903 0.8992318 -0.14790733
1642661829111114.0 3.379688 -0.24966288 1.360966 -0.3742506 0.1741643 0.89651716 -0.16081144
1642661829144448.5 3.3970225 -0.12854856 1.3133845 -0.38134542 0.1700815 0.89341336 -0.16571225
1642661829177781.5 3.430935 -0.008864105 1.2344732 -0.38933986 0.16638017 0.89026254 -0.16782376
1642661829211114.5 3.468544 0.109129906 1.1418371 -0.39645472 0.16143091 0.887894 -0.16854694
1642661829244448.5 3.499298 0.19019198 1.0581081 -0.40015557 0.15680893 0.8863489 -0.17225617
1642661829277781.0 3.5290558 0.27112946 0.95956564 -0.39882165 0.15231724 0.8881298 -0.170195
1642661829311114.5 3.5440488 0.32128492 0.87218827 -0.397478 0.15161301 0.8900987 -0.16355123
1642661829344448.5 3.5878441 0.2669217 0.793171 -0.39906287 0.15176891 0.8906865 -0.1561816
1642661829377781.5 3.6143975 0.20399404 0.7028115 -0.4057402 0.1589235 0.88911647 -0.13996504
1642661829411114.5 3.6364894 0.10129559 0.6675898 -0.41673896 0.16666445 0.8853205 -0.121488005
1642661829444448.0 3.6642022 -0.022636712 0.6014137 -0.42786196 0.17176934 0.88166374 -0.10049159
1642661829477781.5 3.6819758 -0.1629132 0.55387074 -0.43616903 0.17625545 0.87880117 -0.07999464
1642661829511114.5 3.6856356 -0.28086168 0.5170082 -0.43900642 0.18246217 0.8778284 -0.058294922
1642661829544448.5 3.6722257 -0.38640416 0.48112124 -0.4365187 0.18995203 0.878587 -0.038138207
1642661829577781.5 3.6493335 -0.4706444 0.44511855 -0.43288112 0.19589454 0.8797073 -0.018825853
1642661829611114.0 3.5963526 -0.5404833 0.41700947 -0.4241555 0.20010184 0.8831976 -0.0036557189
1642661829644447.5 3.5035794 -0.58945274 0.40525532 -0.41427416 0.20010154 0.8878488 0.0078077186
1642661829677781.5 3.3895612 -0.62861085 0.39123607 -0.40356654 0.19424771 0.8939728 0.014649021
1642661829711114.5 3.2511783 -0.5770776 0.3904731 -0.3923802 0.17865741 0.90203375 0.021318829
1642661829744448.5 3.0895495 -0.54480624 0.4068284 -0.3764133 0.15602496 0.9131027 0.0145882405
1642661829777781.0 2.9022453 -0.4984846 0.4461381 -0.35436174 0.1302393 0.9259925 -0.0018509186
1642661829811114.5 2.7301161 -0.41233373 0.5205586 -0.32868335 0.100134954 0.93877923 -0.025176471
1642661829844448.5 2.5894933 -0.27280915 0.58679986 -0.3015717 0.07266155 0.9494173 -0.048802294
1642661829877781.5 2.4875796 -0.11522703 0.6638918 -0.2768508 0.047888525 0.95704633 -0.071573175
1642661829911114.5 2.4073853 0.04821258 0.7233502 -0.25342813 0.027806116 0.9626054 -0.09160715
1642661829944448.0 2.3603263 0.20179445 0.7533876 -0.23673448 0.014959362 0.96579415 -0.104760185
1642661829977781.5 2.3592837 0.34855276 0.749756 -0.23036031 0.009163829 0.96665657 -0.111468345
1642661830011114.5 2.3638513 0.4631715 0.6997915 -0.22842568 0.00730996 0.9670064 -0.11254782
1642661830044448.5 2.3724618 0.50312966 0.62286496 -0.22946581 0.012288729 0.9668436 -0.11139068
1642661830077781.5 2.4576647 0.54835886 0.54104453 -0.23833136 0.023840606 0.965726 -0.100015275
1642661830111114.0 2.5173528 0.50300497 0.4358145 -0.24528526 0.033063296 0.96524286 -0.08395359
1642661830144447.5 2.6087794 0.4138667 0.3362525 -0.25650492 0.04542219 0.96344393 -0.06259294
1642661830177781.5 2.702716 0.3294261 0.20718676 -0.26985422 0.059802376 0.96047044 -0.033149075
1642661830211114.5 2.7914448 0.23432887 0.09099612 -0.2819305 0.07198298 0.95673066 0.00018370357
1642661830244448.5 2.8866436 0.11945518 -0.025844604 -0.29121116 0.08134302 0.95262635 0.032899886
1642661830277781.0 2.9865613 -0.0009536464 -0.12525904 -0.29756835 0.08901268 0.9483312 0.06479115
1642661830311114.5 3.0664735 -0.105504975 -0.19627962 -0.30027303 0.09445925 0.94441235 0.094862826
1642661830344448.5 3.1288588 -0.18467844 -0.25344092 -0.30159116 0.09365031 0.9407317 0.123678125
1642661830377781.5 3.1732113 -0.26864737 -0.28329867 -0.30280748 0.08892917 0.937467 0.14681627
1642661830411114.5 3.1875303 -0.33581787 -0.30740058 -0.30212292 0.075479016 0.9358529 0.16493662
1642661830444448.0 3.1752934 -0.39521545 -0.24851453 -0.30075708 0.055995394 0.93605226 0.17382717
1642661830477781.5 3.1128643 -0.41253895 -0.20565194 -0.29215103 0.022328446 0.9392665 0.17868339
1642661830511114.5 3.0780118 -0.44949907 -0.09996134 -0.2847545 -0.01287487 0.94344735 0.1692816
1642661830544448.5 3.0270336 -0.43962896 -0.023422062 -0.27036846 -0.0506157 0.9492212 0.15270314
1642661830577781.5 2.8824973 -0.4272824 0.100396775 -0.24685207 -0.0875634 0.95654297 0.1281497
1642661830611114.0 2.8423645 -0.38859856 0.2512676 -0.22949308 -0.123478234 0.96032786 0.09927992
1642661830644447.5 2.864676 -0.30111182 0.40844738 -0.2114706 -0.15075982 0.9630954 0.070703246
1642661830677781.5 2.8967836 -0.16840297 0.5362554 -0.19008465 -0.17809694 0.96419775 0.049719885
1642661830711114.5 2.9131234 -0.0892081 0.6346443 -0.16843568 -0.20127155 0.9645487 0.02765796
1642661830744448.5 2.9631653 0.029288441 0.7044116 -0.15502872 -0.217343 0.9635665 0.01636407
1642661830777781.0 3.0335712 0.16699174 0.7345107 -0.15399195 -0.22661066 0.96166676 0.011453987
1642661830811114.5 3.1288388 0.21481743 0.71967185 -0.1640638 -0.2354745 0.95792264 0.0043643005
1642661830844448.5 3.1700535 0.31922472 0.6833589 -0.17188041 -0.23781675 0.955937 0.009204819
1642661830877781.5 3.2417011 0.35160112 0.6191199 -0.18593247 -0.24342543 0.95184606 0.012738088
1642661830911114.5 3.282627 0.39580196 0.5074415 -0.19398656 -0.24619445 0.9492937 0.024475355
1642661830944448.0 3.326986 0.3739972 0.42755857 -0.2047831 -0.2484196 0.94583446 0.04181862
1642661830977781.5 3.3463106 0.42999834 0.26791945 -0.20582217 -0.24689089 0.9438962 0.07577767
1642661831011114.5 3.2957275 0.34275347 0.105187744 -0.20854399 -0.25106108 0.939772 0.101519845
1642661831044448.5 3.2757869 0.33470106 -0.028321102 -0.21586211 -0.25537103 0.9327771 0.13459608
1642661831077781.5 3.2025318 0.25436324 -0.18434197 -0.2231676 -0.2639586 0.92483884 0.15873025
1642661831111114.0 3.1185102 0.24459678 -0.31031704 -0.23172273 -0.272367 0.9152307 0.18567088
1642661831144447.5 2.995808 0.21340126 -0.4361303 -0.23933889 -0.28697258 0.9043227 0.2063108
1642661831177781.5 2.8356647 0.20008457 -0.5331174 -0.24351862 -0.29881665 0.8957055 0.22162811
1642661831211114.5 2.6594965 0.14630347 -0.61699784 -0.24427524 -0.31375664 0.8890789 0.22677107
1642661831244448.5 2.5588868 0.27320373 -0.66014326 -0.24109429 -0.3258423 0.8819248 0.24064308
1642661831277781.0 2.3310685 0.31892514 -0.7087091 -0.22686641 -0.34887615 0.877624 0.23789354
1642661831311114.5 2.0973163 0.35106814 -0.68054146 -0.21032116 -0.3654074 0.8781956 0.22586513
1642661831344448.5 1.8614818 0.47817028 -0.6947162 -0.18397902 -0.38599512 0.87802964 0.21499656
1642661831377781.5 1.7436209 0.5542128 -0.521485 -0.17801847 -0.40655458 0.87308973 0.2018347
1642661831411114.5 1.5875164 0.69169307 -0.4544389 -0.1582453 -0.43232846 0.8689462 0.18161252
1642661831444448.0 1.4593558 0.79810977 -0.35058317 -0.14470649 -0.4539209 0.86464304 0.15939972
1642661831477781.5 1.3518368 0.8975772 -0.26000312 -0.13065054 -0.47155845 0.8613174 0.13673177
1642661831511114.5 1.345973 1.0463504 -0.12419078 -0.11639038 -0.48895842 0.85536575 0.12538923
1642661831544448.5 1.3389755 1.1335704 -0.022304744 -0.10162377 -0.4970796 0.8546196 0.11049776
1642661831577781.5 1.3885895 1.203697 0.07568017 -0.08993044 -0.50127006 0.854856 0.09930846
1642661831611114.0 1.4760252 1.260694 0.17782132 -0.08180969 -0.50233096 0.85618675 0.08896701
1642661831644447.5 1.592444 1.289599 0.26589465 -0.077453285 -0.4993977 0.85948867 0.07669599
1642661831677781.5 1.7087588 1.2698874 0.330606 -0.07416065 -0.49319524 0.8645899 0.061180603
1642661831711114.5 1.8502345 1.2769585 0.40730196 -0.06854764 -0.48065206 0.8726657 0.052243967
1642661831744448.5 2.0021193 1.2225801 0.47810692 -0.06237841 -0.46464494 0.8822639 0.042713743
1642661831777781.0 2.1972811 1.1082258 0.556369 -0.05912997 -0.4478151 0.8914629 0.035485093
1642661831811114.5 2.3579326 1.0001905 0.63063407 -0.048126746 -0.42348608 0.9040573 0.031996936
1642661831844448.5 2.54171 0.89144814 0.66392523 -0.036338847 -0.3898404 0.91950333 0.034894753
1642661831877781.5 2.7072113 0.8120731 0.6942608 -0.02449618 -0.35232112 0.9344935 0.04463004
1642661831911114.5 2.8887753 0.6063305 0.69369113 -0.020820921 -0.3198613 0.946076 0.04685712
1642661831944448.0 3.0418234 0.45803383 0.69103473 -0.0176599 -0.2827814 0.95743126 0.055211283
1642661831977781.5 3.219973 0.30932307 0.66592187 -0.022968413 -0.23927791 0.9685021 0.064979754
1642661832011114.5 3.3525498 0.20272811 0.61882204 -0.029822003 -0.19447751 0.97725874 0.079086
1642661832044448.5 3.478062 0.03686087 0.553668 -0.044911202 -0.15147807 0.983495 0.08817638
1642661832077781.5 3.5588806 -0.12986976 0.50002515 -0.065486476 -0.10962669 0.9872731 0.0947918
1642661832111114.0 3.6431372 -0.19693753 0.42160952 -0.09068351 -0.06459393 0.98774195 0.10940767
1642661832144447.5 3.7063243 -0.3093661 0.37184078 -0.1256439 -0.023960939 0.9849825 0.11597009
1642661832177781.5 3.6882508 -0.42048836 0.281119 -0.15513083 0.011536107 0.9807325 0.11817413
1642661832211114.5 3.7094774 -0.49086633 0.24046496 -0.19358206 0.045493845 0.97265524 0.11999209
1642661832244448.5 3.6707866 -0.5644082 0.14886817 -0.22395332 0.07218527 0.9647345 0.1179898
1642661832277781.0 3.625507 -0.61889 0.11989315 -0.25544426 0.09375963 0.95559084 0.11315326
1642661832311114.5 3.5764172 -0.6278188 0.07256752 -0.28195155 0.11064541 0.9468227 0.10857162
1642661832344448.5 3.4879742 -0.6395792 0.014630616 -0.30172947 0.12503137 0.93986714 0.09988183
1642661832377781.5 3.4059083 -0.65151197 0.01590389 -0.32179195 0.13692477 0.93290305 0.085985936
1642661832411114.5 3.283156 -0.6578642 0.003618002 -0.3355481 0.14716111 0.9279528 0.06822532
1642661832444448.0 3.193131 -0.6302061 0.02534753 -0.35196495 0.15668713 0.92155176 0.048085783
1642661832477781.5 3.0851965 -0.56356466 0.05331832 -0.3651912 0.16671929 0.9155138 0.025972234
1642661832511114.5 2.9723954 -0.532238 0.082167566 -0.3748902 0.17528808 0.9103407 -0.003362762
1642661832544448.5 2.872467 -0.4708293 0.124703765 -0.38138905 0.18346219 0.9053467 -0.035091676
1642661832577781.5 2.79093 -0.38177487 0.18178922 -0.38499528 0.18875295 0.90095395 -0.06658074
1642661832611114.0 2.6887321 -0.25544953 0.2670736 -0.38395888 0.19150323 0.8978181 -0.09912006
1642661832644447.5 2.5924115 -0.18063635 0.32511088 -0.3751377 0.19275783 0.89606076 -0.13853267
1642661832677781.5 2.5416963 -0.009019613 0.38487884 -0.3673098 0.18465751 0.8968741 -0.16310112
1642661832711114.5 2.486116 0.11793786 0.44342777 -0.3514865 0.17421058 0.90022886 -0.18893372
1642661832744448.5 2.4820797 0.2449929 0.53888017 -0.3329132 0.16079909 0.90594643 -0.20633382
1642661832777781.0 2.5195622 0.370283 0.611299 -0.31311908 0.14856492 0.9133198 -0.21385002
1642661832811114.5 2.5771904 0.47902283 0.7131198 -0.2927067 0.13823572 0.92202455 -0.21233103
1642661832844448.5 2.6439912 0.47088388 0.76490694 -0.2670405 0.13360973 0.9307454 -0.21107057
1642661832877781.5 2.749725 0.4741078 0.8435388 -0.24820447 0.13475837 0.93817514 -0.20015523
1642661832911114.5 2.8827455 0.41843522 0.9075725 -0.22729231 0.13281229 0.947183 -0.18314907
1642661832944448.0 3.0102055 0.30040932 0.9481107 -0.20419648 0.13565086 0.9549172 -0.16743901
1642661832977781.5 3.1387942 0.20117861 0.9587435 -0.18309964 0.14083678 0.96264684 -0.14124648
1642661833011114.5 3.2768493 0.099939615 0.95415026 -0.16592486 0.14746767 0.9688211 -0.11003582
1642661833044448.5 3.4225643 -0.034680158 0.9473248 -0.15616496 0.1504698 0.9732209 -0.076239325
1642661833077781.5 3.5560246 -0.16318999 0.90596235 -0.14903598 0.15475325 0.97575635 -0.04170558
1642661833111114.0 3.691705 -0.23743123 0.83779305 -0.14663292 0.16157366 0.97590244 -0.0026745189
1642661833144447.5 3.8236094 -0.30922425 0.741156 -0.15025592 0.16798092 0.9736454 0.03493298
1642661833177781.5 3.8356183 -0.40248388 0.64499825 -0.15471344 0.16991462 0.97099346 0.066065125
1642661833211114.5 3.835959 -0.52233136 0.53615415 -0.16790572 0.1612428 0.96806693 0.093031906
1642661833244448.5 3.8690464 -0.56882703 0.4218033 -0.19011341 0.15423203 0.9619588 0.121262655
1642661833277781.0 3.861072 -0.57772416 0.29154107 -0.20938931 0.14270455 0.9561479 0.14687686
1642661833311114.5 3.8232207 -0.5782748 0.1577442 -0.22892614 0.124695875 0.95124125 0.1648755
1642661833344448.5 3.7035797 -0.58660173 0.07636294 -0.23950385 0.10185872 0.9492558 0.17656769
1642661833377781.5 3.5709026 -0.55101585 0.0009486079 -0.24824108 0.0702851 0.948091 0.1859033
1642661833411114.5 3.441745 -0.4720513 -0.035081983 -0.25738582 0.032639723 0.94656175 0.1915933
1642661833444448.0 3.3061893 -0.44309998 -0.05290523 -0.26789933 -0.010791108 0.9454487 0.18504143
1642661833477781.5 3.1424124 -0.36768207 -0.05774772 -0.2722274 -0.051214017 0.9452203 0.17270774
1642661833511114.5 2.9861333 -0.2576247 -0.010459483 -0.27478275 -0.088196926 0.9446249 0.15620376
1642661833544448.5 2.822687 -0.13043237 0.05386433 -0.27071056 -0.12068121 0.94575495 0.13303919
1642661833577781.5 2.6989064 0.0009685159 0.101720296 -0.26322916 -0.1494262 0.94708776 0.10680398
1642661833611114.0 2.5952501 0.13716567 0.18630847 -0.25481573 -0.16926506 0.9487969 0.07875798
1642661833644447.5 2.4878683 0.26999664 0.288465 -0.24514797 -0.18132348 0.9512778 0.045769244
1642661833677781.5 2.4122546 0.39711463 0.38822186 -0.23569407 -0.18886474 0.95322186 0.012106024
1642661833711114.5 2.3488104 0.5515367 0.48566237 -0.22401935 -0.19326983 0.9550951 -0.015983138
1642661833744448.5 2.3010325 0.63870513 0.5681682 -0.20913927 -0.1964552 0.9568464 -0.045946993
1642661833777781.0 2.2790995 0.7075558 0.64859265 -0.192572 -0.19688109 0.958975 -0.067237794
1642661833811114.5 2.283178 0.7416648 0.6765037 -0.17698306 -0.1933616 0.96164876 -0.08074679
1642661833844448.5 2.3026924 0.7585182 0.6639305 -0.16597754 -0.18996076 0.96402687 -0.08377705
1642661833877781.5 2.3286781 0.76404274 0.6180035 -0.15909618 -0.17872249 0.96763533 -0.08017814
1642661833911114.5 2.376413 0.6609752 0.5546448 -0.16208471 -0.16469754 0.96966016 -0.07976507
1642661833944448.0 2.422087 0.59235877 0.4029648 -0.16676454 -0.14470029 0.9728728 -0.0690653
1642661833977781.5 2.4900255 0.513231 0.25224662 -0.17920993 -0.12510446 0.97433585 -0.053873852
1642661834011114.5 2.536829 0.46797726 0.08435397 -0.19042175 -0.10854095 0.9751386 -0.032606225
1642661834044448.5 2.5594747 0.37669566 -0.10504457 -0.2003105 -0.088601604 0.97561663 -0.01405965
1642661834077781.5 2.597458 0.329936 -0.2690484 -0.21170297 -0.073965795 0.97445613 0.012096531
1642661834111114.0 2.6319716 0.2858289 -0.41196948 -0.22243212 -0.060815524 0.9722388 0.0397137
1642661834144447.5 2.6206694 0.24915895 -0.55405897 -0.22649983 -0.052883748 0.9702174 0.067670815
1642661834177781.5 2.6379242 0.23425351 -0.64402926 -0.23110335 -0.04764294 0.9670309 0.095774464
1642661834211114.5 2.6552086 0.23826607 -0.7033979 -0.23304528 -0.04444857 0.9636334 0.122983545
1642661834244448.5 2.6029742 0.24646115 -0.78190464 -0.22571811 -0.04218542 0.9623768 0.14526819
1642661834277781.0 2.3251166 0.025673822 -0.85263103 -0.2010062 -0.044316757 0.96859884 0.13945898
1642661834311114.5 2.3354864 -0.022511408 -0.79814714 -0.20688426 -0.045547165 0.96659833 0.14426406
1642661834344448.5 2.2257047 -0.061722144 -0.7585169 -0.20349032 -0.050766192 0.96725553 0.14293839
1642661834377781.5 2.1605415 -0.07594 -0.6990698 -0.20421997 -0.05714425 0.9672787 0.13928668
1642661834411114.5 2.052839 -0.09923286 -0.6017412 -0.2046611 -0.066649556 0.9678812 0.12991422
1642661834444447.0 1.9729532 -0.15905645 -0.49952292 -0.20747237 -0.074981466 0.9688308 0.112694
1642661834477781.5 1.8813125 -0.1683543 -0.37430888 -0.20607896 -0.08466856 0.9698894 0.09837375
1642661834511114.5 1.8200581 -0.18007925 -0.26140445 -0.20163293 -0.09536389 0.97151226 0.08008638
1642661834544448.5 1.769063 -0.19455695 -0.14497474 -0.18931648 -0.104602344 0.9741931 0.06454062
1642661834577781.5 1.7499698 -0.18497509 -0.073564835 -0.174635 -0.11018785 0.97680557 0.056675833
1642661834611114.0 1.7731878 -0.1980646 -0.0192621 -0.16507228 -0.11857346 0.9777889 0.05118957
1642661834644447.5 1.7876216 -0.16717423 -0.019790089 -0.15493436 -0.12317878 0.9787931 0.05278695
1642661834677781.5 1.845272 -0.20576791 -0.01649852 -0.15422364 -0.13063046 0.97795993 0.052393477
1642661834711114.5 1.9044156 -0.16874228 -0.07432242 -0.15327685 -0.13363378 0.976923 0.06534323
1642661834744448.5 2.0072677 -0.1787031 -0.116756186 -0.15879503 -0.13932464 0.97457623 0.07465952
1642661834777781.0 2.0831423 -0.12505381 -0.19797334 -0.16008465 -0.14520854 0.9720472 0.09171566
1642661834811114.5 2.2138994 -0.08740103 -0.25434613 -0.16673969 -0.15419348 0.96796 0.10712479
1642661834844448.5 2.336407 -0.054686487 -0.29539406 -0.17118265 -0.16029476 0.9646279 0.12039556
1642661834877781.5 2.4635532 -0.012652531 -0.33794188 -0.17541128 -0.163191 0.9614353 0.13506237
1642661834911114.5 2.5985804 -0.0077653527 -0.36618018 -0.18217847 -0.1573532 0.9599703 0.14320622
1642661834944447.0 2.7339847 -0.015174314 -0.3942485 -0.19186366 -0.14284243 0.95969373 0.14755447
1642661834977781.5 2.8696632 -0.023764044 -0.40837365 -0.20601885 -0.1200397 0.9596485 0.1490689
1642661835011114.5 3.0085385 -0.04175313 -0.4050085 -0.22431791 -0.09131533 0.9591384 0.1462758
1642661835044448.5 3.1469486 -0.10013523 -0.3718178 -0.24495196 -0.05810165 0.9582647 0.13546759
1642661835077781.5 3.2821372 -0.12321741 -0.2960822 -0.26593432 -0.021012325 0.9556921 0.12445928
1642661835111114.0 3.4120822 -0.16920699 -0.2108888 -0.2832668 0.023109013 0.95283216 0.10647485
1642661835144447.5 3.539448 -0.21443804 -0.09687674 -0.29672903 0.073835894 0.9484031 0.08385566
1642661835177781.5 3.6655605 -0.25973612 0.04622236 -0.30864495 0.13315323 0.9402037 0.0550043
1642661835211114.5 3.774362 -0.27359754 0.20208669 -0.3199645 0.19640006 0.92656136 0.02310583
1642661835244448.5 3.8722117 -0.2286346 0.4031366 -0.33675805 0.2587768 0.9052925 -0.008613116
1642661835277781.0 3.954752 -0.19684935 0.53241277 -0.35094208 0.3177266 0.8798279 -0.042336818
1642661835311114.5 3.9963331 -0.12588978 0.6703175 -0.36545008 0.36404794 0.8538013 -0.07027638
1642661835344448.5 3.9880335 -0.039598584 0.77051747 -0.3730169 0.3925903 0.8356521 -0.09174314
1642661835377781.5 3.9453743 -0.01087451 0.8196275 -0.3671405 0.40624294 0.8286975 -0.1159096
1642661835411114.5 3.8996587 0.05442524 0.8852397 -0.35662976 0.4057668 0.83051777 -0.13567936
1642661835444447.0 3.846547 0.08240497 0.88129586 -0.3370799 0.39580113 0.8411667 -0.14885338
1642661835477781.5 3.776568 0.09793496 0.9015247 -0.32025906 0.38154915 0.8534017 -0.15349239
1642661835511114.5 3.759161 0.08404553 0.8680148 -0.30791909 0.36313334 0.86772424 -0.14274025
1642661835544448.5 3.7463145 0.028699756 0.78109276 -0.3016674 0.34699664 0.87996465 -0.119383626
1642661835577781.5 3.7439084 -0.07032049 0.73760873 -0.303877 0.33015564 0.8891458 -0.089865886
1642661835611114.0 3.7578769 -0.19864076 0.6666131 -0.30612206 0.31614086 0.8960801 -0.058179215
1642661835644447.5 3.7940574 -0.30838573 0.6400224 -0.31360307 0.2985745 0.90110165 -0.02285123
1642661835677781.5 3.8037374 -0.3835042 0.6041882 -0.31653714 0.28217828 0.90556306 0.011633354
1642661835711114.5 3.8220692 -0.44518644 0.5618086 -0.31186357 0.26422545 0.9117675 0.040077113
1642661835744448.5 3.823574 -0.50368786 0.5938385 -0.30238748 0.24457425 0.91943467 0.058182787
1642661835777781.0 3.833366 -0.54365945 0.62420166 -0.2886308 0.22738129 0.92765796 0.06663857
1642661835811114.5 3.8454466 -0.57363546 0.65829694 -0.2768828 0.20021342 0.9371314 0.070960104
1642661835844448.5 3.802769 -0.5906492 0.7368072 -0.26470265 0.17858994 0.9454228 0.06491421
1642661835877781.5 3.7787364 -0.5671218 0.83779275 -0.25509647 0.16023488 0.9521091 0.05233537
1642661835911114.5 3.7062678 -0.51757324 0.96045846 -0.24027999 0.1444544 0.9592952 0.033929978
1642661835944447.0 3.6777344 -0.43548128 1.0631788 -0.22327107 0.13604419 0.96517 0.009427482
1642661835977781.5 3.6622362 -0.35093656 1.1997919 -0.20816521 0.13164698 0.96897286 -0.020686628
1642661836011114.5 3.6383262 -0.24056903 1.2853153 -0.19234829 0.13332604 0.9709061 -0.05067378
1642661836044448.5 3.62538 -0.10478242 1.3656992 -0.18706377 0.1371331 0.9696341 -0.077532925
1642661836077781.5 3.5950053 0.027961656 1.3891677 -0.18822011 0.13983789 0.9671039 -0.09863388
1642661836111114.0 3.5290914 0.1847677 1.3609955 -0.19546844 0.14212194 0.9639172 -0.111611806
1642661836144447.5 3.4806652 0.2741973 1.3007839 -0.20606191 0.13765582 0.9610275 -0.12253804
1642661836177781.5 3.3990197 0.37451416 1.2184758 -0.21811903 0.13103865 0.9588742 -0.12575054
1642661836211114.5 3.3276002 0.44294006 1.1097615 -0.23073725 0.11817654 0.95758736 -0.1257824
1642661836244448.5 3.2173324 0.46224657 0.98951536 -0.2398332 0.10037738 0.9578732 -0.121997304
1642661836277781.0 3.1123686 0.44943488 0.87575495 -0.24884136 0.07744773 0.95867896 -0.11408129
1642661836311114.5 3.0020337 0.45127064 0.7494247 -0.25641298 0.053385634 0.9603447 -0.095606446
1642661836344448.5 2.8927045 0.39126056 0.6124968 -0.2621506 0.031216914 0.96144855 -0.076936625
1642661836377781.5 2.7794478 0.30972072 0.48227233 -0.26553324 0.011505608 0.96246505 -0.05496239
1642661836411114.5 2.6684294 0.21682708 0.36913973 -0.26816761 -0.003570575 0.9629046 -0.029801605
1642661836444447.0 2.5540113 0.13682352 0.24182096 -0.26979488 -0.012488726 0.96283215 -0.0030123969
1642661836477781.5 2.435099 0.06824455 0.13531512 -0.27368414 -0.01918618 0.9613184 0.024411624
1642661836511114.5 2.3229542 0.002341345 0.057103038 -0.2773146 -0.023647534 0.95917565 0.05019572
1642661836544448.5 2.1775658 -0.03878277 -0.016792223 -0.2693181 -0.028097223 0.9597795 0.07417357
1642661836577781.5 2.0492382 -0.08874478 -0.03463924 -0.25429064 -0.028986735 0.9622409 0.0926747
1642661836611114.0 1.8609892 -0.120250806 -0.05985085 -0.22855102 -0.03613072 0.96701956 0.106453165
1642661836644447.5 1.7026273 -0.099174015 -0.046442892 -0.20126583 -0.04827916 0.9710459 0.11929416
1642661836677781.5 1.546829 -0.056523643 -0.0074296035 -0.17331964 -0.07098498 0.9742166 0.12579155
1642661836711114.5 1.3608243 0.023321904 0.05635038 -0.14607176 -0.105846696 0.9756766 0.12455797
1642661836744448.5 1.1782113 0.121887565 0.122076556 -0.122190386 -0.14720847 0.9748091 0.11465738
1642661836777781.0 1.0368876 0.23458685 0.21637368 -0.10023204 -0.1896594 0.97180843 0.097832866
1642661836811114.5 0.9114151 0.3619563 0.30357864 -0.07045664 -0.23074043 0.96722996 0.079126246
1642661836844448.5 0.81940717 0.48337582 0.37840036 -0.03674184 -0.26367828 0.9619177 0.06195305
1642661836877781.5 0.8145719 0.6307632 0.4308048 -0.01166117 -0.28589377 0.9565193 0.056566026
1642661836911114.5 0.7786274 0.73527175 0.4399206 0.0010201997 -0.30391958 0.9516699 0.044231344
1642661836944447.0 0.7680652 0.8325897 0.39568317 -0.0049544754 -0.32053232 0.94669944 0.03154002
1642661836977781.5 0.7578655 0.9575652 0.32800004 -0.019507235 -0.33742073 0.94087356 0.022884298
1642661837011114.5 0.7455169 1.0875767 0.24107285 -0.03771666 -0.35891908 0.932472 0.015831387
1642661837044448.5 0.7222858 1.1923033 0.14070234 -0.054607525 -0.3879029 0.92004335 0.008352539
1642661837077781.5 0.69903874 1.2841109 0.053237382 -0.06342828 -0.4213045 0.90466356 0.00795261
1642661837111114.0 0.6484072 1.3542043 -0.0107226595 -0.05757554 -0.45301232 0.88943094 0.019431956
1642661837144447.5 0.5649219 1.3767881 -0.08387321 -0.03718649 -0.4847318 0.87299186 0.039211273
1642661837177781.5 0.51460797 1.4051396 -0.10618673 -0.014787854 -0.50993645 0.8570718 0.071931414
1642661837211114.5 0.46551445 1.4207444 -0.09915311 0.010214862 -0.5311995 0.83998877 0.11018945
1642661837244448.5 0.3732436 1.3888793 -0.10671021 0.035175305 -0.5448333 0.82602817 0.13998908
1642661837277781.0 0.32906714 1.3506407 -0.10713638 0.051953856 -0.5580878 0.8108743 0.16829067
1642661837311114.5 0.2426188 1.2645012 -0.11358778 0.06857329 -0.56557834 0.8005069 0.18603146
1642661837344448.5 0.26040232 1.2131848 -0.10882777 0.07662243 -0.56645626 0.79421324 0.20611075
1642661837377781.5 0.21468887 1.1088157 -0.07091215 0.087185286 -0.56305987 0.7950885 0.20783782
1642661837411114.5 0.17957884 1.0227557 -0.052558213 0.096721396 -0.55575174 0.80022323 0.20353818
1642661837444447.0 0.19920492 0.98902947 0.002241969 0.10424738 -0.54387003 0.8083849 0.19962919
1642661837477781.5 0.18911573 0.9333422 0.07546206 0.11024199 -0.52493304 0.82357305 0.18444392
1642661837511114.5 0.3480699 0.9967321 0.16625917 0.10464439 -0.5007556 0.8388884 0.18590215
1642661837544448.5 0.37232214 0.9570167 0.24231125 0.10331036 -0.47876066 0.8572268 0.15898891
1642661837577781.5 0.4187656 0.92611444 0.31376627 0.10084402 -0.4557795 0.87494534 0.12870993
1642661837611114.0 0.4808758 0.9312637 0.39148194 0.10028822 -0.43290856 0.8901612 0.10072451
1642661837644447.5 0.5270198 0.95533454 0.45285475 0.102326445 -0.4083413 0.90406847 0.07380401
1642661837677781.5 0.57898384 0.9627777 0.48034585 0.099812455 -0.38307726 0.91700596 0.048881974
1642661837711114.5 0.63127166 0.99936974 0.4905129 0.09106308 -0.35604528 0.92939144 0.034218363
1642661837744448.5 0.65741396 0.97503364 0.45603353 0.07323474 -0.33038196 0.9408491 0.01695256
1642661837777781.0 0.66189754 0.968683 0.40027726 0.050567076 -0.29947725 0.9526963 0.011235959
1642661837811114.5 0.66654813 0.9615419 0.31734994 0.025501793 -0.26772162 0.9629966 0.017677112
1642661837844448.5 0.6326051 0.86519104 0.19348457 0.003550213 -0.23638692 0.97145885 0.019400707
1642661837877781.5 0.6907569 0.7492234 0.06434711 -0.023364848 -0.20131187 0.9788137 0.029178713
1642661837911114.5 0.7122421 0.69057643 -0.04835599 -0.036367513 -0.16729163 0.984031 0.04872399
1642661837944447.0 0.7983269 0.5867914 -0.16708255 -0.051763948 -0.13318984 0.9875972 0.06505978
1642661837977781.5 0.8291214 0.46201026 -0.2660715 -0.054289293 -0.0989854 0.9906802 0.07620554
1642661838011114.5 0.89945793 0.37233627 -0.35373357 -0.0577581 -0.06593019 0.9920579 0.09021262
1642661838044448.5 0.96929866 0.2767371 -0.4041684 -0.06139868 -0.03360513 0.99241114 0.101099074
1642661838077781.5 1.0305846 0.20887414 -0.45604068 -0.06957958 -0.0034627784 0.9911432 0.11305692
1642661838111114.0 1.0851657 0.15692697 -0.47747913 -0.08625663 0.022429138 0.9884917 0.122232705
1642661838144447.5 1.1266209 0.12483716 -0.4738966 -0.10635969 0.040664297 0.9854736 0.12600003
1642661838177781.5 1.18878 0.06434814 -0.43059212 -0.12633601 0.05761022 0.9829496 0.12054235
1642661838211114.5 1.2493081 0.03695689 -0.3689285 -0.13972898 0.067988254 0.9817764 0.10940053
1642661838244448.5 1.2216663 0.05439556 -0.2519493 -0.13630785 0.07640202 0.9833701 0.09255351
1642661838277781.0 1.2487603 0.03517972 -0.09540602 -0.13264994 0.075364746 0.9863766 0.06152553
1642661838311114.5 1.221459 0.11058571 0.027155284 -0.115560114 0.0750718 0.98979366 0.036313776
1642661838344448.5 1.2198695 0.14677407 0.14728265 -0.097746566 0.071061976 0.9926669 0.0028866488
1642661838377781.5 1.251523 0.2222345 0.25911883 -0.0816257 0.064930074 0.9942556 -0.024024563
1642661838411114.5 1.2993338 0.30716607 0.3288141 -0.06708398 0.062490888 0.9948151 -0.04401808
1642661838444447.0 1.3462151 0.36333042 0.35952124 -0.05535054 0.06274526 0.9947092 -0.059606604
1642661838477781.5 1.4233121 0.38044232 0.3553818 -0.053445064 0.06503438 0.9938527 -0.07191015
1642661838511114.5 1.4385718 0.44959092 0.310444 -0.05148397 0.06795746 0.9939455 -0.069308355
1642661838544448.5 1.5255162 0.43649602 0.23993337 -0.06243303 0.06990024 0.99324846 -0.0683635
1642661838577781.5 1.555474 0.4626129 0.1578784 -0.06983477 0.0738188 0.9932311 -0.056266386
1642661838611114.0 1.6462423 0.48667222 0.038527463 -0.082999066 0.07474705 0.99286664 -0.04171262
1642661838644447.5 1.7645272 0.49674213 -0.05375079 -0.09751368 0.074548304 0.9920884 -0.026351456
1642661838677781.5 1.8535028 0.51181805 -0.15726438 -0.106185436 0.075051025 0.99145633 -0.010319955
1642661838711114.5 1.9321588 0.52698123 -0.25034308 -0.113356225 0.07592643 0.9906409 0.004034745
1642661838744448.5 2.0154784 0.53824294 -0.3175204 -0.12176631 0.07600276 0.98953027 0.015049324
1642661838777781.0 2.0589223 0.5373312 -0.36490658 -0.12771203 0.07586274 0.9886471 0.02261558
1642661838811114.5 2.0785663 0.54612416 -0.3935068 -0.13302557 0.07584758 0.98777616 0.02915029
1642661838844448.5 2.1045089 0.53781927 -0.37137008 -0.14178236 0.076318756 0.9865004 0.029839357
1642661838877781.5 2.1167722 0.5292401 -0.33294764 -0.14986335 0.075197145 0.9854609 0.027446264
1642661838911114.5 2.1043162 0.5166716 -0.27357545 -0.15515079 0.07446962 0.9848727 0.020205235
1642661838944447.0 2.059222 0.47790593 -0.15619668 -0.15626736 0.0722935 0.9850385 0.0073015266
1642661838977781.5 1.9742997 0.4385747 -0.056921035 -0.14907618 0.06616392 0.9865739 -0.008404739
1642661839011114.5 1.9049942 0.4003992 0.06783467 -0.14231081 0.05731573 0.9877855 -0.02724459
1642661839044448.5 1.828293 0.38902828 0.18180408 -0.13342796 0.04561261 0.98895997 -0.045548167
1642661839077781.5 1.7231445 0.36489707 0.29024586 -0.118071884 0.030976363 0.990421 -0.06454337
1642661839111114.0 1.6576177 0.37616718 0.34976944 -0.10130933 0.016353797 0.9917932 -0.07625734
1642661839144447.5 1.6134528 0.35714257 0.3826129 -0.086166665 0.0065938598 0.9924749 -0.08674965
1642661839177781.5 1.586526 0.34664008 0.36595637 -0.07422545 -1.1359307e-05 0.9933834 -0.0876367
1642661839211114.5 1.5243492 0.31200838 0.28730953 -0.06748359 -0.0021899836 0.9942707 -0.08286716
1642661839244447.5 1.4850245 0.33844265 0.16195594 -0.07441091 0.002216393 0.9951817 -0.063809715
1642661839277781.0 1.4522438 0.2801983 -0.00016480894 -0.088436104 0.007320084 0.9948618 -0.04873899
1642661839311114.5 1.4284124 0.281855 -0.16620646 -0.10672213 0.0125463335 0.9939598 -0.0222922
1642661839344448.5 1.4163731 0.2626526 -0.34333682 -0.12451834 0.016737454 0.99205667 0.0062213754
1642661839377781.5 1.392329 0.24164909 -0.5071237 -0.13701785 0.019955738 0.989697 0.0364387
1642661839411114.5 1.3343672 0.21839315 -0.6666992 -0.14197528 0.020745264 0.9875031 0.06519445
1642661839444447.0 1.2920506 0.1824949 -0.8090688 -0.14235795 0.020518525 0.985418 0.09091034
1642661839477781.5 1.2463948 0.14896917 -0.90646815 -0.13762303 0.020129623 0.98372114 0.11378675
1642661839511114.5 1.1669428 0.064484745 -0.97797734 -0.12669688 0.023076722 0.98323834 0.12906502
1642661839544448.5 1.1024501 0.014128223 -1.0220959 -0.1155063 0.024701914 0.9825788 0.14348209
1642661839577781.5 1.046946 -0.04012746 -1.0389171 -0.104293615 0.027326282 0.9821502 0.154134
1642661839611114.0 0.9850801 -0.08469159 -1.023462 -0.09231593 0.029499408 0.98202133 0.16199316
1642661839644447.5 0.92428637 -0.13895068 -0.97210807 -0.08088783 0.03145068 0.98256403 0.16442646
1642661839677781.5 0.8659147 -0.15476766 -0.8984077 -0.07111101 0.033962235 0.98301375 0.16575256
1642661839711114.5 0.7773558 -0.14453995 -0.8247336 -0.06361079 0.031491388 0.98401463 0.1633315
1642661839744447.5 0.6811089 -0.16564384 -0.67729545 -0.05466282 0.024642685 0.9868235 0.15028025
1642661839777781.0 0.641791 -0.1613496 -0.53972936 -0.049616497 0.018388836 0.98985195 0.13188346
1642661839811114.5 0.58984387 -0.14905252 -0.367992 -0.038089547 0.008502364 0.9935284 0.10666879
1642661839844448.5 0.5525887 -0.14679696 -0.21369785 -0.014754851 -0.0056735855 0.99707425 0.074787475
1642661839877781.5 0.55550605 -0.10242468 -0.114330746 0.018758247 -0.017433519 0.9984003 0.05040916
1642661839911114.5 0.5704548 -0.08149977 -0.05511996 0.05274603 -0.027392779 0.9976564 0.03390047
1642661839944447.0 0.55737543 -0.046476915 -0.06259587 0.07696768 -0.03249478 0.9959654 0.032757103
1642661839977781.5 0.53038377 -0.052475397 -0.1028012 0.08201701 -0.037482917 0.9951902 0.038272686
1642661840011114.5 0.45582774 0.00090171583 -0.21551491 0.074641086 -0.04546266 0.99436486 0.060002986
1642661840044448.5 0.37273136 -0.016256584 -0.36536652 0.05462907 -0.05603873 0.99380475 0.07891483
1642661840077781.5 0.29381347 -0.031280063 -0.5063583 0.031861123 -0.07455807 0.99163765 0.100403324
1642661840111114.0 0.18360452 -0.025871065 -0.6748639 0.015186055 -0.0999112 0.98689353 0.12581117
1642661840144447.5 0.07597524 0.00056137145 -0.8360766 0.007309767 -0.12775108 0.98011196 0.15167984
1642661840177781.5 -0.07435472 0.017909244 -0.95561755 0.011918366 -0.15982653 0.9713473 0.17549314
1642661840211114.5 -0.21378537 0.04881991 -1.0650033 0.02235075 -0.19134508 0.96085745 0.19909948
1642661840244447.5 -0.34564584 0.087495714 -1.1331922 0.036758557 -0.2225812 0.94898653 0.22029759
1642661840277781.0 -0.49051827 0.12142986 -1.1789116 0.053099725 -0.25270748 0.93686926 0.23578681
1642661840311114.5 -0.6497055 0.18309882 -1.1504693 0.06854245 -0.2866655 0.92330736 0.24622834
1642661840344448.5 -0.78281677 0.25489494 -1.1055477 0.07672467 -0.31817055 0.91149503 0.24911377
1642661840377781.5 -0.92691267 0.35578847 -1.0397238 0.08146087 -0.34959874 0.90060997 0.245044
1642661840411114.5 -1.0774733 0.47388932 -0.9407501 0.083845496 -0.38124725 0.89035714 0.23427488
1642661840444447.0 -1.1454942 0.5435642 -0.8227128 0.07907596 -0.407234 0.8842822 0.21436551
1642661840477781.5 -1.2113123 0.686811 -0.6544452 0.0839282 -0.42562765 0.8793819 0.19617543
1642661840511114.5 -1.2608528 0.74969965 -0.49213895 0.09479055 -0.4445124 0.8745001 0.16933161
1642661840544448.5 -1.2540174 0.80515635 -0.32816577 0.110784784 -0.45585704 0.870927 0.14631255
1642661840577781.5 -1.2131819 0.85596496 -0.14227584 0.13172798 -0.46481547 0.86645484 0.12589835
1642661840611114.0 -1.1543258 0.8982255 0.016730934 0.15672918 -0.4696473 0.86248356 0.104831055
1642661840644447.5 -1.0663118 0.91661733 0.16374049 0.17987242 -0.47248298 0.8589043 0.08178777
1642661840677781.5 -0.98921365 0.9234707 0.294097 0.20265229 -0.4690014 0.8575576 0.059705436
1642661840711114.5 -0.85091174 0.9513034 0.4015421 0.21712218 -0.465602 0.8568097 0.044158515
1642661840744447.5 -0.72080815 0.94075894 0.47791553 0.22855556 -0.45624527 0.8596535 0.02446663
1642661840777781.0 -0.57233834 0.9376737 0.53136665 0.23710372 -0.44438007 0.86381716 0.011325775
1642661840811114.5 -0.44575298 0.9272403 0.566316 0.24718267 -0.4298446 0.86840904 -0.000395337
1642661840844448.5 -0.311552 0.89848065 0.5661294 0.25441024 -0.41161183 0.87510294 -0.006783532
1642661840877781.5 -0.20169279 0.8353994 0.53403425 0.25768507 -0.39427015 0.88206965 -0.010132978
1642661840911114.5 -0.13626051 0.79325044 0.50038123 0.26047128 -0.37856457 0.8881408 -0.0070412843
1642661840944447.0 -0.1290676 0.73082864 0.4362099 0.2603045 -0.36443457 0.89410394 -0.0027019116
1642661840977781.5 -0.19133449 0.6073045 0.3417514 0.25737748 -0.35253125 0.8997102 -0.00045385206
1642661841011114.5 -0.23338975 0.528533 0.24555358 0.24626249 -0.34344035 0.90618825 0.01504745
1642661841044448.5 -0.29703146 0.44448203 0.12947398 0.23137867 -0.33676583 0.9120188 0.035700466
1642661841077781.5 -0.39213955 0.40668184 0.013489945 0.2171784 -0.32988626 0.91660845 0.061947804
1642661841111114.0 -0.47124025 0.34467757 -0.12928687 0.19703907 -0.32256898 0.9215296 0.08892769
1642661841144447.5 -0.5317215 0.29050893 -0.3051294 0.173192 -0.31419754 0.92601824 0.11736552
1642661841177781.5 -0.6048888 0.20150372 -0.4752983 0.15084857 -0.30427024 0.9300844 0.14002621
1642661841211114.5 -0.6451669 0.13866825 -0.6267308 0.12896755 -0.28979692 0.9342464 0.16299933
1642661841244447.5 -0.6547728 0.0037853569 -0.7878764 0.10473424 -0.2714586 0.94060665 0.17492917
1642661841277781.0 -0.6604564 -0.011804715 -0.9003703 0.08522585 -0.2528581 0.94416636 0.19325961
1642661841311114.5 -0.56654537 -0.022156402 -1.0386792 0.058656216 -0.23087679 0.94859695 0.208373
1642661841344448.5 -0.48116612 -0.0474454 -1.1184912 0.034339443 -0.20484772 0.9539078 0.21660616
1642661841377781.5 -0.3691472 -0.11342957 -1.2185967 0.009030041 -0.17558701 0.96061295 0.21519865
1642661841411114.5 -0.30440763 -0.13284993 -1.2402215 -0.00876402 -0.14855118 0.96606565 0.21112302
1642661841444447.0 -0.21006255 -0.21568328 -1.2371302 -0.024223965 -0.11893703 0.9726885 0.19784938
1642661841477781.5 -0.05283508 -0.23945865 -1.1779115 -0.041196298 -0.09045678 0.9776198 0.18541846
1642661841511114.5 0.07058092 -0.2623641 -1.0976148 -0.050713237 -0.06349965 0.98236346 0.16839847
1642661841544448.5 0.14466763 -0.26042253 -1.0474894 -0.05366092 -0.03639932 0.98666805 0.14927126
1642661841577781.5 0.26532948 -0.25610375 -0.9279666 -0.05913715 -0.011069214 0.99015564 0.12638094
1642661841611114.0 0.35518008 -0.2651599 -0.8310023 -0.060875162 0.013594629 0.99311984 0.09910817
1642661841644447.5 0.4472214 -0.22350073 -0.7108013 -0.06323296 0.03461586 0.9946693 0.073731296
1642661841677781.5 0.51307774 -0.1791966 -0.6036466 -0.06454139 0.053240776 0.99529475 0.04887028
1642661841711114.5 0.5515014 -0.11993422 -0.51934785 -0.0677857 0.068649426 0.99497694 0.026708173
1642661841744447.5 0.5967855 -0.06631757 -0.44254497 -0.07511251 0.08186364 0.9937853 0.0068685417
1642661841777781.0 0.60471076 -0.04456933 -0.3721437 -0.08203063 0.09369992 0.9921276 -0.013199837
1642661841811114.5 0.59671164 0.010252462 -0.35075694 -0.091925904 0.10098076 0.990298 -0.025740348
1642661841844448.5 0.5895317 0.06571465 -0.34720656 -0.10407072 0.106007956 0.98830557 -0.034405597
1642661841877781.5 0.57490176 0.078620054 -0.35943952 -0.1168787 0.10897942 0.98618025 -0.04371908
1642661841911114.5 0.5359604 0.103302255 -0.39731693 -0.1276562 0.10789305 0.98482394 -0.046743166
1642661841944447.0 0.4669801 0.06712909 -0.45339534 -0.13413776 0.10718421 0.9838398 -0.050774317
1642661841977781.5 0.45251554 0.069336526 -0.5179878 -0.14858 0.10148927 0.9826593 -0.04477385
1642661842011114.5 0.41634396 0.010766126 -0.6035679 -0.15802051 0.09531998 0.98210305 -0.03764689
1642661842044448.5 0.40944326 -0.011471426 -0.68573296 -0.16669115 0.08636483 0.98194295 -0.023307964
1642661842077781.5 0.36666062 -0.05697772 -0.76657635 -0.16454707 0.0788007 0.9831866 -0.007674056
1642661842111114.0 0.40051886 -0.08923385 -0.83563983 -0.16341911 0.07029981 0.98398644 0.011086541
1642661842144447.5 0.4270592 -0.121004924 -0.8918069 -0.15576202 0.06441027 0.98521453 0.030690867
1642661842177781.5 0.44600338 -0.19441345 -0.9512527 -0.1422093 0.064397044 0.9866695 0.045966677
1642661842211114.5 0.4886647 -0.21651654 -0.9884916 -0.13011885 0.06302989 0.9874206 0.06400655
1642661842244447.5 0.5339466 -0.22613609 -1.0077435 -0.119471 0.06390705 0.9875903 0.079422876
1642661842277781.0 0.5590604 -0.22079642 -1.03219 -0.110839464 0.06282857 0.9875882 0.09185187
1642661842311114.5 0.5718534 -0.23881133 -1.0438443 -0.10422632 0.06265913 0.987748 0.09779904
1642661842344448.5 0.60913527 -0.2425071 -1.0563387 -0.101489455 0.061571226 0.9878567 0.10024004
1642661842377781.5 0.6180262 -0.22773524 -1.0537844 -0.09665806 0.06015977 0.9882988 0.101506785
1642661842411114.5 0.6086008 -0.23388852 -1.0398481 -0.08988561 0.059508067 0.9891996 0.09931547
1642661842444447.0 0.62674165 -0.23813292 -1.0321429 -0.08387458 0.06105829 0.9900047 0.09553909
1642661842477781.5 0.64138615 -0.23844323 -0.9871609 -0.077382244 0.061823357 0.99092966 0.09082047
1642661842511114.5 0.65579045 -0.22078367 -0.95931745 -0.071628004 0.06259694 0.9916756 0.086778715
1642661842544448.5 0.66436803 -0.21609247 -0.9299889 -0.066738814 0.06346135 0.99245346 0.08096154
1642661842577781.5 0.65651655 -0.20288533 -0.89685094 -0.063389376 0.062807634 0.99312663 0.07573981
1642661842611114.0 0.67300177 -0.1947179 -0.8877385 -0.0635705 0.06345761 0.9934398 0.0707775
1642661842644447.5 0.6581296 -0.1860478 -0.85170233 -0.061829798 0.062699206 0.99389786 0.06642993
1642661842677781.5 0.6583091 -0.1814771 -0.8449544 -0.061817538 0.06261033 0.99415046 0.06263746
1642661842711114.5 0.6749333 -0.17377472 -0.8147239 -0.061942138 0.06259399 0.9943466 0.059330933
1642661842744447.5 0.6730016 -0.16939253 -0.8084077 -0.059143443 0.0613834 0.994749 0.056643665
1642661842777781.0 0.66345054 -0.16783696 -0.78933024 -0.05503919 0.0606703 0.9951892 0.053744044
1642661842811114.5 0.6677412 -0.16235158 -0.779401 -0.05156953 0.060741656 0.9954866 0.051550873
1642661842844448.5 0.67255104 -0.15431504 -0.7662549 -0.048586063 0.060326587 0.9957439 0.049942654
