1027872.532 -0.0 -0.0 -0.0 -0.0 -0.0 1.0 -0.0
1068302.367 -0.0008452588 0.00010615987 -0.00195874 5.6500707e-05 6.5429194e-05 1.0 1.9298435e-05
1127874.138 0.0004725623 -0.0024586495 -0.00019986392 -0.00018301906 9.465108e-05 1.0 -3.9095554e-05
1168303.723 0.0004725623 -0.0024586495 -0.00019986392 -0.00018301906 9.465108e-05 1.0 -3.9095554e-05
1227875.744 -0.00044138267 -0.0069470713 -0.0029536455 -7.2454764e-05 0.00045319268 0.99999994 -4.0594555e-06
1268305.079 -0.00044138267 -0.0069470713 -0.0029536455 -7.2454764e-05 0.00045319268 0.99999994 -4.0594555e-06
1327877.099 -0.0034473564 -0.005848008 -0.0053428095 -3.5698493e-05 0.00088477856 0.99999964 0.00020198355
1368316.934 -0.0034624827 -0.005646138 -0.0057278397 -1.6146283e-05 0.0011335681 0.9999994 0.00015526568
1427937.954 -0.0034624827 -0.005646138 -0.0057278397 -1.6146283e-05 0.0011335681 0.9999994 0.00015526568
1468308.29 -0.0032633084 -0.004935235 -0.00645427 1.8986057e-05 0.00049186393 0.99999994 0.0002416338
1527880.0610000002 -0.0040772995 -0.004035559 -0.0070338524 1.1222806e-05 0.00033147604 1.0 0.00023527796
1568309.6460000002 -0.0049144975 -0.0029376165 -0.0060877563 0.00013431435 0.00060508883 0.99999976 0.00043732286
1627881.667 -0.0064526876 -0.0015876356 -0.0059220367 0.00030300746 0.0004081131 0.9999998 0.00038206388
1668311.002 -0.0069447784 -0.0004674533 -0.0057127425 0.0003303824 0.00047521276 0.9999996 0.0007521387
1727883.023 -0.007147093 -0.0003326253 -0.005289791 5.4030035e-05 0.000857963 0.99999964 0.0003193627
1768312.608 -0.006877759 0.00010398024 -0.0049895155 4.3819175e-05 0.00081490626 0.99999964 0.00029755282
1827884.378 -0.0073269513 0.00060165534 -0.005026498 0.00029601797 0.0008672559 0.99999934 0.0007575077
1868314.214 -0.0072136326 0.00066815363 -0.00526784 0.00022227126 0.00055801496 0.99999964 0.00066780037
1927885.984 -0.007672824 0.000181841 -0.0046248836 0.00022670158 0.0005858109 0.9999997 0.00047931744
1968315.5699999998 -0.0079106325 -0.0001909299 -0.004734901 3.0197627e-05 0.0002660318 0.99999994 0.00037088714
2027887.59 -0.007839776 -0.0006020072 -0.0050322125 -8.401213e-05 -0.00010143398 1.0 0.00013321699
2070426.1409999998 -0.007953418 -0.0005194341 -0.005179364 0.00036374814 0.0003718334 0.99999964 0.0006811033
2119570.3329999996 -0.009053698 -5.2978954e-05 -0.0044452907 0.0005976564 0.0001653591 0.9999997 0.00055471895
2169603.0100000002 -0.0105532585 0.00036183963 -0.004331721 0.00021939095 0.00059548416 0.9999996 0.0006358431
2220364.6750000003 -0.011154977 0.001123767 -0.004300619 0.00030055735 0.0006067824 0.99999964 0.0005431273
2271515.5840000003 -0.010551397 0.0016977455 -0.004039541 0.00028772527 0.0006785691 0.9999996 0.00059470336
2321659.0100000002 -0.010824912 0.0026312575 -0.0039440664 0.00025426675 9.4184936e-05 0.9999998 0.0006663872
2370819.202 -0.011531562 0.0037718655 -0.0038583847 0.00041406587 0.00055941474 0.9999995 0.00069763756
2420122.141 -0.011706898 0.00467657 -0.0031704858 0.00028207942 0.0010893409 0.99999917 0.0007008304
2469932.572 -0.01104167 0.0043495903 -0.0026941556 4.4031254e-05 0.001010995 0.99999946 0.00046789763
2520210.746 -0.010658155 0.0037527862 -0.0025127276 0.00024572678 0.0005268606 0.99999964 0.0006710486
2570808.914 -0.010346665 0.0026410478 -0.0032744613 0.00016143653 2.4678226e-05 0.9999999 0.0005208979
2621121.0859999997 -0.011227738 0.0024842778 -0.0039840643 0.000109518944 0.00017546384 1.0 0.00028326872
2670839.5190000003 -0.01385384 0.0032655185 -0.0047007976 0.0001071132 3.464348e-05 1.0 -0.0002588658
2720396.454 -0.01558422 0.0051401914 -0.00465698 -0.00092453865 0.0013199972 0.9999983 -0.00096816994
2770166.886 -0.015725624 0.0076383827 -0.0039314143 -0.001782923 0.0030268007 0.99999076 -0.0024860315
2820290.812 -0.013311668 0.010791728 -0.0020289272 -0.0027940383 0.004780236 0.99996465 -0.006331476
2870564.985 -0.010218237 0.014403078 -0.00046686645 -0.0020584257 0.0045784027 0.99991584 -0.0119663095
2920851.158 -0.0035636323 0.01862861 0.0029413144 -0.0013998289 0.0058250865 0.9998495 -0.016284741
2970867.8359999997 0.0022642834 0.022008505 0.00430286 -0.0003454107 0.004317396 0.99980944 -0.01903404
3020662.017 0.009013577 0.0256809 0.0059864926 0.0020543009 0.002492477 0.9997835 -0.020555742
3070496.448 0.019333294 0.026557907 0.00586888 0.0051298616 0.001485197 0.99975544 -0.021459756
3120505.126 0.028995622 0.026791641 0.0068159825 0.009781228 0.0011445918 0.9997105 -0.021955155
3170688.301 0.038500577 0.025737965 0.008165233 0.014604115 0.0014668428 0.9996362 -0.022633165
3220895.2249999996 0.04928938 0.022867968 0.008736119 0.019011013 0.0022824868 0.99954987 -0.02309839
3270991.402 0.060472783 0.019468335 0.010281972 0.023808744 0.002560566 0.99944293 -0.023247005
3320936.08 0.070748344 0.014075711 0.010577193 0.02872963 0.0018590614 0.9993276 -0.022707729
3370849.76 0.076764755 0.008259728 0.011644821 0.031988256 0.00018734645 0.99922854 -0.022782719
3420834.4379999996 0.083690524 -2.9896342e-05 0.011900451 0.033372175 -0.0017130226 0.9991774 -0.022978982
3470922.864 0.09009725 -0.007459213 0.012916963 0.035034705 -0.0032082573 0.9991229 -0.022710001
3521034.54 0.09547844 -0.016993776 0.013743739 0.03702899 -0.0040018233 0.99905235 -0.022522094
3571082.968 0.09738522 -0.02438501 0.016117133 0.039979864 -0.005170212 0.9989441 -0.022038264
3621036.146 0.10004212 -0.034705184 0.018262764 0.042065244 -0.007015557 0.99883765 -0.022465207
3670949.326 0.101611026 -0.04488747 0.020520696 0.04500025 -0.009275652 0.99867576 -0.023146147
3720915.504 0.10274782 -0.05566019 0.02295396 0.048202444 -0.010772054 0.9985049 -0.023420652
3770946.931 0.10222781 -0.065929525 0.026011571 0.050818995 -0.012259925 0.9983521 -0.023670956
3820959.6089999997 0.099620886 -0.07419305 0.02829374 0.0529342 -0.013934323 0.9982163 -0.023834517
3870992.287 0.09731991 -0.08513853 0.03059474 0.053731546 -0.015881315 0.9980866 -0.026154181
3920952.965 0.08997034 -0.08934877 0.035615772 0.055503905 -0.016581992 0.997936 -0.027714273
3970874.644 0.08048682 -0.09312658 0.0371528 0.054636102 -0.016362792 0.9979376 -0.029457133
4020820.0730000003 0.07109192 -0.09572896 0.03971888 0.050131846 -0.015706794 0.9981072 -0.031971052
4070812.7509999997 0.060119737 -0.094538055 0.04243704 0.04396415 -0.015367577 0.9983179 -0.034531627
4120836.929 0.047211062 -0.091570534 0.045211874 0.038928427 -0.015382371 0.99844635 -0.036781758
4170837.607 0.03451205 -0.08944196 0.047412757 0.034163367 -0.016141677 0.99853724 -0.038674217
4220806.784999999 0.020658208 -0.08555421 0.050615314 0.029894829 -0.017380975 0.998621 -0.03950149
4270752.214 0.007250282 -0.082240105 0.052858625 0.026362194 -0.01706044 0.998691 -0.040376972
4320697.393 -0.0071793394 -0.078324914 0.054713015 0.023111694 -0.015363908 0.99877995 -0.040846992
4370682.0709999995 -0.020603552 -0.07462991 0.05584934 0.018989736 -0.012965776 0.9988677 -0.04165057
4420682.999 -0.033917546 -0.06949168 0.056447063 0.014211618 -0.0107376855 0.9989412 -0.04241934
4470707.676 -0.045880724 -0.062065143 0.056740046 0.009824207 -0.008304394 0.9990036 -0.042735353
4520708.353999999 -0.056200873 -0.05408716 0.05701897 0.0062314584 -0.0064488994 0.99898374 -0.044171095
4570693.032000001 -0.06623066 -0.045022912 0.056938827 0.0030637486 -0.0054968386 0.99897164 -0.044901717
4620677.961 -0.075020246 -0.035197876 0.05704657 -0.00045994233 -0.005906728 0.99893254 -0.04581236
4670686.638 -0.08165219 -0.024365075 0.05641981 -0.002529942 -0.005506554 0.998887 -0.046776254
4720703.316 -0.08567431 -0.012521222 0.056143943 -0.004767675 -0.0048446055 0.9988023 -0.048454367
4770728.244 -0.08984947 -0.00086984603 0.05480696 -0.008566017 -0.0051381355 0.9986197 -0.05156658
4820744.171 -0.0922568 0.010551749 0.053578302 -0.011973332 -0.0055013904 0.9984139 -0.054737274
4870753.098999999 -0.09276322 0.020986313 0.052160576 -0.013689024 -0.0059151184 0.998264 -0.056978863
4920745.777000001 -0.089412235 0.030608512 0.050073214 -0.013832464 -0.0068703997 0.9981687 -0.05848662
4970751.705 -0.08356153 0.0389683 0.047179792 -0.011955048 -0.007114407 0.998096 -0.06009079
5020723.883 -0.07482078 0.04750496 0.04526317 -0.009349593 -0.007502497 0.99798197 -0.06235739
5070740.061000001 -0.06335688 0.054477572 0.042776816 -0.005077996 -0.0058772755 0.9979058 -0.064216085
5120796.238 -0.049967792 0.06118886 0.04021306 -0.0003169049 -0.003722456 0.9978037 -0.06613563
5170860.915 -0.03405982 0.06685181 0.037391096 0.003275919 -5.3940297e-05 0.99771535 -0.067478105
5220901.592 -0.01768583 0.072593644 0.03566444 0.007253075 0.0037272028 0.99754226 -0.06959169
5270917.5200000005 -0.0007149379 0.076984234 0.033783916 0.01227334 0.005106977 0.99731016 -0.07208141
5320910.198 0.018176083 0.0788189 0.031093393 0.018608741 0.0048705563 0.9971068 -0.07354072
5370903.376 0.036659323 0.07921014 0.029816348 0.026079249 0.0026996722 0.99693596 -0.07369705
5420927.803 0.054022502 0.07616561 0.028912282 0.033457447 -8.245434e-05 0.99681056 -0.07245269
5470999.98 0.07093447 0.07170242 0.026596317 0.039236445 -0.004073297 0.9965633 -0.07283884
5521143.1559999995 0.08788615 0.06789824 0.025651546 0.045721706 -0.008387726 0.9961735 -0.07401089
5571295.080999999 0.102977656 0.06142917 0.024695124 0.051179618 -0.011742193 0.99582344 -0.074689336
5621406.756999999 0.116229065 0.052707832 0.023871766 0.055244077 -0.013630095 0.9956156 -0.07424208
5671470.934 0.12765929 0.043030657 0.023961544 0.059173558 -0.014050038 0.9955391 -0.07213159
5721527.1110000005 0.13923626 0.031025525 0.025049953 0.063747026 -0.013000458 0.995522 -0.068580404
5771551.288000001 0.14895596 0.017401842 0.02683731 0.06753672 -0.011665492 0.99552363 -0.06507993
5821552.215999999 0.1565196 0.00231127 0.027951363 0.069878764 -0.009459293 0.9955848 -0.06195534
5871513.395 0.16143572 -0.01232948 0.029357355 0.07067145 -0.008844601 0.995757 -0.058271322
5921498.323000001 0.16638426 -0.02749324 0.030815272 0.07250152 -0.010048647 0.995845 -0.054178108
5971515.001 0.16926315 -0.042738967 0.033030473 0.07534211 -0.012010539 0.99580675 -0.050480437
6021531.678 0.17077577 -0.057989478 0.034741182 0.0774395 -0.013324645 0.9957537 -0.04795995
6071484.857000001 0.17165948 -0.07293388 0.036521867 0.07986722 -0.013901138 0.9956546 -0.045825653
6121374.287 0.16965786 -0.086663514 0.03887911 0.08261694 -0.0147347655 0.9954809 -0.044442393
6171261.717 0.16339998 -0.09905208 0.03997875 0.08478153 -0.016799543 0.9953384 -0.042794675
6221201.895 0.15461177 -0.11238922 0.03860141 0.08324124 -0.018593166 0.99551815 -0.040851958
6271162.324 0.14306858 -0.118735075 0.037953787 0.08010628 -0.020146279 0.9959194 -0.036355983
6321099.503 0.12754154 -0.12934074 0.037270788 0.07792104 -0.020937921 0.99613285 -0.034775723
6370997.183 0.11165163 -0.13641812 0.03630971 0.07355999 -0.020484861 0.99651486 -0.033579376
6420887.112 0.09285949 -0.14093561 0.036452055 0.0680667 -0.019841235 0.99689645 -0.034217283
6470816.291 0.07249108 -0.14446765 0.036616087 0.059720226 -0.018466454 0.9973856 -0.036256287
6520801.47 0.0496457 -0.14463748 0.036448564 0.04984831 -0.017149147 0.9978971 -0.03771685
6570833.647 0.025494492 -0.14409076 0.03543046 0.03854306 -0.015526632 0.99837935 -0.03888423
6620787.075999999 0.00037374513 -0.14171766 0.033917345 0.025653556 -0.015106588 0.99875075 -0.04013459
6670652.756 -0.024864294 -0.137833 0.030816268 0.013050382 -0.0154728135 0.9989669 -0.040688
6720486.936 -0.047837295 -0.13201208 0.026403775 -0.00066928146 -0.014311914 0.9991144 -0.03956229
6770376.615999999 -0.06860509 -0.12635988 0.021733608 -0.014557269 -0.0116919475 0.9990497 -0.03938396
6820369.544 -0.0852674 -0.118488245 0.015912417 -0.028647203 -0.009064278 0.9988018 -0.038629055
6870433.721 -0.095612735 -0.11042569 0.009477415 -0.03977953 -0.006620415 0.9984928 -0.037228756
6920489.898 -0.10338837 -0.10201026 0.0032814916 -0.047122512 -0.0031829353 0.9982561 -0.035414837
6970498.575999999 -0.10709719 -0.09152687 -0.0031151555 -0.0543397 -0.0010446117 0.99791944 -0.03468481
7020476.004 -0.10722368 -0.080058865 -0.007817224 -0.062111113 0.00056503987 0.99744314 -0.035344753
7070452.682 -0.10701691 -0.068158604 -0.01177617 -0.06731284 0.00024439703 0.99708444 -0.03593912
7120477.359999999 -0.10514636 -0.056833316 -0.016988136 -0.070057735 -0.0013984966 0.9968735 -0.036512896
7170541.0370000005 -0.10184704 -0.04597623 -0.021947984 -0.06922238 -0.0029563557 0.99688774 -0.03760726
7220605.464 -0.09542182 -0.035008114 -0.025559615 -0.06928011 -0.0048285187 0.9967926 -0.03976808
7270638.141 -0.08574543 -0.024496833 -0.02889093 -0.06983638 -0.0059468593 0.99662465 -0.042742997
7320623.068999999 -0.073305815 -0.0148065565 -0.030327199 -0.0678355 -0.0045891283 0.9966424 -0.0456204
7370607.4969999995 -0.05672274 -0.0054757916 -0.03007317 -0.06413679 -0.00082344905 0.99677736 -0.048173692
7420616.425 -0.04029168 0.0036075125 -0.029741216 -0.0600908 0.0024492717 0.99687684 -0.051184
7470657.102999999 -0.024418635 0.013121667 -0.026986985 -0.054124016 0.0042713033 0.9970538 -0.05418591
7520705.28 -0.0060544144 0.019537654 -0.023027197 -0.04531634 0.0022188844 0.9972742 -0.058185983
7570729.7069999995 0.014680621 0.022778437 -0.018244166 -0.032494955 -0.0022767433 0.9975965 -0.06115776
7620746.385 0.03726992 0.022678887 -0.013002579 -0.01879222 -0.005879802 0.9978327 -0.06278705
7670747.063 0.058727037 0.017381618 -0.008871312 -0.00652235 -0.007508861 0.9979681 -0.062935
7720787.24 0.08101453 0.007631393 -0.0069509875 0.0031248017 -0.0061407406 0.99814814 -0.0604389
7770867.667 0.1019933 -0.005493927 -0.0059551913 0.012247034 -0.0041975565 0.99825066 -0.05768944
7820995.341999999 0.12284347 -0.020489166 -0.005494013 0.02308637 -0.0029088645 0.9983058 -0.05333104
7871122.518 0.14165117 -0.037010543 -0.006405543 0.033604547 -0.0026907695 0.99826896 -0.04819539
7921234.194 0.15825236 -0.055703297 -0.008460689 0.04245788 -0.0027648853 0.99820644 -0.042114638
7971298.620999999 0.1712412 -0.07406584 -0.0075654457 0.050860506 -0.003101944 0.9979887 -0.037712276
8021307.299000001 0.18220478 -0.09162976 -0.0071749017 0.05767075 -0.0034933467 0.99773276 -0.03451532
8071220.978 0.18817638 -0.10771306 -0.0055036535 0.061813835 -0.0034809518 0.99759454 -0.031179842
8121078.659000001 0.18898611 -0.12459618 -0.003863978 0.06374394 -0.002730336 0.9975609 -0.028311392
8170928.839000001 0.18974191 -0.14166966 -0.0044954214 0.06189143 -0.0017343027 0.99775046 -0.025702713
8220810.769 0.18324041 -0.15585804 -0.0037817042 0.060365118 5.2917317e-06 0.99791104 -0.023016358
8270755.948000001 0.17004217 -0.17118861 -0.0011584691 0.05887217 0.0004961429 0.9980361 -0.02139853
8320740.626 0.15583879 -0.18341984 -0.0019375276 0.054724947 0.00021489884 0.998307 -0.019705549
8370741.554 0.13818759 -0.19315249 -0.0011022569 0.051879086 -0.001105744 0.99847764 -0.01870327
8420718.732 0.11976264 -0.20253499 0.001819287 0.049782086 -0.0031658038 0.9985594 -0.019772878
8470664.160999998 0.099131815 -0.20670697 0.0032885678 0.046798777 -0.0028680488 0.99869823 -0.0200906
8520609.09 0.07782465 -0.20684184 0.0037925148 0.03833837 -0.002143554 0.9990421 -0.020989625
8570638.516999999 0.055728503 -0.20265418 0.0031617377 0.027696438 0.00021585578 0.9993662 -0.02236282
8620499.697 0.032860644 -0.19712442 0.00275975 0.016513115 0.0030821473 0.9995512 -0.024806315
8670444.876 0.010303359 -0.18857868 0.0024879016 0.005849205 0.004784071 0.9995961 -0.027396377
8720390.055 -0.010898776 -0.17998935 0.0029995053 -0.0013347245 0.0057034497 0.9995337 -0.029968698
8770350.984 -0.02797694 -0.17231767 0.003546115 -0.006399218 0.0058838623 0.99944496 -0.03216012
8820359.661 -0.0464195 -0.1634999 0.0015970833 -0.012663521 0.0054982794 0.999373 -0.032603774
8870392.339 -0.06440629 -0.15595463 -0.0017560269 -0.020449515 0.004637333 0.99925965 -0.0322574
8920440.765999999 -0.08219219 -0.14889577 -0.0058141244 -0.026875667 0.0043889107 0.99912596 -0.031713776
8970441.194 -0.09539697 -0.14070055 -0.010603365 -0.03292451 0.00665466 0.9989632 -0.030730618
9020417.872 -0.107153796 -0.13380076 -0.015557255 -0.03764959 0.009587311 0.9987665 -0.03092261
9070402.8 -0.11763867 -0.12565823 -0.022101345 -0.043823604 0.014553172 0.9984766 -0.030204365
9120419.478 -0.12807599 -0.1165356 -0.026522584 -0.051794287 0.02001058 0.9980094 -0.029904885
9170452.155 -0.13482273 -0.10602014 -0.03348857 -0.06114906 0.024153601 0.9973728 -0.030412402
9220500.582 -0.14162305 -0.09400944 -0.038764533 -0.06762946 0.027371217 0.99686015 -0.030773215
9270540.76 -0.14606749 -0.08163571 -0.042174425 -0.07153488 0.026852855 0.99655366 -0.032288585
9320557.437 -0.14765818 -0.064507276 -0.044558633 -0.07167852 0.023522412 0.9965782 -0.03377587
9370558.365 -0.1443321 -0.046422515 -0.04409011 -0.07003615 0.019395705 0.99660736 -0.038633734
9420582.543000001 -0.13909476 -0.026320143 -0.040768113 -0.06599825 0.016209578 0.99661607 -0.046238028
9470623.219999999 -0.12874027 -0.008809608 -0.03592754 -0.061032943 0.014198592 0.99648553 -0.05558853
9520671.397 -0.114159204 0.009039316 -0.029002074 -0.053500578 0.01194774 0.99646413 -0.06367259
9570711.824000001 -0.09796855 0.023409253 -0.02420351 -0.045523833 0.009331073 0.9965163 -0.06925265
9620696.503 -0.078793585 0.034656398 -0.019352263 -0.0356312 0.008538009 0.99664986 -0.07312079
9670657.681 -0.058534257 0.043241825 -0.015678864 -0.025963899 0.009180884 0.9967757 -0.0753659
9720650.609000001 -0.036576025 0.04977419 -0.012907576 -0.016925333 0.009725943 0.99672514 -0.07847236
9770758.785 -0.013144498 0.05424242 -0.009967737 -0.0058609364 0.0101154735 0.99663615 -0.08111508
9820803.212 0.010964861 0.055522624 -0.0070740874 0.006961446 0.009795709 0.99643564 -0.083495975
9870898.639 0.034520015 0.053264078 -0.0041432506 0.018395243 0.007894866 0.9963318 -0.08320064
9920971.066000002 0.057692785 0.048352383 -0.0018191106 0.030908272 0.0038351845 0.9961698 -0.08170588
9971019.242999999 0.081604436 0.03943653 -0.00052681274 0.04313955 0.0018559694 0.9959573 -0.07876958
10021114.919 0.10284861 0.029052759 0.0012234165 0.053471975 -0.0013454541 0.9955446 -0.07765287
10071321.593999999 0.12360352 0.016107786 0.0039039212 0.06450297 -0.0038646827 0.9950335 -0.075715855
10121600.267 0.14220066 0.0007251394 0.006826741 0.07494562 -0.0066086585 0.9944642 -0.073351406
10171838.441 0.1589978 -0.016391786 0.0091405865 0.083801344 -0.010762463 0.9938219 -0.07197009
10221728.371 0.17334875 -0.03388098 0.011907425 0.09256714 -0.015184173 0.99317914 -0.0692527
10271491.052000001 0.18638453 -0.05359308 0.0142065305 0.100050725 -0.018703964 0.9926116 -0.06604852
10321333.483000001 0.19725545 -0.075569466 0.015757425 0.103830144 -0.021006433 0.99238986 -0.062773466
10371350.161 0.20524348 -0.09834064 0.017900385 0.10815605 -0.01995126 0.99222213 -0.058305785
10421517.336 0.21084 -0.120806165 0.020098299 0.11426483 -0.018122768 0.9917827 -0.054609515
10471589.513 0.2145504 -0.1418387 0.021633 0.12058212 -0.014906742 0.99130476 -0.050524708
10521376.193999998 0.21417645 -0.16140954 0.023670686 0.12285203 -0.010277371 0.99120754 -0.048057705
10571051.627 0.20749046 -0.17779 0.027447652 0.120562196 -0.005261366 0.9915337 -0.047938306
10620854.307999998 0.19590645 -0.19171417 0.029664576 0.1143695 -0.0009911833 0.9923164 -0.047189955
10670854.986 0.18188027 -0.20290548 0.031292852 0.10872207 0.0007285394 0.99298465 -0.046481658
10720990.162 0.16536896 -0.21065907 0.032066677 0.103860416 0.00072331616 0.99359494 -0.044516508
10771109.838 0.14670071 -0.2163314 0.033215333 0.099051386 -0.00046000624 0.99410266 -0.044141974
10821071.265999999 0.12413837 -0.21888588 0.034172244 0.09219766 -0.0016367544 0.9947445 -0.044501923
10870905.697 0.10081653 -0.2209607 0.035072397 0.08400482 -0.0022573965 0.9954524 -0.04486268
10920810.376999998 0.0765239 -0.2218045 0.03503188 0.07418922 -0.002697528 0.99621654 -0.04518258
10970768.305000002 0.051171426 -0.22208273 0.034577515 0.06443203 -0.0035886264 0.99686885 -0.045697074
11020836.482 0.025228977 -0.22103386 0.03314433 0.053989816 -0.0036091474 0.9974738 -0.04602285
11070900.659 0.00063596363 -0.21926916 0.032038826 0.043375283 -0.0033548388 0.9979474 -0.046992596
11120806.088000001 -0.02311163 -0.21577764 0.030789703 0.033527408 -0.0036476857 0.99822557 -0.049075253
11170593.020000001 -0.0461951 -0.21229272 0.029152421 0.023195332 -0.004449753 0.9983143 -0.053016722
11220419.201 -0.06949076 -0.20678672 0.026434693 0.013126233 -0.004763946 0.99830574 -0.05648696
11270380.129 -0.090643756 -0.2028536 0.02295152 0.0033008512 -0.0036023888 0.9982724 -0.05855255
11320468.056 -0.11074582 -0.19768247 0.018853454 -0.004926424 -0.0016028221 0.9982015 -0.05972459
11370595.981 -0.12807459 -0.18902907 0.01515254 -0.013097389 -0.000102019796 0.99811494 -0.059959
11420628.159 -0.14530519 -0.17903607 0.0102216285 -0.020565376 0.0026210046 0.99790347 -0.061310045
11470549.338 -0.15723372 -0.16642572 0.00691348 -0.029143002 0.0057604564 0.99751556 -0.0638765
11520439.018 -0.16510943 -0.14821157 0.0019862633 -0.031667765 0.0089248475 0.99730295 -0.06560745
11570432.446 -0.17035934 -0.13042393 -0.001777042 -0.032764945 0.009499481 0.99717957 -0.06685181
11620551.622 -0.17328449 -0.1139901 -0.005764454 -0.034740366 0.010347139 0.997066 -0.0674197
11670726.796999998 -0.17841789 -0.09561133 -0.012360307 -0.03771948 0.012867165 0.9970014 -0.06633185
11720814.973000001 -0.18158773 -0.07747433 -0.01686069 -0.042787075 0.014837483 0.9966556 -0.06802099
11770768.151999999 -0.17945877 -0.05973507 -0.021701816 -0.045867424 0.015783409 0.9963588 -0.07011572
11820666.082 -0.17786004 -0.040082358 -0.023984388 -0.043410294 0.014452112 0.99644977 -0.07067307
11870626.76 -0.17178406 -0.023237042 -0.026831917 -0.041471653 0.012196767 0.9965228 -0.071230166
11920682.936999999 -0.16060722 -0.008745596 -0.028552454 -0.039236408 0.012185821 0.996424 -0.07383263
11970763.364 -0.14682582 0.007564314 -0.031421814 -0.039022204 0.013082063 0.9962012 -0.07674241
12020780.041000001 -0.13381848 0.020704674 -0.033720296 -0.03951597 0.013358344 0.99583197 -0.08111026
12070732.719999999 -0.11466464 0.03242659 -0.033833116 -0.03777412 0.013584633 0.995577 -0.08494175
12120692.899 -0.09343051 0.04180207 -0.033621974 -0.030763736 0.012703432 0.9956457 -0.08707429
12170639.078 -0.068143554 0.049228314 -0.032226797 -0.018112285 0.010118036 0.995948 -0.08750485
12220722.753999999 -0.03948738 0.05432071 -0.029838258 -0.0043376186 0.00751863 0.9961148 -0.08763621
12270775.931 -0.012258368 0.055254094 -0.028182494 0.0072017815 0.0059133573 0.9960519 -0.088282555
12320871.606999999 0.0140980715 0.05418222 -0.027852887 0.015531249 0.00623549 0.9960423 -0.08729109
12370943.534 0.038307913 0.049336787 -0.027006319 0.023882922 0.0067374366 0.99583286 -0.0877565
12420991.961 0.06289537 0.042423658 -0.026165692 0.033251733 0.0068652527 0.9956211 -0.08709728
12471040.138 0.08617057 0.033869673 -0.024854302 0.04117394 0.0044143735 0.9953078 -0.08745078
12521167.814000001 0.10895388 0.022858327 -0.022923108 0.051011372 0.0015183847 0.99490476 -0.08694889
12571366.738999998 0.1321683 0.009579346 -0.020504113 0.060976345 -0.00032938397 0.9945656 -0.08438645
12621597.413 0.1543596 -0.0045523774 -0.017391631 0.07314536 -0.0024118817 0.99401504 -0.08110543
12671749.338 0.17404221 -0.020182004 -0.014947026 0.08311183 -0.005635268 0.99347776 -0.07786355
12721630.768 0.19047068 -0.036819685 -0.012956505 0.089460395 -0.007861448 0.99308616 -0.075597584
12771433.2 0.20256394 -0.053659625 -0.010425315 0.09282799 -0.008483202 0.9929214 -0.07360733
12821314.879 0.21327078 -0.07188906 -0.006916563 0.09566348 -0.008430784 0.99273115 -0.07254175
12871387.056 0.22285548 -0.090154625 -0.002470284 0.10225422 -0.008206168 0.99227875 -0.06971187
12921633.98 0.23164946 -0.11017568 0.0012531055 0.10922416 -0.008264526 0.99169034 -0.067470334
12971737.406 0.23556852 -0.13018863 0.0045710653 0.11340479 -0.007822804 0.9913623 -0.065414846
13021553.837 0.23806947 -0.15071537 0.007507332 0.11452754 -0.004971375 0.99128115 -0.06496526
13071255.02 0.23485407 -0.17056935 0.013656172 0.113464095 -0.00013813628 0.99127233 -0.067120746
13121049.951000001 0.22551715 -0.18794525 0.018971898 0.11177266 0.005349629 0.99135244 -0.068546854
13171098.127999999 0.21874417 -0.20913103 0.02515987 0.10786563 0.012726065 0.99151856 -0.07137281
13221289.303 0.2063505 -0.22508904 0.031301457 0.10637688 0.018216487 0.9915712 -0.071685605
13271416.979 0.19654636 -0.2464266 0.036827475 0.106143534 0.0197338 0.9914626 -0.07311703
13321336.658 0.18533003 -0.26491493 0.042678814 0.10878249 0.016519677 0.9915297 -0.069009684
13371069.341 0.17162046 -0.28159395 0.04739944 0.11305508 0.010385915 0.99143106 -0.06461569
13420879.772 0.15373562 -0.29526514 0.051346783 0.11135718 0.008759682 0.99172026 -0.06335533
13470840.950000001 0.13270845 -0.30462766 0.054604933 0.101991184 0.012626321 0.9925292 -0.065758176
13520913.127 0.10847709 -0.31453958 0.05682159 0.08852446 0.017815365 0.99352556 -0.0689418
13571009.053 0.08175128 -0.32416052 0.059244327 0.07667444 0.020619268 0.9942471 -0.071893625
13621009.731 0.054818727 -0.33063135 0.059268225 0.06804449 0.020684823 0.99481 -0.0727686
13670922.911 0.02759515 -0.33438298 0.057153787 0.06158568 0.019247932 0.9953391 -0.07167241
13720789.091 0.0001462088 -0.33509657 0.054259848 0.056804497 0.018720087 0.99566805 -0.07118964
13770663.021 -0.025887365 -0.33079508 0.049498357 0.051422264 0.019716205 0.9959914 -0.07048586
13820576.45 -0.051028248 -0.32296404 0.043751787 0.04377777 0.022627566 0.9963482 -0.06972683
13870545.378 -0.07694292 -0.31235027 0.037111964 0.03388085 0.023790272 0.9968558 -0.06756231
13920546.056 -0.1004656 -0.29842147 0.030991267 0.02596544 0.02485692 0.9972109 -0.06540935
13970530.734 -0.12405312 -0.28336197 0.025178688 0.01923544 0.02400948 0.99742436 -0.06479393
14020500.163 -0.14620298 -0.26534814 0.019634029 0.012725108 0.023358718 0.99752855 -0.06503354
14070476.841 -0.16667914 -0.24805723 0.015125521 0.0074437703 0.021212768 0.9975643 -0.06603047
14120477.519 -0.18554243 -0.22850762 0.010232106 0.003983902 0.0217682 0.9975337 -0.06660939
14170518.196 -0.20175052 -0.21099523 0.0052223904 -0.0013893795 0.021974571 0.99746084 -0.06772822
14220558.624 -0.21726237 -0.19278888 -0.0020148708 -0.009286241 0.02388974 0.9974407 -0.066747025
14270575.300999999 -0.22846866 -0.17209496 -0.008461016 -0.01666026 0.026633343 0.99732804 -0.065953776
14320591.479 -0.23392324 -0.15409692 -0.015044955 -0.021707576 0.030279528 0.9971314 -0.06588578
14370608.157 -0.24106711 -0.13310982 -0.02218914 -0.02069054 0.030862512 0.997288 -0.06353046
14420648.583999999 -0.24084222 -0.112347186 -0.028137209 -0.020595597 0.03035763 0.99751824 -0.060097165
14470705.511 -0.2381392 -0.08924862 -0.032517828 -0.019439373 0.028538687 0.99772966 -0.05782139
14520737.438000001 -0.23113747 -0.066683516 -0.03618065 -0.018140182 0.023924608 0.997806 -0.059006564
14570730.616 -0.2225802 -0.045012508 -0.039243784 -0.016148178 0.019981403 0.9977834 -0.06138696
14620726.044 -0.21074267 -0.022552311 -0.04078992 -0.0136849275 0.016617015 0.99778765 -0.06290088
14670723.722000001 -0.19887166 -0.0043709436 -0.041953575 -0.01395454 0.011424538 0.99775857 -0.0644412
14720740.399999999 -0.18363605 0.01033395 -0.044174142 -0.013486018 0.0052743903 0.9978119 -0.06451229
14770741.328 -0.16266364 0.02552599 -0.043637607 -0.012559629 -0.0010258168 0.9979878 -0.062140927
14820726.006 -0.14062528 0.03613089 -0.041523337 -0.0070179687 -0.007163976 0.9981764 -0.059525542
14870703.184 -0.11601308 0.04263945 -0.037749592 0.002672141 -0.009434337 0.9983654 -0.056306597
14920703.862 -0.089833274 0.0453036 -0.03481546 0.009468459 -0.009813289 0.99821323 -0.05817529
14970736.290000001 -0.062735125 0.049035694 -0.032152385 0.010025112 -0.008226228 0.9980283 -0.06141276
15020831.966 -0.03419434 0.051366445 -0.02985463 0.013969006 -0.007848711 0.99789137 -0.062897235
15070943.642 -0.0033223075 0.05081301 -0.027546506 0.020412931 -0.009632438 0.99769145 -0.06404925
15121031.818 0.026785776 0.04661519 -0.024927268 0.024613822 -0.011277341 0.997484 -0.06551881
15171087.995 0.05513458 0.040159497 -0.022175508 0.024312994 -0.012328312 0.99708784 -0.071224
15221144.422 0.08372291 0.0286002 -0.019076107 0.030733697 -0.008046423 0.99679345 -0.073440775
15271232.099 0.115169734 0.015003563 -0.015568445 0.04181879 -0.0052124937 0.9963111 -0.0747544
15321359.775 0.14555702 -0.0031283987 -0.011677774 0.056335613 -0.00096802745 0.99578166 -0.07241765
15371566.449000001 0.17400135 -0.023800462 -0.0075795464 0.07068943 0.0033497289 0.995004 -0.07041954
15421797.373 0.20013204 -0.045794174 -0.0030857674 0.086200945 0.0076291873 0.99396473 -0.06741978
15471798.050999999 0.22067915 -0.06802727 -0.0018323737 0.09625961 0.009876116 0.9931471 -0.06553952
15521640.481999999 0.23664539 -0.08999322 -0.001752599 0.100372344 0.008102033 0.9928245 -0.06449261
15571458.663 0.24689828 -0.113201976 0.0002652877 0.10520966 0.006088533 0.9924082 -0.063402005
15621333.093 0.25569078 -0.13824636 0.00026833487 0.106101274 0.005652974 0.99232775 -0.063215345
15671293.521 0.25532737 -0.16245121 0.0016694949 0.10721441 0.0057547754 0.99214005 -0.06426641
15721365.947999999 0.25302833 -0.18720216 0.0028143956 0.10782702 0.00873053 0.9922 -0.061938006
15771445.875 0.24714126 -0.21117379 0.0035559456 0.10901371 0.010421145 0.992273 -0.058325686
15821335.804 0.23851854 -0.2348161 0.0058833957 0.11149571 0.010984073 0.9920259 -0.057728887
15871074.737 0.2224313 -0.25776485 0.008596151 0.11321764 0.011812871 0.9919241 -0.05593586
15920885.168000001 0.20381182 -0.2790343 0.009210782 0.11394402 0.013092555 0.9919906 -0.052915305
15970901.595 0.17747149 -0.2966003 0.008342518 0.1084598 0.013135367 0.9927078 -0.05094402
16021029.271 0.14513218 -0.31054384 0.0061730193 0.098672844 0.011742449 0.99381226 -0.049629334
16071085.447999999 0.11052096 -0.32313877 0.0038401268 0.08889943 0.010809195 0.9948772 -0.046898358
16120967.128 0.074375294 -0.3318383 0.00024719813 0.08184727 0.00883982 0.99572843 -0.041807327
16170753.809000002 0.038011815 -0.3391383 -0.004227714 0.074377656 0.007032493 0.9965608 -0.03584766
16220596.24 -0.00054378156 -0.34433326 -0.008554611 0.0640478 0.005557627 0.9974551 -0.030826572
16270541.419000002 -0.039473142 -0.34398833 -0.015123934 0.050947513 0.0053523355 0.9983304 -0.026684025
16320518.097000001 -0.078603834 -0.33943802 -0.020299362 0.0379549 0.007821786 0.9989155 -0.025809038
16370431.776 -0.1168132 -0.33080038 -0.02696318 0.023022238 0.010570734 0.9992969 -0.027641932
16420313.705999998 -0.1557855 -0.31593668 -0.033782624 0.0024861943 0.010711094 0.99940217 -0.032778773
16470226.886 -0.19038099 -0.29836535 -0.042103972 -0.020443248 0.010673364 0.99897945 -0.038836207
16520243.563 -0.22326921 -0.28080925 -0.049204946 -0.040156882 0.014963201 0.99816227 -0.042843863
16570402.739 -0.25014848 -0.2651775 -0.054882202 -0.055916272 0.022618324 0.99717224 -0.04482522
16620625.662999999 -0.27104044 -0.24683611 -0.06077898 -0.064456515 0.025857028 0.99655336 -0.04536799
16670761.339 -0.2876594 -0.22488262 -0.06499544 -0.066165335 0.023449799 0.99652016 -0.044942558
16720714.517 -0.2951474 -0.20644592 -0.06856565 -0.06787696 0.023314996 0.99637294 -0.045717806
16770580.196999997 -0.30506483 -0.18615264 -0.07334704 -0.07041311 0.024286896 0.996188 -0.045406923
16820502.127 -0.30969208 -0.16570446 -0.076863825 -0.07389513 0.02489432 0.9959252 -0.045307953
16870550.303999998 -0.31038195 -0.14614226 -0.080983594 -0.075463615 0.024908654 0.9958275 -0.044861857
16920760.228 -0.3062919 -0.12556241 -0.08044154 -0.07645089 0.023717923 0.99556774 -0.049372513
16970832.155 -0.30249274 -0.09867547 -0.08414425 -0.07381159 0.021500682 0.99577504 -0.050216038
17020845.833 -0.29265562 -0.07729077 -0.0844908 -0.06963163 0.01685166 0.99600726 -0.053264525
17070775.262 -0.27945098 -0.054606676 -0.08401611 -0.060187027 0.011496323 0.99658597 -0.05533335
17120712.691 -0.2634554 -0.033229455 -0.08324013 -0.05270656 0.007193057 0.99689704 -0.05802207
17170721.618 -0.24517594 -0.013645055 -0.08195172 -0.04577896 0.006500124 0.99691683 -0.06339503
17220793.545 -0.22452836 0.004824315 -0.079306684 -0.040639825 0.008335698 0.99684566 -0.067658335
17270841.722 -0.20313378 0.021753877 -0.07617429 -0.035610046 0.006465838 0.9967171 -0.072424546
17320826.4 -0.17849469 0.035770103 -0.071261846 -0.024961233 0.005466014 0.9967724 -0.07610461
17370755.580000002 -0.14940324 0.04720449 -0.06577713 -0.011386346 0.0051827645 0.99684024 -0.07844165
17420685.509 -0.11948211 0.056504667 -0.059741568 0.0031547141 0.0054700417 0.9967213 -0.080664776
17470678.187000003 -0.08748624 0.06272048 -0.053507887 0.017924838 0.00798763 0.9963663 -0.08287962
17520750.362999998 -0.055343796 0.06678952 -0.04771611 0.0327351 0.009865541 0.995728 -0.08577256
17570893.539 -0.023463456 0.06884704 -0.0427334 0.045923457 0.011839915 0.9949172 -0.08882949
17621052.964 0.0074518197 0.067873895 -0.037106734 0.05789387 0.016211327 0.99410146 -0.09026544
17671172.64 0.036363326 0.06646918 -0.032059986 0.06696475 0.016581543 0.9932044 -0.093732305
17721276.316000003 0.0645875 0.064551495 -0.026209123 0.07630715 0.016023295 0.9923132 -0.096098915
17771372.492999997 0.09420325 0.0620922 -0.022636808 0.087982066 0.015062621 0.99120337 -0.097715095
17821468.169 0.12151972 0.058222793 -0.017880308 0.09789825 0.015005416 0.99030185 -0.09743194
17871508.595999997 0.14781809 0.05332966 -0.014462594 0.1066265 0.013956745 0.98947066 -0.09687023
17921453.775000002 0.1704145 0.046110757 -0.010591647 0.11368334 0.012094128 0.9887728 -0.09621988
17971367.705 0.1914201 0.037541233 -0.0074063246 0.122826576 0.009919604 0.9878437 -0.09476366
18021360.382999998 0.20969912 0.02516983 -0.005208007 0.13151932 0.0073725986 0.98689777 -0.09317319
18071495.558 0.22495537 0.01111357 -0.00431708 0.1375011 0.005740642 0.9863318 -0.090609446
18121711.483 0.23672153 -0.0049991943 -0.004505222 0.14055106 0.0054169404 0.9861443 -0.087952256
18171687.411000002 0.24542512 -0.022245154 -0.0037501447 0.14243583 0.0050623785 0.9861418 -0.08491638
18221545.841 0.25165263 -0.03958492 -0.0031403992 0.14332747 0.0050347145 0.9862655 -0.0819286
18271411.521 0.25571844 -0.06073113 -0.003927686 0.14223084 0.007086502 0.98664 -0.079130985
18321372.950000003 0.25712913 -0.08162534 -0.0046929135 0.14083372 0.008617697 0.98718745 -0.07451596
18371500.126000002 0.2556493 -0.10344215 -0.0049279463 0.14186361 0.008822886 0.9873083 -0.07084712
18421675.301000003 0.2519427 -0.124210246 -0.0051120436 0.14209823 0.009066562 0.98753554 -0.06707762
18471628.479000002 0.2441436 -0.14367917 -0.0042625363 0.14103587 0.008787703 0.98785025 -0.064680316
18521415.161000002 0.23322286 -0.1630478 -0.0021147903 0.13806093 0.006864688 0.9884592 -0.06197123
18571210.092 0.22008544 -0.18033354 -0.0010330895 0.13596475 0.005959623 0.98893785 -0.058992658
18621123.272 0.20604084 -0.19583108 -0.0022045232 0.13266689 0.006396019 0.9895707 -0.055754207
18671242.947 0.18759674 -0.20781988 -0.0036579382 0.12766077 0.007844612 0.9903643 -0.05310242
18721394.123 0.16443735 -0.21810761 -0.004270159 0.11635553 0.009047412 0.9918363 -0.05138456
18771363.551000003 0.13827239 -0.22539243 -0.006378716 0.102690436 0.009489282 0.9934608 -0.048994023
18821102.734 0.110746704 -0.23000422 -0.0071386774 0.08829547 0.009964881 0.9949568 -0.046536684
18870857.416 0.08434673 -0.22937143 -0.007114862 0.07803496 0.011571794 0.9958235 -0.045958146
18920834.094 0.059834998 -0.22579902 -0.0074225515 0.06962207 0.014842629 0.9963714 -0.046652865
18970993.769 0.035036262 -0.21964648 -0.0064703557 0.06048766 0.015438671 0.9968985 -0.04792176
19021161.194 0.0104371635 -0.209231 -0.005545408 0.051063195 0.01289209 0.99744517 -0.048265126
19071122.123 -0.012116326 -0.2007734 -0.004530545 0.042384554 0.0094965445 0.99791014 -0.04784226
19120892.555000003 -0.033860818 -0.19373961 -0.00391775 0.03543956 0.0068247775 0.99831116 -0.045523636
19170663.236 -0.051288314 -0.18778852 -0.003920239 0.02834039 0.0067976397 0.9987176 -0.041397188
19220569.166 -0.06593441 -0.18149632 -0.0041280873 0.019425904 0.008524776 0.99908936 -0.037020475
19270661.092 -0.0785724 -0.17410526 -0.00499055 0.012830534 0.011448574 0.99932414 -0.032490946
19320729.018999998 -0.08543472 -0.1658685 -0.0055121016 0.010083058 0.013956195 0.99949753 -0.026614873
19370761.696 -0.09237559 -0.16023065 -0.005905402 0.011164122 0.013366692 0.99964714 -0.020060897
19420730.625 -0.097720735 -0.15293582 -0.0034039095 0.012010312 0.013431326 0.99973744 -0.014154878
19470573.055 -0.10178937 -0.14233002 -0.00050415704 0.012514264 0.010753704 0.9998051 -0.010839962
19520523.234 -0.103013195 -0.13668571 0.002072231 0.014543461 0.0060061966 0.99981666 -0.010912075
19570526.662 -0.10331629 -0.12830926 0.006799238 0.019090356 0.0004748029 0.9997536 -0.011319966
19620607.088 -0.106446646 -0.115638115 0.01225416 0.024002986 -0.006546768 0.9996045 -0.013106894
19670678.765 -0.108165964 -0.10174818 0.017532732 0.023900067 -0.010306521 0.99953735 -0.015740553
19720719.442 -0.1143403 -0.087256044 0.020015068 0.018243328 -0.00910998 0.99966085 -0.016200121
19770720.12 -0.123019874 -0.071178146 0.021244425 0.009214204 -0.0053914846 0.9998599 -0.012888911
19820721.048 -0.13315523 -0.05356305 0.022414662 -0.0028859337 -0.0017253814 0.9999147 -0.0126233995
19870721.726 -0.13815238 -0.033795994 0.023327395 -0.015664695 0.0011338228 0.9997426 -0.01637546
19920722.404 -0.13980271 -0.014659534 0.024906809 -0.025206894 0.002806046 0.9993943 -0.02383117
19970738.582 -0.13483627 0.004475881 0.026740303 -0.027887605 0.0014241205 0.99917793 -0.029389348
20020819.008 -0.12574337 0.018653797 0.029928073 -0.02645267 -0.0011518016 0.9990959 -0.033263266
20070954.684 -0.11313243 0.031266075 0.03228465 -0.02486292 -0.0010633927 0.9988892 -0.040015046
20121050.36 -0.09677738 0.041038495 0.035089154 -0.021731671 0.00013712612 0.9987254 -0.045555778
20171067.038000003 -0.07830586 0.048228107 0.035931364 -0.017295877 -0.000347061 0.9986995 -0.047959898
20221067.716000002 -0.058730025 0.05279813 0.036393736 -0.010924647 -0.0019798868 0.99874806 -0.048776597
20271092.143000003 -0.037233196 0.05608398 0.03454042 -0.0033992599 -0.0047442927 0.998772 -0.049197115
20321204.07 -0.017619729 0.057123784 0.03170045 0.0014786172 -0.0069352165 0.9987286 -0.04991105
20371355.745 0.003133667 0.05645368 0.028286869 0.0073999465 -0.006981872 0.99865687 -0.050803088
20421443.421 0.023463665 0.055197306 0.024253363 0.0121760275 -0.0071555944 0.9985481 -0.05198426
20471360.351 0.04438617 0.053669702 0.018992081 0.015428369 -0.0070666117 0.9984485 -0.053034738
20521151.281999998 0.06503632 0.052379727 0.014522026 0.02021582 -0.010067916 0.99819696 -0.055612635
20571128.46 0.0881019 0.050887257 0.010213823 0.028447917 -0.012116742 0.9979438 -0.056144584
20621398.884 0.11214239 0.047440317 0.005980897 0.037665002 -0.013414407 0.9976311 -0.05597942
20671819.555 0.1366269 0.04383049 0.0020798726 0.04638004 -0.013353097 0.9972687 -0.055909015
20721931.231 0.15980713 0.04036253 -0.0015186034 0.053666648 -0.013831882 0.99687517 -0.056288928
20771773.661999997 0.18094961 0.035684604 -0.003959621 0.06032909 -0.014716885 0.9965008 -0.055947144
20821599.842 0.20123135 0.02838954 -0.0055569704 0.0648831 -0.014078858 0.99632907 -0.054041933
20871537.020999998 0.22004431 0.02062761 -0.0058255396 0.069957584 -0.014166245 0.99604577 -0.0528971
20921577.698000003 0.23743142 0.01107322 -0.005271829 0.07485001 -0.01493128 0.99573374 -0.051855445
20971657.625 0.25422832 -3.576372e-05 -0.002922758 0.07673385 -0.015903844 0.9955138 -0.053021383
21021682.053 0.27082047 -0.011743514 0.0011522659 0.076588504 -0.016199864 0.9954387 -0.054530904
21071658.981 0.28823447 -0.025270734 0.0076714596 0.07681898 -0.016760433 0.99524724 -0.05745431
21121620.158999998 0.30883002 -0.03897313 0.014860462 0.083797015 -0.018781213 0.9944746 -0.0603793
21171613.088000003 0.33311445 -0.05552794 0.022776289 0.0974504 -0.020584878 0.9933086 -0.058462102
21221645.765 0.3560878 -0.074680075 0.030721968 0.11164708 -0.022442643 0.99191064 -0.056076303
21271669.941999998 0.3754881 -0.09315524 0.037340827 0.121803366 -0.022130908 0.9907653 -0.055302333
21321615.121000003 0.39064997 -0.11085306 0.04291326 0.12687169 -0.018159855 0.99032307 -0.05323678
21371496.801 0.40352508 -0.13006167 0.04614292 0.124762446 -0.011070389 0.99083066 -0.050659847
21421363.231000002 0.41231856 -0.14838032 0.05066501 0.11697983 -0.0024709122 0.991806 -0.051289294
21471268.411000002 0.4072275 -0.1645888 0.056363806 0.11282351 0.0034635214 0.992162 -0.05360591
21521293.088 0.40697747 -0.18114299 0.061759368 0.11099304 0.009211473 0.992323 -0.053766478
21571452.514000002 0.40424183 -0.19386247 0.067866676 0.11194497 0.012112737 0.99215037 -0.054400068
21621556.19 0.40075243 -0.20378059 0.07333783 0.11134876 0.01431798 0.99214107 -0.05525023
21671409.12 0.39261922 -0.21273054 0.07563944 0.10735564 0.015086494 0.99255896 -0.05544281
21721201.051 0.3783731 -0.22356986 0.081549175 0.1045924 0.014533822 0.99269426 -0.058372207
21771106.231000002 0.36449003 -0.23169382 0.08423559 0.10167373 0.0141923195 0.99287033 -0.060577184
21821265.906000003 0.34778732 -0.23662163 0.08491465 0.09690905 0.012839691 0.9933668 -0.060549475
21871544.33 0.32275587 -0.24299161 0.08613234 0.09101689 0.011216959 0.99394774 -0.060482185
21921608.006 0.2978805 -0.24743639 0.08427144 0.08000304 0.011942922 0.99495274 -0.059380323
21971355.439 0.27105135 -0.25006738 0.08259684 0.07027733 0.012185789 0.99564916 -0.0599614
22021062.621 0.24566726 -0.25200936 0.07975822 0.059854385 0.012492571 0.99636066 -0.059388388
22070928.801000003 0.22048728 -0.25289735 0.07687569 0.05207191 0.01203391 0.99690187 -0.057709187
22121095.977 0.19394386 -0.253118 0.072691604 0.044037282 0.012823966 0.9974284 -0.05507248
22171350.15 0.1661876 -0.25136843 0.06735086 0.03388054 0.015132223 0.99789053 -0.053269513
22221430.327 0.13911723 -0.24760336 0.061261535 0.02179265 0.0193377 0.9982487 -0.05148543
22271169.259 0.11236444 -0.24408963 0.05396522 0.006788977 0.025855234 0.9984562 -0.04869142
22320836.942 0.087179564 -0.23940028 0.045164578 -0.008949019 0.031517576 0.99840283 -0.046026763
22370703.123 0.06308749 -0.23040132 0.035567265 -0.023739515 0.035133187 0.9981567 -0.043420047
22420711.3 0.04286869 -0.21951863 0.0260808 -0.03358201 0.036395706 0.9979394 -0.04079867
22470783.727 0.028353278 -0.20618421 0.017756835 -0.036858983 0.03567582 0.99794704 -0.038347088
22520816.404999997 0.016957868 -0.19124003 0.011494667 -0.038361695 0.03454432 0.99793357 -0.038258556
22570785.083 0.0085587865 -0.17386973 0.0051497133 -0.04073574 0.03445431 0.99780774 -0.039157685
22620730.512 0.0024945207 -0.15532453 0.0011215942 -0.04350859 0.034353796 0.99748796 -0.044098426
22670715.19 -0.001240994 -0.13447465 -0.0040756827 -0.047131963 0.03245905 0.9971395 -0.04937488
22720787.367 -0.0007366801 -0.11575869 -0.009287981 -0.050845735 0.030667555 0.9967328 -0.05475452
22770915.042999998 0.0022270652 -0.09673402 -0.012677951 -0.05150907 0.02752931 0.996568 -0.058661092
22821066.468 0.012197125 -0.079357654 -0.015726382 -0.049862005 0.025848053 0.9965126 -0.061711516
22871178.143999998 0.024364669 -0.06363547 -0.017239053 -0.043631997 0.02470353 0.9966758 -0.06421402
22921194.822 0.039650112 -0.049181122 -0.01941376 -0.036865067 0.023518631 0.99674416 -0.06774198
22971156.0 0.05840606 -0.03593849 -0.021411581 -0.03045591 0.02387652 0.9966014 -0.072718754
23021132.679 0.07980329 -0.023599826 -0.022885183 -0.022378795 0.026538609 0.9963846 -0.07754083
23071189.106 0.10328349 -0.013053773 -0.024097009 -0.012751486 0.03038906 0.996193 -0.08070577
23121308.781 0.12859482 -0.005666307 -0.02468744 -0.0031972313 0.034456387 0.9960261 -0.08206424
23171420.708 0.15437624 0.0005301596 -0.026348602 0.0081238765 0.036742784 0.9957995 -0.083471105
23221445.385 0.17859566 0.0045763436 -0.027949743 0.018463077 0.037256785 0.99558216 -0.08418627
23271398.564 0.20132597 0.007488827 -0.029917099 0.026400208 0.03565928 0.9954874 -0.083882645
23321454.741 0.22271942 0.007923487 -0.03138371 0.034387723 0.032241076 0.99543333 -0.08300927
23371613.915999997 0.24443091 0.0045194384 -0.031618495 0.042154223 0.029329259 0.9952665 -0.08250689
23421741.592 0.26567322 -0.00062281115 -0.031431675 0.050308075 0.026855886 0.9950943 -0.08084098
23471750.02 0.28755042 -0.00774285 -0.031033559 0.058370333 0.025175976 0.99485 -0.078946784
23521663.698999997 0.30964804 -0.017389763 -0.030308135 0.0658341 0.024088403 0.99465483 -0.07581221
23571569.379 0.32991803 -0.02798474 -0.02726719 0.073627755 0.02338894 0.9942875 -0.07365018
23621530.307 0.35144958 -0.039637335 -0.02374676 0.08345302 0.023595786 0.99362665 -0.07200696
23671554.985 0.37221915 -0.051702674 -0.019595485 0.095211275 0.02386937 0.9927062 -0.069995925
23721587.162 0.39213538 -0.06520407 -0.015314898 0.1068768 0.022519264 0.9917647 -0.066880725
23771595.84 0.408425 -0.07981067 -0.010905499 0.11630714 0.020975718 0.99090636 -0.06432213
23821566.018 0.42200702 -0.092234865 -0.005495799 0.12409413 0.020461079 0.9900573 -0.06299609
23871478.448 0.43391234 -0.1057028 -0.00088859815 0.12996931 0.021223236 0.9894133 -0.060982212
23921408.377 0.44409546 -0.12093499 0.003709965 0.13605061 0.021092692 0.9886259 -0.060533505
23971369.055 0.45075703 -0.13335523 0.009070936 0.13926388 0.02252052 0.9882154 -0.059404362
24021369.733 0.4550898 -0.14874135 0.01431104 0.14168447 0.025045116 0.9878706 -0.058396474
24071486.909 0.45728436 -0.16462 0.020717653 0.14334981 0.02708718 0.9875606 -0.058662195
24121434.588 0.45611438 -0.17926504 0.028620932 0.14749978 0.027534725 0.9869321 -0.05874352
24171379.766999997 0.45279673 -0.19324568 0.035398368 0.1489033 0.026150769 0.98668873 -0.059911255
24221301.446 0.4437637 -0.20335767 0.044233784 0.14713505 0.024496151 0.9869503 -0.060666826
24271262.373999998 0.43224695 -0.21734978 0.051700346 0.14332585 0.023512647 0.9874406 -0.062177073
24321326.551 0.4208684 -0.22984412 0.058964826 0.13900335 0.023725607 0.98810387 -0.061367687
24371446.227 0.40394244 -0.24078098 0.0651151 0.13406472 0.025131084 0.98878646 -0.060798552
24421447.155 0.38847837 -0.24553345 0.066967614 0.12670226 0.02710815 0.9898154 -0.058967132
24471289.336 0.37087205 -0.24680984 0.06845151 0.11778369 0.029569011 0.99088985 -0.058224283
24521123.516 0.35201997 -0.24173029 0.07031418 0.10714912 0.032234594 0.992013 -0.05822588
24571132.194000002 0.33519974 -0.23458508 0.07171837 0.09435448 0.035016198 0.993006 -0.061727285
24621355.118 0.31949306 -0.2234876 0.07309985 0.08532644 0.037042145 0.99349785 -0.06564624
24671601.292 0.30869368 -0.20771599 0.07422133 0.08064268 0.03816982 0.993542 -0.07010044
24721554.471 0.3018896 -0.19055901 0.07563965 0.079989865 0.0378314 0.99318385 -0.07587042
24771372.652000003 0.2959103 -0.17145309 0.07593635 0.080406584 0.036503065 0.99276745 -0.08133386
24821270.581 0.29244268 -0.1523189 0.07364786 0.08045971 0.03444867 0.9923909 -0.08660241
24871382.258 0.28898585 -0.1339517 0.06939231 0.07784296 0.031788073 0.9923082 -0.09085388
24921774.179 0.2869672 -0.11550568 0.06469649 0.075116694 0.02852096 0.992453 -0.09263487
24972113.101 0.28796047 -0.101355605 0.059189677 0.07488896 0.027821107 0.9922054 -0.095635846
25022224.777 0.2925388 -0.08828034 0.053406883 0.076514184 0.027254747 0.9918568 -0.09809671
25072154.707 0.30164212 -0.07770492 0.046148494 0.07978078 0.026271092 0.9915252 -0.09911008
25122051.886 0.31076708 -0.06866052 0.038637202 0.084823914 0.025500407 0.9911996 -0.09837657
25171981.814999998 0.3228839 -0.061147776 0.03075122 0.08916265 0.026800588 0.9909237 -0.09696451
25221934.994 0.3362629 -0.054849744 0.023998115 0.09481987 0.028631546 0.9904878 -0.095516704
25271947.422000002 0.35092577 -0.050112665 0.018358238 0.10171559 0.02878309 0.9899003 -0.094462164
25321848.851 0.3675739 -0.046848115 0.011900511 0.10876693 0.028374316 0.98925304 -0.093504585
25371770.53 0.38454774 -0.044129398 0.0067691132 0.115908034 0.027725525 0.98871076 -0.09081671
25421675.959999997 0.40207365 -0.045968596 0.0028411234 0.12279824 0.026534915 0.9880114 -0.08972178
25471589.889000002 0.41998202 -0.05056913 0.0018175743 0.13079852 0.02566247 0.9871073 -0.08861396
25521518.818 0.43955302 -0.057707522 0.0015290184 0.14139341 0.023962673 0.98581064 -0.08724154
25571488.246999998 0.46057087 -0.06716912 0.0017649848 0.15366194 0.022458715 0.9841399 -0.08574603
25621464.924999997 0.48041794 -0.07913241 0.0039202506 0.16520548 0.021175342 0.98242444 -0.08426843
25671441.603 0.49872366 -0.09227113 0.006834509 0.17370802 0.021728368 0.9809956 -0.08367262
25721371.282 0.51594335 -0.10672626 0.0120585095 0.17897049 0.023766814 0.97996515 -0.0841022
25771284.462 0.5308175 -0.12284017 0.01816997 0.18520197 0.02635444 0.97878164 -0.083619416
25821253.889999997 0.5440902 -0.14115138 0.02190806 0.19097881 0.029181704 0.9778124 -0.08098437
25871333.567 0.55526555 -0.16188967 0.026453322 0.19524719 0.032332357 0.97711515 -0.077968955
25921437.743 0.5619669 -0.18080293 0.031019771 0.19633389 0.03512049 0.9771522 -0.07343745
25971398.672 0.56546974 -0.2007872 0.0361524 0.19770525 0.037440173 0.97703534 -0.070091695
26021224.852 0.5673023 -0.22002666 0.042362124 0.19988747 0.03898368 0.97673744 -0.06715172
26071075.033 0.5648011 -0.23468961 0.049637698 0.20276368 0.03783135 0.9763256 -0.0651472
26121131.209999997 0.55649024 -0.24914111 0.060013734 0.20361845 0.03602133 0.9761188 -0.06658897
26171337.884 0.5462043 -0.2601941 0.069376215 0.20221698 0.033918086 0.9764385 -0.06727371
26221489.81 0.5322765 -0.26690853 0.07731358 0.19709893 0.033244472 0.97760195 -0.06588869
26271347.490000002 0.514459 -0.2750504 0.08676916 0.19125724 0.033878118 0.97870606 -0.066387974
26321078.672 0.4939069 -0.27887577 0.09624909 0.18448074 0.034618948 0.97987443 -0.06793041
26370960.602 0.47372863 -0.2793612 0.10487693 0.17549008 0.034474887 0.98136604 -0.07025335
26421217.026 0.45180908 -0.2783528 0.114157654 0.1692018 0.03566587 0.9823243 -0.07167745
26471583.448000003 0.42847455 -0.2738392 0.12127951 0.1624333 0.03807059 0.98331946 -0.072449826
26521827.121999998 0.40206754 -0.26653147 0.12802817 0.15131165 0.040157065 0.98477393 -0.07558164
26571653.301999997 0.3748895 -0.25506815 0.1323086 0.13865179 0.042145677 0.98627216 -0.07916219
26621384.485 0.34750223 -0.24243958 0.13610362 0.12476713 0.04373044 0.98779655 -0.08233333
26671242.415 0.31984657 -0.22806858 0.13863617 0.11394249 0.04295449 0.9888224 -0.086036816
26721322.592 0.29625934 -0.21271421 0.13930295 0.105515264 0.039994415 0.9897045 -0.08804552
26771632.265 0.27303737 -0.19779138 0.13907109 0.098936 0.03497919 0.99054825 -0.08833122
26821910.688 0.252312 -0.18449198 0.13719542 0.092400566 0.029071076 0.9913733 -0.0882945
26871911.366 0.2340859 -0.17170373 0.13383926 0.08729368 0.024633326 0.9920281 -0.0874831
26921785.546 0.21845305 -0.15976109 0.12931567 0.08025836 0.022969307 0.99276555 -0.08629957
26971675.226 0.20481336 -0.14822273 0.123329565 0.07331471 0.023555096 0.9934406 -0.08453372
27021652.154 0.19521986 -0.13583177 0.117159605 0.069447614 0.023405813 0.99394673 -0.0818483
27071692.331 0.19214423 -0.12404833 0.11156445 0.06896781 0.023322118 0.9940889 -0.08054124
27121764.507999998 0.19434871 -0.11016206 0.104869924 0.07168348 0.021154335 0.99394965 -0.08048676
27171820.935 0.1991876 -0.09545611 0.09956826 0.07557614 0.018300364 0.99353296 -0.08273798
27221877.112 0.20896861 -0.08186052 0.094555356 0.07968228 0.01737852 0.99303335 -0.085050106
27271980.788000003 0.22291219 -0.07056979 0.09007288 0.083868414 0.01849417 0.99232227 -0.08899791
27322116.464 0.24182218 -0.05965241 0.086137235 0.090467714 0.021146206 0.99126333 -0.09362443
27372244.14 0.2656655 -0.05118787 0.082972735 0.10325147 0.023399334 0.9896857 -0.09650821
27422331.816 0.2921079 -0.04491088 0.07993142 0.11626762 0.026222143 0.98785126 -0.09972042
27472316.994 0.3170961 -0.041375164 0.07716625 0.12473209 0.03058134 0.98653674 -0.10125279
27522222.674 0.34044683 -0.040239062 0.075348094 0.12981798 0.036137674 0.98560065 -0.102140695
27572056.854 0.36311117 -0.0425651 0.07443659 0.13625695 0.042310882 0.98447394 -0.102249734
27621884.785 0.38726276 -0.04678999 0.07413964 0.1461359 0.04563735 0.98293585 -0.10197397
27671709.216000002 0.41219148 -0.053439558 0.07328083 0.15793255 0.045986075 0.9812249 -0.10069937
27721638.395 0.43767732 -0.063810766 0.07343361 0.16994022 0.04671423 0.97924423 -0.1000942
27771631.573000003 0.46178353 -0.07812987 0.0729515 0.18088412 0.046396997 0.9775136 -0.0979562
27821647.751000002 0.4829365 -0.09417843 0.07282743 0.19096427 0.04214708 0.9762277 -0.09346527
27871617.429 0.5000912 -0.11016093 0.07176785 0.19704495 0.03728824 0.9754767 -0.09070978
27921514.858999997 0.5120434 -0.1257538 0.07327936 0.19739814 0.035070423 0.97558224 -0.08968499
27971412.788 0.5238439 -0.14278975 0.0739855 0.19479185 0.03562551 0.9759966 -0.09065089
28021357.967 0.5338593 -0.1585638 0.07646446 0.19616276 0.034962147 0.9759236 -0.08871884
28071374.145 0.5457294 -0.1750738 0.07992491 0.20380624 0.032186653 0.97454 -0.087743826
28121462.321 0.5561003 -0.19043663 0.081756085 0.21410479 0.02662657 0.97276634 -0.08471065
28171502.498 0.5614898 -0.20910706 0.084348544 0.22094668 0.022009784 0.97159743 -0.08183303
28221416.178 0.5576425 -0.22521698 0.08701991 0.21958913 0.017772846 0.9722678 -0.0784867
28271305.608 0.5471611 -0.24058655 0.09131809 0.21244135 0.016595729 0.97394705 -0.07759101
28321227.287 0.5311906 -0.25500768 0.09745565 0.2025887 0.016300097 0.97608525 -0.07713441
28371211.965 0.5118461 -0.2693598 0.10371616 0.19290699 0.016609453 0.9781617 -0.07556974
28421284.392 0.491163 -0.28159457 0.111039944 0.18730585 0.015067691 0.97937375 -0.07427393
28471380.068 0.46829137 -0.291865 0.11932355 0.18170223 0.011525323 0.98048306 -0.07419213
28521372.746000003 0.44347358 -0.3007669 0.12694538 0.17551254 0.008088219 0.98159176 -0.0748836
28571230.926 0.41502804 -0.30765772 0.13356015 0.16740602 0.005616358 0.9829887 -0.075345315
28621112.856 0.38406497 -0.3133123 0.13792548 0.15698901 0.0042898594 0.98477674 -0.074504696
28671161.033 0.3502231 -0.3182619 0.14051104 0.14545716 0.0040941876 0.98666936 -0.07286402
28721363.957999997 0.31575367 -0.32147262 0.13955693 0.13317378 0.0031210517 0.9886593 -0.06933827
28771456.134000003 0.2812798 -0.32529855 0.13717198 0.11944051 0.0039800163 0.99062383 -0.06620087
28821259.814999998 0.24622194 -0.3257601 0.13235596 0.10582608 0.0065999436 0.99241215 -0.06225309
28870973.998 0.21164325 -0.3243067 0.12618141 0.090455495 0.008065974 0.9940578 -0.060017116
28920847.678 0.17640926 -0.31702465 0.11829891 0.07427399 0.0073929536 0.9955474 -0.05756815
28970975.354000002 0.14486599 -0.30807066 0.11038612 0.06042748 0.0065256287 0.9965559 -0.05641125
29021205.528 0.11366738 -0.2949931 0.102912016 0.048651196 0.0051873843 0.99723387 -0.055954233
29071325.454 0.08448312 -0.27750266 0.09595054 0.036700673 0.0027095368 0.99763644 -0.058028527
29121191.634 0.058188662 -0.26038346 0.092277706 0.026010085 -0.0013195528 0.9977087 -0.06244359
29170938.316000003 0.036417503 -0.24201767 0.089734256 0.018863458 -0.0055030305 0.99758875 -0.06656306
29220820.246 0.01846229 -0.2252136 0.08955816 0.016392099 -0.008796497 0.9973513 -0.070315816
29270924.422000002 0.0032172904 -0.20822425 0.08769859 0.013682432 -0.011231543 0.9971281 -0.07363539
29321131.097 -0.010281071 -0.19062456 0.085351706 0.009880153 -0.012826549 0.9970043 -0.075633235
29371290.272 -0.019418243 -0.17383796 0.08483628 0.007304832 -0.013569632 0.99705094 -0.07518042
29421267.2 -0.025536155 -0.15679215 0.08216353 0.004922489 -0.013757096 0.99696386 -0.07648345
29471030.382 -0.027020104 -0.13960364 0.07870105 0.0036937485 -0.013946671 0.99668527 -0.080065005
29520872.063 -0.026562432 -0.12161679 0.07296645 0.0039478377 -0.014239808 0.9963366 -0.08423237
29571023.738 -0.021595005 -0.102812484 0.067866586 0.008095558 -0.014211977 0.9959331 -0.08859894
29621429.158999998 -0.010083993 -0.084282875 0.062738836 0.015850475 -0.0135305915 0.99539244 -0.093592785
29671883.080000002 0.0048622754 -0.06606238 0.057336044 0.025282878 -0.012422169 0.99468744 -0.099011816
29721811.259 0.021936022 -0.04889263 0.050854284 0.03554171 -0.009289245 0.99386036 -0.10436544
29771597.69 0.041956954 -0.03358248 0.04408815 0.048838075 -0.007095753 0.9925919 -0.11102179
29821510.87 0.06449307 -0.020404786 0.037668686 0.062108275 -0.0060435566 0.991337 -0.115572825
29871694.295 0.08840518 -0.010395413 0.030702353 0.07360721 -0.0041188435 0.9902285 -0.118374616
29922011.967 0.11265038 -0.0049839504 0.024659751 0.082590826 -0.00083835074 0.98927313 -0.12048545
29972171.893 0.13691789 -0.003133157 0.019728037 0.09102053 0.0035810277 0.9884466 -0.12114395
30022013.573 0.16259015 -0.0041437554 0.015286276 0.100870304 0.008388741 0.98736 -0.12196347
30071721.256 0.18727826 -0.009311252 0.01144471 0.111860655 0.012461652 0.9863048 -0.120560214
30121491.937999997 0.2133719 -0.01732855 0.00756798 0.1253525 0.014910356 0.984788 -0.1194029
30171453.116 0.23953642 -0.02617676 0.0031901537 0.14022477 0.016341308 0.9827886 -0.11914939
30221572.542 0.263394 -0.038851794 -0.0015357169 0.15249528 0.018644135 0.9812701 -0.11621804
30271708.218000002 0.28317276 -0.054133106 -0.005608628 0.16101624 0.021438675 0.98046064 -0.11095566
30321716.895999998 0.29920062 -0.07145824 -0.009786664 0.16710587 0.023492219 0.98003525 -0.105141655
30371638.325 0.31125185 -0.09408188 -0.012100477 0.17148705 0.022427037 0.97991353 -0.09929125
30421536.004 0.3205691 -0.113477156 -0.012613183 0.17745131 0.019955626 0.9792115 -0.09621732
30471465.184 0.32947302 -0.13463256 -0.013086684 0.1820824 0.02071253 0.97859514 -0.09364041
30521426.362 0.3359854 -0.15546907 -0.013259191 0.1880354 0.025096491 0.97774845 -0.08955954
30571419.04 0.3376222 -0.1764161 -0.012462021 0.19215135 0.029583098 0.9771833 -0.085531354
30621380.219 0.33458057 -0.19600691 -0.010844105 0.19342308 0.032303896 0.9770045 -0.08370262
30671301.648000002 0.3234564 -0.21048495 -0.007735096 0.190123 0.034670543 0.9778279 -0.08064584
30721215.327 0.30929393 -0.22726119 -0.0057817 0.18429552 0.03599551 0.9790193 -0.07912531
30771192.006 0.28896075 -0.2408629 -0.0029329662 0.17639244 0.035228513 0.98061866 -0.07766478
30821272.432 0.2655822 -0.25324255 0.0023032906 0.167829 0.030924233 0.9823037 -0.07717922
30871392.108 0.24125527 -0.26043102 0.007390889 0.1614922 0.023969917 0.98347205 -0.07828479
30921384.786000002 0.213305 -0.2653714 0.0120859705 0.1559976 0.017948752 0.98436797 -0.07976481
30971250.466000002 0.18570732 -0.26829833 0.014540043 0.14849366 0.015571438 0.9856224 -0.079093225
31021116.895999998 0.15741369 -0.26990783 0.01760628 0.14128381 0.015705187 0.98659474 -0.080144875
31071125.073999997 0.13005054 -0.26881635 0.019183451 0.13585396 0.017644811 0.98719996 -0.08166195
31121308.248999998 0.10260218 -0.26397023 0.018020216 0.13061243 0.020828972 0.9879418 -0.080483794
31171499.674 0.07396891 -0.25760585 0.01712069 0.12216026 0.021969683 0.98913974 -0.078719795
31221515.602 0.045911364 -0.25084004 0.014797181 0.11243371 0.024484124 0.9903332 -0.07745664
31271215.783999998 0.018056884 -0.24024735 0.01189161 0.10079119 0.026592452 0.99161863 -0.07633141
31321049.715 -0.009407522 -0.22976181 0.008895019 0.09159316 0.027085518 0.99250835 -0.07618558
31371073.893 -0.027730938 -0.21423846 0.0038055913 0.0885107 0.025771534 0.9929682 -0.074269325
31421336.566000003 -0.04328273 -0.19664364 0.0010303775 0.093609035 0.02174178 0.9925895 -0.07436904
31471559.490000002 -0.055252265 -0.17991844 -0.0029971942 0.1007673 0.017317312 0.99192154 -0.0750857
31521377.671 -0.065368444 -0.16464742 -0.008696645 0.10202271 0.01308176 0.991892 -0.07463607
31571132.353 -0.0750688 -0.1482425 -0.015212474 0.09771065 0.011686409 0.9922888 -0.07535865
31621030.283 -0.08566281 -0.13180634 -0.021345884 0.092805065 0.012741908 0.99249375 -0.078620195
31671229.458 -0.08968446 -0.1117431 -0.026904363 0.0921368 0.012969747 0.99224037 -0.08247324
31721579.13 -0.08967028 -0.09224367 -0.0316459 0.097569026 0.011348895 0.9914573 -0.08581452
31771658.805999998 -0.085354514 -0.075001344 -0.037544213 0.10263489 0.0072379257 0.9908492 -0.087359235
31821453.488 -0.07958146 -0.05824255 -0.044464912 0.10782241 0.002180805 0.9900322 -0.09058583
31871247.919 -0.072777 -0.04357394 -0.053206984 0.11039835 0.0009961136 0.9895441 -0.09281038
31921233.097 -0.06450346 -0.03021979 -0.060779102 0.114212915 0.003490565 0.98890144 -0.09495918
31971440.022 -0.05334529 -0.017906709 -0.069473684 0.1186612 0.0059681865 0.9881739 -0.09693461
32021718.195000004 -0.04153642 -0.00887552 -0.07833525 0.120903164 0.0075785727 0.9877891 -0.0979684
32071774.371999998 -0.02843041 -0.0005820251 -0.083833836 0.12587723 0.007884759 0.98692083 -0.10039953
32121640.552 -0.01180808 0.0034392583 -0.09154597 0.13139552 0.0059102825 0.9858238 -0.10417142
32171466.733 0.006824208 0.0067821275 -0.09561728 0.13987564 0.005652157 0.9843529 -0.10701568
32221380.162 0.026067758 0.00708264 -0.0984688 0.14865749 0.0071066734 0.98304486 -0.10711405
32271470.839 0.046591956 0.00381291 -0.09997703 0.15711795 0.009985458 0.98182064 -0.10603024
32321548.015 0.06624806 -0.0029694496 -0.10298705 0.16392446 0.0132631 0.9809683 -0.10321905
32371628.192 0.08493904 -0.010043259 -0.10421313 0.17079264 0.015261182 0.97984666 -0.10245795
32421666.119 0.10257982 -0.018510427 -0.10632522 0.17609493 0.01705806 0.9789959 -0.1013239
32471502.8 0.11897036 -0.029652048 -0.10819367 0.18264061 0.01895711 0.9777761 -0.101178065
32521400.979000002 0.13397641 -0.043342527 -0.11054329 0.18780448 0.021527583 0.97697955 -0.09887903
32571354.158000004 0.14589494 -0.060467206 -0.1121852 0.19171645 0.024231136 0.9765257 -0.095159054
32621362.586 0.15461795 -0.0766677 -0.11277412 0.1945108 0.025780158 0.9762082 -0.09229598
32671363.264 0.16263929 -0.09536266 -0.113038756 0.19631027 0.027328273 0.97601944 -0.090008445
32721308.443000004 0.16705455 -0.1145401 -0.11292942 0.19703616 0.02709424 0.97607213 -0.08789675
32771245.621999998 0.16725102 -0.1328554 -0.11328771 0.19534382 0.026004119 0.9766715 -0.08530789
32821199.05 0.16280279 -0.15276659 -0.11272006 0.19140996 0.026586585 0.97775185 -0.08158857
32871231.228000004 0.15459102 -0.1670592 -0.110237435 0.18673097 0.027557155 0.9787344 -0.08031919
32921318.904 0.14660937 -0.18168178 -0.10874712 0.18174154 0.03072808 0.97976846 -0.07797218
32971375.081000004 0.13713132 -0.19626008 -0.10586743 0.17825292 0.03456914 0.9804776 -0.07546289
33021328.26 0.12612335 -0.20564696 -0.1003379 0.17549172 0.03586892 0.98106104 -0.07372524
33071234.189 0.112586595 -0.21439365 -0.094987236 0.16995586 0.033611573 0.98224264 -0.07200562
33121163.368 0.094065614 -0.22095609 -0.08896694 0.16093053 0.030089775 0.9842442 -0.06677841
33171188.046 0.07616947 -0.22773111 -0.084366165 0.15019417 0.028134154 0.986258 -0.06281255
33221283.972 0.056757223 -0.23124482 -0.0791793 0.13807833 0.02721093 0.98818576 -0.060686946
33271308.65 0.037572216 -0.23303124 -0.0745777 0.123882964 0.027993454 0.9902465 -0.057283424
33321174.330000002 0.018296434 -0.23308219 -0.069079824 0.109831594 0.027156832 0.9921288 -0.053666066
33370992.511 0.0034554002 -0.22938558 -0.06470241 0.09754005 0.025843808 0.9937176 -0.048408665
33420961.939 -0.010703171 -0.2223775 -0.061174203 0.08905317 0.024546815 0.9948589 -0.041506346
33471105.115 -0.024324778 -0.21365036 -0.059302755 0.08114569 0.023238713 0.99576885 -0.036329675
33521224.790999997 -0.040215626 -0.20284933 -0.057147022 0.069662064 0.021991907 0.9967917 -0.032707803
33571160.72 -0.054615952 -0.19056724 -0.055125125 0.057554476 0.019716818 0.9976531 -0.031416763
33620817.653 -0.068247795 -0.17578614 -0.052255947 0.049887605 0.015843056 0.99820226 -0.029197587
33670608.585 -0.07537547 -0.16040716 -0.048354436 0.047923546 0.011043348 0.9983914 -0.028215315
33720657.012 -0.083502345 -0.1432406 -0.04412794 0.049304258 0.005076978 0.9983662 -0.028432159
33770871.936000004 -0.089786336 -0.12356275 -0.040861633 0.048256844 -0.0023294645 0.9984058 -0.029182939
33821078.861 -0.09874284 -0.10214238 -0.039461344 0.045877974 -0.008757098 0.9984324 -0.030844197
33871095.538 -0.106431976 -0.08174026 -0.03985657 0.040682662 -0.011757137 0.9984623 -0.035773057
33920937.219 -0.11371036 -0.06138757 -0.040533233 0.033179354 -0.013896803 0.9984237 -0.043083638
33970787.399 -0.11720489 -0.042591244 -0.042021852 0.029160928 -0.015854152 0.99817353 -0.05047781
34020843.576000005 -0.11618339 -0.025532482 -0.04359026 0.029784644 -0.015431626 0.99793833 -0.054716766
34071082.5 -0.11105414 -0.008633617 -0.04669371 0.031930104 -0.014174924 0.9977403 -0.05739129
34121321.174 -0.10320063 0.0063085207 -0.050211802 0.03260633 -0.010990223 0.99747545 -0.06211978
34171337.352 -0.090133175 0.0184706 -0.05245095 0.036958188 -0.007046802 0.99707675 -0.0665017
34221037.285 -0.07208064 0.027812814 -0.054942578 0.045974206 -0.0027005298 0.99660647 -0.068226345
34270775.967 -0.051055357 0.032905646 -0.057380952 0.0581893 0.001129991 0.9958357 -0.07017115
34320911.643 -0.028326618 0.034868244 -0.059543837 0.06962388 0.0050555193 0.9949933 -0.071521066
34371411.812 -0.005316858 0.0341097 -0.06290648 0.0786446 0.009797933 0.99434626 -0.070672244
34421990.481 0.018292764 0.030284265 -0.06598138 0.089867815 0.015088598 0.9934596 -0.06880543
34471897.410000004 0.043682374 0.023439666 -0.06974895 0.10419738 0.0187055 0.992185 -0.06604478
34521533.094000004 0.06712667 0.01647299 -0.07269534 0.11940553 0.01951428 0.9906173 -0.06355254
34571328.025 0.08867354 0.008391477 -0.076164626 0.13213524 0.019479731 0.98907083 -0.06244832
34621368.203 0.10736813 3.481866e-05 -0.07912707 0.14077854 0.017977517 0.9879141 -0.06232193
34671559.377 0.12335009 -0.008712643 -0.080673 0.14841346 0.0154586155 0.98689574 -0.061410803
34721702.552999996 0.13708594 -0.019531071 -0.0813126 0.15558526 0.011974105 0.9859257 -0.06000444
34771684.981 0.1488346 -0.031552445 -0.08102028 0.16227181 0.009438815 0.98502606 -0.057467196
34821474.163 0.15683924 -0.04329777 -0.07984071 0.1674462 0.0053874985 0.98424464 -0.056525912
34871324.343 0.16362734 -0.05640349 -0.07849189 0.17150535 0.0031896846 0.98366743 -0.05453606
34921277.522 0.16518998 -0.06716899 -0.07438479 0.1752581 0.0032728112 0.9831631 -0.05161552
34971333.699 0.16597936 -0.080615945 -0.07315235 0.17433195 0.0046593626 0.9832872 -0.052279003
35021421.625 0.16114886 -0.088679135 -0.06903539 0.17090279 0.0053146444 0.98383564 -0.053211402
35071446.302999996 0.1541195 -0.096936055 -0.06513012 0.16775526 0.0055813445 0.9843716 -0.053288188
35121406.981 0.14846833 -0.10540618 -0.06411701 0.16502997 0.0058610537 0.9849504 -0.05102468
35171360.410000004 0.14032261 -0.112113066 -0.06289561 0.16349077 0.0054681017 0.98539376 -0.04732851
35221345.588 0.13213834 -0.11751583 -0.063105226 0.16207126 0.00380112 0.9858469 -0.042713888
35271330.265999995 0.122220024 -0.122242294 -0.06336809 0.15977156 0.0014542271 0.9864375 -0.03757805
35321306.945 0.1102931 -0.12541832 -0.06476375 0.15414183 -0.00015202035 0.98755085 -0.031363945
35371244.124 0.09745231 -0.12602453 -0.06664456 0.1481739 -0.002378277 0.98859364 -0.026860526
35421173.802999996 0.08317858 -0.12657326 -0.06540521 0.14255777 -0.006441391 0.98941374 -0.026388325
35471127.231 0.06941472 -0.124537565 -0.0643021 0.1380361 -0.009354653 0.99003756 -0.026158758
35521175.408 0.0575991 -0.118581384 -0.06255636 0.13384005 -0.010986197 0.9906142 -0.025490299
35571287.085 0.046744872 -0.11259311 -0.05955556 0.1299712 -0.012316404 0.9910668 -0.027245978
35621327.511999995 0.03708008 -0.10349462 -0.057428397 0.12531506 -0.012834452 0.99160886 -0.029040875
35671233.191 0.028066244 -0.09219736 -0.055237815 0.11972119 -0.011773141 0.99224234 -0.03136024
35721138.371 0.018434888 -0.07944931 -0.05077245 0.11711828 -0.009870089 0.9924268 -0.035707567
35771179.048 0.011996743 -0.06450681 -0.047792856 0.11558303 -0.0097018825 0.9924612 -0.03958923
35821425.471999995 0.0056181056 -0.04818457 -0.04528046 0.11121415 -0.0087717725 0.9928803 -0.041752312
35871688.144999996 -0.000101474 -0.033415373 -0.043395083 0.10375188 -0.0047331797 0.9935615 -0.045262605
35921728.323 -0.005611572 -0.017288007 -0.041902058 0.0961083 0.00016118727 0.9940837 -0.050604858
35971646.752000004 -0.008294593 -0.0005679672 -0.04120325 0.08931336 0.005182298 0.99443984 -0.05554976
36021539.682000004 -0.008580604 0.013701974 -0.041923545 0.084100775 0.009717056 0.9946512 -0.059175424
36071484.861 -0.0061886916 0.02468218 -0.043302625 0.08182976 0.0127212 0.9947669 -0.05984128
36121493.288 0.0021935483 0.03303319 -0.043721866 0.08380442 0.013371652 0.99466854 -0.05858806
36171509.966 0.013495121 0.04094286 -0.044098414 0.08801962 0.0118478965 0.99452275 -0.055106048
36221550.143 0.026650643 0.04708906 -0.04336372 0.09564556 0.008961467 0.9940131 -0.052054495
36271606.57 0.04396707 0.05161275 -0.04430502 0.10594095 0.008898003 0.9930586 -0.050318778
36321686.747 0.062221892 0.055459376 -0.045655686 0.11496829 0.011919176 0.9920125 -0.050513357
36371735.173999995 0.078443706 0.058907773 -0.04577246 0.12105962 0.015703999 0.9912087 -0.051022116
36421727.852 0.092926964 0.06158182 -0.045137927 0.125376 0.018033354 0.99058926 -0.051851235
36471689.031 0.10573214 0.063513175 -0.0440395 0.13255247 0.01743037 0.98964155 -0.052303206
36521634.20900001 0.11945279 0.061658263 -0.043347348 0.14127184 0.015953606 0.9885336 -0.050882988
36571602.888 0.13094872 0.059293173 -0.042930894 0.1493768 0.013694982 0.98754543 -0.04746792
36621580.066 0.13981733 0.055262666 -0.043867495 0.15459096 0.012304127 0.9869284 -0.04384824
36671564.993999995 0.14703712 0.0507614 -0.045779906 0.15789899 0.012578312 0.9865678 -0.039921805
36721534.173 0.15120344 0.04619666 -0.048265483 0.15944174 0.013903312 0.98647374 -0.0354191
36771511.100999996 0.15416907 0.0436523 -0.05066259 0.15970631 0.015749045 0.9865664 -0.030539764
36821480.279 0.15409735 0.041878123 -0.05256864 0.15780275 0.017712463 0.9869761 -0.02574445
36871456.958 0.15239595 0.04335181 -0.052530546 0.15638226 0.018086467 0.98727745 -0.02237809
36921433.636 0.1501581 0.04733764 -0.051113363 0.15588968 0.018436061 0.9874111 -0.01944121
36971426.814 0.1504982 0.047761507 -0.0505566 0.15437923 0.018162088 0.9876105 -0.021511897
37021435.242 0.1468313 0.047846373 -0.045810673 0.15218793 0.017001126 0.9878595 -0.026145225
37071473.669 0.14302678 0.045022603 -0.041996706 0.14786609 0.01575009 0.9883755 -0.031645633
37121492.596999995 0.13858695 0.038638603 -0.03764195 0.14514957 0.014798119 0.98865646 -0.03565262
37171556.274000004 0.13830486 0.028310135 -0.0349347 0.14689858 0.013328801 0.988355 -0.03738556
37221612.701000005 0.13922726 0.016006164 -0.033719197 0.15022306 0.0111356685 0.9879095 -0.03666068
37271653.378 0.13886501 0.0038017347 -0.033331208 0.15324758 0.008407538 0.987489 -0.03619501
37321638.056 0.13801126 -0.008992626 -0.03539524 0.15410233 0.0072718253 0.9874169 -0.03474865
37371599.235 0.13465478 -0.022200141 -0.03830954 0.15327194 0.0068773697 0.9876437 -0.031941954
37421544.663 0.13119757 -0.03298091 -0.042273525 0.15184695 0.006409209 0.9879759 -0.028374294
37471505.342 0.12421134 -0.040388986 -0.04493948 0.15114641 0.004750182 0.98817134 -0.025488907
37521458.521 0.11486879 -0.045048054 -0.048244648 0.14881226 0.0025156254 0.9886003 -0.02276206
37571419.949 0.103016436 -0.0478425 -0.05219272 0.14532304 0.0007432881 0.9891842 -0.01988177
37621388.628000006 0.08922231 -0.04783678 -0.056105446 0.14063643 -0.0023526424 0.9898823 -0.01867965
37671349.806 0.07414761 -0.043512482 -0.05924432 0.13241926 -0.004220142 0.9910097 -0.018631287
37721334.484 0.057171408 -0.038231015 -0.060590617 0.12270495 -0.0049858163 0.99220973 -0.020942386
37771343.162 0.04156489 -0.0313837 -0.061132036 0.11209536 -0.004804493 0.9933882 -0.024321899
37821391.589 0.028007003 -0.022621505 -0.06013903 0.104697905 -0.0036774706 0.9941126 -0.02765829
37871447.766 0.018231599 -0.013582219 -0.05986703 0.099070564 -0.00037423114 0.99463296 -0.029836604
37921511.943 0.010915422 -0.0029629502 -0.058474194 0.09540163 0.0027610932 0.9949957 -0.029570704
37971544.621 0.004655986 0.00672377 -0.0566424 0.092296995 0.0020364588 0.9953424 -0.027761694
38021545.548 -0.002296999 0.017821094 -0.051309712 0.09141743 -0.0015389842 0.99544245 -0.027108971
38071514.227 -0.0065344144 0.027009325 -0.045295894 0.094059244 -0.006840342 0.99502295 -0.032177866
38121451.406 -0.0071467366 0.03714596 -0.040934805 0.09652019 -0.010781526 0.9945487 -0.03795516
38171444.584 -0.0064876294 0.042924855 -0.03768629 0.09643808 -0.011969264 0.9943587 -0.042511523
38221524.511 -0.005480199 0.045924854 -0.036579218 0.094965324 -0.01022047 0.9944682 -0.04370559
38271660.186000004 -0.004585665 0.047051087 -0.032574724 0.093726076 -0.007984325 0.99471545 -0.041143704
38321739.863000005 -0.0041859327 0.049746837 -0.031565808 0.09437435 -0.004684076 0.9948442 -0.036832154
38371809.79 -0.0022844893 0.05186711 -0.033463158 0.09416418 0.0021239722 0.9951401 -0.028722765
38421638.47 -0.0015911662 0.05389949 -0.035916314 0.08965672 0.011036062 0.99574083 -0.01844635
