1115348.0 -0.0 -0.0 -0.0 -0.0 -0.0 1.0 -0.0
1155778.858 0.0018200956 -0.003876773 0.0024775832 0.0023371107 0.00057635934 0.9999971 -0.00018797793
1215352.873 0.0050143036 -0.011505412 0.007037306 0.008615861 0.0010231386 0.9999617 -0.0012022479
1255783.9810000001 0.0064292364 -0.0171085 0.010215745 0.013082099 0.0009435042 0.9999112 -0.002394524
1315358.246 0.0065155537 -0.025964133 0.014724143 0.016755613 -0.00014769028 0.9998504 -0.004304632
1355789.104 0.0055537005 -0.031822424 0.017674001 0.018571729 -0.0010706409 0.9998134 -0.005212865
1415363.3690000002 0.00268345 -0.039608978 0.021174086 0.020507215 -0.0025608526 0.9997687 -0.005960685
1455794.477 0.0001744418 -0.044203606 0.022328654 0.020913232 -0.0034973754 0.9997582 -0.0058348225
1515368.4919999999 -0.0040217233 -0.048124578 0.023426035 0.019973435 -0.0045365584 0.999769 -0.0065213796
1555799.851 -0.006392554 -0.04905661 0.024489552 0.018658357 -0.004789613 0.9997901 -0.0069841538
1615373.8649999998 -0.009451746 -0.049651623 0.02619853 0.017920028 -0.0060285986 0.99977523 -0.009595242
1655804.974 -0.009016142 -0.049613066 0.027996171 0.01868794 -0.005007578 0.9997636 -0.009924334
1715379.239 -0.009103996 -0.05050374 0.029060528 0.019684646 -0.00511683 0.9997456 -0.009752602
1755810.0969999998 -0.00977994 -0.05002239 0.029356306 0.019359438 -0.0043288767 0.9997557 -0.009752469
1815384.362 -0.01034662 -0.049908765 0.029068682 0.018814115 -0.0029509743 0.99975985 -0.010847981
1855815.7200000002 -0.010582249 -0.049718734 0.029728679 0.018161945 -0.0034620576 0.9997645 -0.011368901
1915389.735 -0.011051467 -0.048165943 0.029904516 0.018011378 -0.0032683662 0.9997735 -0.010858598
1955820.8429999999 -0.010870367 -0.047351066 0.030179866 0.016895574 -0.0023145871 0.9997951 -0.010910214
2015395.1080000002 -0.011137426 -0.04621923 0.030625101 0.015435339 -0.0017659046 0.9997976 -0.012786462
2056903.989 -0.010840676 -0.044128094 0.031602688 0.015362672 -0.00083944324 0.9997925 -0.013352391
2106384.04 -0.009491276 -0.043199174 0.031867422 0.0157694 -0.000804213 0.9997735 -0.01426857
2156449.853 -0.008713618 -0.042489197 0.031986408 0.01581886 -0.0003556094 0.99975854 -0.015250685
2207070.927 -0.008165586 -0.041777603 0.031821832 0.015001774 0.0003021126 0.9997578 -0.016097507
2258064.51 -0.007730957 -0.04110151 0.031523027 0.014126676 0.000550424 0.999765 -0.01643568
2308027.571 -0.0072974823 -0.040585138 0.030822428 0.014140571 -0.00022471917 0.99975836 -0.01683012
2357300.867 -0.0073520127 -0.039611883 0.030150173 0.013871213 0.0001823708 0.99976414 -0.016710935
2406819.4179999996 -0.0073460964 -0.03968595 0.029327832 0.013504997 0.00053527165 0.9997557 -0.017491935
2456687.477 -0.006361852 -0.03894726 0.02943834 0.012833913 0.0021224183 0.99977154 -0.01696253
2506848.792 -0.00667959 -0.03874767 0.029778449 0.012390134 0.0021484825 0.99977815 -0.016897686
2557223.361 -0.005449123 -0.03782266 0.029749217 0.012447364 0.0015192012 0.99978006 -0.016810836
2607416.9269999997 -0.0047427835 -0.03825864 0.029735103 0.012957667 0.0013803041 0.9997773 -0.016600905
2657292.486 -0.0037325588 -0.03895056 0.029504346 0.013646447 0.0007840189 0.99977064 -0.016489146
2707041.542 -0.002935863 -0.040327054 0.029433047 0.015282693 -6.257177e-05 0.99974316 -0.016737625
2756893.35 -0.0024661298 -0.042418078 0.029873261 0.017503634 -0.001595968 0.9996951 -0.01734332
2806911.912 -0.0024805167 -0.045642745 0.030979792 0.020394359 -0.002820379 0.99960977 -0.01888299
2857049.477 -0.0031488643 -0.049810603 0.032713853 0.023072451 -0.0029186998 0.9995142 -0.020748239
2907202.541 -0.005715481 -0.055084255 0.03459697 0.025369536 -0.0027175092 0.9994106 -0.022966469
2957229.3540000003 -0.0103201615 -0.061038688 0.036258336 0.027627654 -0.0032959732 0.9993081 -0.024682416
3007144.413 -0.01672219 -0.06719898 0.038958553 0.030491086 -0.005189307 0.9992001 -0.025348365
3057059.973 -0.02478714 -0.07403778 0.04072673 0.03225975 -0.008336962 0.99912757 -0.025178378
3107054.784 -0.0354537 -0.08094144 0.042698834 0.032520525 -0.011877464 0.99911445 -0.023909034
3157128.3479999998 -0.048781242 -0.087274365 0.045394387 0.031575292 -0.016204376 0.99908245 -0.023973808
3207297.663 -0.064273074 -0.09265257 0.049125742 0.031148398 -0.02067119 0.9990272 -0.02339048
3257366.7260000003 -0.08072261 -0.09622362 0.05203685 0.030141013 -0.02053707 0.9990944 -0.021911472
3307350.537 -0.097419314 -0.09624503 0.053561084 0.02324892 -0.015777664 0.99932235 -0.023778982
3357313.0979999998 -0.11449831 -0.094641596 0.053517956 0.011816994 -0.008519021 0.99959636 -0.024392946
3407284.658 -0.12975441 -0.09137876 0.052073598 -0.0006256903 -0.0004569713 0.99973875 -0.02284497
3457294.97 -0.14238214 -0.08592548 0.048926264 -0.010377488 0.005802821 0.99972796 -0.020069787
3507345.2830000003 -0.15262926 -0.07779197 0.044235 -0.019533364 0.008413156 0.99965477 -0.015425937
3557395.345 -0.1603637 -0.06770882 0.03792555 -0.030382514 0.008549188 0.99944353 -0.010793425
3607397.907 -0.1644079 -0.055209775 0.031080196 -0.039338816 0.007714565 0.9991564 -0.008921404
3657368.968 -0.16415855 -0.04201678 0.023402942 -0.046352707 0.0068224487 0.99886453 -0.00863775
3707334.7789999996 -0.15888217 -0.029108277 0.016179405 -0.050712164 0.005208933 0.9986565 -0.009291564
3757286.839 -0.14872 -0.017094636 0.009126555 -0.050501384 0.005680456 0.9986753 -0.008069865
3807257.9 -0.13469258 -0.0057154126 0.002943933 -0.045470048 0.005331983 0.9989294 -0.006644526
3857212.961 -0.11912732 0.0050922087 -0.0031715673 -0.040908556 0.0025829598 0.99912053 -0.00883082
3907160.271 -0.10356061 0.015785955 -0.008948098 -0.037743796 -0.0012932125 0.9991868 -0.014125941
3957099.3310000002 -0.08698091 0.025728965 -0.013663139 -0.0325368 -0.0052772528 0.9991952 -0.022857314
4007030.3910000003 -0.0689215 0.03318583 -0.017715216 -0.024521623 -0.0067556943 0.99921566 -0.030350538
4056945.9510000004 -0.051052764 0.036636077 -0.02126456 -0.01898006 -0.008081319 0.99921626 -0.033784103
4106853.011 -0.032759406 0.036913104 -0.02378834 -0.012550521 -0.0095109 0.99925715 -0.03517383
4156808.071 -0.015480724 0.033903897 -0.024998402 -0.005116991 -0.011071806 0.9991909 -0.038325194
4206818.883 0.00091376295 0.027069958 -0.025263505 0.0029481219 -0.0098803295 0.999124 -0.04055965
4256861.194999999 0.015469405 0.016927388 -0.024503969 0.012234108 -0.012199115 0.99895793 -0.042244222
4306895.758 0.026671553 0.0033988608 -0.022918375 0.020454872 -0.0148769505 0.9988129 -0.041630067
4356906.319 0.034320273 -0.011900252 -0.020300016 0.02602414 -0.017222488 0.99870247 -0.040243797
4406900.881 0.038966075 -0.027100792 -0.016458523 0.029120125 -0.018293303 0.9986293 -0.03945894
4456918.943 0.0408903 -0.04254254 -0.012424951 0.031006394 -0.016484069 0.9986079 -0.039360262
4506953.505 0.0423841 -0.05779049 -0.0063847075 0.03631922 -0.012522401 0.99853474 -0.038112827
4557012.068 0.04202017 -0.07179375 -0.00044148156 0.04335393 -0.00746046 0.9983251 -0.0375733
4607069.88 0.03704318 -0.083226815 0.0056181764 0.045440473 -0.0057889577 0.99823034 -0.037918713
4657120.193 0.027181558 -0.093553394 0.011568062 0.041752554 -0.006400439 0.9983803 -0.038112994
4707154.005 0.013228397 -0.10147585 0.017856648 0.03546098 -0.0068842606 0.9986379 -0.037649173
4757188.818 -0.0029830267 -0.106812865 0.022860307 0.027801909 -0.0064487997 0.99889785 -0.03726408
4807230.880000001 -0.020744024 -0.1073287 0.02497181 0.018361157 -0.00664402 0.99910307 -0.037574373
4857273.442 -0.038001563 -0.1013092 0.024397343 0.0075207246 -0.00626315 0.9991114 -0.04099619
4907338.505 -0.05425277 -0.0925474 0.02289892 -0.0026351549 -0.002748051 0.9989151 -0.04641287
4957318.066 -0.07052829 -0.083521515 0.02069755 -0.012580242 0.0018517928 0.9986597 -0.050171614
5007249.375999999 -0.08701033 -0.074666835 0.01734005 -0.025573956 0.004680651 0.99840266 -0.050162934
5057164.936 -0.10156304 -0.064774245 0.013268741 -0.03868743 0.0023649842 0.9981737 -0.046335015
5107119.747 -0.11244976 -0.05345834 0.008563691 -0.04841075 -0.003442476 0.99796546 -0.041347623
5157138.309 -0.119766414 -0.04136974 0.0034105426 -0.05443681 -0.009651169 0.9977769 -0.037211217
5207204.372 -0.124610804 -0.028732235 -0.002178323 -0.05974889 -0.013061647 0.99756396 -0.03355184
5257246.433999999 -0.12694536 -0.016520908 -0.00910329 -0.067654185 -0.014347485 0.99714124 -0.030438375
5307233.495 -0.12581395 -0.004773576 -0.016215337 -0.075219706 -0.01509469 0.99672425 -0.025593312
5357164.805 -0.12022494 0.006435551 -0.02273802 -0.07891216 -0.0142878955 0.996554 -0.021186301
5407112.116 -0.11158973 0.018358503 -0.027981015 -0.07885737 -0.0125871515 0.9965894 -0.02080154
5457090.677 -0.09962818 0.030038329 -0.03272134 -0.077707216 -0.008706145 0.9967058 -0.021527985
5507085.238 -0.08438167 0.040691383 -0.036686856 -0.07380501 -0.0028008746 0.99697804 -0.024079276
5557103.55 -0.06641154 0.05038169 -0.03912758 -0.06471122 0.0018394699 0.9974682 -0.029433284
5607021.109999999 -0.04665367 0.05707013 -0.039622754 -0.05357126 0.0036807826 0.99799764 -0.03342621
5656950.67 -0.025303585 0.060114596 -0.03854206 -0.040219467 0.004343688 0.9984957 -0.037012555
5706873.48 -0.0023939642 0.058780078 -0.03790743 -0.024009105 0.0056903004 0.99890935 -0.039639592
5756836.541 0.020296853 0.052798174 -0.03833048 -0.010082224 0.008911819 0.99918497 -0.038057532
5806831.352 0.041840985 0.043430176 -0.03941595 0.0019639812 0.009302886 0.9993398 -0.035065845
5856873.914 0.06269375 0.031464536 -0.040145047 0.014644702 0.009455185 0.99937725 -0.03067901
5906939.727 0.08017992 0.017157866 -0.04006455 0.025880242 0.009806568 0.9992968 -0.025300385
5956997.79 0.09374101 0.0023794337 -0.038567152 0.034757733 0.008206805 0.9991171 -0.022130908
6007024.352 0.103013344 -0.012392498 -0.03461365 0.039654218 0.0054391273 0.9989677 -0.021483233
6057034.914 0.10720245 -0.02651323 -0.02742902 0.04109586 0.0029378966 0.99883354 -0.025180927
6107045.476000001 0.10750218 -0.039523162 -0.017965978 0.03849533 0.002922329 0.99877256 -0.031033594
6157056.2870000005 0.10336208 -0.0516533 -0.005628129 0.032961138 0.0017063287 0.9988111 -0.03587491
6207074.348999999 0.09686212 -0.062975064 0.0077285264 0.027485523 -0.0014096812 0.9988748 -0.038624547
6257084.910999999 0.08919554 -0.073000945 0.021989677 0.022852184 -0.004441275 0.9988645 -0.041566536
6307103.473 0.08021869 -0.080798104 0.03580187 0.017956618 -0.0051252334 0.99881476 -0.044947937
6357145.785 0.070564836 -0.08713621 0.050146095 0.014106466 -0.0045032375 0.99869734 -0.048830364
6407203.848 0.060328487 -0.092155725 0.06444678 0.01191909 -0.0026604712 0.9985998 -0.051471185
6457253.911 0.048805825 -0.09591617 0.079721235 0.009324621 -0.0030620706 0.9984602 -0.054598827
6507280.472999999 0.035939887 -0.09768972 0.09559343 0.004997747 -0.0054882998 0.99827033 -0.058320474
6557291.284999999 0.023027578 -0.09871859 0.11249558 0.002017065 -0.008602869 0.99795544 -0.0633003
6607309.346 0.0108326245 -0.09761136 0.12981322 0.0011845352 -0.010870619 0.99765694 -0.067536436
6657327.908 -0.0010320701 -0.095356345 0.14679523 0.00076095853 -0.010878087 0.9971894 -0.07412513
6707346.72 -0.011690558 -0.09247162 0.16274717 0.0015231553 -0.010010468 0.99668276 -0.0807526
6757357.282 -0.02120437 -0.08954093 0.17739806 0.0024515265 -0.009610359 0.9961148 -0.087504596
6807359.8440000005 -0.030521262 -0.08596963 0.19041447 0.0010726799 -0.009856725 0.9954118 -0.09516848
6857346.405 -0.03922611 -0.08198872 0.2012642 -0.0006434488 -0.010658088 0.99474007 -0.101873346
6907340.966 -0.04807311 -0.076785825 0.21021019 -0.004402796 -0.012116613 0.9941274 -0.10744547
6957327.528 -0.056836586 -0.07148879 0.21668886 -0.010392893 -0.012818353 0.9934212 -0.11332289
7007322.839000001 -0.0644411 -0.06739326 0.22171044 -0.014457516 -0.013072534 0.9928328 -0.11791161
7057309.4 -0.07068968 -0.06507616 0.22402576 -0.016259668 -0.013264455 0.99291795 -0.11693442
7107296.211 -0.0774946 -0.0613243 0.22273594 -0.02006258 -0.012581729 0.99300224 -0.115696765
7157290.773 -0.08420615 -0.054648757 0.21825285 -0.026295759 -0.010764398 0.99268895 -0.11730913
7207301.335 -0.08871559 -0.04557348 0.21182594 -0.02855043 -0.009502615 0.99200165 -0.12258646
7257295.896000001 -0.091546424 -0.037137356 0.20220342 -0.029086908 -0.0066548767 0.99187034 -0.123705216
7307250.9569999995 -0.09339783 -0.02961128 0.18958038 -0.033105742 -0.0010892289 0.9918538 -0.12299989
7357158.766 -0.093655184 -0.023320055 0.17567563 -0.03380283 0.005434746 0.9921036 -0.120658025
7407081.825999999 -0.093306884 -0.016243605 0.16044594 -0.0320647 0.0072027487 0.99267906 -0.11622583
7457038.637 -0.09370822 -0.0074020065 0.14372651 -0.03310967 0.006793993 0.9931003 -0.11229239
7507039.448 -0.096061036 0.0021628777 0.12492845 -0.038950156 0.004645538 0.99325305 -0.10913142
7557058.26 -0.09869621 0.010905412 0.10492041 -0.04933904 0.0023451974 0.99334186 -0.104077466
7607036.821 -0.09930726 0.018526286 0.084640525 -0.056252968 0.00027652638 0.9937357 -0.09656618
7656992.132 -0.09786486 0.02536018 0.06457209 -0.06066072 -0.0025459852 0.99409235 -0.08996793
7706947.192 -0.094822794 0.033108924 0.044149812 -0.065415815 -0.006713936 0.99443257 -0.08233878
7756941.754000001 -0.09105308 0.040138945 0.023028951 -0.071842454 -0.009159824 0.9945759 -0.07465572
7806960.316000001 -0.08502785 0.047931347 0.002620618 -0.07846492 -0.010645168 0.99441135 -0.06982948
7856994.628 -0.07701353 0.055767942 -0.01590993 -0.0811415 -0.011209378 0.9944343 -0.06626417
7907026.4399999995 -0.06666867 0.061829563 -0.03177659 -0.07996019 -0.011416388 0.99481624 -0.061779678
7956976.251 -0.05409533 0.06533311 -0.04565572 -0.07621025 -0.011724185 0.995359 -0.057576656
8006938.811 -0.039809562 0.06749552 -0.05786411 -0.071608074 -0.012400456 0.9958743 -0.054341674
8056917.872 -0.024157556 0.0674741 -0.06865165 -0.066690505 -0.010279901 0.99630123 -0.05320339
8106912.434 -0.0064689773 0.06445837 -0.078257754 -0.060749 -0.0063503818 0.99669456 -0.053564478
8156938.996 0.013382629 0.057452276 -0.08587136 -0.05068335 0.0005421963 0.9972773 -0.053562574
8206973.307999999 0.034648556 0.047830656 -0.09164748 -0.037476327 0.008423566 0.9978727 -0.052676376
8256992.12 0.05541984 0.035328217 -0.096534446 -0.0236656 0.016015284 0.998448 -0.047802214
8306994.682 0.07486752 0.0218823 -0.10046105 -0.009950355 0.018318603 0.99882245 -0.043809332
8357005.243000001 0.09189184 0.008235761 -0.10339108 0.0031513302 0.01925392 0.99891806 -0.042213947
8407031.305 0.10502113 -0.0066385604 -0.105554305 0.011044013 0.017997734 0.9989227 -0.041322943
8457089.368 0.115077294 -0.021191018 -0.10606161 0.012912356 0.015450867 0.9989534 -0.04106994
8507131.431 0.122024745 -0.036597937 -0.105853975 0.0116584245 0.011434953 0.998992 -0.041813042
8557142.242 0.12666054 -0.05137002 -0.1031392 0.010627249 0.0050561866 0.9988857 -0.045704614
8607147.304 0.12939422 -0.06759165 -0.099055804 0.008844708 -7.1810544e-05 0.9987703 -0.048782337
8657107.865 0.13032079 -0.083901346 -0.093683444 0.0066582966 -0.0026772898 0.9985663 -0.05304562
8707102.676 0.13012996 -0.10037696 -0.08612448 0.0070708375 -0.0024843828 0.9983157 -0.057530258
8757129.238 0.12801498 -0.118472226 -0.07639251 0.008757088 -0.0021641871 0.99808234 -0.06123927
8807155.3 0.124086365 -0.13670853 -0.06615992 0.009236839 -0.0012151054 0.9979109 -0.06392961
8857189.863 0.117189914 -0.15318155 -0.055078257 0.00838422 -0.0014311053 0.9977953 -0.065819465
8907223.924999999 0.10655077 -0.16764292 -0.04317546 0.005789581 -0.0027925842 0.99723774 -0.07399817
8957266.237 0.09262881 -0.18040735 -0.031087494 0.00042158458 -0.0033904884 0.99649787 -0.08354925
9007317.05 0.076766945 -0.1929239 -0.0187167 -0.0053939484 -0.0020002557 0.9959559 -0.08965945
9057327.112 0.06029517 -0.20356676 -0.006436985 -0.008677354 -0.0007674079 0.9955585 -0.093741424
9107401.424999999 0.042713337 -0.21191709 0.006089873 -0.012324454 -0.000996961 0.99541676 -0.09482964
9157324.735 0.024039056 -0.21894905 0.018409017 -0.01674889 -0.00030639255 0.99540854 -0.09424093
9207366.797 0.0074145882 -0.22407825 0.031149074 -0.017083103 0.0019388874 0.9954311 -0.09392204
9257440.86 -0.009095086 -0.22693698 0.043584883 -0.013273336 0.0022958978 0.9956649 -0.09203305
9307514.423 -0.025149964 -0.22659278 0.055925407 -0.010501965 -0.0018558387 0.99617684 -0.08670659
9357557.236000001 -0.0407363 -0.22070011 0.0686492 -0.0095443 -0.0068791844 0.9962342 -0.08590176
9407567.797 -0.055463027 -0.21152392 0.08157203 -0.0074490365 -0.00909446 0.99585986 -0.09013846
9457562.609000001 -0.06910264 -0.20059514 0.09533697 -0.0031661117 -0.009921741 0.99555546 -0.09359975
9507549.17 -0.08160857 -0.18963525 0.110538304 0.0032359029 -0.008985338 0.99564606 -0.09272373
9557535.731 -0.093372904 -0.17752436 0.12547079 0.007985027 -0.007027627 0.9953425 -0.09581303
9607566.043 -0.10534247 -0.1626689 0.14117555 0.010398427 -0.007322616 0.9945354 -0.1036227
9657548.855 -0.11712162 -0.14939442 0.15540718 0.008359433 -0.009676689 0.99436665 -0.10522143
9707551.666 -0.12873843 -0.13537945 0.1675445 0.0035671024 -0.012049634 0.99463534 -0.1026772
9757538.227 -0.13937572 -0.12063344 0.17766775 0.00039634283 -0.011135207 0.99459326 -0.10324793
9807525.288999999 -0.15031014 -0.10331188 0.1827363 -0.0045854934 -0.010086748 0.9935519 -0.11283508
9857543.6 -0.16092305 -0.08636606 0.18183927 -0.010811387 -0.013225444 0.9925573 -0.12057512
9907538.661999999 -0.17114264 -0.07231128 0.17497216 -0.021405052 -0.017900437 0.99218714 -0.121598
9957477.722000001 -0.17794311 -0.061533254 0.16411625 -0.026861746 -0.021271447 0.99261194 -0.116394095
10007376.782 -0.18114008 -0.05188474 0.14934102 -0.02878148 -0.021791171 0.9930124 -0.11235277
10057323.842 -0.18071842 -0.043897834 0.13413422 -0.026035005 -0.021440823 0.9939911 -0.10413593
10107310.903 -0.17841531 -0.03700337 0.11874151 -0.025557624 -0.022959605 0.9949537 -0.09427044
10157329.215 -0.17661597 -0.031160716 0.10360719 -0.028229006 -0.023066899 0.9958984 -0.08280963
10207347.776999999 -0.17374802 -0.02384336 0.08914112 -0.031302307 -0.022174343 0.996676 -0.07187058
10257362.089 -0.16913076 -0.014712686 0.076428674 -0.033470977 -0.020737486 0.99726635 -0.0625269
10307337.149999999 -0.16397224 -0.004009618 0.064114474 -0.033071253 -0.022083135 0.9975492 -0.057569236
10357324.211000001 -0.15799305 0.009394072 0.052479062 -0.03361808 -0.023855176 0.99766225 -0.054505527
10407310.772 -0.15096 0.023566213 0.040982835 -0.033838622 -0.025345683 0.9977909 -0.05124409
10457273.832999999 -0.14427981 0.037798323 0.02966733 -0.03898564 -0.023954758 0.99783677 -0.047203142
10507213.143000001 -0.13631949 0.051561385 0.018564144 -0.042191215 -0.021575756 0.9978911 -0.044358686
10557160.204 -0.12734506 0.063643366 0.0076320153 -0.04613005 -0.02061708 0.99787754 -0.041078433
10607138.764999999 -0.116695195 0.07424855 -0.000968281 -0.046622954 -0.019917324 0.9980513 -0.036376122
10657141.326 -0.10488072 0.08361072 -0.009479337 -0.048386216 -0.0189194 0.9980259 -0.035286777
10707144.137999998 -0.092303224 0.09357797 -0.017069288 -0.049270783 -0.017032081 0.99790823 -0.038231418
10757131.199000001 -0.07877305 0.101970695 -0.024620997 -0.05158523 -0.014068251 0.99773246 -0.04087909
10807101.760000002 -0.06367823 0.109605014 -0.03125501 -0.053464394 -0.011926296 0.99754155 -0.043708187
10857056.820999999 -0.04583172 0.11509254 -0.036268745 -0.05211647 -0.008307869 0.99753886 -0.04616325
10907027.632 -0.025948819 0.117793135 -0.039335944 -0.04853804 -0.006292849 0.99775904 -0.045623224
10957037.943 -0.0055147894 0.11882813 -0.04151124 -0.046989936 -0.008474079 0.9979084 -0.043577183
11007080.756 0.015882125 0.11664278 -0.04314277 -0.043941397 -0.0093405405 0.9982199 -0.039229624
11057123.318 0.03601237 0.112508 -0.044182774 -0.04443693 -0.009975781 0.9983843 -0.03398162
11107149.629999999 0.056017015 0.10716245 -0.044056468 -0.045496363 -0.0111140795 0.9984499 -0.030072875
11157136.191 0.07559731 0.10038437 -0.041748177 -0.045772556 -0.014643917 0.99849004 -0.026610654
11207122.753 0.092780806 0.092592284 -0.03645019 -0.047127765 -0.018945267 0.9983999 -0.024853706
11257125.314000001 0.107130446 0.08317593 -0.02873389 -0.048822153 -0.019410713 0.99831015 -0.024830615
11307144.126 0.11736192 0.07294158 -0.019116858 -0.054136317 -0.017446516 0.99808735 -0.02421973
11357162.688 0.124387674 0.06273719 -0.008100341 -0.06031791 -0.015305019 0.9977518 -0.024879351
11407172.75 0.12949593 0.05196406 0.004330879 -0.06765376 -0.015459524 0.99733037 -0.022717886
11457227.313 0.13411266 0.04154994 0.019510692 -0.071392275 -0.018506495 0.99704283 -0.021593241
11507170.623 0.13904136 0.031454 0.036707968 -0.07331621 -0.019844599 0.9968885 -0.021076579
11557188.685 0.14356989 0.02087284 0.054225586 -0.074960835 -0.018105267 0.9967612 -0.022808526
11607223.247 0.14790821 0.0114517305 0.071736485 -0.0768853 -0.016235061 0.996533 -0.027332826
11657265.309 0.15297835 0.0023839388 0.08851882 -0.076795205 -0.01671581 0.9964702 -0.029498747
11707307.372 0.15722047 -0.005875952 0.10340372 -0.07687004 -0.018413428 0.996414 -0.030186545
11757326.184 0.1599389 -0.012503051 0.11636701 -0.07631379 -0.02067205 0.9962745 -0.03444136
11807344.746000001 0.16233397 -0.016589362 0.12781206 -0.07663136 -0.0225011 0.99595326 -0.04121213
11857362.808 0.16480517 -0.019706538 0.1382639 -0.07403071 -0.02582935 0.9957502 -0.04831
11907381.62 0.16589123 -0.02124538 0.14687878 -0.07060183 -0.030810986 0.9954622 -0.05586721
11957376.181 0.16442746 -0.022379883 0.1538423 -0.06811755 -0.033461027 0.9952012 -0.061766494
12007355.242 0.15897149 -0.025099676 0.15916234 -0.06844584 -0.033825908 0.9949036 -0.065862454
12057333.803 0.15075095 -0.027810324 0.16474035 -0.07053868 -0.03301706 0.9946184 -0.06832603
12107368.865 0.14154014 -0.031670444 0.17022324 -0.07297186 -0.03007848 0.9944673 -0.06931906
12157347.176 0.13143058 -0.036452156 0.17571831 -0.07429195 -0.029675512 0.9944827 -0.06785487
12207405.239 0.12013972 -0.040108774 0.18096888 -0.07765203 -0.032434605 0.99411035 -0.068285525
12257471.302 0.10728309 -0.0422706 0.18617004 -0.082266554 -0.034040507 0.9935673 -0.069982566
12307521.615 0.09367532 -0.043334436 0.19120175 -0.08806005 -0.036948197 0.99282235 -0.072000615
12357532.176 0.079254724 -0.042839006 0.19592704 -0.09404943 -0.040536117 0.9920696 -0.07286643
12407526.738 0.063117445 -0.039035726 0.19867858 -0.10039237 -0.04806049 0.9910759 -0.073350124
12457529.549 0.047362186 -0.0313392 0.19845901 -0.10840612 -0.060415246 0.98940724 -0.0753087
12507555.861000001 0.032076966 -0.020295233 0.1949968 -0.115409166 -0.07592138 0.9873571 -0.07773487
12557566.423 0.018639332 -0.006643329 0.18960476 -0.1195392 -0.09627027 0.98471576 -0.08232464
12607538.734 0.007577011 0.006889934 0.18343915 -0.12256938 -0.118760556 0.9815634 -0.086058274
12657428.793 -0.0009813965 0.01989367 0.17649415 -0.12322729 -0.1404626 0.9783087 -0.08942918
12707328.603 -0.007393889 0.031274 0.16872045 -0.11758372 -0.15711096 0.9764877 -0.08923069
12757251.663 -0.013136679 0.040592745 0.159228 -0.112132 -0.16324826 0.9765288 -0.08466293
12807222.724 -0.018881755 0.049158055 0.14719696 -0.10694975 -0.15939815 0.9782878 -0.078146644
12857241.285 -0.025342122 0.058475647 0.13389978 -0.10457636 -0.14978266 0.9802807 -0.075357474
12907267.348000001 -0.031301323 0.06712182 0.120400526 -0.097440675 -0.13576211 0.9831496 -0.07410111
12957278.159 -0.036154754 0.07368254 0.10792536 -0.08527912 -0.12149202 0.9865299 -0.06874543
13007241.22 -0.040936902 0.07828918 0.09557757 -0.07396453 -0.10568761 0.98965096 -0.06285251
13057188.53 -0.04652783 0.081338905 0.08313355 -0.06609127 -0.087671466 0.9923238 -0.056914225
13107167.092 -0.053106446 0.083222836 0.07108413 -0.061579082 -0.06676459 0.9944242 -0.053581752
13157193.654 -0.060075425 0.08424736 0.059187684 -0.059871364 -0.046262592 0.9958871 -0.04984163
13207235.716 -0.06584641 0.08344914 0.048894763 -0.054445736 -0.022168705 0.9971952 -0.046325434
13257269.778 -0.07055956 0.08105404 0.039592367 -0.048223007 0.0068260524 0.9978706 -0.043384105
13307264.84 -0.07394397 0.07666344 0.031155216 -0.043938223 0.039577134 0.9974505 -0.039946113
13357269.900999999 -0.075269215 0.07182777 0.02386412 -0.038435455 0.06912445 0.9962496 -0.03509105
13407245.962 -0.07578759 0.06901215 0.017482148 -0.031842943 0.08813296 0.9951013 -0.031497966
13457280.525 -0.0770791 0.0680297 0.010673974 -0.027159067 0.09140401 0.994859 -0.03410958
13507338.337000001 -0.07904148 0.069043435 0.003764311 -0.024956001 0.081313826 0.99559 -0.039571594
13557365.149 -0.08223098 0.071312465 -0.0021178282 -0.02431614 0.05839426 0.99696714 -0.04533754
13607328.209999999 -0.08555922 0.074661605 -0.0051779416 -0.023901023 0.0273708 0.9979255 -0.05314478
13657259.27 -0.08830903 0.077891305 -0.0052847243 -0.019597664 -0.0068034776 0.9978161 -0.0627118
13707206.331 -0.08985292 0.08103889 -0.0010897053 -0.013902591 -0.04762996 0.9962424 -0.07098816
13757184.892 -0.09299778 0.08049687 0.005955995 -0.011272782 -0.085898496 0.9933353 -0.07602185
13807233.454 -0.09720873 0.07652966 0.01501963 -0.013583139 -0.11112032 0.9904644 -0.08030026
13857214.265 -0.101979755 0.07036962 0.025469212 -0.01679294 -0.1236399 0.98824537 -0.08833152
13907225.077 -0.10628941 0.062714264 0.03771155 -0.017132744 -0.13407384 0.9860788 -0.09684697
13957235.889 -0.10976443 0.05183481 0.050172348 -0.017282514 -0.14022422 0.9847139 -0.101868056
14007222.2 -0.11327886 0.036602765 0.062263194 -0.018486544 -0.13552111 0.985113 -0.10413769
14057224.762 -0.11618833 0.019318976 0.07390454 -0.019483408 -0.12271463 0.9864121 -0.10748357
14107250.824000001 -0.11686976 0.0016478659 0.085859515 -0.01523433 -0.10359551 0.9881539 -0.11219544
14157316.887 -0.1159852 -0.017702952 0.098054595 -0.0091343 -0.082249254 0.99034023 -0.11125561
14207383.2 -0.113521665 -0.036946405 0.10996523 -0.0040807896 -0.06027838 0.9922755 -0.10834768
14257433.512 -0.109837905 -0.055414286 0.12118167 0.00032148982 -0.034694683 0.99377686 -0.10584815
14307476.075 -0.10600826 -0.07235761 0.13048883 0.0015245575 -0.005645275 0.99456066 -0.10399517
14357526.137 -0.101647645 -0.089110956 0.13871098 0.00093882397 0.02831534 0.9943978 -0.101835325
14407607.700000001 -0.097363375 -0.105684474 0.1453057 -0.0040542088 0.06194901 0.99360794 -0.09428226
14457705.764 -0.0933192 -0.12070016 0.14895532 -0.0111034345 0.09654343 0.99179053 -0.08311291
14507811.578000002 -0.090910606 -0.13097921 0.1485885 -0.022230009 0.12873596 0.98849005 -0.076291814
14557901.391 -0.09185177 -0.13494319 0.14574684 -0.038254343 0.15111396 0.9850495 -0.073339805
14607943.704000002 -0.09182355 -0.13553095 0.14308864 -0.049759522 0.1636477 0.9826251 -0.072051585
14657906.264 -0.08892581 -0.13086651 0.14158176 -0.05012589 0.17005469 0.98175234 -0.06878403
14707846.075 -0.084071144 -0.1233397 0.1377122 -0.03996336 0.17147239 0.9819568 -0.069001235
14757808.635 -0.08121686 -0.109365486 0.12875539 -0.028701158 0.15715864 0.9845464 -0.07173376
14807827.197 -0.07741658 -0.093015164 0.11623887 -0.017283795 0.13032275 0.988774 -0.07101643
14857853.759 -0.072228074 -0.076930545 0.10226293 -0.005939443 0.103256784 0.99230206 -0.06811399
14907832.32 -0.06714026 -0.06173881 0.087125085 0.0016129105 0.079276875 0.994765 -0.06446113
14957755.63 -0.062296703 -0.048010107 0.07082231 0.0069847847 0.060021453 0.99640363 -0.059402086
15007647.190000001 -0.05844341 -0.034692023 0.053645212 0.008386799 0.041458383 0.9976925 -0.05310938
15057571.0 -0.05469011 -0.02088226 0.035710994 0.008277965 0.02390785 0.9985089 -0.04837251
15107526.06 -0.050930962 -0.006173286 0.018265327 0.005566505 0.007857705 0.9989173 -0.045514457
15157520.621000001 -0.047848407 0.008484352 0.0016035221 0.0012944153 -0.0037158425 0.99886733 -0.047419105
15207515.183 -0.044903755 0.022951845 -0.013695074 -0.0006987042 -0.012555356 0.9985789 -0.051788732
15257478.244 -0.041541032 0.03561981 -0.028106049 -0.0026970948 -0.01913861 0.99830854 -0.054832254
15307409.554 -0.037559558 0.047495395 -0.04134096 -0.0022195443 -0.029016817 0.99805295 -0.05516653
15357348.614 -0.033129252 0.057997007 -0.053444568 -0.00040511327 -0.040029217 0.99767876 -0.055087917
15407319.175 -0.029447682 0.068558656 -0.06483639 -0.0011758925 -0.051612638 0.9970243 -0.057248272
15457337.737 -0.026512114 0.07847388 -0.07375526 -0.0029690824 -0.0636099 0.99609715 -0.06111949
15507372.549 -0.022080261 0.08632244 -0.07910378 0.000309762 -0.08066426 0.994758 -0.06284677
15557398.611000001 -0.016247794 0.090420894 -0.080287606 0.0054901307 -0.09940301 0.993101 -0.061962187
15607417.173 -0.010100077 0.08999187 -0.07625192 0.011290388 -0.11279172 0.99166334 -0.06127456
15657419.735 -0.0037373013 0.0858097 -0.069538005 0.017226957 -0.1256714 0.9899681 -0.062234454
15707430.296 0.0028909845 0.07839946 -0.06091001 0.024183977 -0.139024 0.98798263 -0.06306978
15757432.858000001 0.007515546 0.06956899 -0.050799157 0.02767565 -0.15303649 0.9856573 -0.06552648
15807419.669 0.010035126 0.059586592 -0.039715886 0.026878959 -0.16596133 0.98349184 -0.06691967
15857398.73 0.011405167 0.048805546 -0.027697079 0.022672728 -0.1826624 0.9806586 -0.06655284
15907369.791 0.012693563 0.03746742 -0.013902569 0.018460797 -0.2004726 0.9775383 -0.062360495
15957356.102 0.011925199 0.026982037 0.00026247505 0.010153495 -0.21576396 0.97450733 -0.060648635
16007390.665 0.010472678 0.019934425 0.015233911 1.5695463e-05 -0.22556439 0.9718863 -0.067511335
16057464.728 0.009112334 0.01570643 0.030441446 -0.010583964 -0.22516508 0.97101486 -0.07949166
16107569.541000001 0.006801512 0.011506869 0.045640327 -0.018858101 -0.2180301 0.9713116 -0.093064986
16157518.852 0.00289443 0.007510879 0.06085114 -0.03150172 -0.20995049 0.9716212 -0.10431036
16207417.410999998 -0.004005381 0.0027117995 0.07494638 -0.049539685 -0.20070104 0.9720988 -0.11085522
16257340.221 -0.013419699 -0.001933021 0.08641544 -0.07329611 -0.1882846 0.97216463 -0.11862796
16307327.032000002 -0.023929603 -0.008345259 0.09566577 -0.09791412 -0.16893622 0.9726455 -0.12583393
16357401.096 -0.03407619 -0.017190292 0.10563015 -0.1182423 -0.14298026 0.97412956 -0.12902346
16407498.658999998 -0.042227525 -0.027183365 0.1167862 -0.13077657 -0.113474794 0.97609544 -0.13137259
16457556.722000001 -0.04758437 -0.036966864 0.12913007 -0.13204569 -0.0855402 0.9787783 -0.13130072
16507559.283 -0.04904187 -0.046160784 0.14348184 -0.12039511 -0.058517706 0.98263884 -0.12845899
16557546.344999999 -0.04992593 -0.052416787 0.15669034 -0.10652338 -0.03758016 0.9855003 -0.12660855
16607580.657 -0.050469633 -0.05555052 0.16786544 -0.08877683 -0.01882656 0.98782355 -0.12636802
16657686.220999999 -0.050486702 -0.056988038 0.17716402 -0.072926134 -0.0018494343 0.98958296 -0.12411304
16707801.534999998 -0.049648263 -0.058517728 0.18359189 -0.058906037 0.018174198 0.99118906 -0.11723533
16757818.597000001 -0.04856187 -0.05922808 0.1880531 -0.043901928 0.039025612 0.9922919 -0.10911649
16807781.657 -0.046843253 -0.05827753 0.18922272 -0.028380472 0.061752137 0.9922604 -0.10392626
16857760.218 -0.04418824 -0.05670845 0.18908334 -0.0076330304 0.0836415 0.99173146 -0.09702889
16907786.779999997 -0.043957874 -0.05286051 0.1856719 0.007931933 0.096149094 0.9913305 -0.089198336
16957837.093 -0.04548209 -0.046684265 0.17984559 0.016081642 0.10624921 0.9907266 -0.08314632
17007863.155 -0.047212906 -0.04050118 0.17223471 0.021326637 0.11660028 0.990004 -0.07643061
17057842.466000002 -0.048766777 -0.032852784 0.16207221 0.024852687 0.121442705 0.9896805 -0.07187817
17107781.526 -0.049877636 -0.02384578 0.1508563 0.030022983 0.12026167 0.98990655 -0.068707794
17157728.586999997 -0.049753096 -0.013714187 0.13858147 0.03528545 0.10981073 0.9911782 -0.06528643
17207691.648000002 -0.04716005 -0.0029242036 0.12679438 0.043820903 0.0925287 0.99282706 -0.06174641
17257670.209000003 -0.03976462 0.006512433 0.116618775 0.062147133 0.07629207 0.99364895 -0.054580644
17307641.52 -0.029883685 0.015815487 0.10856362 0.085265264 0.057031155 0.9935375 -0.048585612
17357603.83 -0.022403277 0.025107468 0.102058984 0.100368254 0.036032863 0.9932119 -0.046454165
17407559.141000003 -0.020029908 0.035515223 0.09595845 0.096767254 0.0155659085 0.9940858 -0.046768118
17457530.202000003 -0.022240376 0.04367771 0.089785844 0.077009484 -0.0015490837 0.99581 -0.04929145
17507516.763 -0.02444121 0.049028583 0.08518843 0.05759776 -0.017686442 0.996974 -0.049118485
17557519.575000003 -0.024776842 0.05376744 0.0817173 0.04141313 -0.037476182 0.9971369 -0.050975874
17607530.136 -0.024862573 0.058233894 0.07848067 0.028538214 -0.05786969 0.99640256 -0.054942943
17657548.698 -0.025775298 0.06160096 0.07516275 0.014595987 -0.07569586 0.9951995 -0.060292274
17707543.51 -0.02740558 0.061035972 0.0732717 -0.0019770574 -0.084124 0.9942607 -0.0660679
17757513.821000002 -0.028282585 0.05511637 0.07559706 -0.016432673 -0.08172761 0.9943665 -0.0654659
17807477.131 -0.027620044 0.04488747 0.083309785 -0.024425004 -0.07325219 0.9952986 -0.05846635
17857471.693 -0.02550865 0.036106054 0.09385704 -0.027918568 -0.06335331 0.99613935 -0.05397493
17907514.005 -0.024796976 0.031069696 0.10491162 -0.033146303 -0.0570819 0.9960676 -0.05909772
17957612.069000002 -0.026246782 0.029356431 0.11490934 -0.04252193 -0.057091787 0.99526864 -0.06612634
18007693.632 -0.028295523 0.028892383 0.12384488 -0.048987124 -0.06509096 0.9941198 -0.071338944
18057696.194 -0.029285155 0.027041147 0.13258877 -0.050826546 -0.08050449 0.99277586 -0.07301996
18107619.753 -0.02780215 0.02351793 0.1405317 -0.04907205 -0.09088015 0.99212986 -0.0707897
18157567.064 -0.02554599 0.01821989 0.14788803 -0.042406853 -0.094029464 0.9922175 -0.069746815
18207577.626 -0.022070402 0.012063748 0.15329617 -0.030529382 -0.09084993 0.9929902 -0.06917191
18257667.439 -0.020314397 0.0067260778 0.15428583 -0.023785474 -0.08788588 0.9937214 -0.065023415
18307765.003000002 -0.02438996 0.00436587 0.1503795 -0.032130912 -0.0862407 0.9939224 -0.06040211
18357799.565 -0.03154468 0.0065681385 0.14233391 -0.04880651 -0.0863246 0.9932575 -0.060046244
18407778.126000002 -0.037479278 0.010774031 0.1336324 -0.05997226 -0.088386364 0.99250126 -0.059434973
18457769.937 -0.04101758 0.01607657 0.124053955 -0.06118259 -0.088430986 0.99269176 -0.05477031
18507704.746999998 -0.0421325 0.02086406 0.114693746 -0.05536716 -0.082765535 0.9938789 -0.047845494
18557706.809 -0.043652676 0.027610071 0.10335354 -0.052129064 -0.07644181 0.994592 -0.047180638
18607725.121 -0.047319204 0.036678806 0.090468146 -0.053352743 -0.069994114 0.99488825 -0.049515333
18657735.683 -0.05151389 0.045533817 0.07610327 -0.055767264 -0.06653701 0.99495876 -0.05019948
18707698.992999997 -0.054900546 0.053713903 0.06138511 -0.055512343 -0.06415505 0.995285 -0.047014
18757622.053 -0.0574054 0.06053759 0.04686679 -0.051880684 -0.06000157 0.99597204 -0.0418095
18807569.114 -0.059390422 0.066436514 0.03159033 -0.048345905 -0.056006357 0.9964799 -0.039417975
18857563.925 -0.06194684 0.072444014 0.01542571 -0.047495827 -0.05424807 0.996704 -0.037182607
18907606.487999998 -0.06524144 0.07711024 -0.001620032 -0.04889111 -0.052729055 0.99679685 -0.035004426
18957640.55 -0.06777274 0.08195318 -0.017979788 -0.047973786 -0.051522825 0.9969693 -0.033107925
19007635.111 -0.068886235 0.08612501 -0.031748254 -0.044847466 -0.05067619 0.9971809 -0.03241898
19057598.422 -0.06952702 0.08892771 -0.042356048 -0.04223316 -0.04891627 0.99733436 -0.033879045
19107569.233 -0.0693 0.09028902 -0.04869022 -0.03802901 -0.046862077 0.9975798 -0.034529064
19157548.044 -0.067673616 0.09016629 -0.051647756 -0.03286901 -0.044197407 0.99796337 -0.03217853
19207606.357 -0.06626123 0.08941225 -0.053419728 -0.029676626 -0.042307965 0.9982181 -0.029832907
19257577.168 -0.06507753 0.088171855 -0.054370664 -0.029363459 -0.039102573 0.9984321 -0.027241934
19307603.48 -0.06439016 0.08674386 -0.054092143 -0.029070914 -0.036066297 0.99861735 -0.024851248
19357613.791 -0.06340948 0.085378274 -0.05205215 -0.028382143 -0.034014437 0.9987551 -0.022928862
19407608.853 -0.06245691 0.08487974 -0.04971767 -0.02847659 -0.032732315 0.9988047 -0.022515865
19457611.164 -0.062294524 0.085548274 -0.04814392 -0.028239436 -0.031342503 0.9988161 -0.024220185
19507613.976 -0.061735637 0.08671683 -0.046411444 -0.027684657 -0.030253377 0.99881727 -0.026122272
19557616.538 -0.060877755 0.08630211 -0.04463812 -0.026084466 -0.028797718 0.99889135 -0.026578909
19607619.099000003 -0.060000602 0.08577265 -0.04313106 -0.023965599 -0.027929662 0.99899113 -0.02573741
19657699.162 -0.058876794 0.08464571 -0.041943684 -0.021930778 -0.027623368 0.9990539 -0.02544247
19707600.972 -0.05759607 0.08389212 -0.04106322 -0.020134835 -0.025962025 0.99915206 -0.02481394
19757611.034 -0.056742553 0.08260815 -0.04095532 -0.019313531 -0.023787178 0.9992369 -0.024223618
19807621.595000003 -0.05693317 0.08333136 -0.040475905 -0.02008927 -0.023366058 0.9992353 -0.024070513
19857640.156999998 -0.05690361 0.08366849 -0.039807145 -0.021481523 -0.022671292 0.9992179 -0.024251252
19907642.719 -0.057409532 0.084017314 -0.03907281 -0.022817092 -0.022832375 0.99917775 -0.02453542
19957637.53 -0.05707323 0.084475294 -0.038424794 -0.022742447 -0.023320671 0.99916387 -0.02470953
20007624.091000002 -0.05693312 0.08415057 -0.037630968 -0.0217369 -0.02359781 0.99918824 -0.024362558
20057626.653 -0.056437526 0.08396881 -0.036840077 -0.021332115 -0.023540793 0.999229 -0.023070524
20107629.215 -0.055733472 0.0830201 -0.036311153 -0.020650612 -0.023718981 0.9992664 -0.021854406
20157647.777 -0.055027064 0.08257143 -0.035838112 -0.019947154 -0.023582024 0.99929345 -0.021416675
20207658.588000003 -0.05467993 0.08251472 -0.03522891 -0.01944007 -0.023755731 0.99930966 -0.020928549
20257669.15 -0.05526171 0.082887106 -0.034510236 -0.019716574 -0.023929127 0.9992937 -0.021233797
20307663.961 -0.05423304 0.08173179 -0.03438935 -0.020290587 -0.023980608 0.9992805 -0.021252466
20357658.523 -0.05425055 0.081288874 -0.034308437 -0.02068972 -0.02267763 0.9993055 -0.021124927
20407661.084000003 -0.05330654 0.08130338 -0.034697603 -0.021117708 -0.021211844 0.99934566 -0.020307701
20457663.646 -0.05224784 0.081103474 -0.033804365 -0.02003548 -0.019317195 0.9994304 -0.01908674
20507674.208 -0.051535677 0.08045687 -0.03352998 -0.018881604 -0.018368319 0.99948996 -0.018053286
