941736.612 -0.0 -0.0 -0.0 -0.0 -0.0 1.0 -0.0
982166.223 -0.0 -0.0 -0.0 -0.0 -0.0 1.0 -0.0
1041737.663 -0.0 -0.0 -0.0 -0.0 -0.0 1.0 -0.0
1082167.024 0.00015688875 -7.143143e-05 -0.0007291845 -0.00058714376 -0.0008467525 0.9999974 0.0020776913
1141738.714 0.00015688875 -7.143143e-05 -0.0007291845 -0.00058714376 -0.0008467525 0.9999974 0.0020776913
1182249.0729999999 0.00015688875 -7.143143e-05 -0.0007291845 -0.00058714376 -0.0008467525 0.9999974 0.0020776913
1241739.765 0.0006131784 -0.0001040414 -0.0016288332 0.0005781864 0.0007610977 0.9999964 0.0025015846
1282169.126 0.0006131784 -0.0001040414 -0.0016288332 0.0005781864 0.0007610977 0.9999964 0.0025015846
1341740.816 0.0006131784 -0.0001040414 -0.0016288332 0.0005781864 0.0007610977 0.9999964 0.0025015846
1382169.927 0.00096019346 -0.0005923994 -0.0020386062 0.00020306262 0.00047767351 0.99999547 0.0029813056
1441741.6169999999 0.00096019346 -0.0005923994 -0.0020386062 0.00020306262 0.00047767351 0.99999547 0.0029813056
1482170.7280000001 0.00096019346 -0.0005923994 -0.0020386062 0.00020306262 0.00047767351 0.99999547 0.0029813056
1541742.4179999998 0.0009161225 -0.0009085633 -0.002257721 -0.0001869686 -0.0006279435 0.9999889 0.004679277
1582171.5289999999 0.0009161225 -0.0009085633 -0.002257721 -0.0001869686 -0.0006279435 0.9999889 0.004679277
1641743.219 0.0009161225 -0.0009085633 -0.002257721 -0.0001869686 -0.0006279435 0.9999889 0.004679277
1682172.33 0.0009161225 -0.0009085633 -0.002257721 -0.0001869686 -0.0006279435 0.9999889 0.004679277
1741744.0199999998 0.00079548394 -0.0014165675 -0.002344759 -0.0008067784 -0.00053955 0.99997956 0.006325605
1782173.6309999998 0.00079548394 -0.0014165675 -0.002344759 -0.0008067784 -0.00053955 0.99997956 0.006325605
1841745.071 0.0006714845 -0.0017622506 -0.0022618887 -0.0020879034 -0.0009684849 0.99997073 0.007300074
1882174.432 0.0006714845 -0.0017622506 -0.0022618887 -0.0020879034 -0.0009684849 0.99997073 0.007300074
1941746.122 0.0006714845 -0.0017622506 -0.0022618887 -0.0020879034 -0.0009684849 0.99997073 0.007300074
1982175.233 0.00034191008 -0.0025801281 -0.0023639288 -0.0025796958 -0.0006596934 0.9999775 0.0061677094
2041746.9230000002 0.00043713968 -0.0026435538 -0.0019283233 -0.0022318393 -4.1162195e-05 0.999983 0.0053849383
2083991.7439999997 0.00080919155 -0.0026023365 -0.0018732232 -0.003089905 -0.00010973695 0.9999828 0.004989205
2133207.161 0.0005224187 -0.0027356036 -0.0021927268 -0.0025762976 -0.0010618898 0.99998575 0.0045562484
2183192.062 0.0007024816 -0.002635205 -0.0020667273 -0.0027935489 -0.0018558874 0.99998355 0.0046546306
2233818.699 0.001086156 -0.0027649484 -0.002100925 -0.0037765985 -0.002566036 0.99998224 0.0038363307
2284842.327 0.00073918107 -0.0022483256 -0.0017862167 -0.0032640165 -0.002732767 0.9999806 0.00455036
2335055.7229999998 0.0006449524 -0.001955078 -0.0015030344 -0.0024400442 -0.002265096 0.99998015 0.0053507374
2384320.389 0.0006973627 -0.001921029 -0.0013235318 -0.00218742 -0.0016733264 0.9999801 0.005684804
2433741.803 0.0007403211 -0.001981699 -0.0012894457 -0.0020236333 -0.0011293369 0.99998057 0.0057951235
2483520.208 0.00091022125 -0.0022589597 -0.0013689861 -0.0021173307 -0.0007831447 0.99998015 0.005895338
2533679.355 0.00086383853 -0.0020870636 -0.0012229714 -0.0022150802 -0.0015966574 0.999972 0.006973383
2584107.2460000003 0.0008507351 -0.0021256367 -0.0011185658 -0.0030330021 -0.0023332445 0.999966 0.0073087313
2634369.8910000003 0.00060679007 -0.0022523487 -0.0012397567 -0.0032046398 -0.0031264524 0.9999642 0.007187007
2684259.294 0.0006757475 -0.002563777 -0.0012987833 -0.0035728663 -0.0030418166 0.999969 0.0063214595
2733958.4510000004 0.00068174483 -0.0026795815 -0.0014267133 -0.0034046238 -0.0029129027 0.99997544 0.0053890804
2783752.856 0.00041679878 -0.0024998984 -0.001212564 -0.0030062336 -0.0035669105 0.9999752 0.0052757524
2833761.256 0.00054013124 -0.0023719657 -0.0011844813 -0.003787847 -0.0030121123 0.9999765 0.0048594563
2883943.653 0.00020493034 -0.0022114222 -0.0008618913 -0.0032303135 -0.0031949312 0.99998105 0.0041784276
2934134.549 5.9045775e-05 -0.0022367921 -0.000990853 -0.0025122194 -0.0041000466 0.9999828 0.0033796707
2984150.949 -9.24558e-05 -0.0020723674 -0.0008617013 -0.0017824835 -0.0045348355 0.9999841 0.0028613708
3034016.602 0.00024880006 -0.002197823 -0.00049913616 -0.0023530512 -0.004630032 0.9999843 0.0021033539
3083866.506 -0.00013083749 -0.0018579107 -0.0005876362 -0.0017704513 -0.0052755983 0.9999813 0.0025763344
3133826.908 4.5253953e-05 -0.0019652573 -1.862431e-05 -0.0018788065 -0.0056006596 0.99997956 0.0024657538
3183898.807 5.3396627e-05 -0.0009781545 -1.244463e-05 -0.0021927399 -0.005404934 0.99997157 0.0047884164
3234018.454 -7.185219e-05 -0.0010635076 -9.234713e-05 -0.0020072332 -0.005516688 0.9999693 0.005185452
3284074.604 -0.00010890645 -0.0009680258 0.00023557324 -0.0022541452 -0.0057837367 0.9999645 0.005710987
3334027.255 -0.00018208822 -0.0010575058 0.0003255027 -0.0021605198 -0.0061002676 0.9999624 0.0057855435
3383940.908 -9.1809416e-05 -0.0010503513 0.00017722402 -0.0022252533 -0.0060045375 0.99996036 0.0061861235
3433901.3090000004 -1.823445e-05 -0.0014170369 0.00023956051 -0.0020943691 -0.006318798 0.99996376 0.0053076954
3483925.709 -0.00013162456 -0.001518657 0.00019177001 -0.0015341586 -0.00638097 0.99996555 0.0050948667
3534051.6070000003 0.00025312405 -0.001602927 0.00024424758 -0.0015370836 -0.005668562 0.99996865 0.005314871
3584022.008 0.00030461425 -0.0018411367 0.00025719492 -0.0019344399 -0.0054821004 0.9999707 0.004984331
3634014.408 0.0008673504 -0.0022398436 0.000100766076 -0.003078984 -0.005317556 0.99997437 0.003678973
3683967.31 0.00034877073 -0.0020879775 0.00028139257 -0.0021504285 -0.00574205 0.9999741 0.0037992164
3733936.2109999997 0.00054015586 -0.0019364675 0.00024569334 -0.0020655324 -0.005445954 0.9999745 0.004140008
3783936.8619999997 0.00069850654 -0.0021533591 0.00012159995 -0.0019599905 -0.005033204 0.99997956 0.0034292608
3833961.762 0.0008628197 -0.0022994436 0.00012947962 -0.002182012 -0.00524417 0.9999799 0.0028430955
3883993.161 0.00045424447 -0.0015269348 0.0003254237 -0.0015901348 -0.0052568405 0.99997485 0.0044953455
3934001.562 0.0007994192 -0.0013059273 0.00048680644 -0.001850538 -0.0054113884 0.999971 0.00504875
3983977.963 0.00078450516 -0.0013751112 0.0006213247 -0.0018924751 -0.0052911434 0.99997044 0.0052542267
4033946.8639999996 0.00083262246 -0.0014793877 0.0005921814 -0.0029036205 -0.005743456 0.9999655 0.005262098
4083939.2640000004 0.0006103599 -0.0014653925 0.0006226628 -0.0032939615 -0.0066544265 0.99995834 0.0053225406
4133963.164 0.00022258119 -0.001185464 0.0006254131 -0.003002059 -0.0070098373 0.99995375 0.005874309
4183995.8140000002 8.048512e-05 -0.0011219099 0.00053637323 -0.0030609355 -0.007102343 0.9999509 0.006207469
4234004.215000001 -0.0002194336 -0.0009710649 0.00057706516 -0.0026135733 -0.006809262 0.9999501 0.006836386
4283996.615 -0.00019543422 -0.0009415012 0.00051358517 -0.0027673668 -0.006852085 0.9999471 0.0071675885
4333973.016 -0.00026389922 -0.0010722699 0.00066442497 -0.0029291955 -0.0070952177 0.9999433 0.007379132
4383957.417 -0.00038594147 -0.0012476477 0.000755511 -0.0030944254 -0.006925417 0.9999417 0.007688423
4433966.067 -0.00050838 -0.0013974722 0.0009956132 -0.0030413794 -0.006729075 0.99994004 0.008084166
4483990.467 -0.0003173969 -0.0016701599 0.0007516259 -0.0032141912 -0.0065516545 0.99993885 0.008315902
4533998.868 -0.000234409 -0.0019903698 0.00081706553 -0.0031172917 -0.006296561 0.9999413 0.008252204
4583999.517999999 -4.8895683e-05 -0.0022143114 0.0006560342 -0.0028366167 -0.006126966 0.99994385 0.008171484
4633991.919000001 -0.00013863883 -0.002336322 0.00076901854 -0.0017983265 -0.0057481667 0.9999504 0.007936846
4684002.069 -1.3018054e-05 -0.002519066 0.0009416634 -0.0013278055 -0.0059046294 0.9999514 0.0077836383
4733985.22 0.00022915914 -0.0024935987 0.0011364139 -0.0014665964 -0.00576785 0.99995023 0.008010824
4783985.62 0.00031820664 -0.0025364046 0.0009906124 -0.0015339212 -0.005567977 0.9999538 0.0076931557
4833986.021 0.0005371421 -0.0025987932 0.0011296389 -0.0014555465 -0.0057500796 0.99995494 0.007409463
4883994.671 0.0006344065 -0.0027881647 0.0012313521 -0.000829185 -0.0051408694 0.99996424 0.0066690277
4933994.822 0.0008764961 -0.0025029927 0.0012001486 -0.0009101986 -0.004709673 0.9999652 0.0068396605
4984018.472 0.0010643211 -0.0023399093 0.0013569011 -0.00071071624 -0.004380817 0.9999647 0.0071444954
5033979.873 0.0010687223 -0.002320513 0.0016988016 -0.00049948005 -0.0041228198 0.999964 0.007409284
5083972.273999999 0.0013385693 -0.0023830368 0.0018317982 -0.0014627274 -0.004432975 0.99996 0.0076318285
5133972.674 0.0013544813 -0.0022273124 0.001760495 -0.0021588083 -0.0051092254 0.99995196 0.008090675
5183981.074 0.0012854772 -0.0026555809 0.0018300196 -0.0022895164 -0.005219878 0.9999556 0.0075064152
5233997.475 0.001103899 -0.0029039895 0.0018285004 -0.0022237003 -0.0048894496 0.9999627 0.0067719757
5283997.875 0.0012735272 -0.0025977101 0.0015529532 -0.0020984493 -0.004883701 0.999961 0.0070597637
5333990.526 0.001485706 -0.002639547 0.0014671653 -0.0019308374 -0.0044292337 0.9999657 0.0067228735
5383982.926 0.0015329688 -0.0026119645 0.0019401581 -0.0023848633 -0.004539442 0.9999639 0.006781743
5433975.327 0.0015713401 -0.0024761232 0.0021325354 -0.0029767635 -0.004722313 0.9999567 0.00745248
5483983.727 0.001445924 -0.0026681628 0.0022095514 -0.0026702562 -0.0050947466 0.9999553 0.0075144693
5533992.1280000005 0.0013697369 -0.002578829 0.002352597 -0.0028237132 -0.0054147933 0.99994934 0.008006886
5584008.528 0.0013500074 -0.0025655536 0.002346051 -0.0028308416 -0.0053332867 0.9999464 0.0084138345
5634009.178 0.0015775128 -0.0029664051 0.0023225588 -0.002638988 -0.0047606863 0.99995106 0.008265517
5684001.829 0.0018222682 -0.0031496857 0.0024004069 -0.0019937437 -0.004313932 0.9999536 0.008385524
5733986.23 0.0021606921 -0.0033772914 0.0023301805 -0.0018065982 -0.003899659 0.99995834 0.00805763
5783986.63 0.0024416132 -0.0033468597 0.00234635 -0.0013390667 -0.0035574012 0.99995905 0.008218408
5833987.031 0.0029311925 -0.0035550462 0.0023976543 -0.0015998187 -0.0028192203 0.999964 0.0078488225
5884056.43 0.0029350673 -0.0034806526 0.0027196063 -0.0008779546 -0.0027367396 0.9999646 0.007909266
5934004.081 0.0030910466 -0.0034725454 0.002827061 -0.00029854887 -0.0028381143 0.9999627 0.008157215
5983996.732 0.0028951238 -0.0034176386 0.0030123382 0.0002319565 -0.0032417367 0.999958 0.008575072
6033981.133 0.0027351994 -0.0034761687 0.0031170663 0.0002582821 -0.0034602038 0.9999564 0.008669309
6083973.533 0.0031557565 -0.0035298478 0.0029345315 -4.9474624e-05 -0.003942516 0.99994856 0.00935139
6133989.934 0.0031368139 -0.00364599 0.0029400885 -0.0001330794 -0.0046930746 0.99994785 0.009073092
6183998.584 0.0029137935 -0.0038073245 0.002413477 9.997606e-05 -0.005253127 0.9999472 0.008836319
6234006.984 0.003200502 -0.0039209276 0.0028168038 -3.960638e-05 -0.0047118426 0.9999532 0.008453681
6284007.385 0.0034445701 -0.003960092 0.0027078565 -0.000102522376 -0.004470344 0.99996066 0.007662891
6333991.785 0.0037755251 -0.0038475546 0.0025515854 7.3273666e-05 -0.0043513468 0.9999663 0.0069609294
6383983.936 0.004129071 -0.0035146943 0.0025691302 -0.00033344567 -0.004654748 0.99996424 0.0070512053
6433984.587 0.0039946004 -0.0033604326 0.0028266946 0.0001118927 -0.0050699487 0.99996513 0.006641284
6483984.987 0.0042887325 -0.003083755 0.0027303097 7.509706e-05 -0.005847984 0.99996483 0.0060243076
6533993.386999999 0.0043764985 -0.0021662866 0.0029894162 0.0005585285 -0.006218499 0.9999617 0.006143718
6583986.038 0.0046186685 -0.0010646752 0.0026286147 0.0007493915 -0.0077388794 0.9999486 0.0065095355
6633970.939 0.0050392146 -0.00019364544 0.0027950425 0.0022920805 -0.009521339 0.9999335 0.006100396
6683963.34 0.005273144 0.0009036666 0.0032958114 0.0026499887 -0.01100192 0.9999219 0.005309812
6733963.74 0.005616154 0.0016345917 0.0034675824 0.0024714952 -0.012006167 0.9999128 0.0049163713
6783956.141 0.0062280716 0.0025075644 0.0037570973 0.004137404 -0.012646717 0.99989766 0.0052651023
6833948.791 0.0072397958 0.002863835 0.0035056483 0.0050997627 -0.012543921 0.99988985 0.006091676
6883949.192 0.008131875 0.0030015265 0.0037093465 0.006501758 -0.012222258 0.99988365 0.006409387
6933941.592 0.009861951 0.0028392035 0.0038210498 0.0073314765 -0.012816973 0.9998648 0.0072409566
6983934.243 0.010200902 0.0022925641 0.0028841752 0.008289021 -0.013256141 0.9998383 0.008890819
7033948.143 0.012405336 0.001906733 0.0031231048 0.009284365 -0.012860452 0.9998263 0.009790757
7083935.294 0.014721024 0.0017972904 0.0031950602 0.009013014 -0.011463376 0.9998375 0.010603299
7133935.945 0.017042983 0.0014988843 0.0033453498 0.007849667 -0.009215743 0.99988014 0.0096561415
7183920.345 0.019418247 0.0015023242 0.0036632952 0.0068296604 -0.0067693098 0.9999164 0.008650941
7233905.245999999 0.021821551 0.0016323603 0.0039445376 0.004963295 -0.0053652707 0.9999384 0.008359398
7283897.647 0.023628011 0.0016328897 0.004095982 0.0031302914 -0.005314832 0.9999447 0.00851837
7333897.797 0.025868988 0.0016544887 0.004149853 -0.0003614881 -0.0055081444 0.999938 0.009673888
7383930.197000001 0.027173083 0.0014130045 0.0036159805 -0.0044851685 -0.006381514 0.99989444 0.012265996
7433907.097999999 0.030017817 0.0013426963 0.0033404913 -0.009590736 -0.007907997 0.99981004 0.015015513
7483915.498 0.033116657 0.0015099412 0.0027817346 -0.015377892 -0.010753303 0.99969757 0.015897343
7533931.399 0.036296632 0.0018670431 0.0025253778 -0.019549534 -0.013534503 0.99960446 0.015023932
7583939.799000001 0.039531756 0.002645583 0.0024256683 -0.020497955 -0.014480416 0.99957794 0.01463351
7633940.199 0.04283269 0.0032130606 0.002283247 -0.021306299 -0.013714225 0.99958616 0.01362512
7683932.600000001 0.045122944 0.0035400344 0.0022920137 -0.023167163 -0.0125696035 0.99958396 0.011716268
7733901.751 0.04833079 0.0041686883 0.0022346308 -0.025576217 -0.0120425755 0.99954087 0.010909276
7783870.152000001 0.05144347 0.004785717 0.002279729 -0.026736362 -0.012799239 0.9994993 0.01106962
7833855.052999999 0.055016585 0.00553398 0.0022098804 -0.0278806 -0.01335442 0.9994556 0.011526887
7883855.454 0.058601957 0.005861107 0.0021050447 -0.028442305 -0.013679128 0.9994256 0.0123509765
7933871.353999999 0.061676357 0.006156334 0.0021564486 -0.02989551 -0.013393408 0.9993795 0.012942854
7983872.004 0.065542705 0.006620115 0.0022028924 -0.032410633 -0.013657703 0.9993018 0.01261143
8033856.904999999 0.069401674 0.007213196 0.0021311603 -0.033522278 -0.014685451 0.9992548 0.012268396
8083833.556000001 0.073728204 0.0076532545 0.0020803807 -0.03359659 -0.014834303 0.99924916 0.012346556
8133817.957 0.07746763 0.0077726087 0.0022256768 -0.032230463 -0.014304923 0.99930257 0.012286137
8183818.358000001 0.08159279 0.00793072 0.0023374713 -0.033570357 -0.012647752 0.99926525 0.013495392
8233872.257 0.085692674 0.008066602 0.002477696 -0.036125112 -0.009999261 0.9991801 0.015307481
8283812.159000001 0.089501046 0.008378842 0.0025604782 -0.03968943 -0.009699757 0.9990213 0.016947668
8333812.559 0.093394555 0.0086994525 0.0023972534 -0.043357886 -0.011149398 0.9988279 0.018406946
8383812.960000001 0.09740067 0.008744013 0.0022131298 -0.046256267 -0.013106543 0.9986397 0.020185817
8433820.86 0.10177271 0.008663905 0.001948941 -0.048563816 -0.0137460455 0.99846816 0.02267213
8483821.51 0.10627405 0.008460276 0.001768906 -0.050766923 -0.013481061 0.99833214 0.023955692
8533814.161 0.11064756 0.008592896 0.0016625549 -0.051793057 -0.0140342675 0.99827087 0.023996728
8583814.561999999 0.115369156 0.008761581 0.0018740488 -0.050694026 -0.014878081 0.9983346 0.0231682
8633807.212 0.11978932 0.008999576 0.0020586373 -0.049180027 -0.014433591 0.9984469 0.021836614
8683799.613 0.12424384 0.009405045 0.0023967053 -0.04791535 -0.013566072 0.99852175 0.021781245
8733775.764 0.12867397 0.009636604 0.0027553383 -0.046401694 -0.01314498 0.998587 0.02232026
8783752.915 0.13299048 0.00974091 0.003160076 -0.044552647 -0.013706814 0.998638 0.023438636
8833729.316 0.1372537 0.00987873 0.0037263324 -0.044071984 -0.013866007 0.99861246 0.025270633
8883729.716 0.14129953 0.009973725 0.0042548464 -0.04452456 -0.013803505 0.99854434 0.027134502
8933738.367 0.14543596 0.01030031 0.004918791 -0.044847984 -0.013676907 0.998483 0.028868575
8983746.767 0.14946924 0.010388599 0.0056581823 -0.043516923 -0.013815891 0.9985137 0.029763022
9033747.167 0.15341733 0.010636464 0.0064510023 -0.042987563 -0.013283169 0.99852777 0.030297432
9083731.568 0.15703839 0.010920711 0.007148801 -0.044210196 -0.012881269 0.9984849 0.030124532
9133715.969 0.16061978 0.011507761 0.0076754075 -0.046144 -0.014450616 0.9983516 0.03091993
9183716.62 0.163892 0.011960919 0.007885118 -0.048084464 -0.01704866 0.9981673 0.032548215
9233725.02 0.1670696 0.012580618 0.008044016 -0.05030472 -0.018743189 0.99796575 0.03438948
9283725.42 0.1702069 0.013146532 0.008034888 -0.053211134 -0.018855937 0.9977705 0.035597336
9333726.071 0.17319223 0.013637902 0.0080085825 -0.05615923 -0.018259274 0.99760956 0.035887722
9383735.971 0.17583294 0.014019419 0.00800082 -0.058707822 -0.018538132 0.9974625 0.03575417
9433727.372000001 0.17869851 0.014739433 0.0077460622 -0.06375077 -0.019548606 0.99708986 0.036954816
9483719.772 0.18097462 0.015217543 0.007414096 -0.0678389 -0.021176761 0.9967315 0.038417194
9533720.173 0.18315756 0.01590881 0.0071095484 -0.07162405 -0.023767145 0.9963524 0.039839737
9583728.572999999 0.18520756 0.016378187 0.0067665502 -0.075210474 -0.026767248 0.996 0.04013771
9633737.224 0.18728966 0.016799903 0.0065965923 -0.07839418 -0.028089376 0.9957379 0.039640445
9683737.124 0.1890715 0.017527765 0.0064549074 -0.08113353 -0.02897556 0.99547136 0.04018162
9733721.775 0.19056164 0.017761786 0.0062329303 -0.08237637 -0.029713381 0.99535567 0.039980926
9783706.676 0.19255671 0.017988665 0.0058770822 -0.08594489 -0.03006836 0.9950058 0.04090175
9833737.826000001 0.1941239 0.017784072 0.00536878 -0.08882885 -0.030534081 0.9947098 0.04158909
9883715.727 0.19564463 0.01775802 0.005077892 -0.08979064 -0.031526383 0.994522 0.043241974
9933731.377 0.197761 0.017339103 0.0049326112 -0.090237066 -0.03216718 0.99440455 0.044521116
9983740.027 0.1996415 0.01689875 0.0048026824 -0.09064278 -0.03276699 0.99429727 0.04564279
10033740.427000001 0.20148328 0.016518138 0.004872478 -0.09079661 -0.03336858 0.9942761 0.04536021
10083733.078 0.20315324 0.016234368 0.005140058 -0.090745516 -0.034236066 0.994318 0.043874014
10133725.479 0.204753 0.016283793 0.005375138 -0.09068221 -0.035039935 0.9943883 0.04172529
10183733.879 0.20609364 0.01662807 0.005565189 -0.090067804 -0.035789795 0.9944761 0.04030253
10233734.280000001 0.20752107 0.016967032 0.0055779917 -0.08859455 -0.0356282 0.99464196 0.03961148
10283719.18 0.20910548 0.017255839 0.0055365087 -0.08720881 -0.03507595 0.9947536 0.040369272
10333704.081 0.21074665 0.017346269 0.0055189705 -0.08658674 -0.033784974 0.99484575 0.040536743
10383688.231999999 0.21267971 0.017470188 0.0053159716 -0.08549156 -0.032494456 0.99497277 0.04079916
10433696.632000001 0.21470682 0.017644538 0.005192666 -0.08254291 -0.03138535 0.99525267 0.04091312
10483705.283 0.21670367 0.017768154 0.0052680494 -0.0795078 -0.030310966 0.9955879 0.039554052
10533713.682999998 0.21832472 0.018219 0.0053894585 -0.07759001 -0.029230677 0.99586254 0.03719159
10583744.332999999 0.21971072 0.018607562 0.0054933773 -0.07555961 -0.028238703 0.9961499 0.03433195
10633667.235 0.22114433 0.018919224 0.005552511 -0.073095165 -0.027006881 0.996415 0.032938104
10683627.636 0.22265427 0.0190304 0.0054753786 -0.070883386 -0.026143499 0.9965869 0.03326816
10733620.287 0.22378586 0.018760517 0.005415813 -0.06950581 -0.025856948 0.99666786 0.033964407
10783636.687 0.22494973 0.018562812 0.0053664627 -0.06946282 -0.025686612 0.9966395 0.034998536
10833652.837 0.22584789 0.01824821 0.0052531925 -0.06870637 -0.0256484 0.99667746 0.035436094
10883661.238 0.22675689 0.018210996 0.0053003095 -0.067681104 -0.02544539 0.9967585 0.03527519
10933661.888 0.22739671 0.018034179 0.005149905 -0.0672026 -0.02534939 0.99684423 0.03380658
10983646.289 0.22758214 0.01780994 0.0047238455 -0.06780979 -0.025506943 0.99684036 0.032567292
11033630.69 0.22760752 0.017086245 0.0046896073 -0.068302214 -0.025858702 0.9968021 0.03243064
11083623.34 0.2272318 0.016632805 0.004262772 -0.068681605 -0.026347864 0.99671197 0.033969898
11133631.740999999 0.22685017 0.016128432 0.0038911377 -0.06943557 -0.027208459 0.996572 0.035813518
11183648.140999999 0.22623743 0.015521792 0.0037447584 -0.07105578 -0.028014217 0.9963713 0.037557617
11233672.541 0.2255926 0.014839066 0.0037294398 -0.072655514 -0.028404303 0.99618876 0.03901779
11283688.691000002 0.2250177 0.0142181795 0.0039333054 -0.07334709 -0.028110975 0.9961074 0.040000364
11333689.091 0.22429685 0.013782568 0.0043180133 -0.072705425 -0.027271613 0.9961561 0.04053732
11383697.492 0.22371303 0.013286542 0.0047018053 -0.07186604 -0.026461339 0.9962311 0.040727977
11433705.891999999 0.22328724 0.013182295 0.0050579263 -0.07110695 -0.025963312 0.9963001 0.040692717
11483714.292 0.22330503 0.01357149 0.005487212 -0.07019058 -0.026031984 0.9963831 0.040205326
11533714.693 0.2228314 0.013862811 0.0061816494 -0.06883865 -0.026506396 0.9965197 0.038822792
11583715.092999998 0.22225584 0.014151286 0.0066914614 -0.06748529 -0.027398368 0.9966423 0.037407532
11633699.744 0.22138837 0.014605146 0.00726745 -0.066309296 -0.028985005 0.99670506 0.036633983
11683692.145 0.22035076 0.0147290025 0.007567305 -0.06564047 -0.030514875 0.99674076 0.035610475
11733691.045 0.21915506 0.015176418 0.008054953 -0.063212894 -0.031024681 0.99690354 0.034999594
11783685.446 0.21772994 0.015065999 0.008222382 -0.06255557 -0.03145646 0.99699163 0.03324359
11833694.095999999 0.21572901 0.015031251 0.008392794 -0.06250806 -0.032174546 0.9970208 0.031734526
11883702.496000001 0.2134255 0.015083117 0.008523364 -0.062323134 -0.03367346 0.9969827 0.031740848
11933694.897 0.21092197 0.014846181 0.008540498 -0.06204299 -0.03443928 0.9969453 0.032628953
11983695.298 0.20811702 0.014388847 0.008504833 -0.062400155 -0.033649165 0.99691284 0.033745147
12033695.448 0.20508657 0.014041433 0.008600221 -0.06203369 -0.032669194 0.99692875 0.034894664
12083719.848 0.20229374 0.01368112 0.008749014 -0.06127224 -0.03216215 0.9969803 0.03523716
12133743.748 0.19970101 0.01341554 0.009068383 -0.060581356 -0.031799726 0.99706453 0.034366105
12183756.398 0.19692063 0.013240438 0.009419789 -0.059252586 -0.032079097 0.9971875 0.032820363
12233753.048999999 0.19410588 0.013135439 0.009720161 -0.058662016 -0.032682788 0.99724865 0.031397182
12283745.199 0.19134293 0.012965108 0.010035146 -0.05834303 -0.033509225 0.9972578 0.03082356
12333738.1 0.18841405 0.012827384 0.010408953 -0.05810269 -0.03428306 0.997251 0.030646905
12383746.0 0.18531314 0.012667478 0.010749975 -0.057684764 -0.035187464 0.99726033 0.03010293
12433762.650999999 0.1820016 0.012613267 0.011101687 -0.057884008 -0.036084626 0.99723995 0.029322045
12483779.050999999 0.17846332 0.012481689 0.011422002 -0.058209825 -0.03702801 0.9972208 0.028128736
12533787.451 0.17471255 0.012377442 0.011591299 -0.05890489 -0.0380736 0.9971586 0.027486164
12583796.101 0.17074937 0.012306893 0.01165717 -0.060596723 -0.038597394 0.99704087 0.027345449
12633796.502 0.16671942 0.012096858 0.011679151 -0.061830983 -0.03896335 0.9969398 0.02774811
12683796.902 0.1627229 0.011931085 0.011838283 -0.063038506 -0.039201744 0.99684155 0.028218618
12733804.803000001 0.1588385 0.011746341 0.011990095 -0.063380085 -0.03931574 0.9968243 0.02790303
12783813.453 0.15512453 0.011408036 0.012329779 -0.06254909 -0.038851317 0.9969293 0.026649624
12833829.853 0.15111095 0.011137044 0.012811438 -0.06159672 -0.037776046 0.9970857 0.02447682
12883846.503 0.14704041 0.011123893 0.013330762 -0.061110146 -0.036765818 0.99719596 0.022675727
12933879.153 0.14261222 0.01098799 0.013696802 -0.060526557 -0.036510218 0.99727935 0.020917008
12983839.304000001 0.13807471 0.010834199 0.013981631 -0.060900174 -0.03628962 0.99729556 0.019386845
13033839.955 0.13344637 0.010796282 0.014162888 -0.06165224 -0.036249943 0.9972643 0.018678887
13083864.105 0.12863497 0.010526207 0.014235849 -0.062830985 -0.035763457 0.9972216 0.017957272
13133880.504999999 0.12387411 0.010360034 0.0142710805 -0.063991256 -0.03528552 0.997169 0.01772395
13183896.405 0.11928628 0.010225475 0.0144474255 -0.063882805 -0.03469336 0.99720985 0.016967282
13233913.055 0.11475187 0.010148989 0.014754434 -0.06316979 -0.033882137 0.99730927 0.015360061
13283929.705 0.11026071 0.010198408 0.015211439 -0.06296392 -0.032938432 0.99737906 0.013625834
13333929.606 0.10604676 0.01033921 0.015637076 -0.0627103 -0.032551996 0.9974247 0.012317489
13383930.256 0.1019747 0.010537693 0.016177224 -0.06127859 -0.03262978 0.99751437 0.012052642
13433930.407000002 0.09813755 0.010596163 0.016636688 -0.060514834 -0.032171004 0.9975796 0.011748392
13483938.807 0.09450186 0.01060853 0.017037233 -0.058445226 -0.03137641 0.99772674 0.011880653
13533955.207 0.09123057 0.010642784 0.017636158 -0.0563357 -0.029637191 0.9978973 0.012201568
13583971.606999999 0.08796253 0.010697554 0.018205192 -0.054426882 -0.027636223 0.9980618 0.012112121
13633979.758 0.0846755 0.01075534 0.019018076 -0.0521826 -0.026195722 0.9982301 0.011289404
13683988.158 0.08156851 0.010903459 0.019848835 -0.050008364 -0.025420621 0.9983669 0.010795628
13733988.808 0.07850867 0.010958694 0.020550307 -0.04745668 -0.025606394 0.9984844 0.011006462
13783989.209 0.07544489 0.010887349 0.021138318 -0.045100804 -0.02557024 0.9985883 0.0115521485
13833997.609 0.07253752 0.010733315 0.021625828 -0.043129753 -0.02549104 0.998669 0.012259921
13884014.009 0.06957503 0.010622502 0.022089941 -0.04113891 -0.02531717 0.99875426 0.012513959
13934030.409 0.06676349 0.010595281 0.022485409 -0.03927165 -0.024991011 0.99883485 0.012735467
13984038.81 0.06374073 0.010581699 0.022876851 -0.03707402 -0.02386427 0.99894667 0.012714141
14034039.459999999 0.060934644 0.010558779 0.023280105 -0.035459075 -0.022266058 0.9990534 0.011794314
14084036.361 0.058115732 0.01068437 0.023675652 -0.033304997 -0.02125789 0.99916244 0.01065115
14134040.511 0.055368513 0.010769235 0.02402166 -0.030960267 -0.020760257 0.9992566 0.0098374365
14184056.661 0.052523326 0.010927243 0.024310559 -0.029028334 -0.019923655 0.9993334 0.0096559785
14234065.061999999 0.049833056 0.011196794 0.024635738 -0.027634192 -0.019391658 0.9993866 0.009322179
14284065.712 0.04719501 0.011412138 0.024938185 -0.02602885 -0.019680725 0.9994284 0.008840463
14334065.863 0.04463605 0.011529529 0.025208592 -0.024031147 -0.020101465 0.99947053 0.008783229
14384092.513 0.04216482 0.011403126 0.025295362 -0.02244395 -0.020077929 0.99950546 0.009065325
14434074.662999999 0.03968258 0.01113846 0.02532649 -0.020414371 -0.020196317 0.9995407 0.009684333
14484091.064 0.03736092 0.01091603 0.025445359 -0.018092137 -0.020393219 0.9995753 0.010297645
14534115.214 0.034895886 0.010859835 0.025353568 -0.016488003 -0.020115243 0.99960685 0.0104712695
14584123.864 0.03220155 0.010880518 0.025186274 -0.015522746 -0.01993436 0.99962574 0.010494912
14634124.014 0.029532904 0.010927161 0.024916736 -0.014908323 -0.019955175 0.9996296 0.010965403
14684116.415000001 0.026752515 0.010940808 0.024743276 -0.015039707 -0.01992891 0.99962866 0.0109192105
14734116.815000001 0.023809532 0.011008098 0.02442074 -0.015089492 -0.019919535 0.9996319 0.010564585
14784141.215 0.021208024 0.011059958 0.024059836 -0.015415503 -0.01869094 0.9996522 0.010421156
14834165.365 0.018972997 0.011107569 0.023662593 -0.015817935 -0.016789619 0.9996745 0.010904517
14884189.764999999 0.016934555 0.011092254 0.02334479 -0.016162023 -0.01610717 0.9996727 0.011574325
14934198.166000001 0.014878516 0.0113560725 0.023184426 -0.016942043 -0.017292948 0.9996245 0.012839455
14984182.566 0.013050433 0.011456398 0.023022931 -0.017776819 -0.01969557 0.9995548 0.013647548
15034183.217 0.011294651 0.01163033 0.022915747 -0.018168358 -0.021745093 0.99949807 0.01416917
15084207.616999999 0.009727206 0.011706216 0.02263785 -0.01882607 -0.022408133 0.99947214 0.014105339
15134231.517 0.008533051 0.011707669 0.02253717 -0.018217871 -0.021952193 0.99949586 0.013939543
15184256.167 0.00743625 0.011618471 0.022349965 -0.018009756 -0.022007855 0.99949783 0.013981747
15234248.567 0.006323096 0.011390367 0.022218993 -0.017261667 -0.0226913 0.9994902 0.014368499
15284277.716999998 0.0050381515 0.011151696 0.02211607 -0.017689465 -0.023326762 0.99946004 0.014921641
15334233.868999999 0.0039599286 0.011023564 0.021987686 -0.018432219 -0.023596654 0.9994346 0.015297754
15384250.269 0.0029073472 0.010994454 0.02193129 -0.017792791 -0.023504207 0.9994481 0.015311698
15434274.669 0.0019948657 0.010770123 0.02167714 -0.01729668 -0.02230893 0.9994917 0.014818404
15484290.819 0.0011711697 0.010582614 0.021566553 -0.017497918 -0.02036459 0.9995399 0.014112886
15534290.72 0.00047192146 0.010420305 0.021229314 -0.0175835 -0.018700764 0.99956775 0.014335174
15584283.12 -0.00018267814 0.010546994 0.021062454 -0.017722262 -0.018161053 0.9995642 0.015090353
15634276.271 -0.0006372215 0.010965003 0.020785375 -0.018197611 -0.017935682 0.9995474 0.015883487
15684276.671 -0.0003856987 0.011526197 0.020427892 -0.019244641 -0.018229043 0.9995312 0.015322212
15734292.571 -0.00036392728 0.011853222 0.020004315 -0.01937633 -0.018889112 0.99953395 0.014130948
15784300.972 0.00016459035 0.012193205 0.019783938 -0.018976333 -0.019552805 0.9995389 0.01339964
15834293.622 0.0007093663 0.012509774 0.0195188 -0.017914776 -0.020399993 0.99953604 0.013807704
15884270.523 0.0013430889 0.012056113 0.019128248 -0.017642027 -0.020473866 0.9995272 0.0146615375
15934238.924999999 0.0018512092 0.011437586 0.018749893 -0.018223992 -0.019983303 0.9995176 0.015269279
15984231.575 0.00234357 0.010978994 0.01816942 -0.01967396 -0.019774219 0.99947834 0.016279686
16034247.975 0.0033618591 0.010323603 0.01766012 -0.021716993 -0.019203486 0.9994349 0.017015632
16084272.374999998 0.0040920842 0.0099783605 0.0169889 -0.022462446 -0.018835919 0.9994014 0.018373558
16134296.275 0.0051997467 0.009436789 0.016247308 -0.023224205 -0.018431228 0.9993698 0.019518673
16184296.925999999 0.0068387864 0.009007344 0.0154753355 -0.025000637 -0.017346779 0.9993308 0.0202964
16234265.827 0.008291053 0.008712584 0.0146571705 -0.025176499 -0.01646979 0.9993384 0.020436857
16284250.227999998 0.010443648 0.008393217 0.0138322655 -0.025563426 -0.015386668 0.9993456 0.020450037
16334250.878 0.012991662 0.007970124 0.013054106 -0.024746126 -0.014157767 0.99937594 0.020854624
16384251.029 0.016077854 0.0073909587 0.012292495 -0.024070542 -0.012726774 0.9993921 0.021774996
16434254.429 0.019035734 0.0071068807 0.011504056 -0.024030527 -0.012152155 0.9993984 0.021856625
16484220.829999998 0.022253241 0.006880931 0.010717528 -0.025236733 -0.01366148 0.99937636 0.020575749
16534189.481999999 0.025577107 0.0068149082 0.009813704 -0.025739899 -0.0157276 0.9993582 0.01932547
16584158.383 0.029027225 0.006745269 0.008704673 -0.0261525 -0.016985785 0.9993285 0.019238066
16634142.783999998 0.032456797 0.006674299 0.007834734 -0.027071979 -0.017855756 0.99928427 0.019477429
16684143.434 0.03621511 0.0066311792 0.0069787027 -0.027682275 -0.01965382 0.99923164 0.019583862
16734135.585 0.040086787 0.0065619852 0.0062743197 -0.028307939 -0.021768142 0.9991783 0.019174125
16784112.486 0.04418829 0.0063981293 0.005682246 -0.029175278 -0.023170622 0.99912786 0.018855387
16834088.887000002 0.048546597 0.006047682 0.0051919576 -0.029057546 -0.024021264 0.999116 0.018599268
16884066.038000003 0.0530339 0.0058728987 0.0049829343 -0.02946564 -0.02459652 0.9990897 0.0186166
16934050.189000003 0.05762582 0.0053438116 0.0049464353 -0.029161047 -0.024693253 0.9990997 0.018432785
16984042.839 0.062185112 0.0048534665 0.005059896 -0.029236684 -0.02385579 0.99911124 0.018787928
17034043.24 0.06677569 0.004508807 0.005325288 -0.030532012 -0.022667168 0.9990967 0.01897215
17084035.64 0.0716822 0.003990827 0.005842719 -0.030470837 -0.02180542 0.99913037 0.018291345
17134028.041 0.076456286 0.0037538714 0.0063533075 -0.030744364 -0.02101142 0.99914217 0.018119749
17184020.692 0.081257164 0.0035535046 0.0070167035 -0.03167549 -0.020755485 0.9991089 0.018637035
17234013.092 0.08587022 0.0035298488 0.007723464 -0.033020854 -0.021019788 0.99904776 0.019273693
17284005.993 0.09053648 0.0033892412 0.008491636 -0.033731334 -0.022257613 0.9989914 0.019571517
17333990.644 0.0952225 0.003431776 0.009451955 -0.033972796 -0.023908371 0.99893516 0.020073073
17383990.794 0.099615976 0.00359334 0.010483453 -0.03512737 -0.024435397 0.99890363 0.018987514
17433991.445 0.103985615 0.003960469 0.011501234 -0.035649598 -0.02462307 0.99889565 0.018179234
17483983.845000003 0.10835163 0.0041343346 0.012452268 -0.036476534 -0.024118772 0.99889463 0.017246226
17533968.246000003 0.11276432 0.004533398 0.013480055 -0.037609987 -0.023213463 0.9988923 0.016146975
17583953.397 0.11701804 0.0052171927 0.014540565 -0.038007416 -0.023917072 0.99888974 0.01423848
17633980.047 0.12129939 0.005879852 0.015795765 -0.036794815 -0.024534188 0.9989273 0.013732439
17683930.448999997 0.12529708 0.006561349 0.017024357 -0.03639721 -0.024317497 0.99895316 0.013287651
17733914.849 0.12927333 0.0070820916 0.018051472 -0.036390796 -0.024449533 0.998949 0.013375637
17783899.75 0.13311745 0.0076319594 0.018987803 -0.036052678 -0.025206126 0.9989364 0.013819825
17833876.400999997 0.13686328 0.008208084 0.01978459 -0.03603957 -0.026936024 0.99887675 0.014862712
17883868.552 0.1403778 0.008278182 0.020361511 -0.036385834 -0.027550325 0.9988333 0.015783634
17933861.203 0.14375906 0.008482287 0.020998072 -0.037142053 -0.028016135 0.99877167 0.017049901
17983861.603 0.14702821 0.008584008 0.021701243 -0.037637718 -0.028776769 0.9987102 0.018255493
18033862.004 0.1500057 0.00860145 0.02236165 -0.038105667 -0.02971621 0.9986542 0.018836169
18083862.404 0.15300734 0.008724458 0.023069745 -0.039107103 -0.030480335 0.99857455 0.019761361
18133854.805 0.15595579 0.008798985 0.023662513 -0.039899535 -0.030835131 0.9985126 0.020732788
18183847.955000002 0.15887566 0.008769326 0.024186688 -0.040819515 -0.031019151 0.99843323 0.022420136
18233848.356 0.16175422 0.0087722335 0.024744699 -0.041888714 -0.030930832 0.99835926 0.023821339
18283848.755999997 0.16465858 0.008703102 0.02521139 -0.042929925 -0.030802043 0.998278 0.025481062
18333856.656999998 0.16761531 0.008761322 0.02584916 -0.043177754 -0.031180063 0.99821466 0.027038189
18383865.057 0.17063242 0.008734291 0.026432766 -0.043418888 -0.03173452 0.9981432 0.028599834
18433857.707999997 0.17363954 0.008749319 0.027029995 -0.04407328 -0.03224595 0.99805224 0.030157696
18483842.608 0.17647459 0.008843093 0.027653953 -0.045060102 -0.03305041 0.9979275 0.031907365
18533827.009 0.17940003 0.00893686 0.02818276 -0.045315992 -0.034147605 0.9978054 0.034128394
18583819.66 0.18239689 0.008922327 0.028693512 -0.04513001 -0.035602223 0.997688 0.036255993
18633828.06 0.18522047 0.009099871 0.029258098 -0.044674747 -0.037102852 0.9975835 0.038140975
18683836.461 0.18805413 0.0091568325 0.029636411 -0.04434574 -0.038013 0.99749756 0.039838072
18733836.861 0.19062535 0.009133464 0.029873423 -0.04473682 -0.038688336 0.9973943 0.0413086
18783830.262 0.19312075 0.009230848 0.030010948 -0.045147646 -0.03919443 0.9973093 0.042423412
18833814.162 0.19546694 0.009193452 0.030182946 -0.04543833 -0.03887981 0.9972482 0.043817535
18883806.563 0.19777143 0.0090162195 0.030271793 -0.044892598 -0.037689254 0.99723274 0.0457287
18933806.963999998 0.20007654 0.008906378 0.030523468 -0.044796925 -0.035710957 0.9972384 0.047261767
18983815.614 0.20229107 0.008917027 0.030878225 -0.04416216 -0.034966916 0.9972539 0.048081707
19033816.014 0.20460989 0.009010774 0.03128745 -0.042680535 -0.035863996 0.9972503 0.048826613
19083816.165 0.2069256 0.009056245 0.03165865 -0.041263875 -0.03662155 0.9972436 0.04961253
19133808.566 0.20925853 0.009051628 0.032000422 -0.03968244 -0.036640894 0.9972701 0.0503501
19183801.466 0.21150678 0.009053447 0.032423154 -0.038012974 -0.03668973 0.9973035 0.05093799
19233816.116 0.2137258 0.009071669 0.032853205 -0.03594524 -0.03658389 0.9973694 0.05122405
19283794.517 0.215803 0.009048175 0.033327162 -0.03394287 -0.036290184 0.997436 0.051501445
19333794.917999998 0.21771994 0.009044763 0.033820573 -0.031417437 -0.035831258 0.99752784 0.05164514
19383795.568 0.21960364 0.008916503 0.03427157 -0.028976595 -0.035088863 0.9976319 0.051572733
19433795.969 0.22123691 0.0087970495 0.034680527 -0.026366567 -0.034154743 0.9977319 0.051665578
19483796.369000003 0.22280578 0.0086285 0.0351369 -0.024186168 -0.033298783 0.99781436 0.051698677
19533796.77 0.22423609 0.008425143 0.035576116 -0.02145489 -0.032354508 0.9979095 0.051669188
19583797.17 0.22534195 0.008226849 0.035853047 -0.019012446 -0.031657264 0.99797297 0.051831122
19633813.32 0.22621648 0.007989359 0.03601957 -0.018046219 -0.03140201 0.99797606 0.05226914
19683813.721 0.226657 0.007650847 0.036058344 -0.018049315 -0.031389244 0.9979521 0.05273199
19733822.371 0.22672388 0.0074584945 0.03583764 -0.018634979 -0.031625155 0.99791294 0.053126503
19783822.522 0.22644313 0.00769024 0.03568952 -0.019618962 -0.03222792 0.9978269 0.05401902
19833815.172 0.2258597 0.0077288896 0.035352334 -0.021035396 -0.03301823 0.9977495 0.054435644
19883823.573000003 0.22536084 0.0077475035 0.035005577 -0.023085298 -0.034141786 0.99763274 0.055049185
19933815.972999997 0.2245249 0.007663281 0.034815617 -0.025287706 -0.03472526 0.9975505 0.055206414
19983839.873000003 0.22348092 0.0076617477 0.03442576 -0.029175201 -0.0344816 0.99743545 0.05552027
20033801.775000002 0.22238193 0.0076099094 0.034061067 -0.030551363 -0.034455575 0.99737114 0.055949643
20083802.175 0.22144842 0.007642842 0.033840597 -0.031465545 -0.03480416 0.9972884 0.056696724
20133794.576 0.22039191 0.007606667 0.033670317 -0.032522596 -0.035509832 0.9972242 0.056791242
20183795.226 0.2190835 0.007634951 0.03377749 -0.033401 -0.03661364 0.99715436 0.056806434
20233803.376000002 0.21777758 0.007621401 0.03391874 -0.034320362 -0.037592024 0.9970979 0.056610174
20283803.777 0.21630038 0.007573442 0.033976458 -0.03509208 -0.037751116 0.9970698 0.05652823
20333804.177 0.21467255 0.0075354353 0.034020003 -0.035347413 -0.03710619 0.9970949 0.056351375
20383804.578 0.21308713 0.0072904658 0.034021102 -0.03561114 -0.03652827 0.99712825 0.055972125
20433797.229000002 0.2112249 0.007004651 0.034007553 -0.036033485 -0.036568638 0.9970994 0.05618845
20483789.629 0.20923904 0.0067201564 0.0340425 -0.035517156 -0.037085734 0.99705464 0.056966845
20533798.03 0.206945 0.0064216745 0.0341794 -0.034359965 -0.03725619 0.9971113 0.056572113
20583806.43 0.20426728 0.0062960694 0.03445105 -0.032713696 -0.036627524 0.99725825 0.05535629
20633815.08 0.20117049 0.0062745116 0.034746826 -0.031166937 -0.035758656 0.9974369 0.05356864
20683815.481 0.19741155 0.006484182 0.034937143 -0.03032689 -0.035044808 0.9976025 0.05139547
20733807.881 0.19311328 0.0067775985 0.0349825 -0.030747527 -0.03567231 0.99765915 0.049581245
20783800.281999998 0.18856654 0.0071789315 0.034893543 -0.031436797 -0.036648545 0.9977105 0.04735368
20833800.932 0.1840877 0.0072553176 0.03459734 -0.032251123 -0.035435986 0.9977812 0.04622609
20883809.333 0.18001187 0.007051205 0.034338348 -0.031048272 -0.031886887 0.9979655 0.045652088
20933809.983 0.17606717 0.0067112814 0.034228694 -0.03023575 -0.029040875 0.99812496 0.0445994
20983818.384 0.17219155 0.006284141 0.03430836 -0.029569507 -0.028738823 0.99818313 0.043934446
21033826.284 0.16828598 0.0058103255 0.034467936 -0.030010413 -0.030242767 0.9981442 0.043506946
21083826.684 0.16420507 0.0054937773 0.034825027 -0.030364394 -0.03253636 0.99805945 0.043551642
21133835.084999997 0.1601191 0.0051670163 0.035202377 -0.03087016 -0.033259805 0.9980228 0.04348975
21183835.985 0.15606262 0.0050466303 0.035614837 -0.030943632 -0.032465942 0.9980623 0.043129336
21233852.384999998 0.15205817 0.005018754 0.036027785 -0.030589335 -0.030211836 0.9981963 0.041900948
21283868.785 0.14804675 0.005225109 0.03643761 -0.030133251 -0.027993353 0.99834985 0.040074375
21333877.186 0.14397433 0.0056769634 0.036857538 -0.029458204 -0.026628064 0.9984915 0.037919722
21383877.836 0.1398218 0.006110411 0.03725778 -0.028858896 -0.02653035 0.9985813 0.036038455
21433885.487 0.13544658 0.0066629597 0.037557866 -0.02907134 -0.026581965 0.9986146 0.03488816
21483893.887000002 0.13094448 0.0070120064 0.037744634 -0.030147973 -0.026297081 0.99862516 0.03387408
21533942.536 0.12663892 0.007114761 0.037993744 -0.029984295 -0.025443574 0.9986676 0.033415053
21583926.937 0.12247245 0.0072445446 0.038370676 -0.029244684 -0.024148421 0.99875504 0.032403238
21633942.837 0.11814319 0.0074803485 0.03872216 -0.029062903 -0.023561837 0.99881756 0.031045238
21683959.237 0.113933384 0.007692883 0.038962945 -0.029075311 -0.023552286 0.9988604 0.029628055
21733959.638 0.1096501 0.008146932 0.039110973 -0.029152866 -0.023927761 0.99886966 0.028930668
21783968.288000003 0.105546504 0.008445237 0.039296206 -0.028822353 -0.024170244 0.998883 0.028599113
21833976.688 0.10152324 0.008686653 0.039450772 -0.028349692 -0.023960331 0.998922 0.027876228
21883985.089 0.097665705 0.008970429 0.039750777 -0.0279734 -0.023873953 0.998966 0.02673292
21934000.989 0.09376452 0.009209783 0.040002376 -0.027606543 -0.023920052 0.99900436 0.025613679
21984017.389 0.08984654 0.009507629 0.04026929 -0.027839748 -0.023630949 0.9990323 0.024514941
22034026.039 0.085923105 0.00980015 0.040465117 -0.02777715 -0.023330342 0.9990561 0.023895528
22084034.44 0.08206814 0.009976248 0.0405971 -0.027734384 -0.02335434 0.99906313 0.023628889
22134043.09 0.078289874 0.010128378 0.040694334 -0.027818544 -0.022771101 0.9990702 0.023797441
22184058.74 0.07458115 0.010202521 0.040812 -0.027781911 -0.021947453 0.99909073 0.023753533
22234083.39 0.07096469 0.010359299 0.040953916 -0.027487565 -0.021536969 0.9991144 0.023475472
22284091.79 0.06733893 0.010691667 0.04115649 -0.026435481 -0.021129757 0.99917305 0.022539428
22334130.19 0.06380023 0.011030053 0.041327838 -0.025270598 -0.020770105 0.9992396 0.021218108
22384101.091 0.06037305 0.011400109 0.041510023 -0.024241531 -0.02015531 0.9993039 0.019946387
22434109.491 0.0569633 0.011784814 0.041556865 -0.023293706 -0.019634314 0.9993608 0.018707832
22484125.642 0.053489882 0.012233148 0.041573375 -0.02276489 -0.01929862 0.9994013 0.017508453
22534149.792000003 0.05013407 0.012581082 0.041518867 -0.022715596 -0.01911057 0.99941826 0.016793143
22584158.192 0.046948154 0.012739491 0.041251168 -0.023071887 -0.018583857 0.99941593 0.017035054
22634166.842 0.04395605 0.012733241 0.04100606 -0.023081819 -0.01767402 0.9994074 0.018431768
22684159.243 0.041104253 0.012515224 0.040956303 -0.02296614 -0.016358946 0.9994161 0.0192967
22734175.643000003 0.038472045 0.012284738 0.04097241 -0.022357602 -0.015563716 0.99944365 0.01924282
22784191.542999998 0.035919085 0.012239148 0.04106046 -0.02167793 -0.015665524 0.9994563 0.019281829
22834215.943 0.03329685 0.012173057 0.041015115 -0.02160392 -0.015605455 0.99946177 0.019128967
22884232.343000002 0.03077348 0.012097471 0.040613428 -0.022196468 -0.015110712 0.99945664 0.019116353
22934240.242999997 0.028201154 0.012083173 0.04013807 -0.022681434 -0.014574571 0.9994558 0.019007178
22984248.644 0.025956301 0.012315984 0.03958076 -0.02340541 -0.014205608 0.999436 0.01944451
23034257.294 0.023666972 0.012293919 0.03890392 -0.024298012 -0.01390917 0.9994132 0.01973417
23084273.694000002 0.02167976 0.012172631 0.0383287 -0.024754616 -0.013755465 0.9993906 0.020407159
23134282.095 0.020164646 0.012157697 0.037828457 -0.025233828 -0.013865523 0.999359 0.021277457
23184297.994999997 0.018579558 0.012005245 0.0373772 -0.024807397 -0.0144689325 0.9993523 0.021688992
23234306.645 0.017714504 0.01191958 0.03691444 -0.025316423 -0.01402514 0.9993354 0.022163453
23284307.044999998 0.016796438 0.0118579 0.036379334 -0.025844553 -0.013590391 0.9993308 0.022029065
23334307.446000002 0.016164321 0.012033772 0.03574286 -0.02546231 -0.0141002275 0.99934185 0.021652175
23384308.095999997 0.016076095 0.012410204 0.035420753 -0.02431983 -0.014520963 0.99937 0.021385886
23434308.497 0.015657796 0.012459551 0.034908984 -0.022815874 -0.0138092125 0.9994432 0.02005467
23484300.898000002 0.015655503 0.012802025 0.034450617 -0.022976376 -0.012607583 0.9994778 0.01890229
23534286.297999997 0.015397974 0.013070347 0.033702884 -0.022658888 -0.012130436 0.99951625 0.017516797
23584270.698999997 0.015080901 0.013551458 0.033201054 -0.023167878 -0.011892176 0.9995115 0.01728415
23634255.1 0.014658738 0.013783505 0.032322325 -0.024420496 -0.011863929 0.99948645 0.01702378
23684255.501 0.014354782 0.013935052 0.031335376 -0.026212526 -0.012086654 0.99944127 0.016854241
23734282.900000002 0.014028514 0.014321191 0.030514825 -0.02731517 -0.012919558 0.9993995 0.016964627
23784264.051000003 0.013933347 0.014513252 0.029520344 -0.028994039 -0.013199526 0.9993454 0.01714492
23834256.702 0.014240752 0.014526376 0.028419489 -0.030802675 -0.01336465 0.9992791 0.017717784
23884249.353 0.014683604 0.014309812 0.027402105 -0.032030802 -0.014450371 0.9992249 0.017745676
23934249.753 0.0150044495 0.014417945 0.02659271 -0.032969512 -0.015485658 0.9991724 0.018106243
23984242.654 0.015647013 0.014426366 0.025575597 -0.034254164 -0.016178384 0.99912006 0.018005628
24034243.054 0.01612189 0.01434069 0.02488387 -0.034305114 -0.016654113 0.99910986 0.018037422
24084235.455 0.016869973 0.014187502 0.023795968 -0.03508078 -0.015775297 0.99909604 0.018099902
24134227.856 0.017923756 0.014181494 0.022899527 -0.035803504 -0.013948006 0.99909484 0.018253248
24184220.256 0.018862257 0.014025843 0.021982491 -0.035337225 -0.012559058 0.99913496 0.017970644
24234212.907 0.02023103 0.0140118515 0.020954387 -0.03620148 -0.011472869 0.99911606 0.018025478
24284197.308000002 0.021548348 0.014076146 0.019930575 -0.03641182 -0.0114395665 0.99910796 0.018074071
24334182.459000003 0.023477044 0.014246207 0.018907366 -0.037113223 -0.012237656 0.999073 0.018055258
24384166.608999997 0.025810584 0.014508935 0.017809624 -0.037083384 -0.012914666 0.9990703 0.01779422
24434159.259999998 0.028333941 0.0147648025 0.016749213 -0.03706783 -0.013888408 0.99908805 0.016010324
24484143.661000002 0.030989291 0.015120079 0.016126877 -0.03708175 -0.016092544 0.99909663 0.013116109
24534128.812 0.033848178 0.015627323 0.015566948 -0.036499858 -0.01824702 0.9991139 0.010312018
24584097.213 0.03679965 0.016236361 0.015235981 -0.035976246 -0.01915989 0.99913776 0.007902847
24634066.114 0.039739005 0.01659462 0.014860216 -0.03601881 -0.019443631 0.99914086 0.006497133
24684057.015 0.042701054 0.016770314 0.014435969 -0.037266854 -0.019675396 0.99908584 0.0071888436
24733995.667 0.045803133 0.016633809 0.014141979 -0.039518457 -0.020219874 0.99897134 0.009263541
24783980.316999998 0.04897085 0.0162921 0.014075158 -0.041307177 -0.02069996 0.99886674 0.011423772
24833996.718 0.052215397 0.015558049 0.014109241 -0.043133885 -0.020078767 0.99878323 0.012974997
24884021.117 0.05566839 0.015200738 0.014123803 -0.04516833 -0.019238671 0.99868083 0.015048339
24934028.768000003 0.05949194 0.014907158 0.0142375035 -0.0463627 -0.018786991 0.9986042 0.016947515
24984029.417999998 0.06342235 0.014899714 0.014456949 -0.04682258 -0.02019671 0.9985278 0.018495206
25034028.569000002 0.067226164 0.01508483 0.014788101 -0.04782638 -0.02254661 0.9984128 0.019399403
25083998.97 0.071159266 0.01522363 0.01505601 -0.049105596 -0.02390257 0.9983123 0.019745002
25133991.371 0.075282305 0.015456502 0.015272742 -0.050849102 -0.024434637 0.99820703 0.02000289
25183991.521 0.07926558 0.015733989 0.01542674 -0.052785844 -0.024629638 0.9980889 0.020632893
25233984.172000002 0.08328288 0.015766488 0.015542148 -0.05510474 -0.024946537 0.9979536 0.020732848
25283984.571999997 0.08767473 0.016064767 0.015749784 -0.05640642 -0.02619532 0.99783206 0.021526495
25333976.973 0.0921138 0.016104957 0.016116854 -0.05703968 -0.026906218 0.9977783 0.021473246
25383970.123999998 0.09678456 0.016238958 0.016581079 -0.058031388 -0.02645406 0.9977408 0.021115761
25433962.524 0.10137788 0.016214585 0.017161358 -0.058321312 -0.026707144 0.9977391 0.020050773
25483954.925 0.10608709 0.016315116 0.017844923 -0.05831001 -0.02734558 0.99773353 0.019496819
25533939.326 0.11080023 0.016379448 0.018578168 -0.057492618 -0.027895337 0.99776644 0.01946157
25583923.726999998 0.11562817 0.01632119 0.019404886 -0.05673082 -0.028393079 0.9977975 0.019381309
25633908.877 0.120208345 0.016239773 0.020271402 -0.05650052 -0.028931247 0.997806 0.018811276
25683909.277999997 0.124671474 0.01651229 0.021240637 -0.05619117 -0.029814415 0.9978003 0.01866091
25733909.678 0.12900198 0.016667983 0.022203226 -0.056377362 -0.031155586 0.9977459 0.01881867
25783902.329 0.13319233 0.016966496 0.023131402 -0.056374732 -0.031813607 0.9977216 0.019012114
25833878.98 0.1373829 0.017301852 0.024046287 -0.055692203 -0.031740665 0.9977619 0.019030463
25883871.381 0.14136899 0.017647374 0.024835102 -0.055877212 -0.03118777 0.9977784 0.018531833
25933864.531000003 0.14523992 0.018190783 0.025628211 -0.055863235 -0.030789798 0.9978014 0.017992692
25983856.932 0.1490245 0.018736271 0.02638076 -0.0558596 -0.031263143 0.9978011 0.01718308
26033849.333 0.15245958 0.019230612 0.026907172 -0.05723894 -0.03186606 0.99771744 0.016377373
26083825.733999997 0.15583941 0.019781409 0.027280528 -0.05893684 -0.033020798 0.99757075 0.016993374
26133810.384 0.15923299 0.020154614 0.027698798 -0.059771497 -0.034371555 0.99746686 0.017489638
26183802.785 0.16254397 0.020510688 0.027987825 -0.06140297 -0.03520068 0.9973395 0.017451154
26233803.436 0.16575696 0.020748867 0.028228693 -0.062994234 -0.035634514 0.9972276 0.017293053
26283811.836 0.1690434 0.020973263 0.028467136 -0.0630895 -0.035665624 0.99721324 0.017705552
26333812.486 0.17224674 0.021267634 0.02876631 -0.063391306 -0.035005152 0.9972213 0.017493753
26383804.637000002 0.17533398 0.021732477 0.02896721 -0.063801534 -0.034280423 0.9972368 0.016523788
26433789.038000003 0.17837128 0.022335881 0.029017782 -0.06380824 -0.03361801 0.9972734 0.01562705
26483773.689 0.18131363 0.022915669 0.028936766 -0.06340838 -0.033218354 0.9973272 0.01464386
26533766.089 0.18412128 0.023540523 0.028781757 -0.06231424 -0.033315044 0.9974032 0.013926005
26583759.24 0.1865802 0.024102611 0.028480645 -0.062102545 -0.032879595 0.9974385 0.013373127
26633751.641 0.18881388 0.024476802 0.028062487 -0.061519053 -0.032181833 0.99749684 0.013406997
26683744.041 0.19084808 0.024645071 0.027681628 -0.06075263 -0.031957354 0.9975432 0.013981262
26733744.441999998 0.19253549 0.024457565 0.027283994 -0.060841493 -0.03151829 0.9975392 0.014846987
26783728.843 0.19403172 0.023888823 0.026879175 -0.06149733 -0.030559063 0.9975005 0.016647834
26833729.493 0.19546059 0.02319043 0.026524184 -0.06225049 -0.029277902 0.9974538 0.01880634
26883729.893999998 0.19687836 0.022431435 0.026069429 -0.063263595 -0.027656086 0.99739105 0.021071035
26933746.544 0.19839327 0.021681003 0.025564652 -0.064717114 -0.025634471 0.99729985 0.023402166
26983762.944 0.19997029 0.021133242 0.025096478 -0.06611644 -0.024694813 0.9971844 0.025340816
27033801.843 0.2018151 0.02080497 0.024634684 -0.066525415 -0.025318796 0.99709535 0.02709726
27083771.495 0.20362864 0.020628972 0.02432193 -0.066727735 -0.026313078 0.99704087 0.02764985
27133771.895 0.20546445 0.020450804 0.02392477 -0.06642117 -0.026637536 0.99705076 0.027721519
27183772.546 0.20720206 0.020326583 0.02356995 -0.065784454 -0.026947401 0.9970734 0.028124517
27233772.946 0.2088851 0.020049699 0.02328713 -0.065932155 -0.026880715 0.99706066 0.028294338
27283773.097000003 0.21040268 0.019863844 0.02290523 -0.06530349 -0.026804836 0.9970759 0.029269515
27333765.997 0.21203987 0.019719722 0.02261493 -0.064525194 -0.02655427 0.99710315 0.030277649
27383766.398 0.21339734 0.019525282 0.022295581 -0.06354521 -0.026299996 0.99714917 0.031047264
27433767.048 0.21469803 0.019489657 0.02212847 -0.062515214 -0.02597008 0.9972123 0.031386346
27483767.448999997 0.2157816 0.019602204 0.022211945 -0.061241835 -0.025750386 0.997304 0.031163277
27533768.099 0.21655393 0.019599337 0.022272384 -0.060109515 -0.025980107 0.99739766 0.030163808
27583760.5 0.21706879 0.019316578 0.022067249 -0.059738252 -0.025195995 0.99745035 0.029821428
27633752.900000002 0.21743374 0.019111866 0.021923076 -0.05864572 -0.02396963 0.99751544 0.030808033
27683745.301 0.21792856 0.018686796 0.021964476 -0.057409447 -0.023100637 0.9975936 0.031268425
27733745.702 0.21781114 0.018668357 0.021860367 -0.057606112 -0.023041172 0.99759686 0.030842673
27783754.102 0.21784067 0.018890362 0.021743847 -0.058284562 -0.023377787 0.997549 0.030862486
27833762.752 0.21803679 0.018531334 0.021562774 -0.059140828 -0.024183478 0.9974715 0.031115416
27883771.152999997 0.21857066 0.018454151 0.021237751 -0.059955914 -0.024640473 0.9973839 0.031994354
27933763.553 0.21793978 0.018749766 0.021026753 -0.059715167 -0.025254278 0.99735343 0.032900576
27983755.954 0.21810395 0.019230478 0.021271817 -0.059239153 -0.02579774 0.99738413 0.032406755
28033756.354 0.21780734 0.019519571 0.02135972 -0.058345813 -0.027184598 0.99744713 0.03092055
28083757.005 0.21728688 0.019855307 0.021270944 -0.05811608 -0.028477963 0.9974332 0.030637937
28133765.404999997 0.21650201 0.019643331 0.021072702 -0.05849108 -0.029735774 0.99735564 0.03124767
28183758.556 0.21535036 0.019575123 0.020838285 -0.059816055 -0.030329797 0.9972312 0.032126382
28233750.706 0.21413936 0.01939803 0.020555694 -0.060858913 -0.030517243 0.9971395 0.032827653
28283751.107 0.21279839 0.019095242 0.020375473 -0.06090035 -0.030185672 0.9971296 0.033354674
28333767.757 0.21132787 0.019057663 0.020129547 -0.060787067 -0.02974317 0.9971284 0.033987846
28383783.656999998 0.20988975 0.019113809 0.020162271 -0.06016036 -0.029741595 0.9971872 0.03337613
28433800.057 0.20850517 0.019244641 0.020251725 -0.059088014 -0.029889448 0.997301 0.031719517
28483800.208 0.20669869 0.019592274 0.020320795 -0.0579726 -0.030769596 0.9974068 0.029531203
28533784.608999997 0.2046354 0.01993226 0.02032973 -0.057005715 -0.031653807 0.9974761 0.028106114
28583769.759 0.2025555 0.020092908 0.020286946 -0.0556494 -0.03181929 0.99752855 0.028766125
28633762.16 0.20047776 0.019876307 0.020203387 -0.054004233 -0.030964829 0.9976126 0.029897088
28683797.81 0.19809955 0.019723948 0.020299865 -0.052007414 -0.029287208 0.9977625 0.030125687
28733786.711000003 0.19590063 0.019737022 0.020604976 -0.05012711 -0.028280564 0.9978997 0.029728105
28783802.860999998 0.1931848 0.019589609 0.021211937 -0.04872257 -0.02858399 0.9979766 0.029186144
28833803.511 0.19047691 0.019503374 0.021909125 -0.047103703 -0.02891842 0.9980329 0.029584847
28883795.912 0.18766186 0.019189088 0.022808569 -0.045377366 -0.02994221 0.99806845 0.030063072
28933796.312 0.18481272 0.018973067 0.023588447 -0.04392081 -0.03139417 0.99807245 0.030608116
28983804.713 0.18178786 0.018723825 0.024164239 -0.04257784 -0.03231677 0.99807906 0.031320546
29033821.362999998 0.17872755 0.018670395 0.024642533 -0.04198009 -0.032137584 0.99810493 0.03148751
29083837.763 0.17551585 0.018609637 0.025082571 -0.040483553 -0.03233182 0.9981663 0.031300943
29133853.663000003 0.17206168 0.018743139 0.025534207 -0.03973435 -0.03188137 0.99823725 0.030450149
29183846.064000003 0.1685498 0.018934201 0.02590639 -0.03868877 -0.03214291 0.99828845 0.029837083
29233846.713999998 0.16464701 0.018990986 0.02626693 -0.038033973 -0.032103386 0.99833286 0.029230403
29283839.615 0.16068383 0.01892289 0.026621815 -0.037736587 -0.032026447 0.99837655 0.028188089
29333840.015 0.15664186 0.018951844 0.026896605 -0.037037924 -0.032468107 0.998385 0.028310917
29383896.665 0.15238698 0.01877569 0.027136803 -0.036298253 -0.033056512 0.99837995 0.028761217
29433872.816000003 0.14820744 0.018686404 0.027264165 -0.035581883 -0.03300335 0.9983772 0.02979382
29483881.216000002 0.14386848 0.018394439 0.027325068 -0.035116397 -0.03283641 0.9983921 0.030030454
29533881.616 0.13945061 0.018183121 0.027338093 -0.03475287 -0.03256123 0.9984075 0.030241169
29583890.266999997 0.13500547 0.017969292 0.027249824 -0.033989497 -0.03255189 0.99842644 0.030491969
29633905.667 0.13048758 0.017877197 0.027096475 -0.033642527 -0.03227743 0.9984428 0.030632665
29683922.317 0.12588681 0.017768893 0.026907602 -0.033865985 -0.031132717 0.9984919 0.029963415
29733938.717 0.12130821 0.01779679 0.026683277 -0.033629376 -0.030690495 0.9985517 0.028664691
29783967.617 0.11670484 0.01795616 0.026488505 -0.032248687 -0.031086564 0.99862915 0.027084094
29833956.018 0.11190972 0.018237773 0.026203014 -0.031809755 -0.03118468 0.9986995 0.02480213
29883956.168 0.10688986 0.018447904 0.02574859 -0.032966636 -0.029860988 0.99875325 0.022659432
29933964.068 0.10169712 0.018569304 0.025114456 -0.03414766 -0.027925193 0.9987944 0.021542681
29983972.719 0.0962927 0.018859942 0.024366427 -0.037125215 -0.027425986 0.9986831 0.022398025
30033973.119 0.09085289 0.019157618 0.023496343 -0.04108243 -0.028355142 0.9984666 0.02393099
30083989.519 0.08566415 0.019266183 0.022694137 -0.0455116 -0.029614532 0.9981907 0.025825696
30134013.919000003 0.0806207 0.019297885 0.021817442 -0.049760334 -0.030506898 0.99792224 0.027286014
30184046.069000002 0.07606231 0.01925804 0.021137867 -0.052438896 -0.031260826 0.9977252 0.028591365
30234077.968999997 0.071676485 0.019120885 0.020691708 -0.05401465 -0.03177678 0.9975955 0.029595898
30284094.369 0.06727078 0.019096408 0.020396186 -0.05627594 -0.03161119 0.9974635 0.030006336
30334095.02 0.0631399 0.0188246 0.020342035 -0.05779894 -0.031463996 0.99738055 0.030022165
30384095.419999998 0.059139147 0.018415311 0.020354103 -0.057412554 -0.031231318 0.99738926 0.030710043
30434111.82 0.05543104 0.018128902 0.020672638 -0.05603035 -0.030341119 0.9974565 0.031945243
30484143.97 0.051752668 0.017585889 0.020881202 -0.055102423 -0.028871542 0.9975459 0.032132212
30534186.369000003 0.04826069 0.017460302 0.02124854 -0.05344775 -0.027783513 0.9976525 0.032572772
30584208.52 0.044865057 0.01719968 0.021564204 -0.052379902 -0.026992997 0.9977467 0.032082386
30634216.92 0.041588303 0.016998474 0.021678692 -0.050959732 -0.026484387 0.997836 0.032017276
30684217.32 0.038775638 0.016946834 0.021983042 -0.04874936 -0.025547132 0.9979451 0.03281067
30734225.720999997 0.035991423 0.016805112 0.022184579 -0.046419863 -0.024552362 0.99806213 0.033382848
30784242.371 0.033712823 0.01669207 0.022409989 -0.044087246 -0.023535935 0.9981884 0.033501897
30834258.021 0.031431645 0.016669344 0.02281932 -0.041583132 -0.022688992 0.99833107 0.033033464
30884266.421 0.029325634 0.017003743 0.023188774 -0.039993692 -0.02269631 0.99842775 0.032054666
30934274.821 0.027318526 0.017366072 0.023433443 -0.03924166 -0.023036877 0.99847186 0.0313594
30984267.472 0.025555898 0.017737672 0.023536006 -0.03814427 -0.02337524 0.9985126 0.031163573
31034260.123 0.023846542 0.017865082 0.02353559 -0.0371557 -0.023559334 0.9985544 0.03087983
31084268.273 0.022056872 0.01814928 0.02353386 -0.036233097 -0.023639705 0.9985761 0.031210039
31134276.673 0.020413015 0.018259725 0.02350976 -0.03618789 -0.023613846 0.99858993 0.030839747
31184293.074 0.018908564 0.01851544 0.023506187 -0.037169304 -0.023647299 0.9985509 0.03090993
31234301.724 0.017359752 0.018736852 0.023410914 -0.03818254 -0.023919016 0.99849534 0.03125809
31284302.124 0.01635053 0.01881476 0.023506867 -0.03883071 -0.024786238 0.9984361 0.03167447
31334310.525 0.015498644 0.018930998 0.023634983 -0.038130857 -0.025842318 0.9984353 0.031705357
31384311.175 0.01486091 0.019143526 0.02392143 -0.037707426 -0.026218534 0.99843246 0.03199044
31434319.075 0.014596553 0.019121297 0.02391242 -0.037620123 -0.025743393 0.99845266 0.031847905
31484335.476 0.014461425 0.018822143 0.024325108 -0.037053004 -0.025279284 0.9984931 0.031617936
31534335.876000002 0.014516495 0.018660797 0.024094425 -0.037258256 -0.024275556 0.9985044 0.03180394
31584336.277 0.014303471 0.018627184 0.023756769 -0.038303845 -0.02371298 0.9984622 0.032309208
31634328.927 0.014292592 0.018070275 0.023348695 -0.039110668 -0.023640418 0.9984348 0.032242507
31684337.327999998 0.014440223 0.018131401 0.023071676 -0.040415395 -0.02304635 0.9983934 0.032343764
31734374.477 0.014777667 0.017876144 0.022607114 -0.04167716 -0.021785099 0.99838805 0.031776745
31784346.628 0.015311392 0.017618734 0.022131212 -0.043656833 -0.020192599 0.99834335 0.031574227
31834355.029 0.016792223 0.017494539 0.021807704 -0.044840675 -0.018887186 0.9982954 0.0322327
31884347.428999998 0.018307202 0.017339354 0.021376329 -0.04580702 -0.019517098 0.9982569 0.031684436
31934339.83 0.019944225 0.017498182 0.02135797 -0.04715819 -0.021583462 0.9981817 0.030718464
31984331.981000002 0.02169933 0.017727328 0.02156235 -0.047664963 -0.023280973 0.99816084 0.029343983
32034324.631 0.0238597 0.01761942 0.021770164 -0.046508543 -0.02404315 0.9982165 0.02868361
32084317.531999998 0.025778 0.017160812 0.021790437 -0.04628615 -0.02262524 0.9982582 0.028746948
32134301.933000002 0.027508054 0.016566636 0.021734446 -0.04710665 -0.020009158 0.9982609 0.029253045
32184302.833 0.029276336 0.015955782 0.021611582 -0.04745755 -0.018089946 0.99825984 0.029965216
32234302.984 0.031043252 0.015395567 0.021631932 -0.049036797 -0.017053315 0.9981903 0.030345898
32284303.384000003 0.032804936 0.0148734795 0.021684319 -0.051020198 -0.015634399 0.99812603 0.02994907
32334311.783999998 0.034615397 0.014369628 0.02157505 -0.05218033 -0.015117827 0.99807715 0.029845702
32384304.185000002 0.036677383 0.014251326 0.021531848 -0.05358397 -0.014302015 0.9979985 0.030385153
32434296.836 0.03887455 0.014033059 0.021484843 -0.055751313 -0.014042697 0.9979086 0.029549163
32484297.236 0.04137201 0.014185901 0.02154847 -0.057316504 -0.014471472 0.99783266 0.028902423
32534297.637 0.043928508 0.01427856 0.021719895 -0.0577217 -0.015244619 0.9978249 0.027953904
32584298.037 0.046729226 0.014435113 0.021932973 -0.058615353 -0.015041615 0.99781334 0.026582005
32634282.688000005 0.04963439 0.014417099 0.022217061 -0.0584331 -0.014800809 0.99785876 0.02538735
32684267.588999998 0.052791048 0.014649771 0.022589397 -0.058279954 -0.015082778 0.9978708 0.025097724
32734243.990000002 0.05580981 0.01459737 0.022971662 -0.058103096 -0.015193172 0.997911 0.023810541
32784228.391000003 0.058998432 0.014611281 0.02345238 -0.057673454 -0.015751429 0.9979464 0.022993723
32834221.041000005 0.062282395 0.014574946 0.023949793 -0.05688237 -0.015954698 0.99799764 0.022595393
32884218.442 0.065531954 0.014561559 0.02434131 -0.056632757 -0.014872358 0.99803436 0.02233853
32934198.843000002 0.06875853 0.014376047 0.024714923 -0.056990962 -0.013704501 0.9980388 0.021971006
32984183.244 0.07204653 0.014407426 0.024902966 -0.057491332 -0.013668872 0.99799573 0.022636577
33034159.645 0.075412184 0.014351176 0.025051214 -0.058859162 -0.014311209 0.99789184 0.023297487
33084144.546 0.07886617 0.014289856 0.025174422 -0.059724476 -0.015952459 0.99781024 0.023522833
33134144.946000002 0.08249981 0.014295392 0.025415871 -0.059842046 -0.0175006 0.997778 0.023491573
33184160.596 0.085959755 0.014271185 0.025729243 -0.060062632 -0.018890174 0.9977407 0.023437042
33234177.246 0.08949963 0.0143136 0.026048142 -0.060658988 -0.019341657 0.99768466 0.023912374
33284161.647000004 0.09310471 0.014114891 0.026411718 -0.061279766 -0.019268306 0.9976422 0.024156017
33334146.547999997 0.09673266 0.014197454 0.026819551 -0.061288193 -0.018469755 0.9976346 0.025059128
33384123.198999997 0.100244194 0.0139880115 0.02721574 -0.06231786 -0.017410368 0.9975905 0.025033241
33434123.599 0.10371859 0.0141382255 0.02753726 -0.06390068 -0.017012723 0.9975065 0.024660256
33484132.0 0.10714988 0.0141871 0.027681632 -0.063745186 -0.017804861 0.9975163 0.024100376
33534140.400000002 0.11069661 0.014514772 0.028026419 -0.06413852 -0.01804734 0.9974949 0.023762066
33584125.051 0.11402192 0.014614742 0.028294357 -0.06504828 -0.017860742 0.9974494 0.023334606
33634093.952 0.11732748 0.0146716 0.028481452 -0.066308506 -0.017170949 0.9973725 0.023589795
33684070.353 0.12082251 0.0148072755 0.028747132 -0.066628546 -0.016637767 0.99733806 0.02451018
33734070.754 0.1244666 0.014704103 0.029102735 -0.067360714 -0.016243028 0.99728036 0.025113773
33784087.404 0.12805645 0.014728052 0.029407041 -0.0681446 -0.015825871 0.9972423 0.024775507
33834103.804 0.13147749 0.015020004 0.029741159 -0.06884106 -0.016139356 0.9971919 0.024672605
33884096.203999996 0.13476562 0.015301898 0.030123971 -0.07042693 -0.017132416 0.99707377 0.024301402
33934072.855000004 0.13834059 0.015578929 0.030447688 -0.071615204 -0.018555408 0.9969601 0.02444641
33984057.006 0.14201763 0.015820205 0.030731514 -0.0715392 -0.019043425 0.99692905 0.025535654
34034050.157 0.14573479 0.016042609 0.030969832 -0.072281696 -0.01850927 0.9968559 0.02666572
34084091.807 0.14944738 0.016408706 0.031211566 -0.07343163 -0.018794151 0.9967468 0.027394077
34134051.458 0.15337312 0.016798027 0.031367116 -0.073586315 -0.020015182 0.99668986 0.028176034
34184051.858 0.15727964 0.01725489 0.03156957 -0.07420659 -0.021204172 0.99660534 0.028663907
34234036.258999996 0.16129303 0.017736822 0.03166596 -0.075001284 -0.02172232 0.9965223 0.02909256
34284020.660000004 0.16516273 0.018236585 0.031782757 -0.07577756 -0.022218836 0.99646 0.028838096
34333997.311000004 0.16898996 0.018825509 0.031965435 -0.07662396 -0.022940805 0.9964079 0.027817978
34383989.962 0.17273942 0.019535685 0.032209713 -0.076843746 -0.023663905 0.9964037 0.026734931
34433990.362 0.17633997 0.020046247 0.03235174 -0.07701271 -0.024426978 0.99640596 0.025445642
34484016.012 0.17958649 0.020618565 0.032524996 -0.077538915 -0.02514976 0.996376 0.02429279
34533975.414000005 0.18267508 0.02110951 0.032601755 -0.077790715 -0.02568453 0.99636346 0.023425618
34583959.814 0.18557042 0.021338688 0.032664705 -0.07816116 -0.025651263 0.99634826 0.022870114
34633944.715 0.18803401 0.021494115 0.032629818 -0.07830423 -0.025748892 0.9963271 0.023190048
34683937.116 0.19040787 0.021584481 0.032789342 -0.07857851 -0.02516084 0.99630934 0.023666361
34733945.516 0.19258076 0.02174455 0.032885298 -0.07936976 -0.024821876 0.9962519 0.023800822
34783945.917 0.19481558 0.021918427 0.033012114 -0.07999603 -0.024427494 0.9962163 0.023603177
34833954.066999994 0.19706988 0.021913787 0.03297452 -0.07952833 -0.024336198 0.9962543 0.023672681
34883946.968 0.19927095 0.022084339 0.032938644 -0.079607084 -0.023959817 0.9962437 0.024233831
34933939.368 0.20118 0.021971788 0.0327852 -0.080513045 -0.023427896 0.99618566 0.024145178
34983923.769 0.20301788 0.021755962 0.032520503 -0.08076523 -0.022708567 0.9961816 0.024156202
35033924.42 0.20467898 0.021427246 0.032156926 -0.08128675 -0.022186095 0.99614054 0.024582805
35083932.82 0.2062149 0.021003038 0.03182101 -0.08238047 -0.021487959 0.9960416 0.025550405
35133941.22 0.20764121 0.020436622 0.031409167 -0.08352177 -0.0204552 0.99593973 0.026642274
35183941.871 0.20905311 0.019873548 0.031117627 -0.0849732 -0.019074563 0.9958166 0.027661877
35233949.271 0.21041398 0.019302994 0.030750312 -0.08538337 -0.017380422 0.9957812 0.028765598
35283943.172 0.21215864 0.018667627 0.030324252 -0.08394735 -0.016187605 0.99585694 0.030982103
35333951.572000004 0.21405666 0.017932963 0.030026302 -0.08294399 -0.015587203 0.9958993 0.032586418
35383951.972 0.21578488 0.017548708 0.029803697 -0.08268195 -0.015985008 0.99589527 0.033178546
35433959.873 0.2175121 0.017286032 0.029630775 -0.081075825 -0.017190825 0.9960023 0.03332648
35483960.272999994 0.2191529 0.017074367 0.029276911 -0.08007563 -0.01801611 0.9960526 0.033801895
35533960.423999995 0.22094427 0.016708188 0.028534723 -0.07916661 -0.017843315 0.9960785 0.03523998
35583945.574999996 0.22283712 0.016171426 0.027743887 -0.07706766 -0.016449075 0.9961823 0.037561294
35633945.975 0.22488165 0.015673371 0.02688738 -0.07515698 -0.014757859 0.99626666 0.03982944
35683975.375 0.22697751 0.015063059 0.026215388 -0.07310473 -0.014257229 0.99640256 0.040428933
35733946.776 0.2292804 0.014559554 0.025801761 -0.069555104 -0.014744116 0.99664915 0.040438626
35783947.426 0.23139796 0.014077627 0.025341462 -0.06635952 -0.015673473 0.9968669 0.040091336
35833939.827 0.23354025 0.013545107 0.024947029 -0.06388078 -0.01586061 0.99704003 0.03973723
35883924.228 0.23544666 0.013092108 0.024624432 -0.06065185 -0.015798606 0.99724597 0.039652348
35933924.628 0.2374716 0.012807213 0.024591524 -0.05657777 -0.014297678 0.99755865 0.038356487
35983925.029 0.23920397 0.012512666 0.024599979 -0.053308234 -0.011853413 0.99785435 0.03611798
36033925.679 0.24083705 0.012280476 0.024462719 -0.050079677 -0.010661796 0.9980654 0.035268076
36083926.080000006 0.24205165 0.011652672 0.024222668 -0.048850525 -0.010744504 0.9981128 0.03562335
36133926.730000004 0.24285318 0.010774978 0.0235416 -0.050685003 -0.011018234 0.9980151 0.03571461
36183927.131000005 0.24329162 0.010441661 0.022899909 -0.052403763 -0.01289734 0.9978652 0.036778297
36233927.531 0.24350798 0.010104054 0.02221782 -0.053601377 -0.015779817 0.9977187 0.037885375
36283935.932000004 0.24349411 0.009916938 0.021734899 -0.0559708 -0.016882598 0.9974995 0.039710958
36333944.332 0.24359359 0.009099884 0.021229347 -0.057811793 -0.017188773 0.9973698 0.04019765
36383944.982 0.24410391 0.009103551 0.021028882 -0.05707951 -0.018442491 0.997314 0.042032517
36433983.882 0.24436294 0.008869379 0.020893335 -0.05627078 -0.020585584 0.99725753 0.0434429
36483946.033 0.24430321 0.008442514 0.020858273 -0.055848174 -0.021650339 0.99721956 0.044332646
36533954.434 0.24400876 0.008056804 0.0206615 -0.05532846 -0.020561071 0.9972187 0.04550584
36583970.584 0.24421057 0.007784256 0.020659233 -0.055581775 -0.017701799 0.997224 0.046280194
36633970.984 0.24454603 0.0078043067 0.02056896 -0.054048397 -0.016569335 0.99727696 0.04735915
36683971.135 0.24480124 0.0076865917 0.020563666 -0.05256504 -0.017824266 0.9972846 0.04840119
36733971.785 0.2449839 0.0072670826 0.020448953 -0.05298438 -0.019065583 0.9972281 0.048634473
36783971.936 0.24484697 0.0074937725 0.020305743 -0.05251226 -0.021334402 0.99715084 0.049775574
36833980.586 0.24422944 0.0074735745 0.019927602 -0.052565668 -0.023965623 0.9970398 0.05073641
36883988.986 0.24393591 0.007700094 0.0194471 -0.05340288 -0.025198944 0.99691045 0.05179488
36933989.387 0.24367279 0.007573655 0.018844297 -0.05362538 -0.026876075 0.9968334 0.052203123
36983982.037999995 0.24338217 0.007758524 0.018303756 -0.05418793 -0.028347226 0.9966983 0.05341057
37033982.438 0.24313325 0.007919033 0.01761338 -0.055675168 -0.028992128 0.99653393 0.054588877
37083982.838 0.24286312 0.007981355 0.016768275 -0.05756781 -0.028804963 0.99639916 0.055181365
37133991.239 0.24263023 0.008100756 0.016102543 -0.058614627 -0.028989105 0.99632823 0.055264797
37183991.889 0.24243683 0.008279082 0.015648533 -0.05888738 -0.029765194 0.99631166 0.054858796
37233992.29 0.24286859 0.0083122235 0.015593402 -0.058870852 -0.029711308 0.99638903 0.05348245
37283984.69 0.2430724 0.008460717 0.015392763 -0.057745382 -0.028815452 0.9965221 0.052714452
37333969.591000006 0.24290368 0.008526391 0.0148653835 -0.057296515 -0.027109213 0.9966228 0.05220419
37383969.992 0.24343541 0.008066528 0.01492045 -0.057207223 -0.026751053 0.996641 0.052140664
37433978.142 0.24349464 0.0077625336 0.0147525575 -0.05684139 -0.027050816 0.996608 0.053006824
37483986.542 0.24348968 0.007354847 0.014489173 -0.05716015 -0.027619654 0.9965287 0.053856954
