28361871.689590443 -0.0 -0.0 -0.0 -0.0 -0.0 1.0 -0.0
28386138.689590443 -0.0 -0.0 -0.0 -0.0 -0.0 1.0 -0.0
28410404.689590443 -0.0 -0.0 -0.0 -0.0 -0.0 1.0 -0.0
28434673.689590443 -0.0 -0.0 -0.0 -0.0 -0.0 1.0 -0.0
28458943.689590443 -0.0 -0.0 -0.0 -0.0 -0.0 1.0 -0.0
28483215.689590443 -0.0 -0.0 -0.0 -0.0 -0.0 1.0 -0.0
28507492.689590443 0.0011865897 -0.004400136 -0.0005293882 0.0023856368 -0.0048222207 0.9999576 0.0074768756
28531774.439590443 0.0011865897 -0.004400136 -0.0005293882 0.0023856368 -0.0048222207 0.9999576 0.0074768756
28556061.439590443 0.0011865897 -0.004400136 -0.0005293882 0.0023856368 -0.0048222207 0.9999576 0.0074768756
28580353.439590443 0.0011865897 -0.004400136 -0.0005293882 0.0023856368 -0.0048222207 0.9999576 0.0074768756
28604653.689590443 0.002165765 -0.008376512 -0.00395188 0.0045615397 -0.010184181 0.99980843 0.016084922
28628961.689590443 0.002165765 -0.008376512 -0.00395188 0.0045615397 -0.010184181 0.99980843 0.016084922
28653279.689590443 0.002165765 -0.008376512 -0.00395188 0.0045615397 -0.010184181 0.99980843 0.016084922
28677609.689590443 0.002165765 -0.008376512 -0.00395188 0.0045615397 -0.010184181 0.99980843 0.016084922
28701949.689590443 0.0025961744 -0.015327098 -0.009684965 0.0047954572 -0.0148609085 0.9997074 0.018474607
28726301.689590443 0.0025961744 -0.015327098 -0.009684965 0.0047954572 -0.0148609085 0.9997074 0.018474607
28750665.689590443 0.0025961744 -0.015327098 -0.009684965 0.0047954572 -0.0148609085 0.9997074 0.018474607
28775041.689590443 0.001763595 -0.01829279 -0.011254628 0.00281823 -0.013484933 0.9996994 0.020279583
28799427.439590443 0.001763595 -0.01829279 -0.011254628 0.0028182303 -0.013484934 0.9996995 0.020279584
28823824.689590443 -0.00061552925 -0.023311365 -0.01996657 -0.0013889038 -0.015202544 0.99977773 0.014541821
28848232.439590443 -0.00061552925 -0.023311365 -0.01996657 -0.0013889038 -0.015202544 0.99977773 0.014541821
28872646.689590443 -0.00061552925 -0.023311365 -0.01996657 -0.0013889038 -0.015202544 0.99977773 0.014541821
28897062.689590443 -0.0050050025 -0.02760493 -0.03177939 -0.009692719 -0.018018913 0.99977946 0.0047483887
28921477.689590443 -0.0050050025 -0.02760493 -0.03177939 -0.009692719 -0.018018913 0.99977946 0.0047483887
28945888.439590443 -0.0050050025 -0.02760493 -0.03177939 -0.009692719 -0.018018913 0.99977946 0.0047483887
28970290.689590443 -0.0050050025 -0.02760493 -0.03177939 -0.009692719 -0.018018913 0.99977946 0.0047483887
28994681.689590443 -0.01397431 -0.032173518 -0.04342326 -0.021677868 -0.016921591 0.99961144 -0.004547309
29019059.689590443 -0.01655149 -0.0362741 -0.046932198 -0.024289051 -0.015138036 0.9995606 -0.007721172
29043426.439590443 -0.01705293 -0.0366559 -0.04745804 -0.027152022 -0.015100449 0.9994828 -0.008296836
29067779.689590443 -0.020741183 -0.04440013 -0.054215394 -0.029094383 -0.015801772 0.9993846 -0.011589859
29092117.689590443 -0.020008301 -0.049244698 -0.054948207 -0.032248333 -0.014386137 0.99929947 -0.012397529
29116440.439590443 -0.018017294 -0.05006975 -0.05514484 -0.03420155 -0.0146624455 0.9992357 -0.011976596
29140751.689590443 -0.018383356 -0.05677181 -0.056895822 -0.037169028 -0.0124688735 0.9991541 -0.012417062
29165049.689590443 -0.02015193 -0.06288639 -0.06025056 -0.03780134 -0.013595483 0.9991182 -0.012213431
29189337.439590443 -0.021613698 -0.071226366 -0.06490865 -0.03877948 -0.013170794 0.9990947 -0.011508411
29213617.689590443 -0.022853138 -0.075148985 -0.06632363 -0.039089125 -0.012490756 0.9991146 -0.009277787
29237893.689590443 -0.024448456 -0.08393767 -0.07111832 -0.040245242 -0.010606178 0.9990854 -0.009809026
29262166.439590443 -0.02523951 -0.09009848 -0.07326704 -0.04002809 -0.008424386 0.99912137 -0.009133508
29286441.689590443 -0.02737459 -0.097422704 -0.07351285 -0.04017327 -0.006138339 0.99913245 -0.009100245
29310720.689590443 -0.029966338 -0.10587066 -0.07738018 -0.039118588 -0.004212653 0.9991799 -0.009566393
29335004.689590443 -0.03259753 -0.11681337 -0.08004786 -0.03837355 -0.0028979124 0.9991905 -0.011722701
29359290.689590443 -0.03246572 -0.120268196 -0.0804036 -0.03877086 -7.4832125e-05 0.9991806 -0.0116151385
29383589.439590443 -0.033478193 -0.12732688 -0.082924716 -0.040331546 -0.0016825523 0.9991405 -0.009426026
29407908.689590443 -0.035622478 -0.1343321 -0.08339883 -0.03888016 -0.001581005 0.99920315 -0.008881115
29432243.689590443 -0.03788923 -0.14166977 -0.08791191 -0.038797054 -0.0038729887 0.9992116 -0.0074903644
29456595.689590443 -0.042157028 -0.1540409 -0.08989666 -0.036388207 -0.0020090877 0.9992768 -0.010855603
29480965.689590443 -0.04213279 -0.15931839 -0.08999706 -0.036492463 -0.0039258385 0.9992797 -0.009644274
29505354.689590443 -0.04254568 -0.17069979 -0.09333799 -0.037117828 -0.0029075101 0.9992265 -0.012660007
29529752.439590443 -0.045001645 -0.18041362 -0.09332904 -0.035040546 -0.0020209157 0.9992556 -0.016012525
29554170.689590443 -0.04262356 -0.18922104 -0.10029944 -0.036457688 -0.0007663759 0.9991574 -0.018834647
29578618.439590443 -0.043489076 -0.20073418 -0.101334706 -0.03801922 0.0007897597 0.99898785 -0.024027446
29603085.439590443 -0.046179585 -0.20954576 -0.10186397 -0.03897696 0.0028178843 0.99885017 -0.027772123
29627568.689590443 -0.04537695 -0.21924458 -0.10286129 -0.040752858 0.0009206082 0.9986797 -0.031262245
29652065.439590443 -0.04752521 -0.22611386 -0.10339859 -0.04057486 0.0021830036 0.9986605 -0.032033328
29676574.689590443 -0.04484573 -0.23892622 -0.10829557 -0.043178406 0.0014905013 0.9984182 -0.035979453
29701093.689590443 -0.052040253 -0.24126679 -0.10594652 -0.03990671 9.510584e-05 0.99849814 -0.03753697
29725621.689590443 -0.051518753 -0.2529408 -0.104516625 -0.04044822 0.0009986156 0.99831647 -0.041558646
29750157.689590443 -0.051878177 -0.26218197 -0.106828235 -0.040703706 0.00045786626 0.9981937 -0.044185966
29774702.689590443 -0.053978946 -0.27162567 -0.10596098 -0.04116795 -0.0007715412 0.99806863 -0.04651526
29799254.689590443 -0.052989285 -0.2832927 -0.10749826 -0.041812643 0.00076978403 0.99788076 -0.049852364
29823815.689590443 -0.05540484 -0.29077426 -0.10650539 -0.04106637 -0.002914115 0.99783576 -0.0512732
29848381.439590443 -0.05580963 -0.30234957 -0.10275288 -0.041260827 -0.0007258989 0.9976833 -0.054084484
29872957.689590443 -0.054636024 -0.31348884 -0.103119455 -0.042141598 -0.00240028 0.9976253 -0.05442572
29897543.689590443 -0.058615483 -0.32853264 -0.099063136 -0.04022675 -0.006232415 0.9976334 -0.055413138
29922139.689590443 -0.055091403 -0.3380967 -0.09688846 -0.040826436 -0.0028394014 0.9977116 -0.053821146
29946748.439590443 -0.056220893 -0.35891226 -0.0883098 -0.03850822 -0.001375487 0.9973282 -0.062062073
29971374.439590443 -0.055827368 -0.37001798 -0.08902543 -0.03654554 -0.0010123518 0.99748236 -0.060765617
29996015.689590443 -0.05201538 -0.38394445 -0.08389091 -0.038802877 -0.00056137313 0.997225 -0.06353267
30020678.439590443 -0.05545524 -0.39586252 -0.07845208 -0.03878454 -0.0007106387 0.99710804 -0.06535185
30045363.689590443 -0.055991683 -0.40608335 -0.07118399 -0.040021177 -7.149371e-05 0.9968985 -0.067763515
30070074.689590443 -0.056976292 -0.41484618 -0.060466528 -0.04125116 -0.00047231867 0.9966709 -0.07032321
30094814.689590443 -0.057087008 -0.42798266 -0.055471014 -0.041292403 -0.00043988804 0.9964322 -0.07360563
30119583.689590443 -0.05553679 -0.4429754 -0.048480097 -0.043720286 -0.0005352444 0.9960435 -0.07736733
30144382.689590443 -0.052272502 -0.4522609 -0.041642383 -0.045961957 0.0013174083 0.99579525 -0.07923111
30169209.689590443 -0.054151874 -0.4674295 -0.03268828 -0.04783768 0.0009903582 0.9954393 -0.08253099
30194066.439590443 -0.052563284 -0.47811407 -0.022387493 -0.05194481 -0.0022139614 0.9949954 -0.085328646
30218951.689590443 -0.051218025 -0.49194148 -0.012921407 -0.054275177 -0.0024954735 0.99448526 -0.08970585
30243851.689590443 -0.052379936 -0.50553393 -0.0025149584 -0.05669311 -0.0020534701 0.9939329 -0.09422907
30268779.439590443 -0.051829245 -0.5168632 0.011959476 -0.05929163 -0.0028672386 0.9932482 -0.09967089
30293751.689590443 -0.050767254 -0.532842 0.02143973 -0.06223039 -0.0023070488 0.9925701 -0.104531005
30318750.689590443 -0.050218508 -0.5455518 0.03808303 -0.06459152 -0.002714235 0.9918434 -0.10985152
30343776.689590443 -0.05032467 -0.55825824 0.054086097 -0.066739015 -0.0023047419 0.99113256 -0.11487761
30368827.689590443 -0.04744354 -0.5693532 0.07207158 -0.07009261 -0.001604921 0.99037564 -0.119334035
30393903.439590443 -0.04653147 -0.5813342 0.0868858 -0.07235768 -0.0050495686 0.98973924 -0.123106234
30419004.689590443 -0.044890564 -0.59862643 0.10291608 -0.07552533 -0.008306844 0.989058 -0.1264563
30444133.439590443 -0.042282015 -0.6133644 0.12301329 -0.07810779 -0.013502571 0.9884971 -0.12880367
30469288.689590443 -0.04081919 -0.6298855 0.14235407 -0.08095006 -0.018556884 0.9878515 -0.13134792
30494473.689590443 -0.040942695 -0.6419498 0.16614752 -0.083928555 -0.022484886 0.98731226 -0.13290974
30519688.689590443 -0.041095342 -0.6569334 0.18827066 -0.08695645 -0.026165964 0.9867948 -0.13412662
30544934.439590443 -0.04182732 -0.6711985 0.21557239 -0.08933336 -0.028353928 0.9863013 -0.13574028
30570213.689590443 -0.041507617 -0.68606406 0.24057114 -0.09206121 -0.028214503 0.9856042 -0.13897133
30595525.439590443 -0.043081474 -0.7021321 0.2657731 -0.094391465 -0.02779537 0.9849257 -0.14226435
30620871.689590443 -0.043686792 -0.71612096 0.29435834 -0.09697717 -0.027892854 0.9842147 -0.14539185
30646254.689590443 -0.04259937 -0.73397493 0.31996277 -0.09968449 -0.028213365 0.9835063 -0.14826462
30671675.689590443 -0.047218055 -0.7412638 0.35213172 -0.10221388 -0.02949092 0.98301965 -0.14951636
30697134.439590443 -0.049596526 -0.7575983 0.38096818 -0.10482037 -0.030650025 0.9824213 -0.15139975
30722630.439590443 -0.052643158 -0.76899076 0.4138271 -0.10708125 -0.030738063 0.9820563 -0.15216483
30748168.689590443 -0.0545674 -0.7872986 0.44671017 -0.10962685 -0.03071632 0.9816463 -0.15300019
30773749.689590443 -0.058609866 -0.7966592 0.48532927 -0.11200814 -0.030370843 0.9817028 -0.15096812
30799376.439590443 -0.058465265 -0.81286323 0.52219963 -0.11553535 -0.028774211 0.9815448 -0.14964445
30825051.689590443 -0.064407915 -0.8248614 0.5604573 -0.11768045 -0.02838746 0.9814392 -0.148737
30850779.439590443 -0.061638296 -0.83786803 0.6005678 -0.12071349 -0.027033074 0.98137444 -0.14697549
30876560.689590443 -0.07453694 -0.851576 0.6456601 -0.12226609 -0.02643423 0.9811577 -0.14724761
30902396.689590443 -0.078001946 -0.87033385 0.68401885 -0.12484367 -0.023813235 0.980919 -0.14712244
30928290.689590443 -0.08199485 -0.88047534 0.7251072 -0.12721078 -0.022168793 0.9806666 -0.14703429
30954244.689590443 -0.0847681 -0.8887969 0.7845443 -0.12949176 -0.017318347 0.98055756 -0.14641999
30980263.689590443 -0.09243182 -0.8918787 0.8354577 -0.13166218 -0.015911955 0.98046315 -0.145272
31006348.689590443 -0.09948684 -0.90111744 0.8809339 -0.13429737 -0.014120909 0.98026866 -0.1443543
31032506.689590443 -0.10380889 -0.9145478 0.92861104 -0.13735883 -0.0133394 0.97987294 -0.14423488
31058740.689590443 -0.1107527 -0.9322427 0.9778886 -0.14003839 -0.013401866 0.9795485 -0.14385584
31085053.689590443 -0.119705774 -0.9361685 1.0297723 -0.14207667 -0.013943461 0.97956914 -0.14164811
31111448.439590443 -0.13083227 -0.9522993 1.0853685 -0.1440391 -0.01491352 0.9792702 -0.14163396
31137924.689590443 -0.13326906 -0.955417 1.1427824 -0.14800203 -0.015109061 0.9788522 -0.14041191
31164443.439590443 -0.13622785 -0.9808696 1.1924763 -0.15192498 -0.013773814 0.9783409 -0.13992219
31191047.689590443 -0.14092359 -0.9805386 1.2541059 -0.1559201 -0.01389909 0.977994 -0.1379257
31217785.689590443 -0.15213872 -0.9951773 1.302543 -0.16030703 -0.015878817 0.97729284 -0.13765272
31244613.689590443 -0.16699174 -1.0018445 1.365179 -0.16471596 -0.019340599 0.97670704 -0.13615452
31271526.689590443 -0.17373082 -1.0103291 1.4252228 -0.1705124 -0.023053443 0.9758666 -0.13445605
31298520.689590443 -0.18425155 -1.014654 1.4930472 -0.17608167 -0.02686405 0.97500104 -0.13284075
31325592.439590443 -0.194187 -1.0290809 1.5430378 -0.18155701 -0.030670317 0.97404826 -0.13163017
31352739.689590443 -0.1992636 -1.0323224 1.6120623 -0.18799873 -0.035282522 0.97292054 -0.12975907
31379959.689590443 -0.20442425 -1.0395551 1.6785395 -0.19473794 -0.04002685 0.97166216 -0.12785797
31407246.689590443 -0.21688974 -1.0464879 1.7415106 -0.20052819 -0.045280457 0.9704832 -0.12609705
31434596.689590443 -0.23528838 -1.0624923 1.8117611 -0.20630331 -0.04969952 0.96919626 -0.12501018
31462004.689590443 -0.24721469 -1.0593724 1.8887753 -0.212873 -0.05406055 0.96778387 -0.12311391
31489465.689590443 -0.25931644 -1.0790799 1.9470265 -0.21990994 -0.0595085 0.9660819 -0.121590026
31516974.689590443 -0.27708966 -1.0717031 2.020889 -0.22742742 -0.064047694 0.96435213 -0.119162716
31544525.689590443 -0.28983828 -1.0782393 2.0838895 -0.23438506 -0.069542766 0.9624574 -0.117912054
31572114.689590443 -0.29518944 -1.08812 2.1514137 -0.2426062 -0.07572172 0.9601491 -0.116284624
31599736.689590443 -0.32311076 -1.082448 2.233144 -0.25005087 -0.0811263 0.95808375 -0.11388004
31627385.689590443 -0.35323954 -1.0785526 2.3027258 -0.25735655 -0.0863589 0.95595556 -0.11161923
31655054.689590443 -0.36570042 -1.1000729 2.3558378 -0.2657541 -0.0919767 0.9531983 -0.11103226
31682741.689590443 -0.3807103 -1.1008273 2.430694 -0.2747444 -0.097730756 0.9503438 -0.10867806
31710443.439590443 -0.40626168 -1.0960945 2.5067797 -0.28447995 -0.10319259 0.94713455 -0.106576525
31738151.689590443 -0.42696372 -1.1218244 2.5666943 -0.2940135 -0.10810205 0.9437 -0.10630309
31765863.689590443 -0.44902742 -1.1263311 2.6609263 -0.3048304 -0.114250444 0.9397353 -0.10451283
31793573.689590443 -0.48887026 -1.1176242 2.7337444 -0.3153083 -0.118843436 0.9359827 -0.10194745
31821274.439590443 -0.5095273 -1.1377956 2.7916763 -0.32540268 -0.12426366 0.9318578 -0.101551086
31848963.439590443 -0.53424835 -1.1418396 2.8797283 -0.33747718 -0.12849475 0.92715335 -0.09992514
31876638.689590443 -0.5642674 -1.1516278 2.9491549 -0.3486239 -0.13247795 0.9225128 -0.099403486
31904296.689590443 -0.6001586 -1.1443379 3.0304687 -0.35950923 -0.136492 0.9179245 -0.09766125
31931933.689590443 -0.6297105 -1.1472945 3.100314 -0.37023526 -0.13968587 0.91329527 -0.096465334
31959548.689590443 -0.6678537 -1.1577 3.1613963 -0.3808427 -0.14258908 0.9085302 -0.09591794
31987137.689590443 -0.7060639 -1.157758 3.234989 -0.39165568 -0.1445518 0.9036737 -0.09531258
32014699.689590443 -0.75526845 -1.1457121 3.3074393 -0.40199322 -0.14558725 0.8990802 -0.094130546
32042230.689590443 -0.7922633 -1.1483805 3.392211 -0.4130474 -0.14679934 0.8938549 -0.09415504
32069727.689590443 -0.83128536 -1.1515632 3.4650779 -0.42407918 -0.147363 0.88852316 -0.09469784
32097190.689590443 -0.87435424 -1.1542308 3.5349035 -0.43455392 -0.14589652 0.8835521 -0.09598389
32124636.689590443 -0.9322021 -1.1451995 3.606543 -0.44424677 -0.14439829 0.87887543 -0.09680928
32152044.439590443 -0.9825991 -1.1423925 3.6809354 -0.45510054 -0.14215684 0.87354904 -0.09791369
32179391.689590443 -1.0298338 -1.1365294 3.7544427 -0.4659513 -0.14066976 0.8680224 -0.09817675
32206691.439590443 -1.07092 -1.1400068 3.8199792 -0.47684604 -0.14185533 0.86187744 -0.098297015
32233947.439590443 -1.1253328 -1.139941 3.897119 -0.4869978 -0.1460391 0.8556799 -0.096527986
32261159.689590443 -1.1785133 -1.138348 3.9682565 -0.49793342 -0.15218708 0.84868777 -0.092900775
32288327.689590443 -1.2362614 -1.1258063 4.0367785 -0.50999284 -0.15845878 0.8408335 -0.08830236
32315448.439590443 -1.2847726 -1.1292062 4.1086884 -0.52230537 -0.16713408 0.83204406 -0.08346319
32342526.689590443 -1.3357742 -1.1363652 4.172903 -0.53526825 -0.17589794 0.8223645 -0.07914858
32369562.689590443 -1.3940349 -1.1359739 4.2530427 -0.5494993 -0.18441592 0.811556 -0.07360905
32396557.689590443 -1.4571395 -1.127675 4.320602 -0.5630682 -0.19292603 0.8007427 -0.06741596
32423512.689590443 -1.5170788 -1.1273985 4.388058 -0.576492 -0.20160604 0.7894518 -0.061464805
32450428.439590443 -1.5837696 -1.1308901 4.4497156 -0.5890647 -0.21066482 0.77818924 -0.05517873
32477307.689590443 -1.6489594 -1.1261971 4.5075254 -0.6014169 -0.21933538 0.7666667 -0.049111158
32504155.689590443 -1.7108412 -1.125071 4.5710864 -0.61354923 -0.22661225 0.7551545 -0.044113196
32530974.689590443 -1.7797806 -1.1228956 4.6269693 -0.6256655 -0.23320255 0.74334943 -0.03988699
32557765.689590443 -1.8498931 -1.1191313 4.684723 -0.63734263 -0.239089 0.73171306 -0.035027288
32584531.689590443 -1.9181545 -1.1142902 4.7441683 -0.64892584 -0.24355331 0.72018987 -0.030061739
32611273.439590443 -1.9889371 -1.1079125 4.7919145 -0.6603552 -0.24750073 0.70856446 -0.02471501
32637997.689590443 -2.0633674 -1.112939 4.8501005 -0.6719928 -0.25090745 0.6964897 -0.019322343
32664704.689590443 -2.1423252 -1.1068761 4.8979473 -0.68299 -0.25392985 0.6847457 -0.012944827
32691396.689590443 -2.2138402 -1.1065698 4.9488497 -0.69397503 -0.25698972 0.67254686 -0.0059796176
32718076.689590443 -2.2914095 -1.0972823 4.999445 -0.7049102 -0.2592545 0.6602167 0.001606182
32744744.689590443 -2.3759387 -1.0944026 5.035837 -0.71542704 -0.26088676 0.64808977 0.009056349
32771399.439590443 -2.4520617 -1.0961353 5.074921 -0.7260032 -0.26357967 0.6349357 0.017370958
32798039.689590443 -2.537624 -1.0875154 5.111787 -0.73660284 -0.26517367 0.6216038 0.02660771
32824665.689590443 -2.6143675 -1.0837843 5.1540403 -0.74723727 -0.26748994 0.6072989 0.03568928
32851271.689590443 -2.695241 -1.0843434 5.1921 -0.7580902 -0.26923698 0.5923106 0.044483572
32877856.439590443 -2.7785277 -1.0770859 5.2244563 -0.7686159 -0.2706042 0.5770862 0.054539196
32904420.689590443 -2.859448 -1.0710592 5.25484 -0.7796836 -0.2708189 0.56087756 0.06455199
32930961.689590443 -2.946825 -1.0675085 5.277056 -0.7901874 -0.27069324 0.5447946 0.07435024
32957476.689590443 -3.033278 -1.0600216 5.30147 -0.8009371 -0.26957956 0.5279492 0.08424011
32983971.689590443 -3.115447 -1.0603528 5.320709 -0.8123228 -0.26728776 0.5099563 0.09291769
33010444.689590443 -3.2028732 -1.0498502 5.338931 -0.8241213 -0.26378745 0.49059317 0.10275514
33036899.689590443 -3.2893243 -1.0422989 5.345354 -0.8355955 -0.25929996 0.4710999 0.112288214
33063342.689590443 -3.3697076 -1.042414 5.351694 -0.8465656 -0.25504312 0.4509855 0.12203223
33089778.689590443 -3.4553094 -1.0392436 5.3608675 -0.85781527 -0.24911642 0.43036416 0.12992607
33116213.689590443 -3.5363555 -1.0344481 5.3596644 -0.8677537 -0.2445929 0.4096192 0.13924815
33142650.689590443 -3.6172276 -1.0319836 5.3607225 -0.87732416 -0.23991612 0.3885427 0.14757095
33169094.689590443 -3.6988912 -1.0254916 5.3605347 -0.88629186 -0.23565432 0.366724 0.15642071
33195542.689590443 -3.777533 -1.0193098 5.352472 -0.8941307 -0.23142071 0.34569827 0.16573347
33222004.689590443 -3.8576646 -1.0113959 5.3404436 -0.90156525 -0.2264085 0.32499966 0.17405324
33248492.689590443 -3.9332247 -1.004394 5.3324537 -0.90798193 -0.22190876 0.30387798 0.18434636
33275001.439590443 -4.010038 -0.9995549 5.320604 -0.9135432 -0.21780609 0.283389 0.19413899
33301537.439590443 -4.0840516 -0.9917135 5.3030524 -0.91810614 -0.21467195 0.263756 0.20354337
33328101.689590443 -4.160495 -0.98323417 5.280806 -0.9222903 -0.21155709 0.24445425 0.21181683
33354700.689590443 -4.232601 -0.9723685 5.2557726 -0.9256594 -0.20990118 0.22616108 0.21896864
33381334.689590443 -4.299914 -0.96999335 5.240129 -0.9291729 -0.20909855 0.20860898 0.22225632
33408003.689590443 -4.3628564 -0.9603846 5.2185674 -0.93247795 -0.20866899 0.19221927 0.22359316
33434708.689590443 -4.4271636 -0.9500451 5.1910753 -0.93605167 -0.2089901 0.1769471 0.2209531
33461450.689590443 -4.485388 -0.93640304 5.160616 -0.9398776 -0.2080454 0.16258554 0.21659435
33488228.689590443 -4.5461955 -0.9227054 5.12541 -0.94372743 -0.20586538 0.1482271 0.21219528
33515038.439590443 -4.601366 -0.915148 5.093959 -0.94722086 -0.20204179 0.13433777 0.20953554
33541882.439590443 -4.654105 -0.90460277 5.057692 -0.950666 -0.19669096 0.12069835 0.2073134
33568758.43959044 -4.7076216 -0.8909979 5.016919 -0.9542129 -0.18979518 0.10784894 0.20450975
33595667.68959044 -4.75755 -0.88519907 4.9787145 -0.95724577 -0.18404828 0.09511766 0.20188962
33622610.68959044 -4.8044267 -0.8742094 4.935368 -0.96050304 -0.17861535 0.08413337 0.1960919
33649587.68959044 -4.850571 -0.85379624 4.8873696 -0.9633453 -0.17431876 0.074432574 0.18983842
33676598.68959044 -4.894808 -0.8461478 4.844698 -0.9663544 -0.17060262 0.06451661 0.18136038
33703646.68959044 -4.935427 -0.8344822 4.798297 -0.96955734 -0.16628455 0.055112712 0.17108676
33730729.68959044 -4.9740715 -0.82885003 4.757143 -0.9721671 -0.16211239 0.045751397 0.16284242
33757845.68959044 -5.0092964 -0.8085923 4.7000484 -0.9744637 -0.15712698 0.036792163 0.15613468
33784992.68959044 -5.048579 -0.7996366 4.6492157 -0.97614974 -0.15277213 0.026931131 0.15187873
33812169.68959044 -5.0769596 -0.7885604 4.5950723 -0.97738206 -0.1478996 0.017390717 0.1501589
33839376.68959044 -5.105059 -0.78116345 4.543994 -0.9779084 -0.14478377 0.007884135 0.15056829
33866612.68959044 -5.138625 -0.77153254 4.4898496 -0.9780716 -0.1440918 -0.0017402113 0.15036811
33893879.68959044 -5.166661 -0.7571597 4.431507 -0.9780537 -0.14465794 -0.010351214 0.1495925
33921169.43959044 -5.192069 -0.7490022 4.37359 -0.97775924 -0.14630356 -0.017799033 0.14921588
33948480.68959044 -5.213221 -0.73676205 4.3100014 -0.97723967 -0.14902803 -0.024521312 0.14896978
33975811.68959044 -5.243161 -0.7302184 4.2485447 -0.9771195 -0.14946924 -0.032249942 0.1478391
34003158.68959044 -5.258656 -0.72155976 4.190437 -0.9769357 -0.15030783 -0.038320445 0.14675093
34030516.68959044 -5.277662 -0.71343994 4.126264 -0.97686416 -0.15033661 -0.045355506 0.14518364
34057879.68959044 -5.29772 -0.7108104 4.0658407 -0.97681826 -0.1504512 -0.05275815 0.14285356
34085244.68959044 -5.3184533 -0.69877696 3.9994135 -0.97694445 -0.14991139 -0.059264522 0.13997798
34112602.68959044 -5.333325 -0.69079375 3.930438 -0.97715336 -0.14880536 -0.066127576 0.13658506
34139951.68959044 -5.340908 -0.6830605 3.8657656 -0.97731787 -0.14827359 -0.07181898 0.1330668
34167286.68959044 -5.3518224 -0.6841483 3.8037715 -0.9775661 -0.14780398 -0.07738053 0.12857206
34194608.68959044 -5.359625 -0.6754503 3.7321444 -0.9778392 -0.14797649 -0.082012184 0.12331918
34221916.68959044 -5.3671727 -0.6755296 3.6598039 -0.9785234 -0.14888152 -0.08421203 0.115042426
34249214.68959044 -5.3758817 -0.6791192 3.5931892 -0.97911453 -0.14972065 -0.08657167 0.10688292
34276505.68959044 -5.380041 -0.6707263 3.514041 -0.9798284 -0.14893524 -0.08973388 0.09850125
34303787.68959044 -5.3842554 -0.6732565 3.4466147 -0.9805423 -0.14825393 -0.091287285 0.09068799
34331064.68959044 -5.3849936 -0.659441 3.3613749 -0.9812763 -0.14675625 -0.09282769 0.083322376
34358337.68959044 -5.390072 -0.66233385 3.2871776 -0.98158824 -0.14714287 -0.09429559 0.07708375
34385608.68959044 -5.3873153 -0.65846634 3.205655 -0.9820782 -0.14698231 -0.09396742 0.071335316
34412880.68959044 -5.388157 -0.6588727 3.131012 -0.9823288 -0.14736179 -0.0939402 0.06700765
34440159.68959044 -5.389861 -0.6590104 3.0517888 -0.98260224 -0.14758298 -0.093447976 0.063083924
34467448.68959044 -5.3885164 -0.6602942 2.9780369 -0.98281217 -0.14750423 -0.09289167 0.0607784
34494744.68959044 -5.3875937 -0.6722809 2.911209 -0.983061 -0.14700028 -0.091681436 0.059803486
34522053.68959044 -5.391403 -0.67576253 2.8279824 -0.9831367 -0.14679514 -0.09286115 0.05718625
34549382.68959044 -5.383721 -0.68804896 2.75212 -0.98349893 -0.14596765 -0.09095625 0.056128696
34576733.68959044 -5.381066 -0.6840102 2.6696663 -0.98407406 -0.14341977 -0.09073321 0.05288276
34604107.68959044 -5.3756638 -0.6914657 2.584869 -0.98497075 -0.13931778 -0.08924224 0.049588736
34631510.43959044 -5.378288 -0.69883054 2.5069046 -0.98575234 -0.13652182 -0.08836321 0.042966098
34658943.68959044 -5.3780212 -0.7097927 2.4267144 -0.98633736 -0.13466763 -0.087629594 0.036392342
34686407.68959044 -5.3745995 -0.720384 2.3511958 -0.9866554 -0.13451089 -0.08624668 0.031295434
34713902.68959044 -5.3693256 -0.7248241 2.2735624 -0.9870047 -0.1331725 -0.08554567 0.027727732
34741430.43959044 -5.3654385 -0.72128546 2.170811 -0.98722595 -0.13216327 -0.085629076 0.024197046
34768989.68959044 -5.357693 -0.7344692 2.0939598 -0.98734915 -0.13295056 -0.083909884 0.020615688
34796586.43959044 -5.3597865 -0.7409146 2.0061324 -0.98736995 -0.13315637 -0.08397421 0.017843142
34824202.43959044 -5.3513885 -0.7472276 1.9206026 -0.9875693 -0.13276093 -0.08290223 0.014449562
34851861.68959044 -5.34326 -0.7643178 1.8376002 -0.98769855 -0.13285641 -0.081672825 0.0114181945
34879587.68959044 -5.339226 -0.7677734 1.7471118 -0.98777616 -0.13287628 -0.08114779 0.007573315
34907368.68959044 -5.338454 -0.7763909 1.6574688 -0.9879543 -0.1318296 -0.08087043 0.005224563
34935205.68959044 -5.3257933 -0.7846291 1.5621479 -0.98838955 -0.12951495 -0.079344 0.004071713
34963104.43959044 -5.326848 -0.7983342 1.4839187 -0.98867834 -0.12721974 -0.07951739 0.0027126903
34991069.68959044 -5.317989 -0.8052304 1.3903086 -0.9889728 -0.1252857 -0.078960486 0.001317115
35019105.68959044 -5.316687 -0.79811376 1.2894673 -0.9893763 -0.1231632 -0.07718819 0.002730985
35047214.43959044 -5.315744 -0.8090068 1.1955361 -0.9894134 -0.1231805 -0.076670565 0.0030820863
35075397.43959044 -5.306095 -0.81890106 1.0976064 -0.9896813 -0.12292502 -0.073478974 0.0046078805
35103656.43959044 -5.299466 -0.8287942 0.9930637 -0.98981285 -0.123094074 -0.071403965 0.0044576875
35131992.68959044 -5.2917323 -0.83818245 0.9031992 -0.9901566 -0.122847565 -0.06676431 0.0063957996
35160408.43959044 -5.289644 -0.84584224 0.8036859 -0.99043 -0.12245991 -0.06330943 0.0066374294
35188909.43959044 -5.286887 -0.85048205 0.6994395 -0.9906254 -0.12285178 -0.059387207 0.0064804167
35217495.68959044 -5.278447 -0.85550606 0.5996994 -0.9910044 -0.12198642 -0.05445812 0.007998383
35246171.68959044 -5.282489 -0.8534732 0.49310923 -0.9913282 -0.12144324 -0.049579278 0.007871786
35274942.68959044 -5.277756 -0.863268 0.39290977 -0.99164414 -0.12131516 -0.042746603 0.00986416
35303813.68959044 -5.27642 -0.87255883 0.28972554 -0.99190944 -0.121003166 -0.036340486 0.01238473
35332786.68959044 -5.286557 -0.8521701 0.16759461 -0.9923953 -0.1182042 -0.030671109 0.01544814
35361866.68959044 -5.2853985 -0.86803246 0.07513362 -0.9924364 -0.11882867 -0.024105491 0.019201024
35391057.43959044 -5.286655 -0.86657786 -0.032867014 -0.9925818 -0.1181359 -0.017140616 0.023057176
35420360.68959044 -5.2723727 -0.857949 -0.13463476 -0.99278444 -0.11663127 -0.009195435 0.026302904
35449775.68959044 -5.2751217 -0.8693916 -0.23402236 -0.99277264 -0.11711605 -0.003076033 0.026018687
35479301.68959044 -5.2720556 -0.8641142 -0.3401687 -0.99286443 -0.11661416 0.0031651068 0.02472663
35508936.68959044 -5.2699013 -0.86444795 -0.4479487 -0.9929143 -0.11578179 0.009582081 0.024981279
35538680.68959044 -5.264381 -0.8624611 -0.5570135 -0.9929 -0.11586124 0.015017455 0.022368258
35568527.68959044 -5.263075 -0.8670522 -0.66126525 -0.99283755 -0.115779035 0.021013182 0.020670589
35598472.68959044 -5.2534385 -0.8431869 -0.7927065 -0.993277 -0.11097605 0.026419627 0.019677574
35628508.68959044 -5.246226 -0.84115034 -0.89676845 -0.9935812 -0.1067169 0.032938402 0.01797584
35658628.68959044 -5.242252 -0.8311852 -1.0187515 -0.9941443 -0.10021126 0.037257265 0.01571107
35688825.68959044 -5.245663 -0.82870364 -1.1376368 -0.99451804 -0.094883524 0.04165662 0.013991948
35719092.68959044 -5.238805 -0.81524724 -1.257323 -0.99485487 -0.08852356 0.047531005 0.012970749
35749419.68959044 -5.234896 -0.8165083 -1.3742507 -0.9949206 -0.08423932 0.05395189 0.0112222405
35779802.68959044 -5.2371774 -0.81288654 -1.4860647 -0.99489194 -0.080366395 0.060279056 0.009886836
35810239.68959044 -5.231928 -0.8036945 -1.6011271 -0.9947788 -0.07579954 0.06771203 0.009209315
35840732.68959044 -5.235481 -0.8057904 -1.7119143 -0.99442756 -0.07243553 0.07613297 0.008409623
35871281.68959044 -5.2396617 -0.7996023 -1.8252001 -0.9939387 -0.06888521 0.08534064 0.007609499
35901886.68959044 -5.240801 -0.8007176 -1.936348 -0.9930647 -0.06701263 0.09645659 0.0052950154
35932539.68959044 -5.235308 -0.7889404 -2.0568938 -0.99191415 -0.06441671 0.10932037 0.0024198266
35963233.68959044 -5.239459 -0.7807137 -2.1722593 -0.9903694 -0.0631767 0.123172194 -0.0024084677
35993961.68959044 -5.240266 -0.7653591 -2.2872863 -0.98840404 -0.061717566 0.13851145 -0.007939852
36024720.68959044 -5.239332 -0.7549569 -2.4009023 -0.9857496 -0.06088671 0.15613632 -0.014562058
36055499.68959044 -5.243392 -0.7565487 -2.5086389 -0.9824747 -0.06182535 0.17442158 -0.022322128
36086289.68959044 -5.246556 -0.75101966 -2.621952 -0.97872615 -0.06204136 0.19302095 -0.031447038
36117083.68959044 -5.247386 -0.7337903 -2.7326574 -0.97453034 -0.061605636 0.21194446 -0.039685544
36147874.68959044 -5.247456 -0.7240143 -2.8467488 -0.9697752 -0.06182855 0.23101957 -0.048407946
36178654.68959044 -5.255971 -0.7097806 -2.9630256 -0.9647653 -0.061467428 0.24970315 -0.05566094
36209420.68959044 -5.2601404 -0.7073013 -3.0718336 -0.9590702 -0.06161167 0.26900488 -0.06344134
36240169.43959044 -5.279343 -0.6930798 -3.173853 -0.95361793 -0.06026621 0.2864042 -0.070382
36270907.68959044 -5.2805185 -0.6812417 -3.293847 -0.94780624 -0.05981941 0.3036178 -0.07681938
36301637.68959044 -5.2949243 -0.6864208 -3.4040394 -0.9420435 -0.060595505 0.31968433 -0.08175776
36332352.68959044 -5.313904 -0.68490547 -3.5055866 -0.9365058 -0.061439678 0.3346597 -0.08476404
36363051.68959044 -5.3294225 -0.66853654 -3.6108036 -0.93073463 -0.062043987 0.3500789 -0.08560618
36393734.68959044 -5.340122 -0.67510515 -3.7197113 -0.92510927 -0.062912755 0.36451733 -0.0856851
36424400.68959044 -5.363125 -0.6656832 -3.8278189 -0.9198635 -0.06335402 0.37779868 -0.08429417
36455047.68959044 -5.385651 -0.65822965 -3.9216628 -0.9145705 -0.06415596 0.39042115 -0.08376251
36485668.68959044 -5.4106708 -0.6467776 -4.020864 -0.9093238 -0.06530993 0.40233585 -0.083610944
36516263.68959044 -5.4261236 -0.6405714 -4.1229634 -0.90352637 -0.06629927 0.4148137 -0.08470033
36546840.68959044 -5.4449687 -0.6469524 -4.2239976 -0.8972407 -0.06818169 0.4275223 -0.08680511
36577397.68959044 -5.4623957 -0.64737517 -4.3236837 -0.8910358 -0.06916774 0.43989125 -0.08812942
36607934.68959044 -5.4916387 -0.64771414 -4.4128575 -0.88457733 -0.06984296 0.45226908 -0.08998693
36638453.68959044 -5.525237 -0.6429222 -4.5058556 -0.87785465 -0.06942702 0.46472552 -0.09263561
36668953.68959044 -5.555351 -0.6454853 -4.5896573 -0.8706554 -0.069910824 0.47726986 -0.09636
36699433.68959044 -5.5892544 -0.6474509 -4.6814537 -0.86279476 -0.070426345 0.49078885 -0.09875056
36729893.68959044 -5.6199713 -0.64561296 -4.770233 -0.85449135 -0.07024755 0.5045546 -0.1016586
36760325.68959044 -5.655501 -0.6412972 -4.8603954 -0.8456188 -0.070225336 0.51886594 -0.10380522
36790729.43959044 -5.690133 -0.6407274 -4.9418845 -0.8364486 -0.07078487 0.5329391 -0.10639146
36821098.68959044 -5.7226925 -0.6482228 -5.032866 -0.82638514 -0.07094575 0.5476018 -0.11039307
36851425.68959044 -5.7670746 -0.64426607 -5.1097 -0.81681913 -0.070196845 0.56121516 -0.11365094
36881705.43959044 -5.803152 -0.64521104 -5.191677 -0.80683404 -0.069862634 0.574702 -0.11771029
36911933.68959044 -5.838725 -0.64784133 -5.271702 -0.7969126 -0.07023121 0.58780456 -0.12034857
36942103.68959044 -5.8829045 -0.6540195 -5.3551574 -0.7867262 -0.069133736 0.60073406 -0.124101244
36972209.68959044 -5.9223194 -0.6555589 -5.429231 -0.77701485 -0.06893956 0.61266786 -0.12701754
37002247.68959044 -5.9678254 -0.6599349 -5.5089245 -0.76643366 -0.06849817 0.62524617 -0.13021024
37032212.43959044 -6.0114555 -0.6630881 -5.5879736 -0.75635433 -0.06786995 0.6368283 -0.1333104
37062100.68959044 -6.055416 -0.66409165 -5.6615915 -0.74600446 -0.065968014 0.6483515 -0.1369893
37091907.43959044 -6.1047926 -0.6633209 -5.7260895 -0.7364628 -0.06362759 0.6585515 -0.14101063
37121630.68959044 -6.1548157 -0.6690346 -5.797242 -0.7266598 -0.0616866 0.668572 -0.1455054
37151266.68959044 -6.2049947 -0.68184614 -5.875061 -0.7157693 -0.060604867 0.6794672 -0.14941785
37180816.68959044 -6.259662 -0.6839672 -5.932363 -0.7062685 -0.057825286 0.68866414 -0.1535669
37210276.68959044 -6.3122087 -0.68654704 -5.9971356 -0.69626725 -0.05740647 0.69825596 -0.15606102
37239649.43959044 -6.364758 -0.7012719 -6.066371 -0.68579215 -0.055238623 0.7076909 -0.16065958
37268979.68959044 -6.4190845 -0.7116389 -6.116313 -0.6762198 -0.0534167 0.7160312 -0.16484158
37298226.68959044 -6.474092 -0.70717496 -6.180456 -0.6659991 -0.052019283 0.72525823 -0.16655265
37327344.68959044 -6.5275097 -0.7161647 -6.2502413 -0.6552196 -0.05079436 0.7343879 -0.16965158
37356378.68959044 -6.588714 -0.7244587 -6.3003263 -0.64554 -0.04914542 0.74253976 -0.1717488
37385334.43959044 -6.6477237 -0.7302413 -6.355694 -0.6351162 -0.04889192 0.75117034 -0.17314777
37414212.68959044 -6.713999 -0.74793124 -6.390415 -0.6254909 -0.048453305 0.75893486 -0.17444588
37443010.68959044 -6.7761626 -0.7679084 -6.442252 -0.61491394 -0.04866971 0.76720977 -0.17578751
37471727.68959044 -6.8398004 -0.765088 -6.4822683 -0.6052199 -0.04821843 0.7750516 -0.17515408
37500357.68959044 -6.9067874 -0.77707314 -6.531204 -0.5945816 -0.047776468 0.7831086 -0.17587224
37528896.68959044 -6.9686666 -0.7877 -6.5767756 -0.58403015 -0.04709591 0.7907082 -0.17740175
37557341.68959044 -7.0377355 -0.7964028 -6.6188335 -0.5730803 -0.046129666 0.79831403 -0.17929232
37585688.68959044 -7.1018453 -0.80832726 -6.664893 -0.56140375 -0.044634923 0.80606157 -0.18192948
37613934.43959044 -7.171614 -0.83018935 -6.7008057 -0.5502911 -0.042525675 0.8129539 -0.18568057
37642075.68959044 -7.2385187 -0.84525895 -6.733083 -0.5391586 -0.04024467 0.820062 -0.1875811
37670114.43959044 -7.309712 -0.8460721 -6.7648835 -0.527745 -0.03603987 0.82739663 -0.18868285
37698050.43959044 -7.3773603 -0.8655858 -6.7969913 -0.5159475 -0.03406582 0.8346624 -0.18967463
37725882.43959044 -7.445666 -0.87096006 -6.8206167 -0.50489336 -0.02993205 0.8412651 -0.19094494
37753610.68959044 -7.5082192 -0.88845646 -6.8380375 -0.49336094 -0.026933506 0.8476213 -0.19341104
37781231.68959044 -7.583347 -0.8970393 -6.8671618 -0.48087487 -0.02392379 0.854437 -0.19525513
37808742.43959044 -7.6513214 -0.9092983 -6.887465 -0.4682583 -0.020487677 0.8606638 -0.19892791
37836148.43959044 -7.7242465 -0.92682886 -6.9057035 -0.45566133 -0.016503314 0.86638534 -0.20365901
37863455.43959044 -7.7940316 -0.93196857 -6.9186726 -0.44347996 -0.012275052 0.871714 -0.20806175
37890665.43959044 -7.865406 -0.9465441 -6.9350805 -0.43055174 -0.008521546 0.8773288 -0.21177067
37917786.68959044 -7.936592 -0.9602928 -6.94379 -0.4187566 -0.004839974 0.8820813 -0.2157595
37944822.68959044 -8.007886 -0.9709012 -6.9517717 -0.40600973 -0.00077165663 0.8872995 -0.21875831
37971780.68959044 -8.0907955 -0.96133924 -6.958967 -0.3928825 0.0037050657 0.89288676 -0.21996126
37998666.43959044 -8.161694 -0.9775956 -6.9661064 -0.38029683 0.0066571375 0.89770216 -0.22239807
38025485.43959044 -8.240595 -0.9805761 -6.9680247 -0.36772338 0.0099170655 0.90262973 -0.22347459
38052240.68959044 -8.314606 -0.9892265 -6.968139 -0.35505214 0.012328237 0.9074696 -0.22424336
38078934.68959044 -8.376523 -1.0032357 -6.9644957 -0.34228194 0.0153886555 0.91218215 -0.22478884
38105572.68959044 -8.452452 -1.0072608 -6.9575014 -0.3292265 0.018175013 0.91705483 -0.22425452
38132156.68959044 -8.524675 -1.016329 -6.9493346 -0.31580588 0.021482384 0.92184705 -0.22361381
38158686.68959044 -8.591269 -1.0141466 -6.9393506 -0.3025532 0.024574012 0.9266023 -0.22195938
38185161.68959044 -8.659968 -1.0358272 -6.926367 -0.28939828 0.027310312 0.9305145 -0.22281298
38211581.68959044 -8.729271 -1.0413814 -6.910192 -0.27614388 0.030239338 0.9345688 -0.22228672
38237949.68959044 -8.797608 -1.0467329 -6.896761 -0.2626031 0.032632977 0.938331 -0.22250766
38264263.68959044 -8.868147 -1.0491698 -6.873715 -0.2493115 0.035593215 0.9416855 -0.2231714
38290521.68959044 -8.936221 -1.0644507 -6.8541975 -0.23579213 0.03856047 0.94482857 -0.22408529
38316726.68959044 -9.0014 -1.0660379 -6.8267226 -0.22227886 0.042252574 0.9479562 -0.22402199
38342879.43959044 -9.066224 -1.068217 -6.8009725 -0.20810537 0.04575652 0.95113623 -0.22346935
38368984.68959044 -9.125528 -1.0698317 -6.7710533 -0.19430433 0.049814563 0.954201 -0.22195709
38395044.68959044 -9.194253 -1.0868955 -6.7462034 -0.17893681 0.052238915 0.9573658 -0.22068872
38421059.68959044 -9.2562 -1.0938103 -6.717304 -0.16357744 0.056260984 0.9603066 -0.21883425
38447030.68959044 -9.318317 -1.0946329 -6.6803637 -0.1486112 0.060586642 0.9627964 -0.21741027
38472959.43959044 -9.3801155 -1.1090283 -6.6467986 -0.13251287 0.064721815 0.9650127 -0.2167994
38498852.43959044 -9.440669 -1.1123415 -6.6096334 -0.11743637 0.06920384 0.9668236 -0.21603654
38524711.68959044 -9.497046 -1.1290164 -6.5673695 -0.10153623 0.073731355 0.9683239 -0.21587743
38550542.68959044 -9.553518 -1.125908 -6.525601 -0.08615404 0.07912413 0.96970826 -0.21443576
38576346.68959044 -9.60399 -1.1331576 -6.485164 -0.07069186 0.08379679 0.9710728 -0.21212843
38602129.68959044 -9.659839 -1.1348217 -6.433941 -0.054865144 0.08920014 0.9722281 -0.20929806
38627890.68959044 -9.712974 -1.1450163 -6.391252 -0.038206138 0.093845844 0.97325367 -0.20618089
38653634.68959044 -9.758688 -1.135911 -6.340402 -0.022652008 0.09884665 0.9739934 -0.2026158
38679361.68959044 -9.810363 -1.1453323 -6.296684 -0.0061908755 0.1035302 0.9743403 -0.19976039
38705073.68959044 -9.853234 -1.162159 -6.254006 0.009879568 0.10793579 0.97425914 -0.19766492
38730772.43959044 -9.903784 -1.169532 -6.2015724 0.02586372 0.112159505 0.9739318 -0.1954694
38756459.68959044 -9.955003 -1.169688 -6.1405373 0.041891523 0.117050745 0.97335106 -0.19269636
38782133.68959044 -9.996972 -1.1798539 -6.099046 0.05799677 0.120831735 0.97242385 -0.1908612
38807798.68959044 -10.041741 -1.1830255 -6.0442986 0.07348039 0.12577975 0.9711564 -0.18877311
38833454.68959044 -10.080924 -1.1912522 -5.985551 0.088683546 0.13044664 0.9694824 -0.18767716
38859099.68959044 -10.120956 -1.185765 -5.9200974 0.10448294 0.13520113 0.9677399 -0.18515839
38884734.68959044 -10.157455 -1.1997246 -5.8735933 0.11991926 0.1397228 0.9654532 -0.18438318
38910361.43959044 -10.196101 -1.2025654 -5.8110914 0.13503465 0.14453182 0.96316344 -0.18218766
38935984.68959044 -10.225119 -1.2112513 -5.7570114 0.15045759 0.14956011 0.96044284 -0.18039927
38961603.68959044 -10.258648 -1.2182693 -5.6944146 0.16610137 0.15404284 0.95761544 -0.17791547
38987222.68959044 -10.290682 -1.2224501 -5.634843 0.18197109 0.16054206 0.9540572 -0.17574884
39012841.68959044 -10.313657 -1.2292843 -5.5693245 0.196957 0.16615625 0.95051 -0.17358238
39038459.68959044 -10.341098 -1.2391974 -5.5087147 0.21240109 0.17180488 0.9464824 -0.17187186
39064077.68959044 -10.359634 -1.2464333 -5.4435596 0.22702575 0.1788396 0.94215083 -0.16978686
39089701.68959044 -10.388016 -1.2531502 -5.3841753 0.24288309 0.18455401 0.9374484 -0.16774447
39115333.68959044 -10.402605 -1.2547983 -5.325471 0.25805235 0.19217606 0.9322943 -0.16524129
39140973.68959044 -10.415005 -1.2544143 -5.2548676 0.27298054 0.19891152 0.92700243 -0.16304122
39166627.68959044 -10.430002 -1.2618495 -5.1853685 0.287757 0.20718929 0.92102385 -0.16119468
39192311.43959044 -10.433031 -1.2574768 -5.1277714 0.30176193 0.21461327 0.915264 -0.15865952
39218018.43959044 -10.444484 -1.2605088 -5.054745 0.3169095 0.22094695 0.9090871 -0.15592173
39243751.43959044 -10.448289 -1.2616804 -4.9857945 0.33123666 0.228251 0.9025964 -0.15330856
39269514.68959044 -10.441564 -1.2633717 -4.9234767 0.34503782 0.23441379 0.89622253 -0.15094456
39295312.68959044 -10.43912 -1.2575245 -4.8618746 0.35935688 0.24056792 0.8894349 -0.14797086
39321149.68959044 -10.43317 -1.2639409 -4.793003 0.3731038 0.24603745 0.88264114 -0.14561526
39347025.68959044 -10.424628 -1.2609253 -4.7269115 0.3871496 0.2513369 0.8755604 -0.14261487
39372943.68959044 -10.421121 -1.2617402 -4.662731 0.40114075 0.25659254 0.8681811 -0.13967122
39398899.68959044 -10.415802 -1.2675629 -4.60163 0.41481346 0.26106358 0.8608053 -0.1370766
39424893.68959044 -10.400067 -1.2647051 -4.5393825 0.4279791 0.26526073 0.8535633 -0.13379218
39450925.68959044 -10.385174 -1.2574922 -4.4757543 0.44084457 0.26959383 0.8460892 -0.1307988
39476993.68959044 -10.364464 -1.2589818 -4.424344 0.45405108 0.2732137 0.83843005 -0.12738518
39503095.68959044 -10.3424225 -1.2573676 -4.3622813 0.46709433 0.27513233 0.83103603 -0.124516316
39529233.68959044 -10.320355 -1.2406604 -4.2946925 0.479959 0.27663594 0.8238063 -0.12022973
39555408.68959044 -10.28357 -1.2545688 -4.245029 0.4919425 0.27872494 0.81638587 -0.11755519
39581621.68959044 -10.25969 -1.2480762 -4.184388 0.50401515 0.27777123 0.80973774 -0.11461532
39607877.43959044 -10.222032 -1.2362103 -4.1253304 0.51557106 0.27642208 0.80340254 -0.11100308
39634172.68959044 -10.186478 -1.2443609 -4.0780463 0.5263748 0.2756363 0.7970719 -0.10784546
39660509.68959044 -10.151098 -1.2282186 -4.020405 0.5370942 0.27326155 0.7911714 -0.10443148
39686885.68959044 -10.111367 -1.2236567 -3.951808 0.5472119 0.2690519 0.7860184 -0.1017126
39713303.68959044 -10.070217 -1.2163534 -3.9006243 0.55644643 0.2642822 0.7815068 -0.09884126
39739760.68959044 -10.024097 -1.2130048 -3.8490243 0.56504256 0.2585364 0.77751666 -0.09671469
39766254.68959044 -9.973174 -1.2055099 -3.7916846 0.57276195 0.25233406 0.77419275 -0.09432376
39792782.68959044 -9.932598 -1.2050457 -3.7369394 0.5792009 0.24801645 0.77110755 -0.091691166
39819346.68959044 -9.8692045 -1.1895518 -3.6932983 0.5838453 0.24414027 0.7690692 -0.089737125
39845942.43959044 -9.818446 -1.1886504 -3.6405444 0.58817023 0.24070786 0.7671672 -0.08700641
39872572.68959044 -9.755759 -1.1805348 -3.5986266 0.59073585 0.23751715 0.76636857 -0.08541642
39899233.68959044 -9.697714 -1.172967 -3.549981 0.59202653 0.23463081 0.76645935 -0.083624855
39925928.68959044 -9.639704 -1.1664431 -3.5021625 0.59367764 0.23006451 0.766623 -0.083104566
39952655.68959044 -9.581852 -1.1621754 -3.4592686 0.59400374 0.22504887 0.767942 -0.08232723
39979416.68959044 -9.516007 -1.1563538 -3.414701 0.59463435 0.21950492 0.76906043 -0.082302235
40006209.68959044 -9.440675 -1.1486909 -3.3815136 0.59485936 0.21312484 0.77064764 -0.08259712
40033037.68959044 -9.374634 -1.1439931 -3.3411179 0.5945592 0.20765698 0.772336 -0.082916066
40059902.68959044 -9.299791 -1.1386932 -3.3017454 0.5939587 0.2023092 0.7740723 -0.08423858
40086806.43959044 -9.2273655 -1.1361148 -3.2599463 0.5921644 0.19783108 0.77643996 -0.08570453
40113752.68959044 -9.152546 -1.1357335 -3.22399 0.5888023 0.19543691 0.7796953 -0.08480346
40140746.68959044 -9.067306 -1.1368897 -3.1951666 0.5849809 0.1925383 0.7832361 -0.08525042
40167793.43959044 -8.987897 -1.1341754 -3.1509948 0.58094615 0.18818885 0.78720057 -0.086033754
40194901.68959044 -8.9124565 -1.1303425 -3.1148467 0.5767467 0.18421414 0.79124457 -0.08579326
40222077.68959044 -8.83072 -1.1315898 -3.08429 0.57194084 0.17968518 0.7956362 -0.08694865
40249329.68959044 -8.747247 -1.130048 -3.0455036 0.56756294 0.1745714 0.79981965 -0.087668665
40276660.68959044 -8.663364 -1.124034 -3.0071073 0.5633782 0.1689781 0.80388945 -0.08839215
40304075.68959044 -8.568603 -1.1252804 -2.986969 0.55778706 0.16302146 0.8087902 -0.09031087
40331582.68959044 -8.472051 -1.1244009 -2.9488597 0.55299467 0.1558108 0.81326836 -0.092274345
40359187.68959044 -8.388909 -1.1263832 -2.9115639 0.5484752 0.14913914 0.81740886 -0.09367565
40386893.43959044 -8.292791 -1.1288085 -2.8803582 0.5428266 0.14116658 0.82226795 -0.09636822
40414709.68959044 -8.203121 -1.1326232 -2.8439941 0.53821725 0.13350613 0.82622564 -0.09924558
40442638.68959044 -8.1069145 -1.1411133 -2.8163304 0.532426 0.12554894 0.8307506 -0.103021815
40470681.68959044 -8.01402 -1.1419414 -2.7842417 0.5269387 0.11731047 0.834982 -0.1066723
40498837.68959044 -7.9129276 -1.1513195 -2.7494683 0.5217816 0.10977428 0.8387032 -0.11077238
40527105.68959044 -7.8108997 -1.1500876 -2.7224312 0.51709557 0.10225783 0.8420246 -0.11467405
40555481.68959044 -7.70719 -1.168346 -2.6945868 0.51193315 0.09553081 0.8453733 -0.118922114
40583960.43959044 -7.6077285 -1.1680925 -2.6555262 0.50765526 0.08771427 0.8481876 -0.12316741
40612540.68959044 -7.499995 -1.1739161 -2.6206756 0.50339633 0.079701535 0.8508946 -0.12735122
40641217.68959044 -7.393638 -1.1865089 -2.5947466 0.49865964 0.07266337 0.8537846 -0.13080695
40669989.68959044 -7.286772 -1.1940123 -2.561026 0.4943304 0.0651226 0.85628927 -0.13477835
40698853.43959044 -7.1779823 -1.198118 -2.525197 0.48999232 0.057413172 0.8587911 -0.13816339
40727798.68959044 -7.070848 -1.2130927 -2.4991465 0.48524332 0.05138417 0.8612849 -0.14172849
40756818.43959044 -6.9635086 -1.2198803 -2.4614646 0.4805884 0.04540413 0.8638295 -0.14412476
40785907.43959044 -6.8536906 -1.2254677 -2.4245243 0.47593904 0.040562194 0.8664098 -0.14550209
40815051.68959044 -6.747202 -1.2391169 -2.3890216 0.4708671 0.037591774 0.8691373 -0.14653163
40844241.68959044 -6.633478 -1.250845 -2.355846 0.4648415 0.034233846 0.8721692 -0.14856438
40873463.68959044 -6.515131 -1.2482934 -2.3086398 0.45911705 0.028635677 0.8751617 -0.14994551
40902708.43959044 -6.4102163 -1.2670048 -2.2741044 0.45129257 0.024646597 0.87900233 -0.15192907
40931973.68959044 -6.314656 -1.2858453 -2.222675 0.4442994 0.021316044 0.88240486 -0.15331468
40961248.68959044 -6.203105 -1.2868478 -2.1816564 0.4365075 0.015946273 0.8861935 -0.15449278
40990529.43959044 -6.1019874 -1.2850142 -2.1340535 0.42871574 0.009966405 0.889858 -0.15574436
41019811.68959044 -5.993186 -1.3182302 -2.0878928 0.42068467 0.0063315565 0.8932581 -0.15834858
41049092.43959044 -5.8638 -1.3130597 -2.05082 0.4116057 0.0020886038 0.89749753 -0.15834953
41078364.68959044 -5.760768 -1.3276454 -2.006104 0.40371874 0.001244577 0.90096486 -0.15897189
41107620.68959044 -5.658569 -1.3346364 -1.9419315 0.3970567 0.0005766398 0.90401876 -0.15841594
41136851.68959044 -5.539863 -1.3528359 -1.8953187 0.38851428 0.0030931963 0.9077827 -0.1580434
41166048.43959044 -5.423844 -1.3519052 -1.831963 0.3811904 0.004099183 0.9110736 -0.15691389
41195203.68959044 -5.313328 -1.3653271 -1.7794359 0.37314963 0.0058853948 0.914478 -0.15638027
41224304.68959044 -5.212622 -1.3813399 -1.729356 0.36446038 0.006365476 0.9179061 -0.15676913
41253346.68959044 -5.0952325 -1.3848561 -1.671493 0.35540134 0.0067692827 0.9215112 -0.15640117
41282328.68959044 -4.997975 -1.4075738 -1.6129516 0.3478252 0.005788447 0.9241269 -0.15803035
41311244.43959044 -4.884418 -1.4153029 -1.5523136 0.3382214 0.0044006524 0.92758787 -0.15864328
41340096.68959044 -4.7705307 -1.4265308 -1.4993097 0.32830724 0.0014454955 0.9311948 -0.15839387
41368881.68959044 -4.6657333 -1.4460253 -1.4448254 0.3173957 -0.0030140548 0.9348058 -0.15933932
41397597.68959044 -4.548863 -1.456141 -1.384752 0.30594283 -0.0076630437 0.9386758 -0.1588335
41426240.68959044 -4.4398055 -1.4690928 -1.3170955 0.29472688 -0.01302078 0.9422078 -0.15877996
41454805.68959044 -4.3357463 -1.468736 -1.2542652 0.283299 -0.018831173 0.9456268 -0.15867317
41483291.68959044 -4.233176 -1.4710405 -1.1882339 0.271528 -0.024148569 0.9489564 -0.15865442
41511693.68959044 -4.1202083 -1.4699899 -1.1287317 0.2586714 -0.029403994 0.9523437 -0.15895309
41540010.68959044 -4.0252576 -1.469803 -1.0569899 0.24657948 -0.03500241 0.95508504 -0.16058008
41568248.43959044 -3.9196558 -1.4740754 -0.99126625 0.2333731 -0.04048988 0.95799017 -0.16171739
41596404.68959044 -3.81927 -1.4757485 -0.9272828 0.21938507 -0.044744633 0.96083385 -0.16329877
41624484.68959044 -3.7284067 -1.4990389 -0.8612708 0.20525323 -0.048533045 0.96334416 -0.16578202
41652493.68959044 -3.6175857 -1.4959657 -0.78425205 0.19120012 -0.0538879 0.96572214 -0.16709116
41680438.43959044 -3.5118806 -1.4751213 -0.70974076 0.17757027 -0.059142675 0.9679555 -0.16743088
41708319.68959044 -3.407486 -1.4724915 -0.6390344 0.16351812 -0.06488009 0.9698779 -0.16849108
41736145.43959044 -3.3091176 -1.4741143 -0.5706953 0.1491384 -0.070087686 0.97157264 -0.16997674
41763925.68959044 -3.224002 -1.480419 -0.49314663 0.13597783 -0.0766897 0.97270507 -0.1716789
41791669.68959044 -3.135966 -1.4840796 -0.4209783 0.12211299 -0.08303562 0.9738061 -0.1729025
41819389.68959044 -3.040327 -1.489925 -0.3485205 0.10725812 -0.09010125 0.9746538 -0.174435
41847099.68959044 -2.9581082 -1.5056757 -0.27173513 0.09394017 -0.09668056 0.97508514 -0.17617364
41874809.43959044 -2.8667915 -1.4910877 -0.19444314 0.07994704 -0.104643196 0.97553825 -0.17602123
41902527.68959044 -2.782054 -1.4942005 -0.11943598 0.06668962 -0.111612976 0.9756684 -0.17653975
41930262.68959044 -2.690496 -1.4754081 -0.029841274 0.053828556 -0.11840362 0.9757716 -0.17593442
41958026.68959044 -2.6076515 -1.4756159 0.04978937 0.040667083 -0.12549292 0.97544324 -0.1763755
41985818.68959044 -2.5317092 -1.468736 0.13330427 0.028706172 -0.13268289 0.9749973 -0.17593047
42013640.68959044 -2.4606698 -1.4706242 0.21061634 0.017367149 -0.1398564 0.9742262 -0.17613094
42041494.68959044 -2.3795297 -1.4651377 0.29229853 0.004492937 -0.14640942 0.9734836 -0.17570926
42069381.68959044 -2.3036902 -1.4636716 0.36655632 -0.007832809 -0.15136479 0.9727368 -0.17552933
42097301.68959044 -2.2268786 -1.4564763 0.45036662 -0.020181851 -0.15460525 0.97219115 -0.17474076
42125258.68959044 -2.1551726 -1.4364009 0.5444511 -0.03193883 -0.15802075 0.97163254 -0.17303027
42153259.43959044 -2.0738695 -1.4180408 0.63215894 -0.044944443 -0.16108795 0.97111523 -0.17019401
42181307.68959044 -2.0049803 -1.4103079 0.72026914 -0.05779472 -0.16431871 0.9704315 -0.1670986
42209406.68959044 -1.9221842 -1.4086015 0.80815035 -0.07178563 -0.16512424 0.96984416 -0.16426548
42237559.68959044 -1.8576709 -1.4041395 0.8969177 -0.08493069 -0.16746527 0.96885866 -0.16141622
42265767.68959044 -1.7987572 -1.3845153 0.98702747 -0.097695835 -0.17135833 0.96753967 -0.15798399
42294029.68959044 -1.7343057 -1.3745905 1.0828344 -0.11105427 -0.17480053 0.9659257 -0.1552399
42322345.43959044 -1.6784879 -1.3586161 1.1751826 -0.124521635 -0.1796226 0.96387005 -0.15226512
42350709.68959044 -1.6298001 -1.3509169 1.2681249 -0.13727847 -0.1838343 0.96172965 -0.14978576
42379114.68959044 -1.5703487 -1.3369118 1.3697056 -0.1511557 -0.18799913 0.9592673 -0.14701876
42407557.43959044 -1.5133388 -1.3326075 1.4627278 -0.16497801 -0.19150096 0.9566824 -0.1444593
42436032.43959044 -1.4682949 -1.312896 1.5569364 -0.17852384 -0.19642651 0.9537087 -0.14137034
42464532.68959044 -1.422441 -1.307713 1.655246 -0.19196172 -0.20127246 0.95036376 -0.13945952
42493052.68959044 -1.3768736 -1.2797284 1.7539575 -0.20551634 -0.20495619 0.94718856 -0.13634518
42521587.68959044 -1.3370982 -1.2772813 1.8549476 -0.21923399 -0.20846573 0.94354403 -0.13491909
42550129.68959044 -1.3051193 -1.2516117 1.9482458 -0.23273753 -0.212933 0.93969774 -0.13213982
42578675.43959044 -1.2627122 -1.2427366 2.0453482 -0.24839061 -0.21650861 0.93519896 -0.1297271
42607223.43959044 -1.2305777 -1.2334723 2.1394002 -0.26336476 -0.21945998 0.93069124 -0.12763326
42635764.68959044 -1.2081358 -1.2163658 2.2416742 -0.27830845 -0.22290702 0.92599 -0.1240949
42664300.68959044 -1.1886115 -1.195745 2.3315926 -0.2926941 -0.22663428 0.92117184 -0.120039605
42692822.68959044 -1.1661358 -1.176261 2.4296517 -0.308395 -0.2309207 0.9155719 -0.11530951
42721328.43959044 -1.147675 -1.1631105 2.5331485 -0.32347417 -0.23505168 0.90981996 -0.11109851
42749814.43959044 -1.1335547 -1.142629 2.6318963 -0.3386415 -0.23699161 0.9043281 -0.10652507
42778277.68959044 -1.1296108 -1.1359718 2.7058043 -0.35230795 -0.23866801 0.89894 -0.10403674
42806713.68959044 -1.1079471 -1.1261716 2.8049054 -0.36784658 -0.23813887 0.89308167 -0.101902105
42835119.43959044 -1.0924276 -1.1004648 2.911305 -0.38246733 -0.23493719 0.88799095 -0.099976845
42863490.68959044 -1.0930882 -1.0998433 2.986896 -0.39593828 -0.23124334 0.88302296 -0.10014945
42891821.68959044 -1.0889368 -1.0809774 3.0716152 -0.41065738 -0.22640514 0.8777736 -0.098055325
42920111.68959044 -1.0947256 -1.07322 3.1649418 -0.42534903 -0.22193952 0.87215006 -0.09578797
42948355.68959044 -1.1018356 -1.0560863 3.2483375 -0.43890616 -0.21747653 0.86691976 -0.09227969
42976551.43959044 -1.104717 -1.0456128 3.3352528 -0.45347056 -0.21278639 0.86089337 -0.08915793
43004698.43959044 -1.114807 -1.0402987 3.4182956 -0.46780512 -0.20850924 0.8544029 -0.0876248
43032790.68959044 -1.124207 -1.028178 3.5002356 -0.48062927 -0.20548299 0.8481993 -0.085616566
43060825.68959044 -1.1350801 -1.0213461 3.583494 -0.4940639 -0.2031945 0.8411115 -0.084524855
43088802.68959044 -1.1521103 -0.99817276 3.6706886 -0.5065252 -0.20086278 0.8344804 -0.082029335
43116723.43959044 -1.1742718 -0.97851104 3.7486367 -0.51883286 -0.19904602 0.82750934 -0.08013396
43144589.68959044 -1.1950922 -0.9578925 3.8346353 -0.5319233 -0.19840844 0.8196172 -0.076938055
43172400.68959044 -1.2197579 -0.9437223 3.9067228 -0.54396594 -0.19966187 0.81169564 -0.07339118
43200156.68959044 -1.2394772 -0.95328736 3.9881327 -0.5565001 -0.20058267 0.8031826 -0.07051324
43227858.68959044 -1.2668395 -0.93663913 4.0642548 -0.5688528 -0.20254086 0.7944689 -0.06482982
43255510.68959044 -1.294169 -0.9275623 4.1427655 -0.58141786 -0.20325373 0.7854916 -0.060367234
43283113.68959044 -1.314479 -0.9242921 4.2181807 -0.5932427 -0.20446211 0.77657163 -0.056522895
43310668.68959044 -1.3472128 -0.9217533 4.2933497 -0.60456043 -0.20541331 0.7677185 -0.05404126
43338200.68959044 -1.3764193 -0.9138301 4.3619375 -0.61549413 -0.20372151 0.7594181 -0.054301973
43365692.68959044 -1.4118235 -0.9225419 4.444831 -0.6257331 -0.20310816 0.7510236 -0.056292232
43393123.68959044 -1.4587972 -0.8951878 4.521656 -0.6359729 -0.2002477 0.74300617 -0.058147747
43420519.68959044 -1.4949527 -0.88004863 4.5774865 -0.6452303 -0.19823992 0.73533875 -0.060462836
43447883.68959044 -1.5420268 -0.86731035 4.6387577 -0.65460175 -0.1964934 0.727405 -0.061391897
43475220.68959044 -1.5737 -0.8675796 4.7151475 -0.6643386 -0.19521816 0.7187327 -0.062987104
43502539.68959044 -1.6221826 -0.8530785 4.7636766 -0.6725546 -0.19326277 0.711531 -0.06358851
43529846.68959044 -1.6558518 -0.8453462 4.8200226 -0.68147695 -0.1913415 0.70347595 -0.06402571
43557146.68959044 -1.702563 -0.82512254 4.8707747 -0.6897557 -0.18929794 0.69591796 -0.06404428
43584440.68959044 -1.7595928 -0.81385773 4.934352 -0.6981646 -0.18733515 0.6880314 -0.06391045
43611734.68959044 -1.7998211 -0.8091431 4.985193 -0.706831 -0.18575628 0.6794673 -0.06487494
43639025.68959044 -1.853095 -0.7990354 5.030641 -0.71418506 -0.18451312 0.67207694 -0.06486356
43666315.68959044 -1.9059815 -0.7975326 5.0911865 -0.7233088 -0.18302557 0.6626877 -0.06458447
43693605.68959044 -1.9718962 -0.7834891 5.144327 -0.73177356 -0.18178438 0.6538939 -0.06232698
43720898.68959044 -2.013393 -0.7874011 5.187434 -0.74038774 -0.18186228 0.6442757 -0.06050603
43748195.68959044 -2.0660038 -0.7880109 5.238735 -0.74936175 -0.1815746 0.63419896 -0.057265643
43775502.68959044 -2.1256466 -0.7870674 5.289169 -0.75837296 -0.18105593 0.6238795 -0.053511955
43802817.68959044 -2.1817727 -0.7902777 5.333893 -0.76724696 -0.18017782 0.6135352 -0.049421947
43830140.68959044 -2.2409868 -0.79749525 5.379324 -0.7760841 -0.18021005 0.60268307 -0.044620547
43857471.68959044 -2.3030143 -0.79058623 5.420732 -0.784594 -0.17951459 0.59224886 -0.037791528
43884809.43959044 -2.3733249 -0.78192747 5.4511147 -0.7926781 -0.17927812 0.5819093 -0.030039724
43912154.68959044 -2.434898 -0.7885226 5.502542 -0.8012293 -0.17986652 0.5702041 -0.023389664
43939502.68959044 -2.4965854 -0.7887208 5.537699 -0.80900794 -0.18033002 0.5592001 -0.016810471
43966849.68959044 -2.5511637 -0.79574186 5.5715733 -0.81624204 -0.18145522 0.54837763 -0.010249156
43994193.68959044 -2.6186185 -0.79851276 5.6086817 -0.823583 -0.1833358 0.53673804 -0.0033716387
44021531.68959044 -2.6768126 -0.807015 5.6431327 -0.8301297 -0.18621661 0.5255444 0.0033586514
44048861.43959044 -2.7425437 -0.8114844 5.6736016 -0.83645386 -0.18830827 0.51458776 0.009193548
44076183.68959044 -2.8062296 -0.821649 5.7120013 -0.8430088 -0.19046804 0.5028476 0.014229461
44103498.68959044 -2.8735218 -0.8263476 5.738123 -0.8489728 -0.19252962 0.49172178 0.019678693
44130802.68959044 -2.9356074 -0.8292312 5.7563496 -0.85421616 -0.19523363 0.481151 0.026313635
44158097.43959044 -3.0003362 -0.8390745 5.7833443 -0.8600273 -0.19729446 0.46945983 0.032178152
44185383.68959044 -3.064824 -0.842581 5.8106203 -0.86525315 -0.1994041 0.45829007 0.039311126
44212658.68959044 -3.1306477 -0.8550796 5.8295126 -0.8699729 -0.20173918 0.44780403 0.043819442
44239922.43959044 -3.201889 -0.8607856 5.8473277 -0.87495154 -0.20263077 0.43732432 0.046347402
44267175.68959044 -3.2652001 -0.86493385 5.8622003 -0.87925106 -0.2041352 0.4278036 0.047228813
44294415.68959044 -3.3345842 -0.8758075 5.8835506 -0.88407034 -0.20476273 0.41768235 0.045093693
44321647.68959044 -3.394948 -0.8798908 5.8968287 -0.8883696 -0.20494391 0.4085747 0.043175675
44348864.68959044 -3.4607463 -0.88754654 5.907139 -0.8927456 -0.2050582 0.39907175 0.04120881
44376067.68959044 -3.526485 -0.8919549 5.9170337 -0.89721745 -0.20405625 0.38973185 0.038354002
44403260.68959044 -3.587401 -0.90635383 5.9266148 -0.9015009 -0.20388861 0.38005868 0.035791796
44430447.68959044 -3.664195 -0.89844567 5.9259443 -0.90545636 -0.20289104 0.37112626 0.035345517
44457626.68959044 -3.7316809 -0.9105493 5.932352 -0.9094828 -0.20246789 0.361621 0.032833956
44484801.43959044 -3.7967615 -0.9192999 5.933262 -0.9133042 -0.20225863 0.35208878 0.03162821
44511973.68959044 -3.8640518 -0.92883694 5.932295 -0.9169686 -0.20194355 0.34277755 0.029850079
44539142.68959044 -3.921176 -0.9459523 5.9310904 -0.9200997 -0.2027883 0.33391795 0.02814769
44566310.68959044 -3.9869661 -0.95248103 5.9302635 -0.9232632 -0.20342588 0.3246235 0.028681366
44593476.43959044 -4.057268 -0.96894205 5.92266 -0.9264235 -0.2040972 0.31502926 0.028989326
44620642.68959044 -4.124566 -0.97487044 5.913371 -0.9295038 -0.20442028 0.3054451 0.030632667
44647804.43959044 -4.1855545 -0.9857924 5.9062624 -0.93241644 -0.2048351 0.2960087 0.031955466
44674964.68959044 -4.2547817 -0.99516714 5.8952317 -0.9352589 -0.20523643 0.28635567 0.034194462
44702117.68959044 -4.318288 -1.00203 5.8785377 -0.9377982 -0.20615515 0.2769429 0.036569037
44729262.68959044 -4.386986 -1.0096235 5.8633575 -0.9404093 -0.2067204 0.26714525 0.039121784
44756401.68959044 -4.4521923 -1.0173342 5.8440866 -0.94291425 -0.20722523 0.25710416 0.043220006
44783530.68959044 -4.517418 -1.0298378 5.8276377 -0.94546 -0.20739292 0.2465337 0.048110932
44810649.68959044 -4.579631 -1.0403023 5.803236 -0.9476298 -0.20782925 0.23635398 0.054236066
44837758.68959044 -4.6446247 -1.0490317 5.7789793 -0.9498902 -0.2077169 0.2253251 0.061570853
44864859.68959044 -4.7074347 -1.0575751 5.758894 -0.9521743 -0.20702203 0.21393439 0.06883422
44891950.68959044 -4.7712584 -1.0689251 5.732439 -0.95407385 -0.20665732 0.20321831 0.07575078
44919032.68959044 -4.8303432 -1.0788528 5.703583 -0.95563066 -0.20650968 0.19290116 0.08314434
44946106.68959044 -4.8932633 -1.0872697 5.6721754 -0.95724946 -0.2060889 0.18178144 0.09031306
44973170.43959044 -4.954094 -1.1010482 5.6426606 -0.9586082 -0.20577964 0.17122471 0.09699077
45000224.68959044 -5.0187774 -1.1113445 5.6085057 -0.9598426 -0.20520428 0.16098472 0.10333126
45027269.68959044 -5.075752 -1.1205398 5.572403 -0.9606192 -0.2053558 0.1507441 0.110977285
45054300.68959044 -5.1331735 -1.1317664 5.5392056 -0.96155363 -0.20475733 0.14026757 0.117533624
45081320.43959044 -5.185543 -1.137816 5.5003023 -0.9619458 -0.20452593 0.13047372 0.12572238
45108327.68959044 -5.2424707 -1.1513519 5.4631453 -0.96253765 -0.20381606 0.11967687 0.13288242
45135324.68959044 -5.2967243 -1.1577551 5.4216404 -0.9626704 -0.20331487 0.10948728 0.14121427
45162309.68959044 -5.3459415 -1.1615629 5.378245 -0.96272606 -0.20248073 0.099709734 0.14905742
45189283.68959044 -5.39971 -1.1671667 5.3320303 -0.9624927 -0.20194732 0.09037699 0.15702604
45216249.68959044 -5.4546833 -1.171777 5.280096 -0.96240294 -0.20149851 0.08058658 0.16335507
45243214.68959044 -5.50209 -1.1762006 5.233124 -0.9620268 -0.20102179 0.07145476 0.1702614
45270177.68959044 -5.551305 -1.1833119 5.188298 -0.9618054 -0.20019625 0.06159541 0.17623264
45297141.68959044 -5.5936127 -1.1868751 5.1380014 -0.9611423 -0.20013765 0.052936897 0.18261479
45324109.68959044 -5.642328 -1.1885703 5.0838976 -0.9606668 -0.19992343 0.044444 0.18754946
45351085.68959044 -5.683183 -1.1951084 5.0315924 -0.9600052 -0.20072477 0.036496628 0.19174877
45378070.68959044 -5.723067 -1.2005548 4.982024 -0.95940065 -0.2013518 0.02858293 0.19542487
45405066.43959044 -5.755212 -1.1986852 4.9245434 -0.9588061 -0.20183587 0.021750597 0.19869603
45432074.68959044 -5.7964325 -1.2004771 4.86647 -0.95855284 -0.20289396 0.015040201 0.19946021
45459098.68959044 -5.8297396 -1.2022886 4.8060303 -0.9583045 -0.20379676 0.009095014 0.20009193
45486138.68959044 -5.8639307 -1.203717 4.747245 -0.9581324 -0.204191 0.0034631013 0.20068981
45513197.68959044 -5.891186 -1.1972587 4.6848736 -0.95800734 -0.20423627 -0.0011231814 0.20126675
45540278.68959044 -5.9240484 -1.1947718 4.620568 -0.9584753 -0.20380221 -0.0057786535 0.19939013
45567382.68959044 -5.945761 -1.1945345 4.556731 -0.95859796 -0.2039458 -0.009730607 0.19849797
45594515.68959044 -5.9762273 -1.196419 4.4915957 -0.9593684 -0.20233798 -0.0137851415 0.19616728
45621680.43959044 -5.995265 -1.1950793 4.423104 -0.9596773 -0.20151165 -0.016793858 0.19527054
45648882.68959044 -6.021617 -1.1841404 4.355342 -0.96072245 -0.19764708 -0.019378114 0.1938364
45676125.43959044 -6.042285 -1.1827674 4.29234 -0.9615367 -0.19441336 -0.02221601 0.19276169
45703412.43959044 -6.0608215 -1.1839406 4.2206545 -0.96231997 -0.19168071 -0.024994014 0.19124344
45730744.68959044 -6.0806236 -1.1763275 4.149249 -0.9632921 -0.1884441 -0.027167993 0.189259
45758121.43959044 -6.0996227 -1.1753516 4.0675416 -0.96421456 -0.1858078 -0.029065853 0.18687144
45785541.43959044 -6.110923 -1.1749141 3.9926968 -0.96493214 -0.18345045 -0.031644072 0.18506928
45813004.43959044 -6.123791 -1.1729386 3.920426 -0.965743 -0.18124409 -0.033393048 0.18269101
45840505.68959044 -6.1327515 -1.170239 3.8377686 -0.9664818 -0.17840865 -0.03503728 0.18126129
45868040.68959044 -6.13942 -1.1615436 3.7509456 -0.967404 -0.17603827 -0.035818577 0.17848569
45895607.68959044 -6.152099 -1.1585152 3.6717567 -0.9684284 -0.173816 -0.036570404 0.17492053
45923202.43959044 -6.150969 -1.1557379 3.591107 -0.9697124 -0.17193525 -0.036760487 0.16954333
45950822.68959044 -6.1551785 -1.1467521 3.509098 -0.9713073 -0.16975862 -0.03560842 0.16271523
45978462.68959044 -6.1624575 -1.1438978 3.434443 -0.972857 -0.16887328 -0.03461424 0.15437937
46006116.68959044 -6.1580915 -1.1419892 3.3508196 -0.97452784 -0.16747594 -0.033713434 0.14529568
46033785.68959044 -6.164735 -1.151464 3.2682598 -0.975879 -0.16702628 -0.03229246 0.13681997
46061462.68959044 -6.1615868 -1.1442139 3.1806657 -0.9775817 -0.1647402 -0.03003587 0.12764288
46089144.68959044 -6.161955 -1.1454266 3.0963516 -0.97903806 -0.16268934 -0.028407352 0.11920444
46116830.68959044 -6.1625023 -1.1407074 3.0033817 -0.9805256 -0.16022062 -0.02616769 0.110518046
46144514.68959044 -6.154951 -1.1242806 2.909694 -0.98208874 -0.15637818 -0.024812771 0.1021369
46172198.43959044 -6.15696 -1.1235646 2.8239937 -0.98332787 -0.15440318 -0.023571808 0.09311508
46199879.68959044 -6.1441126 -1.120852 2.7432659 -0.9845144 -0.15191485 -0.021520134 0.084795594
46227559.68959044 -6.1417437 -1.1241395 2.6595562 -0.98554933 -0.1499163 -0.02135614 0.07590584
46255238.43959044 -6.13958 -1.1195439 2.5728407 -0.98642164 -0.147825 -0.021018326 0.06839846
46282921.68959044 -6.128347 -1.1105345 2.4685936 -0.98721856 -0.14525215 -0.020691194 0.06223458
46310610.43959044 -6.1200285 -1.1131384 2.3783967 -0.98766947 -0.14460477 -0.020027926 0.05654582
46338309.43959044 -6.1105876 -1.1061313 2.2841885 -0.9881936 -0.14260258 -0.020808568 0.052010097
46366018.43959044 -6.1067667 -1.1109991 2.199224 -0.9884202 -0.1427226 -0.019985126 0.047502123
46393742.68959044 -6.0905285 -1.1079925 2.1021354 -0.9888383 -0.14163841 -0.019274825 0.042023625
46421485.68959044 -6.0863423 -1.1161655 2.014789 -0.9890122 -0.14150403 -0.019998996 0.037836283
46449250.68959044 -6.074929 -1.0935044 1.907512 -0.98958963 -0.13916941 -0.019131795 0.03127696
46477039.68959044 -6.0636716 -1.09765 1.8150833 -0.9896631 -0.13985988 -0.018773032 0.025566885
46504862.68959044 -6.047724 -1.0891438 1.7203145 -0.98979557 -0.13972275 -0.018669099 0.020826768
46532722.68959044 -6.038387 -1.08027 1.6192839 -0.9899973 -0.13891526 -0.01767026 0.017192302
46560626.43959044 -6.023985 -1.0703833 1.5218351 -0.99006236 -0.13874905 -0.017230261 0.01511325
46588579.68959044 -6.0162873 -1.0668375 1.4192109 -0.9901801 -0.13802838 -0.017051069 0.014174673
46616586.68959044 -6.008157 -1.0767 1.3188107 -0.9900105 -0.13919753 -0.01607766 0.015647177
46644651.68959044 -5.9919505 -1.0573714 1.2114042 -0.9902667 -0.13742006 -0.013645202 0.017365756
46672778.68959044 -5.9762206 -1.05451 1.1228473 -0.99035263 -0.13694935 -0.010354478 0.018422486
46700973.43959044 -5.9828877 -1.0576584 1.0174828 -0.99014795 -0.13852285 -0.007239373 0.019133052
46729237.68959044 -5.9698076 -1.0469061 0.9158746 -0.9903556 -0.13732137 -0.002260487 0.018262872
46757576.68959044 -5.9588666 -1.0409095 0.8110939 -0.9904898 -0.13672422 0.0034365326 0.014993051
46785995.68959044 -5.9541116 -1.0293263 0.69797087 -0.990569 -0.13619742 0.010299312 0.010828814
46814493.68959044 -5.9446583 -1.0176711 0.593958 -0.9905295 -0.1361503 0.017228613 0.004201554
46843077.68959044 -5.9349456 -1.0063607 0.4831371 -0.9904311 -0.1356701 0.025231741 -0.0018345589
46871748.68959044 -5.9295044 -1.00049 0.37153357 -0.9901577 -0.13607693 0.03194716 -0.007087664
46900511.43959044 -5.9228945 -0.99452853 0.26095513 -0.9898766 -0.13620012 0.038519222 -0.010496862
46929370.68959044 -5.917733 -0.98340696 0.15346107 -0.9896533 -0.13558406 0.044686664 -0.014371671
46958330.68959044 -5.911033 -0.977877 0.043302476 -0.9893716 -0.13526312 0.050288223 -0.017859321
46987393.68959044 -5.9024353 -0.97298896 -0.06734812 -0.98908395 -0.134876 0.055428594 -0.021193843
47016560.68959044 -5.8993773 -0.9635565 -0.17511582 -0.9887813 -0.13472052 0.05999584 -0.02371854
47045831.68959044 -5.8915334 -0.95021653 -0.29663134 -0.988555 -0.13416867 0.06458934 -0.024206359
47075204.68959044 -5.8840866 -0.9470162 -0.4098407 -0.98821497 -0.13474457 0.0685222 -0.024078814
47104678.68959044 -5.874469 -0.9315866 -0.52807164 -0.98798597 -0.134209 0.072654724 -0.024350232
47134243.43959044 -5.8680267 -0.9270113 -0.64075875 -0.98755306 -0.13522848 0.07679704 -0.023547309
47163894.68959044 -5.861734 -0.9123324 -0.75868225 -0.98714846 -0.13549301 0.08142804 -0.02343275
47193625.68959044 -5.861574 -0.9030383 -0.88020253 -0.98666865 -0.13634121 0.08561488 -0.023793867
47223429.68959044 -5.8535843 -0.8883116 -0.9982743 -0.9862502 -0.1359963 0.09088132 -0.023584671
47253303.43959044 -5.851627 -0.8747431 -1.113862 -0.985739 -0.1357698 0.09612803 -0.025390746
47283240.68959044 -5.852294 -0.86189646 -1.2398782 -0.98499906 -0.13592385 0.10265231 -0.027641729
47313238.68959044 -5.8525267 -0.84514993 -1.359411 -0.98423886 -0.13546796 0.10938958 -0.030924201
47343297.68959044 -5.8488245 -0.8265399 -1.4812038 -0.9832967 -0.13537449 0.11704682 -0.03318713
47373418.68959044 -5.8488784 -0.81347823 -1.5989537 -0.98207027 -0.13573544 0.12573622 -0.0361158
47403602.68959044 -5.8533306 -0.7944753 -1.7218924 -0.9807549 -0.13551183 0.13486856 -0.03958371
47433848.68959044 -5.8522434 -0.7735218 -1.8448467 -0.97913426 -0.1353494 0.1448116 -0.04479248
47464151.68959044 -5.8556724 -0.7584988 -1.9612913 -0.97732157 -0.13531214 0.15469258 -0.05102438
47494504.68959044 -5.857238 -0.7435266 -2.0826063 -0.9753446 -0.13489331 0.1651269 -0.056920074
47524897.68959044 -5.865038 -0.723349 -2.2072296 -0.9733264 -0.13333951 0.17555909 -0.06352526
47555324.68959044 -5.8716164 -0.7095512 -2.3314147 -0.97103214 -0.13241726 0.18611363 -0.07017168
47585779.68959044 -5.8811007 -0.68893695 -2.4618325 -0.9685946 -0.13010205 0.19727609 -0.077332176
47616260.43959044 -5.890099 -0.6726366 -2.590158 -0.9656596 -0.12859048 0.2085475 -0.086451925
47646767.68959044 -5.9027567 -0.64678204 -2.7241406 -0.96263325 -0.12564419 0.22006206 -0.095517024
47677307.68959044 -5.918489 -0.6306195 -2.8492513 -0.9592511 -0.12274041 0.231243 -0.10629598
47707883.68959044 -5.930392 -0.6099553 -2.97726 -0.9557124 -0.119219095 0.24294855 -0.11565751
47738498.68959044 -5.951833 -0.59290814 -3.1000571 -0.9519449 -0.11552219 0.2542174 -0.12581398
47769155.43959044 -5.9719725 -0.5733175 -3.228467 -0.9479642 -0.11102685 0.2659921 -0.13522272
47799860.68959044 -5.995484 -0.5549216 -3.3567076 -0.9439062 -0.10658277 0.27755347 -0.14368457
47830615.43959044 -6.0184407 -0.5383537 -3.4819722 -0.9392057 -0.10220209 0.2900889 -0.15262951
47861425.68959044 -6.043606 -0.5195265 -3.6064591 -0.93471897 -0.09552474 0.30230424 -0.1605855
47892297.43959044 -6.074718 -0.5066178 -3.732626 -0.930092 -0.0886973 0.31421724 -0.16831324
47923230.68959044 -6.107993 -0.4926064 -3.8562164 -0.9252 -0.080922276 0.3267256 -0.175234
47954234.68959044 -6.1452055 -0.4770862 -3.9781923 -0.9201091 -0.0718503 0.33911422 -0.18231413
47985317.68959044 -6.1867 -0.4647262 -4.0931983 -0.9148198 -0.063587114 0.351368 -0.1886846
48016480.68959044 -6.2255764 -0.45371783 -4.210064 -0.9092 -0.055633564 0.36400384 -0.1943231
48047724.43959044 -6.2702665 -0.441365 -4.3266134 -0.9026735 -0.047882028 0.3778657 -0.20026362
48079046.43959044 -6.319488 -0.43378735 -4.438694 -0.89558303 -0.040353663 0.39302453 -0.20453471
48110435.43959044 -6.369165 -0.42523754 -4.550739 -0.88757896 -0.03195064 0.4094971 -0.20855412
48141879.68959044 -6.4210806 -0.41299143 -4.660505 -0.878912 -0.022779504 0.4261826 -0.21298671
48173365.68959044 -6.477842 -0.41494262 -4.7655406 -0.8691923 -0.014587681 0.44367504 -0.21781744
48204877.68959044 -6.533774 -0.4069156 -4.8714557 -0.85881084 -0.0056652334 0.46192297 -0.22144781
48236393.68959044 -6.592529 -0.40597335 -4.970307 -0.8472194 0.0034229404 0.48085144 -0.22580856
48267885.68959044 -6.65586 -0.3968965 -5.069497 -0.83477426 0.013813062 0.5001413 -0.22982565
48299328.68959044 -6.730604 -0.3873778 -5.1705427 -0.8213683 0.025045842 0.5203502 -0.23229867
48330703.43959044 -6.7964263 -0.38763225 -5.262147 -0.8061002 0.035284195 0.5419041 -0.23515429
48361982.68959044 -6.8639016 -0.3831526 -5.3385215 -0.79049444 0.045519114 0.56331056 -0.23606727
48393140.68959044 -6.936745 -0.3828205 -5.421565 -0.77273613 0.05545127 0.58638 -0.23656423
48424155.68959044 -7.0121336 -0.38778257 -5.5086985 -0.7540866 0.06504297 0.60919577 -0.23665036
48455008.43959044 -7.0949173 -0.38631105 -5.5892687 -0.7348351 0.07329348 0.6320552 -0.23484412
48485681.43959044 -7.162756 -0.39991403 -5.670784 -0.71303844 0.080759324 0.6557145 -0.23471831
48516159.43959044 -7.229764 -0.4117756 -5.7301693 -0.6911087 0.088150136 0.6777652 -0.23501614
48546428.68959044 -7.307389 -0.4142034 -5.791324 -0.6694096 0.09451463 0.6989798 -0.23320594
48576474.68959044 -7.3773627 -0.42110085 -5.852253 -0.64688164 0.10094501 0.71942353 -0.23191401
48606292.43959044 -7.4535594 -0.42497396 -5.907121 -0.6239624 0.10594133 0.7391907 -0.23031385
48635879.43959044 -7.52714 -0.42501807 -5.9547234 -0.6009726 0.11042248 0.75797033 -0.22829777
48665232.68959044 -7.599763 -0.43197632 -5.998686 -0.577876 0.11295975 0.77567065 -0.22723226
48694357.68959044 -7.6762877 -0.43600702 -6.0415144 -0.55516183 0.11344877 0.79237205 -0.22598962
48723254.68959044 -7.745589 -0.43609118 -6.0795536 -0.5329087 0.11239425 0.80813575 -0.22426005
48751929.43959044 -7.8160005 -0.44178557 -6.1109104 -0.5112893 0.11061618 0.82250774 -0.22322294
48780390.43959044 -7.8866525 -0.44230628 -6.140663 -0.48914805 0.10801919 0.83665305 -0.22153503
48808650.43959044 -7.9569807 -0.44891 -6.1651335 -0.46916577 0.10498442 0.84860384 -0.2207561
48836717.68959044 -8.024942 -0.45355737 -6.187081 -0.45105672 0.10138473 0.8587002 -0.22113986
48864603.43959044 -8.08905 -0.46484637 -6.2087193 -0.4346129 0.09634809 0.8673388 -0.22260329
48892321.68959044 -8.154713 -0.46026933 -6.2199917 -0.41991556 0.09311195 0.87428516 -0.22500351
48919888.43959044 -8.216118 -0.46878874 -6.228526 -0.4055051 0.08757825 0.8810058 -0.22743025
48947322.68959044 -8.280856 -0.4734621 -6.238839 -0.39141425 0.083543554 0.8870394 -0.23016614
48974640.68959044 -8.338386 -0.48254657 -6.246823 -0.37776715 0.078306116 0.8929723 -0.23186363
49001858.68959044 -8.399346 -0.489717 -6.246701 -0.36392525 0.07454718 0.8986336 -0.23336427
49028990.43959044 -8.459384 -0.5019375 -6.2476816 -0.3506388 0.07137919 0.9038815 -0.23442657
49056044.68959044 -8.52072 -0.5090141 -6.2427735 -0.33694708 0.06924438 0.9095683 -0.23314655
49083029.43959044 -8.579609 -0.5176904 -6.2363434 -0.32320994 0.06754158 0.91504323 -0.2316666
49109951.43959044 -8.639576 -0.53205633 -6.230288 -0.3090522 0.06728831 0.92019176 -0.23066457
49136812.68959044 -8.694305 -0.54551184 -6.218353 -0.29619443 0.06651241 0.9244204 -0.23085038
49163643.68959044 -8.755899 -0.54817104 -6.199348 -0.2837555 0.0674315 0.92817837 -0.23112924
49190415.68959044 -8.808266 -0.56305385 -6.1829834 -0.27092725 0.066521846 0.9318032 -0.23219855
49217098.68959044 -8.866493 -0.57798135 -6.1638465 -0.25747058 0.06545234 0.93556666 -0.2326799
49243723.68959044 -8.919661 -0.5893851 -6.141269 -0.24408092 0.0646537 0.9392628 -0.23244321
49270291.68959044 -8.974961 -0.6102677 -6.1187983 -0.23081566 0.0652831 0.94258356 -0.23237571
49296802.43959044 -9.02773 -0.6231875 -6.0918274 -0.21720877 0.065861285 0.94618696 -0.23067912
49323254.68959044 -9.081884 -0.6426146 -6.0614886 -0.2032758 0.067521214 0.9493314 -0.22997786
49349645.68959044 -9.133698 -0.65402603 -6.027626 -0.1894438 0.06930077 0.95259374 -0.22775789
49375975.68959044 -9.182171 -0.67235494 -5.9925833 -0.17481203 0.070726104 0.95548064 -0.22692575
49402247.68959044 -9.230009 -0.68900526 -5.9560876 -0.1607027 0.07210054 0.9581168 -0.22580594
49428465.68959044 -9.2767315 -0.70632166 -5.9187503 -0.1460106 0.07388294 0.9604654 -0.22522974
49454632.43959044 -9.320848 -0.7223108 -5.8776016 -0.13233517 0.07575229 0.96233195 -0.22509155
49480751.43959044 -9.363858 -0.74280113 -5.8377886 -0.11760085 0.07587551 0.9638752 -0.22662225
49506827.68959044 -9.405397 -0.7593834 -5.7934165 -0.10395373 0.07618808 0.9651646 -0.22769795
49532869.68959044 -9.449058 -0.77802634 -5.748024 -0.08939275 0.07601981 0.9663445 -0.22892888
49558881.43959044 -9.491802 -0.79913914 -5.704214 -0.07478433 0.07567037 0.9671306 -0.23095402
49584868.68959044 -9.535721 -0.8152028 -5.64688 -0.060108326 0.07591308 0.9677897 -0.23239465
49610838.68959044 -9.574982 -0.833444 -5.6008525 -0.04495721 0.07684711 0.9680499 -0.23442034
49636792.68959044 -9.609348 -0.85244894 -5.541625 -0.030121699 0.07870867 0.9679397 -0.23662308
49662740.68959044 -9.648842 -0.87654865 -5.488584 -0.014775175 0.079850964 0.9676432 -0.23889802
49688683.43959044 -9.684101 -0.8913608 -5.4297557 0.0002561694 0.081901364 0.9671241 -0.24075554
49714620.68959044 -9.72128 -0.91273534 -5.371573 0.015884632 0.08414637 0.966418 -0.24228767
49740553.68959044 -9.750484 -0.9271644 -5.3065414 0.030513426 0.08871151 0.9653327 -0.2435817
49766480.68959044 -9.788173 -0.9541442 -5.2461104 0.04669055 0.09189024 0.96382296 -0.24580804
49792395.68959044 -9.812771 -0.9702556 -5.1839213 0.06281585 0.09684447 0.96200985 -0.24741153
49818293.68959044 -9.843948 -0.9865943 -5.1174364 0.07997003 0.100597315 0.9601236 -0.24828951
49844172.68959044 -9.867327 -1.0061561 -5.0518155 0.09693222 0.10576097 0.9577324 -0.24933414
49870029.68959044 -9.890798 -1.0219079 -4.985813 0.11370593 0.11106978 0.95525616 -0.24943988
49895864.43959044 -9.915522 -1.0362047 -4.9148164 0.13159557 0.11802686 0.95217216 -0.24923971
49921676.68959044 -9.936548 -1.0523111 -4.842168 0.14817385 0.12538297 0.9491586 -0.2478338
49947466.68959044 -9.9539175 -1.0710299 -4.7711215 0.16582763 0.1331683 0.94574475 -0.24563062
49973236.68959044 -9.972876 -1.0873014 -4.7043424 0.18254021 0.14185686 0.94213116 -0.24278517
49998987.68959044 -9.988718 -1.100882 -4.6249037 0.199484 0.15039459 0.93832433 -0.23902959
50024721.68959044 -10.00376 -1.1163664 -4.549648 0.2152443 0.15942205 0.9341908 -0.23567368
50050443.68959044 -10.016247 -1.1373268 -4.473629 0.2321373 0.1677967 0.92950124 -0.23234455
50076156.68959044 -10.026017 -1.150802 -4.3978744 0.24793948 0.17707454 0.9247646 -0.22799392
50101861.68959044 -10.032856 -1.1555647 -4.3168454 0.26404923 0.18701366 0.9193852 -0.22368476
50127560.68959044 -10.037327 -1.1733772 -4.2392764 0.27959803 0.19718789 0.9136677 -0.21943878
50153257.68959044 -10.040555 -1.1874832 -4.157102 0.29455152 0.20799887 0.90738714 -0.21592693
50178959.68959044 -10.044598 -1.1966227 -4.0839386 0.30983546 0.21937469 0.9006458 -0.21145684
50204674.68959044 -10.042601 -1.2142994 -4.007913 0.32394758 0.23011744 0.89391524 -0.20741142
50230409.68959044 -10.037154 -1.227684 -3.93036 0.33758414 0.24167085 0.8867532 -0.20322642
50256170.43959044 -10.032313 -1.2377858 -3.8426437 0.35147154 0.25301474 0.879352 -0.19796847
50281965.43959044 -10.024756 -1.2491156 -3.7626662 0.36406237 0.26434967 0.87217367 -0.1920703
50307795.43959044 -10.018652 -1.2641888 -3.6780005 0.37732568 0.27667898 0.86406577 -0.18564612
50333667.43959044 -10.006323 -1.2769171 -3.598435 0.3896805 0.28854874 0.85624945 -0.17811723
50359582.68959044 -9.985742 -1.2904966 -3.518303 0.401555 0.30143014 0.84787196 -0.17031355
50385545.43959044 -9.965491 -1.2962215 -3.4384189 0.41322145 0.3135185 0.839444 -0.16213591
50411531.68959044 -9.948054 -1.3058546 -3.3530936 0.4254032 0.32575256 0.8303065 -0.15332529
50437570.68959044 -9.917929 -1.3106894 -3.2805424 0.43644527 0.3372294 0.82151186 -0.1446031
50463690.43959044 -9.890175 -1.3206897 -3.2012582 0.44800827 0.34792238 0.81221354 -0.13619013
50489868.68959044 -9.858939 -1.3371513 -3.121745 0.45927167 0.35619864 0.80355054 -0.1284469
50516102.68959044 -9.82453 -1.344029 -3.0404263 0.47063425 0.3627081 0.79516035 -0.12110467
50542388.68959044 -9.788147 -1.3479018 -2.9639912 0.4814955 0.3685367 0.78705895 -0.11349519
50568728.68959044 -9.745037 -1.3610721 -2.8944654 0.49134454 0.37234387 0.7798802 -0.10829363
50595116.68959044 -9.698835 -1.3660884 -2.8220272 0.5006015 0.3727728 0.77425134 -0.10475425
50621554.68959044 -9.648748 -1.3773875 -2.7445498 0.5099469 0.37071005 0.76933014 -0.10324441
50648039.68959044 -9.594936 -1.3815238 -2.6897593 0.5175003 0.36733973 0.76601505 -0.102352805
50674572.68959044 -9.543904 -1.3880901 -2.6153069 0.5254416 0.36261228 0.76293206 -0.10177522
50701149.68959044 -9.489555 -1.3975513 -2.558134 0.5321367 0.35831368 0.7603823 -0.10129512
50727774.68959044 -9.4256 -1.399991 -2.4904752 0.5386731 0.35405725 0.7577125 -0.10171867
50754451.43959044 -9.366365 -1.4060149 -2.430366 0.5439048 0.35149598 0.75507796 -0.10235027
50781184.68959044 -9.298191 -1.3930054 -2.362238 0.54880655 0.34783778 0.753186 -0.10262163
50807979.68959044 -9.224166 -1.3760874 -2.2930036 0.5536287 0.34427124 0.7511572 -0.10361176
50834841.43959044 -9.15423 -1.3740544 -2.2318373 0.55780137 0.34035924 0.7495033 -0.10610436
50861776.68959044 -9.075551 -1.3569293 -2.1729455 0.5616371 0.33699626 0.7479978 -0.107222065
50888792.43959044 -8.999457 -1.351547 -2.114654 0.5650125 0.33248717 0.7471955 -0.10914292
50915893.68959044 -8.920972 -1.3523824 -2.0526924 0.56772125 0.3275261 0.74686426 -0.11230812
50943087.68959044 -8.844327 -1.3452733 -2.0135431 0.5687044 0.32173005 0.74812096 -0.11567259
50970379.68959044 -8.760174 -1.3370397 -1.9648542 0.56989074 0.31475446 0.749901 -0.11748475
50997777.68959044 -8.677556 -1.3245361 -1.9132199 0.57085127 0.30707666 0.75196135 -0.11994547
51025282.68959044 -8.5926895 -1.3128664 -1.857091 0.572212 0.29812306 0.754308 -0.12130809
51052899.68959044 -8.507137 -1.3054783 -1.8105145 0.57250506 0.28794083 0.7574036 -0.12517095
51080636.43959044 -8.418837 -1.2987428 -1.7623038 0.57236993 0.27654263 0.76118815 -0.12848946
51108495.68959044 -8.317318 -1.2834258 -1.709301 0.57244366 0.26368582 0.7649273 -0.13290702
51136481.43959044 -8.221916 -1.2712783 -1.6622834 0.57112765 0.2512468 0.7692715 -0.13751252
51164593.68959044 -8.129481 -1.2628466 -1.6106105 0.5700677 0.23881882 0.7731753 -0.14208606
51192838.68959044 -8.024383 -1.240952 -1.5657902 0.56789553 0.22657408 0.7778005 -0.14555205
51221218.68959044 -7.921742 -1.2233825 -1.5221353 0.5653135 0.21503887 0.7822598 -0.14915922
51249734.68959044 -7.817474 -1.2095523 -1.4788628 0.5623255 0.20417288 0.7867017 -0.15232845
51278386.68959044 -7.70901 -1.1920033 -1.4376101 0.55913746 0.19269419 0.791278 -0.15528497
51307172.43959044 -7.5935307 -1.1775419 -1.3953285 0.554525 0.18232173 0.79646575 -0.15780762
51336084.68959044 -7.489019 -1.1661505 -1.3487444 0.5507481 0.17162748 0.8008997 -0.1605626
51365111.68959044 -7.377207 -1.1519057 -1.3054872 0.54575115 0.16036269 0.8061046 -0.16320175
51394241.68959044 -7.2629943 -1.1364485 -1.2607517 0.54010665 0.14974913 0.81146395 -0.16548808
51423457.68959044 -7.144887 -1.1251662 -1.218142 0.5337056 0.13970806 0.8169989 -0.16778831
51452747.68959044 -7.027938 -1.1118715 -1.1744008 0.5274761 0.12939946 0.8223033 -0.16982976
51482096.68959044 -6.905579 -1.0981522 -1.1248779 0.5211998 0.11909341 0.82745844 -0.17169769
51511486.43959044 -6.7811384 -1.0886078 -1.0790057 0.5141298 0.11054175 0.8328348 -0.17273486
51540901.68959044 -6.6630116 -1.081142 -1.0367408 0.5058644 0.10331634 0.83869505 -0.17325543
51570328.68959044 -6.5443153 -1.0730972 -0.9920287 0.49734226 0.09555216 0.8443438 -0.17494024
51599752.68959044 -6.418701 -1.064332 -0.9500632 0.48776248 0.087677285 0.8504924 -0.1762472
51629163.43959044 -6.289543 -1.0505037 -0.906538 0.47777358 0.07928437 0.85697 -0.17620696
51658553.68959044 -6.168284 -1.0456121 -0.8579056 0.46726272 0.07069684 0.86336803 -0.17681393
51687916.43959044 -6.0507226 -1.039051 -0.800781 0.45684853 0.061856568 0.86965793 -0.1765172
51717238.68959044 -5.9243045 -1.0317813 -0.751034 0.44522765 0.052701756 0.876437 -0.17565046
51746502.68959044 -5.80579 -1.0212461 -0.6922879 0.43397412 0.04284384 0.8826735 -0.17526655
51775691.43959044 -5.6803827 -1.0125692 -0.6401658 0.42025927 0.03394469 0.8898069 -0.17456697
51804792.68959044 -5.564115 -1.0116271 -0.586993 0.4055191 0.025013147 0.8969746 -0.17425601
51833797.68959044 -5.450624 -1.0035344 -0.53074706 0.38988295 0.015314083 0.90413374 -0.174066
51862704.43959044 -5.323079 -0.98735785 -0.4775648 0.37294504 0.0054081855 0.91154504 -0.17311364
51891515.43959044 -5.207308 -0.9868398 -0.41648912 0.3557563 -0.0045963377 0.91834164 -0.17339276
51920226.68959044 -5.0847573 -0.97983634 -0.3609326 0.33717772 -0.014932831 0.9251458 -0.17376271
51948840.68959044 -4.97396 -0.97539043 -0.3001176 0.31858885 -0.026301151 0.93127364 -0.17475383
51977354.43959044 -4.8501234 -0.9811699 -0.23681748 0.29831982 -0.039143123 0.93727386 -0.17604256
52005770.68959044 -4.743473 -0.9809844 -0.17357528 0.27771083 -0.052949958 0.9427807 -0.17674184
52034094.68959044 -4.6223755 -0.97568 -0.11309755 0.25621772 -0.06832967 0.94759154 -0.17819616
52062342.68959044 -4.509134 -0.9738984 -0.04345864 0.23464105 -0.08343274 0.9517212 -0.17946962
52090528.43959044 -4.4016366 -0.97990644 0.02048111 0.21331091 -0.09784028 0.9550433 -0.1811577
52118664.43959044 -4.292374 -0.97809577 0.09095443 0.1919682 -0.11194672 0.9578088 -0.1822597
52146765.68959044 -4.184906 -0.98429143 0.16052419 0.17089742 -0.12485658 0.95993733 -0.18364416
52174850.68959044 -4.0759506 -0.98556495 0.22917552 0.14932911 -0.13802247 0.961657 -0.18402867
52202935.68959044 -3.9796355 -0.9878535 0.29813096 0.12898849 -0.15052944 0.9625355 -0.18500884
52231030.68959044 -3.8850155 -0.99090946 0.37719885 0.108116895 -0.16194738 0.96315944 -0.18549336
52259151.68959044 -3.7794535 -1.0011475 0.446746 0.086441666 -0.1720493 0.96348184 -0.18609032
52287305.68959044 -3.685301 -1.0046935 0.52706 0.06487643 -0.18277226 0.9631605 -0.18629868
52315498.68959044 -3.5934424 -1.0179919 0.60228145 0.043106474 -0.19449362 0.9619944 -0.18676426
52343731.68959044 -3.5053582 -1.0167753 0.68485254 0.02196062 -0.20394503 0.9608891 -0.18605502
52372003.68959044 -3.4162166 -1.025627 0.7651066 -3.705239e-05 -0.2128521 0.9592556 -0.18580307
52400320.43959044 -3.3279321 -1.0303571 0.8497639 -0.02180649 -0.22032262 0.9575591 -0.18456161
52428689.68959044 -3.246423 -1.0351903 0.9283031 -0.04436623 -0.2291455 0.9549434 -0.18332261
52457118.43959044 -3.1695104 -1.0415182 1.0140193 -0.066037215 -0.23639704 0.95220035 -0.18185194
52485612.68959044 -3.0971212 -1.0507303 1.0999144 -0.08818505 -0.24460813 0.948707 -0.17984828
52514168.43959044 -3.0279093 -1.0577766 1.1848848 -0.108912446 -0.2526639 0.944919 -0.17727731
52542786.68959044 -2.9611733 -1.0624228 1.2750683 -0.13031097 -0.26114812 0.9403647 -0.1747428
52571458.68959044 -2.9002378 -1.0694029 1.3601047 -0.15109299 -0.26868883 0.9356728 -0.17173705
52600178.68959044 -2.8383775 -1.0714145 1.4439572 -0.17119876 -0.27669495 0.9304158 -0.16869302
52628937.68959044 -2.7845867 -1.0710704 1.5427642 -0.19138263 -0.28327405 0.9251349 -0.1650876
52657727.68959044 -2.734022 -1.0749805 1.630908 -0.21140905 -0.29059687 0.9191038 -0.16157967
52686543.68959044 -2.688381 -1.0877968 1.7093364 -0.23107603 -0.29579625 0.91322124 -0.15854177
52715379.68959044 -2.6456072 -1.0943627 1.7949046 -0.25065848 -0.3003708 0.9071719 -0.15487733
52744229.68959044 -2.606381 -1.092144 1.8908322 -0.2694595 -0.3046515 0.9011751 -0.14987524
52773090.68959044 -2.5660872 -1.0998633 1.9814714 -0.28883445 -0.30840844 0.89457345 -0.14559291
52801956.68959044 -2.5400465 -1.0945277 2.0641534 -0.30751374 -0.3125958 0.8877413 -0.1401234
52830822.68959044 -2.5142252 -1.0867144 2.154856 -0.32547545 -0.3156247 0.88109195 -0.13462478
52859684.68959044 -2.4847648 -1.0975813 2.2369795 -0.34407142 -0.31930023 0.8732055 -0.13105142
52888533.68959044 -2.4502866 -1.1089412 2.334474 -0.3633313 -0.3210656 0.8654496 -0.1261123
52917366.43959044 -2.433539 -1.109731 2.4201698 -0.38009697 -0.3232117 0.8580772 -0.121507175
52946178.68959044 -2.4151583 -1.1096795 2.5072012 -0.39698425 -0.32200924 0.8513309 -0.11810685
52974967.68959044 -2.4010293 -1.1195115 2.588265 -0.4128433 -0.3212301 0.8443215 -0.11615929
53003729.68959044 -2.3941078 -1.1226326 2.6696053 -0.42847794 -0.32065487 0.83710045 -0.11335735
53032457.68959044 -2.3915987 -1.1155293 2.7441916 -0.4429605 -0.31972107 0.8304693 -0.10901942
53061144.68959044 -2.3878186 -1.1127777 2.8358817 -0.4581438 -0.31697425 0.8238211 -0.104644075
53089792.43959044 -2.389045 -1.106551 2.9132624 -0.4720262 -0.31475964 0.8173571 -0.10022481
53118402.68959044 -2.3902102 -1.1100715 2.9842713 -0.48543906 -0.31169614 0.81103015 -0.09708014
53146971.68959044 -2.4033628 -1.0953772 3.066789 -0.4977229 -0.3096011 0.8048049 -0.0933178
53175497.43959044 -2.410594 -1.0968096 3.1346807 -0.51004386 -0.30760294 0.7980865 -0.091069095
53203977.68959044 -2.429926 -1.0905142 3.2080278 -0.5214509 -0.30509263 0.7919311 -0.08861563
53232409.68959044 -2.4368021 -1.0864846 3.2678332 -0.5317787 -0.3017934 0.7862909 -0.0887631
53260793.68959044 -2.4551728 -1.0875264 3.3415167 -0.5423076 -0.2988416 0.78021747 -0.088638924
53289132.68959044 -2.483634 -1.0872968 3.4051795 -0.55248266 -0.29557768 0.7742906 -0.08871715
53317430.43959044 -2.5100381 -1.0748974 3.4692128 -0.5628481 -0.29206976 0.7683817 -0.08652642
53345685.68959044 -2.5409775 -1.0762042 3.523792 -0.57268 -0.2899515 0.762134 -0.0843652
53373899.68959044 -2.5694613 -1.0723839 3.5865657 -0.5840862 -0.28813332 0.7544689 -0.08123534
53402073.68959044 -2.6045003 -1.0799513 3.6465528 -0.5947824 -0.28757647 0.74677235 -0.07658231
53430207.43959044 -2.6364894 -1.075934 3.7034798 -0.6057078 -0.286376 0.7389517 -0.07111441
53458300.68959044 -2.6725214 -1.0752169 3.7602694 -0.61650103 -0.28610742 0.73062396 -0.06525058
53486351.43959044 -2.7111263 -1.0716857 3.816948 -0.6269969 -0.28492215 0.72258234 -0.059742186
53514358.43959044 -2.7531967 -1.0804745 3.8684196 -0.63631344 -0.28502244 0.7147028 -0.055384655
53542324.68959044 -2.803411 -1.0749087 3.917361 -0.6456535 -0.28460148 0.7068167 -0.050435983
53570249.68959044 -2.8455906 -1.0701481 3.9674487 -0.654954 -0.2835895 0.69898885 -0.04502203
53598136.68959044 -2.887939 -1.0777782 4.0156465 -0.6641329 -0.28369284 0.69050163 -0.04066238
53625984.68959044 -2.9384766 -1.0732589 4.054888 -0.67234975 -0.283312 0.68293875 -0.035704818
53653795.68959044 -2.986874 -1.0762652 4.105858 -0.68151367 -0.2832487 0.6740302 -0.031506684
53681570.43959044 -3.0407045 -1.0827991 4.152345 -0.6899615 -0.2836446 0.66543114 -0.026462669
53709307.68959044 -3.0913434 -1.090367 4.1927276 -0.698274 -0.28421524 0.65661675 -0.022128262
53737008.68959044 -3.1538258 -1.0766134 4.2241726 -0.7053151 -0.28518572 0.64879614 -0.016228285
53764676.68959044 -3.211131 -1.0711806 4.2625346 -0.71344376 -0.2852405 0.6399077 -0.012412226
53792312.68959044 -3.2679334 -1.068931 4.2956066 -0.7212908 -0.28512946 0.6311537 -0.009259468
53819916.43959044 -3.3284035 -1.0701131 4.3258467 -0.72917825 -0.28547248 0.6218942 -0.007221371
53847487.68959044 -3.3900254 -1.0662403 4.3580647 -0.73731357 -0.28515986 0.61239415 -0.0050945547
53875027.68959044 -3.448905 -1.0706581 4.384895 -0.74594235 -0.2851326 0.6018767 -0.0037325805
53902539.43959044 -3.512576 -1.0748415 4.4098797 -0.7543144 -0.28533936 0.59125984 -0.0017383955
53930023.68959044 -3.5792327 -1.0744624 4.4336185 -0.76242894 -0.2852873 0.5807865 0.00052090234
53957481.68959044 -3.6440146 -1.0806897 4.454524 -0.7707535 -0.2861364 0.56926113 0.0026190816
53984910.43959044 -3.710168 -1.0823205 4.4744806 -0.77911884 -0.28640857 0.5576058 0.0044481894
54012314.68959044 -3.7761683 -1.0912774 4.492325 -0.787297 -0.2877784 0.5452509 0.0069627427
54039688.68959044 -3.8442216 -1.0936823 4.5040946 -0.79510725 -0.28919294 0.5329773 0.010352793
54067036.68959044 -3.915327 -1.097901 4.5149136 -0.80271685 -0.29078117 0.5204604 0.014595883
54094359.68959044 -3.9879975 -1.0981253 4.525618 -0.8103711 -0.29159135 0.5078689 0.018505523
54121656.68959044 -4.0585012 -1.1040778 4.534508 -0.81810105 -0.29289067 0.49437204 0.022850072
54148928.68959044 -4.1312275 -1.1070048 4.537934 -0.825355 -0.29390597 0.4812997 0.027552007
54176176.68959044 -4.204301 -1.1107739 4.5360594 -0.83244514 -0.29449224 0.46834013 0.031096118
54203401.68959044 -4.2794333 -1.1156191 4.5380936 -0.8398691 -0.29566634 0.45377582 0.035900977
54230606.68959044 -4.351549 -1.1265066 4.5335374 -0.84741384 -0.2963828 0.43869504 0.039922796
54257791.43959044 -4.428309 -1.1276141 4.5289493 -0.85462743 -0.2963153 0.42392564 0.045785077
54284957.68959044 -4.5051513 -1.1326987 4.5183463 -0.861904 -0.29677454 0.4078619 0.051912952
54312106.68959044 -4.581941 -1.1389205 4.508766 -0.86969084 -0.2955086 0.3910657 0.058139198
54339236.43959044 -4.6567707 -1.1488144 4.4968853 -0.876787 -0.29552272 0.37348396 0.06648881
54366348.43959044 -4.7293644 -1.1515695 4.4780755 -0.8834059 -0.29468957 0.35643667 0.07553217
54393443.68959044 -4.803153 -1.1558722 4.459548 -0.8899763 -0.2935837 0.33858976 0.084307544
54420522.68959044 -4.880373 -1.1627839 4.435647 -0.89622253 -0.2920227 0.32080954 0.09267754
54447589.68959044 -4.9495606 -1.169236 4.4105706 -0.90194905 -0.29038796 0.3029149 0.102006346
54474645.68959044 -5.0247536 -1.1754317 4.3835344 -0.90759677 -0.28829643 0.28424522 0.11116673
54501693.43959044 -5.094571 -1.1820652 4.354744 -0.9127441 -0.28613815 0.26546502 0.120629355
54528736.68959044 -5.1653686 -1.1867166 4.323372 -0.91725755 -0.28387508 0.24687187 0.1307972
54555778.43959044 -5.2334867 -1.1943636 4.2890224 -0.921245 -0.28172618 0.22835651 0.14068183
54582820.68959044 -5.3010745 -1.198572 4.251767 -0.9244675 -0.27975985 0.20996341 0.15168963
54609868.43959044 -5.3657227 -1.2073914 4.2137885 -0.9275085 -0.27755746 0.19191128 0.16081047
54636923.68959044 -5.435818 -1.2132804 4.175585 -0.93008196 -0.27536562 0.17369954 0.17014647
54663984.43959044 -5.498116 -1.215771 4.1305704 -0.9319805 -0.27335143 0.15623121 0.17967549
54691059.68959044 -5.5632153 -1.2232709 4.0888166 -0.93383247 -0.27121088 0.13863073 0.18757163
54718163.43959044 -5.623503 -1.2290249 4.0401716 -0.935115 -0.26912442 0.12144312 0.19591732
54745296.68959044 -5.6796207 -1.2326689 3.9908264 -0.93593705 -0.26690152 0.10487225 0.20441929
54772460.68959044 -5.7375846 -1.2372379 3.9399087 -0.93640727 -0.2646283 0.08805062 0.21297984
54799655.68959044 -5.7881303 -1.2410312 3.8875673 -0.9366984 -0.26209563 0.0725426 0.22054416
54826881.68959044 -5.8487124 -1.2498024 3.829858 -0.93685603 -0.25951415 0.05609149 0.22761145
54854140.43959044 -5.8951983 -1.2531543 3.7738972 -0.9364151 -0.25719857 0.040853053 0.23517378
54881437.68959044 -5.9458647 -1.2611587 3.7146776 -0.93562186 -0.25530463 0.025729733 0.2424238
54908774.68959044 -5.9921837 -1.2608576 3.6457427 -0.93455756 -0.2534193 0.012332633 0.24945687
54936157.68959044 -6.037809 -1.2663136 3.5836446 -0.9339297 -0.25203 -0.0006669631 0.25348762
54963585.68959044 -6.0783277 -1.27263 3.5207033 -0.93340516 -0.25210875 -0.011109455 0.25509354
54991060.43959044 -6.1166267 -1.2642412 3.4462729 -0.9331871 -0.252221 -0.01930869 0.25529101
55018582.68959044 -6.153115 -1.2651265 3.3792067 -0.9331276 -0.25308245 -0.028209519 0.25382382
55046150.68959044 -6.1907096 -1.2741075 3.3097126 -0.93268484 -0.2544427 -0.036335368 0.25305673
55073762.68959044 -6.2231827 -1.2664223 3.2362442 -0.9326247 -0.2545709 -0.044284787 0.25188062
55101414.68959044 -6.2492943 -1.2674437 3.1623964 -0.93234456 -0.25503945 -0.0510438 0.25116336
55129109.68959044 -6.279064 -1.2701819 3.0886948 -0.9323336 -0.25579506 -0.05714897 0.24911259
55156839.68959044 -6.302728 -1.2764506 3.0149803 -0.9323155 -0.25661495 -0.06314268 0.2468797
55184604.68959044 -6.3247147 -1.2734632 2.9375842 -0.9328059 -0.2559628 -0.06820631 0.24434425
55212400.68959044 -6.3407717 -1.269429 2.85294 -0.9330001 -0.25538906 -0.07192122 0.24313499
55240225.68959044 -6.3591743 -1.2649403 2.769534 -0.9337711 -0.25353262 -0.07563317 0.24098226
55268077.68959044 -6.3718634 -1.268863 2.6900196 -0.93473023 -0.2514497 -0.079112925 0.23831418
55295951.68959044 -6.377666 -1.2630911 2.5960588 -0.9353767 -0.25008437 -0.08090161 0.23660794
55323840.68959044 -6.389761 -1.2709668 2.5147963 -0.9359661 -0.2500246 -0.08287454 0.23363905
55351742.43959044 -6.3996806 -1.2619708 2.4287791 -0.93728435 -0.24867135 -0.08450871 0.22917001
55379656.68959044 -6.406189 -1.2587111 2.3325474 -0.9378755 -0.24958344 -0.08537253 0.22540912
55407580.68959044 -6.4083343 -1.2630146 2.2457478 -0.9389726 -0.24985516 -0.085845634 0.22030312
55435513.43959044 -6.411258 -1.2634423 2.1522174 -0.94029784 -0.24970362 -0.08752636 0.21407318
55463453.43959044 -6.419967 -1.2485969 2.0550427 -0.9420036 -0.24847898 -0.087753415 0.20781429
55491404.43959044 -6.4172797 -1.2408369 1.9612641 -0.9437005 -0.24721967 -0.087145954 0.20178543
55519365.68959044 -6.406731 -1.2444439 1.8663604 -0.9447198 -0.24753577 -0.08634635 0.1969135
55547339.68959044 -6.396728 -1.2493193 1.773663 -0.94596374 -0.24752304 -0.085909836 0.1910619
55575330.43959044 -6.3960233 -1.2408283 1.6852331 -0.9477251 -0.24674496 -0.08408226 0.18402234
55603342.43959044 -6.382632 -1.2453127 1.5891731 -0.9491247 -0.24734195 -0.082690366 0.17648403
55631384.68959044 -6.379986 -1.2427034 1.4890225 -0.95036626 -0.24801219 -0.08142071 0.16930631
55659459.68959044 -6.367991 -1.2333379 1.3915586 -0.9519198 -0.24827884 -0.079544 0.16086987
55687574.68959044 -6.3607216 -1.2252376 1.2925148 -0.9533201 -0.24908628 -0.0773276 0.15217534
55715733.43959044 -6.3430247 -1.2304591 1.1933656 -0.95426095 -0.25103682 -0.07518848 0.14392126
55743944.68959044 -6.3219047 -1.2215471 1.0897737 -0.955537 -0.2516305 -0.07270979 0.13544157
55772216.68959044 -6.311141 -1.2077175 0.98178816 -0.956777 -0.2516542 -0.07189062 0.12680592
55800556.68959044 -6.3037243 -1.2013024 0.87371516 -0.95789045 -0.2511606 -0.07089586 0.119741455
55828971.68959044 -6.2818365 -1.1927395 0.76673985 -0.9588669 -0.2510367 -0.069918215 0.11254512
55857465.43959044 -6.2606006 -1.194833 0.66616344 -0.95949966 -0.25174585 -0.06776714 0.10673404
55886049.43959044 -6.2436724 -1.1857789 0.55201435 -0.96036786 -0.2516364 -0.067126065 0.099331886
55914729.68959044 -6.2218785 -1.1674314 0.44002008 -0.96139723 -0.25104228 -0.06435628 0.092474185
55943512.68959044 -6.206368 -1.1617 0.32621503 -0.96239275 -0.25088698 -0.062911846 0.08305468
55972408.43959044 -6.18687 -1.1610767 0.21304798 -0.96324563 -0.25169778 -0.059616752 0.072470844
56001427.68959044 -6.161771 -1.154276 0.100741625 -0.9646274 -0.25025272 -0.055552658 0.06149372
56030578.68959044 -6.1387057 -1.147174 -0.014203668 -0.9661243 -0.24782717 -0.05088275 0.050956637
