28361871.689590443 -0.0 -0.0 -0.0 -0.0 -0.0 1.0 -0.0
28386138.689590443 -0.0 -0.0 -0.0 -0.0 -0.0 1.0 -0.0
28410404.689590443 -0.0 -0.0 -0.0 -0.0 -0.0 1.0 -0.0
28434673.689590443 0.00086602283 -0.0017120074 -0.0009981638 0.0014230054 -0.0015703974 0.99998695 0.0046601426
28458943.689590443 0.00086602283 -0.0017120074 -0.0009981638 0.0014230054 -0.0015703974 0.99998695 0.0046601426
28483215.689590443 0.00086602283 -0.0017120074 -0.0009981638 0.0014230054 -0.0015703974 0.99998695 0.0046601426
28507492.689590443 0.00086602283 -0.0017120074 -0.0009981638 0.0014230054 -0.0015703974 0.99998695 0.0046601426
28531774.439590443 0.00086602283 -0.0017120074 -0.0009981638 0.0014230054 -0.0015703974 0.99998695 0.0046601426
28556061.439590443 0.003474028 -0.008132165 -0.0028996202 0.0038150263 -0.005261102 0.9998924 0.013154535
28580353.439590443 0.003474028 -0.008132165 -0.0028996202 0.0038150263 -0.005261102 0.9998924 0.013154535
28604653.689590443 0.003474028 -0.008132165 -0.0028996202 0.0038150263 -0.005261102 0.9998924 0.013154535
28628961.689590443 0.003474028 -0.008132165 -0.0028996202 0.0038150263 -0.005261102 0.9998924 0.013154535
28653279.689590443 0.003474028 -0.008132165 -0.0028996202 0.0038150263 -0.005261102 0.9998924 0.013154535
28677609.689590443 0.0056034187 -0.016330106 -0.008678467 0.0052173836 -0.012987863 0.9996797 0.02108613
28701949.689590443 0.0056034187 -0.016330106 -0.008678467 0.0052173836 -0.012987863 0.9996797 0.02108613
28726301.689590443 0.0056034187 -0.016330106 -0.008678467 0.0052173836 -0.012987863 0.9996797 0.02108613
28750665.689590443 0.0017418204 -0.022947775 -0.01797706 0.004627042 -0.012835353 0.99965847 0.02229267
28775041.689590443 -0.00025181184 -0.027736029 -0.02620047 0.0064408095 -0.013721944 0.99961513 0.023236237
28799427.439590443 -0.00025181184 -0.027736029 -0.02620047 0.0064408095 -0.013721944 0.99961513 0.023236237
28823824.689590443 -0.0043460033 -0.0341071 -0.04025707 0.002429394 -0.015365676 0.9997121 0.018270405
28848232.439590443 -0.0043460033 -0.0341071 -0.04025707 0.002429394 -0.015365676 0.9997121 0.018270405
28872646.689590443 -0.0043460033 -0.0341071 -0.04025707 0.002429394 -0.015365676 0.9997121 0.018270405
28897062.689590443 -0.014803258 -0.04080763 -0.06012439 -0.0062320568 -0.015178434 0.99984 0.0071237823
28921477.689590443 -0.017176801 -0.040850595 -0.06662195 -0.010531491 -0.014458212 0.99983495 0.0031974716
28945888.439590443 -0.009898748 -0.03894648 -0.053974178 -0.015308608 -0.015753057 0.9997583 -0.000950147
28970290.689590443 -0.013179562 -0.039392564 -0.055380907 -0.018507555 -0.014458392 0.9997191 -0.003196511
28994681.689590443 -0.016841974 -0.044669073 -0.062874116 -0.021619616 -0.01509142 0.9996429 -0.0043674423
29019059.689590443 -0.020083724 -0.048705284 -0.06650283 -0.02406097 -0.014813962 0.9995851 -0.0055873785
29043426.439590443 -0.022897175 -0.050461613 -0.0687094 -0.027140431 -0.015103241 0.9994979 -0.006279712
29067779.689590443 -0.026501486 -0.05850904 -0.073672146 -0.028931359 -0.015955122 0.9994219 -0.0080200555
29092117.689590443 -0.0275416 -0.068757184 -0.08358894 -0.031713925 -0.016671095 0.99931824 -0.008907689
29116440.439590443 -0.029170891 -0.07716537 -0.088548996 -0.03351929 -0.015768941 0.99926335 -0.010028786
29140751.689590443 -0.031968668 -0.08552375 -0.09182488 -0.035652813 -0.015950998 0.99920654 -0.007788025
29165049.689590443 -0.033133496 -0.094815895 -0.096491806 -0.03654941 -0.014244119 0.9991956 -0.008332227
29189337.439590443 -0.03766307 -0.10684492 -0.10225392 -0.03589008 -0.016752569 0.9991868 -0.0075549637
29213617.689590443 -0.039821006 -0.114331804 -0.10653594 -0.036443576 -0.017313119 0.99917024 -0.0055701234
29237893.689590443 -0.04374169 -0.12393559 -0.11256262 -0.037558928 -0.017487723 0.99913234 -0.0042681796
29262166.439590443 -0.04379594 -0.13590236 -0.1156694 -0.038317796 -0.015667338 0.9991259 -0.0058187502
29286441.689590443 -0.044793192 -0.1450051 -0.11864127 -0.037900537 -0.011948863 0.99919736 -0.0050389203
29310720.689590443 -0.052307338 -0.15538277 -0.11610539 -0.035430536 -0.007856599 0.9993122 -0.007619124
29335004.689590443 -0.057831075 -0.16853333 -0.12141452 -0.034051888 -0.0071911067 0.9993657 -0.007549511
29359290.689590443 -0.05650332 -0.1803327 -0.12731291 -0.035580277 -0.004653123 0.99933106 -0.007060611
29383589.439590443 -0.062151928 -0.19530123 -0.13066119 -0.034996744 -0.0052528256 0.99934757 -0.007227102
29407908.689590443 -0.06160879 -0.20196031 -0.13213228 -0.035206534 -0.00682136 0.9993457 -0.0047176974
29432243.689590443 -0.06377621 -0.21875274 -0.13788877 -0.03473921 -0.007570361 0.9993497 -0.0060134265
29456595.689590443 -0.064793035 -0.23018058 -0.13873243 -0.034677062 -0.0049310224 0.9993542 -0.008029715
29480965.689590443 -0.066499285 -0.23953158 -0.14227624 -0.03461648 -0.006020688 0.99935627 -0.0072489646
29505354.689590443 -0.063131124 -0.25190976 -0.14387344 -0.03687853 -0.0045829965 0.99927765 -0.007948204
29529752.439590443 -0.06602923 -0.2704014 -0.14703228 -0.03558252 -0.0024481362 0.99929243 -0.011940703
29554170.689590443 -0.06872102 -0.28234616 -0.15143825 -0.035082817 -0.0012373856 0.9992519 -0.016227614
29578618.439590443 -0.069483116 -0.29949403 -0.15752052 -0.036196154 0.00016198758 0.9991341 -0.020514091
29603085.439590443 -0.070642576 -0.31333613 -0.15984528 -0.036637608 0.002155531 0.9989906 -0.025901359
29627568.689590443 -0.07084082 -0.32521853 -0.15349983 -0.038733006 0.0019804274 0.9988237 -0.029105723
29652065.439590443 -0.07578746 -0.33543277 -0.15486805 -0.039151438 -0.00080461917 0.99880403 -0.029276282
29676574.689590443 -0.07674377 -0.35146526 -0.16005991 -0.03956502 0.000322222 0.9986893 -0.032467954
29701093.689590443 -0.07961218 -0.3633962 -0.15827675 -0.040590513 9.1505804e-05 0.9985451 -0.03549695
29725621.689590443 -0.08214409 -0.38116834 -0.15473792 -0.040749975 0.0010515727 0.99837625 -0.039790533
29750157.689590443 -0.080423035 -0.39603922 -0.15655278 -0.040790893 0.0018468484 0.9982679 -0.042355258
29774702.689590443 -0.08369197 -0.41482103 -0.16141166 -0.041391294 -0.00080401014 0.998143 -0.044684354
29799254.689590443 -0.08016587 -0.43016914 -0.1642535 -0.042163383 -0.00012964592 0.99798465 -0.047423292
29823815.689590443 -0.084383115 -0.44244328 -0.15936986 -0.041311704 -0.0017751419 0.9978993 -0.049871564
29848381.439590443 -0.08635841 -0.4642451 -0.15576638 -0.040836647 -0.0012920769 0.9978035 -0.052143183
29872957.689590443 -0.085549556 -0.4806608 -0.15646541 -0.040254463 -0.00054288 0.9977548 -0.05352283
29897543.689590443 -0.093319915 -0.49953723 -0.13840109 -0.038555004 -0.006152448 0.99767554 -0.055850193
29922139.689590443 -0.08329805 -0.52107817 -0.13419166 -0.041261934 -0.0032704298 0.9974879 -0.05748623
29946748.439590443 -0.08457952 -0.5391796 -0.12830454 -0.04077125 -0.0030571811 0.9975037 -0.057573754
29971374.439590443 -0.086783305 -0.54959196 -0.12607022 -0.03955078 -0.0033573986 0.99775 -0.05403242
29996015.689590443 -0.08289849 -0.57618856 -0.11531799 -0.040398676 -0.003357725 0.99745613 -0.058633517
30020678.439590443 -0.0855606 -0.59039503 -0.10317633 -0.040352367 -0.002757922 0.9973424 -0.060598865
30045363.689590443 -0.088098 -0.6100513 -0.098732755 -0.03992405 -0.0019334727 0.997169 -0.063689575
30070074.689590443 -0.082382075 -0.62681043 -0.08921619 -0.042503554 -0.001184779 0.9968698 -0.06665343
30094814.689590443 -0.08427984 -0.64544606 -0.08665747 -0.043322194 -0.0017562116 0.99666315 -0.069156885
30119583.689590443 -0.08300442 -0.6632864 -0.07603912 -0.045033492 -0.0028486422 0.99639934 -0.0717787
30144382.689590443 -0.082727425 -0.6795481 -0.05954396 -0.046742562 -0.0012919306 0.996121 -0.0745428
30169209.689590443 -0.08218811 -0.7022985 -0.050760366 -0.048779037 -0.0014036456 0.9958044 -0.07741012
30194066.439590443 -0.07965722 -0.71906346 -0.03514445 -0.051457416 -0.00091651094 0.99544686 -0.08023089
30218951.689590443 -0.080248855 -0.74148935 -0.02080733 -0.05358818 -0.0020468167 0.9949599 -0.08472865
30243851.689590443 -0.08136687 -0.7620217 -0.004587534 -0.056230433 -0.0024104721 0.9944107 -0.08932938
30268779.439590443 -0.08060403 -0.7795439 0.017694531 -0.05879044 -0.002444081 0.99375725 -0.094786204
30293751.689590443 -0.08039578 -0.8024888 0.033372387 -0.061449006 -0.00286669 0.9929871 -0.10095792
30318750.689590443 -0.07814175 -0.82147765 0.056897234 -0.06426321 -0.0029488236 0.9922849 -0.10598264
30343776.689590443 -0.076503515 -0.8426684 0.078029715 -0.06666477 -0.0026679484 0.9916139 -0.110682465
30368827.689590443 -0.07478421 -0.8626514 0.102442056 -0.06913861 -0.0022136474 0.9909271 -0.115232356
30393903.439590443 -0.073797666 -0.88535374 0.12851746 -0.07190255 -0.0054330956 0.9902926 -0.11883259
30419004.689590443 -0.071119726 -0.90540546 0.15399495 -0.07470444 -0.008662727 0.9897165 -0.1216783
30444133.439590443 -0.069757834 -0.9311296 0.18557467 -0.07732512 -0.014056196 0.9890489 -0.12492237
30469288.689590443 -0.06897109 -0.9497585 0.21760267 -0.079843305 -0.018303921 0.9886142 -0.1262222
30494473.689590443 -0.06580805 -0.9763941 0.2487783 -0.08329235 -0.022999058 0.9879632 -0.12830524
30519688.689590443 -0.066868186 -0.99644136 0.28551337 -0.08579561 -0.026146825 0.98754436 -0.12927336
30544934.439590443 -0.06725091 -1.0168104 0.32092857 -0.088220134 -0.027958205 0.98710614 -0.13060266
30570213.689590443 -0.06811413 -1.0397189 0.3594541 -0.09105164 -0.028716449 0.9864664 -0.13330069
30595525.439590443 -0.06789142 -1.0688314 0.39616317 -0.09349587 -0.028129859 0.9856844 -0.13745381
30620871.689590443 -0.07100183 -1.0918283 0.43849018 -0.09560304 -0.028185524 0.9850477 -0.14052315
30646254.689590443 -0.07135583 -1.1143034 0.48335424 -0.09842522 -0.027868861 0.98438746 -0.14323848
30671675.689590443 -0.074164055 -1.133049 0.52675617 -0.10101656 -0.028395781 0.983818 -0.14522916
30697134.439590443 -0.07276768 -1.1616906 0.5677753 -0.10419264 -0.028569786 0.9832506 -0.14678568
30722630.439590443 -0.07766791 -1.183397 0.6175191 -0.10667701 -0.029565101 0.98273057 -0.14827907
30748168.689590443 -0.08086433 -1.20206 0.68634164 -0.10918697 -0.028081363 0.9826438 -0.14731221
30773749.689590443 -0.0858083 -1.2293217 0.7423155 -0.11158071 -0.028015928 0.9823857 -0.14725257
30799376.439590443 -0.097616255 -1.2494224 0.8002378 -0.11359214 -0.028455013 0.98227423 -0.14637116
30825051.689590443 -0.10251593 -1.27428 0.8562119 -0.116126396 -0.027202714 0.9821084 -0.14573184
30850779.439590443 -0.10583853 -1.2936606 0.91986316 -0.11874643 -0.026305823 0.9821204 -0.14368998
30876560.689590443 -0.12163807 -1.3225666 0.9926358 -0.12029078 -0.02451518 0.98195064 -0.1438824
30902396.689590443 -0.12413703 -1.3498964 1.055537 -0.12270165 -0.021496499 0.9816966 -0.14406258
30928290.689590443 -0.13761897 -1.3699336 1.1253066 -0.12508553 -0.019517908 0.98145884 -0.14391407
30954244.689590443 -0.13999163 -1.3855908 1.1999187 -0.12742524 -0.017291587 0.9812359 -0.14366621
30980263.689590443 -0.14924386 -1.4027693 1.270878 -0.12971327 -0.0149735715 0.98109645 -0.14282872
31006348.689590443 -0.16982289 -1.4148017 1.3558403 -0.13191465 -0.0141085535 0.98108184 -0.14098892
31032506.689590443 -0.18009476 -1.4450794 1.4241769 -0.13506077 -0.012481373 0.9806795 -0.14096287
31058740.689590443 -0.18677929 -1.456446 1.5102061 -0.13751474 -0.0129415225 0.9804876 -0.1398798
31085053.689590443 -0.20152348 -1.478509 1.5838875 -0.1396432 -0.01321776 0.98033744 -0.13879329
31111448.439590443 -0.20890084 -1.5011052 1.6738684 -0.14251444 -0.013393718 0.9799841 -0.13835269
31137924.689590443 -0.23368967 -1.5122504 1.7538491 -0.14555085 -0.013768574 0.9796768 -0.13732764
31164443.439590443 -0.23800498 -1.5383929 1.8277459 -0.14976153 -0.01363052 0.97915906 -0.13650426
31191047.689590443 -0.25128996 -1.5493128 1.9244227 -0.1530465 -0.01478021 0.97871244 -0.13594215
31217785.689590443 -0.2663183 -1.5582716 2.0143504 -0.15788862 -0.016106509 0.97816944 -0.13415071
31244613.689590443 -0.26820856 -1.5789111 2.1160235 -0.16316296 -0.019100579 0.9774367 -0.13278034
31271526.689590443 -0.29324126 -1.5804898 2.2118297 -0.16787116 -0.022528745 0.9769029 -0.13027911
31298520.689590443 -0.29542997 -1.6078458 2.3060899 -0.17380795 -0.026845315 0.9758807 -0.12933356
31325592.439590443 -0.3042574 -1.6389166 2.3973799 -0.17999603 -0.030729743 0.97471523 -0.12879203
31352739.689590443 -0.32922858 -1.6383721 2.5043206 -0.18544908 -0.036223333 0.97385246 -0.12612692
31379959.689590443 -0.3354233 -1.6555952 2.6090066 -0.19193093 -0.040918123 0.9726077 -0.124590054
31407246.689590443 -0.3580234 -1.654535 2.7093048 -0.19763215 -0.045959163 0.9714879 -0.12264059
31434596.689590443 -0.39337957 -1.6632912 2.8154597 -0.20346329 -0.050040897 0.9702937 -0.12094968
31462004.689590443 -0.41180176 -1.666945 2.9298549 -0.20993243 -0.054723576 0.96891826 -0.11887452
31489465.689590443 -0.41968054 -1.6961832 3.027692 -0.21751827 -0.059689578 0.967022 -0.11828553
31516974.689590443 -0.45306626 -1.6992819 3.1456447 -0.22506759 -0.0644633 0.96527267 -0.115921535
31544525.689590443 -0.4901106 -1.6982061 3.2346041 -0.2310094 -0.07040258 0.96368504 -0.113970555
31572114.689590443 -0.5020979 -1.7176048 3.3380797 -0.23913945 -0.0763833 0.96140456 -0.11260234
31599736.689590443 -0.5608882 -1.6999571 3.4696162 -0.2459955 -0.08203113 0.9595477 -0.10966001
31627385.689590443 -0.58416414 -1.7096488 3.597474 -0.25429988 -0.08740911 0.95709974 -0.107941635
31655054.689590443 -0.60087866 -1.7368753 3.6988199 -0.26275894 -0.093376435 0.95434743 -0.10704958
31682741.689590443 -0.65199673 -1.7043867 3.8246598 -0.27120128 -0.098503426 0.9518349 -0.10371753
31710443.439590443 -0.6727015 -1.7347014 3.9565742 -0.28158087 -0.10459375 0.94830394 -0.10243121
31738151.689590443 -0.70710844 -1.7534907 4.081695 -0.29207113 -0.10934518 0.94469595 -0.101428166
31765863.689590443 -0.71818 -1.7885398 4.1964774 -0.30203828 -0.11617018 0.9408604 -0.100295246
31793573.689590443 -0.75457907 -1.7811556 4.324832 -0.31325057 -0.12124152 0.93677783 -0.09809124
31821274.439590443 -0.8009777 -1.7599247 4.472058 -0.3245528 -0.1256562 0.9326035 -0.09553472
31848963.439590443 -0.85455656 -1.7863035 4.5626154 -0.3351053 -0.13034803 0.92829543 -0.094770335
31876638.689590443 -0.8924381 -1.8172216 4.678386 -0.34660038 -0.13484417 0.9234571 -0.09440456
31904296.689590443 -0.9475851 -1.8065194 4.7950253 -0.3577283 -0.13796014 0.91890097 -0.09283644
31931933.689590443 -0.99960965 -1.7973201 4.9384165 -0.36863604 -0.14140666 0.9142166 -0.09121237
31959548.689590443 -1.0628374 -1.7992402 5.0484543 -0.37916562 -0.14441764 0.90952855 -0.090193555
31987137.689590443 -1.1159796 -1.8056965 5.173647 -0.39040372 -0.14653432 0.9044844 -0.08955864
32014699.689590443 -1.1826614 -1.811573 5.295411 -0.40096158 -0.14812532 0.89959246 -0.0895665
32042230.689590443 -1.2507213 -1.8248225 5.4096293 -0.4116094 -0.14964285 0.89449936 -0.08975385
32069727.689590443 -1.3092692 -1.816798 5.538589 -0.42302844 -0.14943716 0.88921356 -0.08952521
32097190.689590443 -1.3750803 -1.8132896 5.6581554 -0.43415797 -0.1476108 0.88401085 -0.090789504
32124636.689590443 -1.4671141 -1.8204441 5.781918 -0.444242 -0.14647067 0.87904495 -0.092061736
32152044.439590443 -1.5455816 -1.8054892 5.8790064 -0.45434323 -0.14495647 0.8740634 -0.09259151
32179391.689590443 -1.6238815 -1.8057146 5.99693 -0.46471432 -0.14438263 0.8686231 -0.09321127
32206691.439590443 -1.701448 -1.8062977 6.1143365 -0.47577956 -0.14473005 0.8625612 -0.09314042
32233947.439590443 -1.7803693 -1.7977325 6.22436 -0.48621723 -0.14933707 0.8561276 -0.09130577
32261159.689590443 -1.8677732 -1.8030317 6.3419247 -0.49739474 -0.15439539 0.84905726 -0.08866911
32288327.689590443 -1.9575955 -1.7944374 6.443498 -0.5087233 -0.1619669 0.8413682 -0.08406479
32315448.439590443 -2.0370097 -1.8034072 6.5684085 -0.5212234 -0.17105515 0.8323594 -0.07902109
32342526.689590443 -2.1297984 -1.8067231 6.671977 -0.5337942 -0.1796442 0.8229866 -0.074059054
32369562.689590443 -2.2136214 -1.8092136 6.7884955 -0.5479817 -0.18828814 0.8121234 -0.068696804
32396557.689590443 -2.3050845 -1.8118109 6.900055 -0.56150085 -0.19728102 0.8011625 -0.06273483
32423512.689590443 -2.409863 -1.8070811 7.000633 -0.57462573 -0.20611158 0.78997934 -0.05706089
32450428.439590443 -2.5125363 -1.8124468 7.0995665 -0.58740175 -0.21508434 0.7785405 -0.05072266
32477307.689590443 -2.6007557 -1.8104081 7.200987 -0.60015696 -0.22335166 0.76673853 -0.045141753
32504155.689590443 -2.7037961 -1.8075831 7.293977 -0.61212736 -0.23120083 0.7551469 -0.039993104
32530974.689590443 -2.8154707 -1.803543 7.379863 -0.623959 -0.23774192 0.7435545 -0.035786632
32557765.689590443 -2.9202323 -1.8024391 7.4947624 -0.6362837 -0.2435449 0.73136914 -0.030466465
32584531.689590443 -3.035605 -1.7931947 7.5717373 -0.647313 -0.24822693 0.72022027 -0.0255382
32611273.439590443 -3.1454344 -1.791579 7.658809 -0.6591168 -0.2524306 0.70810753 -0.020680321
32637997.689590443 -3.2608657 -1.7840699 7.7414193 -0.67005557 -0.2558246 0.6966747 -0.014959999
32664704.689590443 -3.3838592 -1.7822875 7.822752 -0.6811811 -0.25888652 0.68475497 -0.008989969
32691396.689590443 -3.502697 -1.7863936 7.900634 -0.69201916 -0.26203245 0.6726395 -0.002172736
32718076.689590443 -3.6301584 -1.769073 7.979874 -0.7031684 -0.26409286 0.66013664 0.005368727
32744744.689590443 -3.7645597 -1.7652776 8.047279 -0.7138791 -0.2655376 0.6478489 0.012577007
32771399.439590443 -3.8796573 -1.774215 8.1178465 -0.72471136 -0.26817995 0.6343785 0.020904684
32798039.689590443 -4.0105853 -1.764029 8.175598 -0.7352217 -0.27036408 0.6208531 0.029897153
32824665.689590443 -4.136832 -1.759887 8.2483 -0.74608284 -0.2723236 0.60637796 0.038808763
32851271.689590443 -4.27465 -1.7580463 8.300283 -0.7563411 -0.27444637 0.5918848 0.047955606
32877856.439590443 -4.4123363 -1.7461464 8.356808 -0.7671963 -0.27550966 0.5763566 0.05759683
32904420.689590443 -4.5477552 -1.7458643 8.402245 -0.7778104 -0.27622244 0.5605337 0.067187436
32930961.689590443 -4.6879025 -1.7418697 8.435899 -0.7882627 -0.2763778 0.54438406 0.076833226
32957476.689590443 -4.8284216 -1.7386942 8.472836 -0.79922694 -0.2751428 0.52736294 0.08614572
32983971.689590443 -4.9612284 -1.7357503 8.501236 -0.8103176 -0.27352816 0.50939673 0.09530322
33010444.689590443 -5.1139135 -1.720004 8.521255 -0.82159674 -0.2702677 0.49079415 0.105144024
33036899.689590443 -5.2455864 -1.7085834 8.549373 -0.8336296 -0.2656426 0.47055164 0.114354335
33063342.689590443 -5.388527 -1.7118895 8.557577 -0.8448715 -0.26090023 0.45043486 0.12341659
33089778.689590443 -5.5280275 -1.6998947 8.572016 -0.85598665 -0.25539792 0.429721 0.13190411
33116213.689590443 -5.6649303 -1.6912746 8.571427 -0.86601114 -0.2506492 0.40908477 0.14088722
33142650.689590443 -5.797637 -1.6889819 8.574723 -0.8758343 -0.2460307 0.38750505 0.14907405
33169094.689590443 -5.931386 -1.6753619 8.570858 -0.8845021 -0.24210016 0.3660401 0.15829797
33195542.689590443 -6.062107 -1.667836 8.5602 -0.89278644 -0.23752977 0.3444017 0.16703148
33222004.689590443 -6.1881657 -1.654798 8.541149 -0.9000814 -0.23280732 0.3239877 0.17517486
33248492.689590443 -6.311717 -1.6450069 8.531958 -0.9065081 -0.22847414 0.30284703 0.18527378
33275001.439590443 -6.444788 -1.6323569 8.50987 -0.91196936 -0.22430073 0.28273508 0.1950949
33301537.439590443 -6.5655594 -1.6206732 8.477406 -0.91669387 -0.22108912 0.26287967 0.2041721
33328101.689590443 -6.6822023 -1.611084 8.450109 -0.9208058 -0.2182755 0.24355605 0.2124923
33354700.689590443 -6.7991056 -1.5880237 8.420899 -0.9243696 -0.21633649 0.22493474 0.2194171
33381334.689590443 -6.9033947 -1.5816035 8.3890705 -0.9276447 -0.21582183 0.20761749 0.22313946
33408003.689590443 -7.0074644 -1.5620284 8.3526 -0.931204 -0.21517462 0.19116709 0.22363847
33434708.689590443 -7.113862 -1.5375628 8.303328 -0.93461853 -0.21536003 0.17611136 0.22156976
33461450.689590443 -7.2165327 -1.500711 8.242258 -0.9383921 -0.21403852 0.16251306 0.21724951
33488228.689590443 -7.3083572 -1.4955368 8.197112 -0.9420609 -0.21254757 0.14825512 0.21299148
33515038.439590443 -7.3978624 -1.4685144 8.139662 -0.94584686 -0.20800297 0.13479751 0.20961452
33541882.439590443 -7.487775 -1.4486165 8.083832 -0.94965017 -0.20239367 0.120842874 0.20639385
33568758.43959044 -7.57131 -1.4250488 8.017303 -0.9530614 -0.19589649 0.10774136 0.20418237
33595667.68959044 -7.6525335 -1.416039 7.9577403 -0.9563983 -0.19001621 0.095136955 0.20036249
33622610.68959044 -7.728524 -1.385746 7.88482 -0.9596746 -0.18393296 0.08450188 0.19507146
33649587.68959044 -7.79737 -1.3767443 7.81872 -0.96244365 -0.18066141 0.07432887 0.18851778
33676598.68959044 -7.8652887 -1.3597193 7.7485313 -0.96564525 -0.17668937 0.06462231 0.17925972
33703646.68959044 -7.9371643 -1.3260872 7.668187 -0.9688444 -0.17162654 0.055386744 0.16975637
33730729.68959044 -7.9952545 -1.3135562 7.5955753 -0.97148144 -0.16756621 0.04635552 0.1612346
33757845.68959044 -8.055988 -1.2988179 7.5164165 -0.97386736 -0.16300318 0.036984503 0.15376794
33784992.68959044 -8.117131 -1.2673461 7.418633 -0.97550285 -0.15839395 0.027902087 0.15009016
33812169.68959044 -8.165363 -1.252275 7.334953 -0.97675276 -0.15401097 0.018173948 0.14800125
33839376.68959044 -8.216049 -1.2374358 7.247293 -0.9774547 -0.15082295 0.0080763595 0.14754489
33866612.68959044 -8.267786 -1.2182088 7.156073 -0.9775593 -0.14958659 -0.0010054769 0.14832646
33893879.68959044 -8.320637 -1.2094686 7.0724607 -0.9775635 -0.15050666 -0.009490906 0.14706247
33921169.43959044 -8.3581505 -1.1976271 6.986588 -0.977144 -0.15304556 -0.017590793 0.14648333
33948480.68959044 -8.397741 -1.1791642 6.891049 -0.9768229 -0.1549915 -0.024550991 0.14557451
33975811.68959044 -8.445805 -1.1715488 6.7949843 -0.97659343 -0.15630084 -0.031857863 0.1442928
34003158.68959044 -8.481228 -1.1619647 6.6928134 -0.9764745 -0.15690276 -0.03839299 0.14284624
34030516.68959044 -8.510733 -1.1399477 6.582026 -0.97641414 -0.15643302 -0.045335393 0.14173543
34057879.68959044 -8.550182 -1.1319697 6.4823127 -0.97631913 -0.15671381 -0.052411154 0.139624
34085244.68959044 -8.576031 -1.1182399 6.370125 -0.97629696 -0.1563728 -0.05919433 0.13743305
34112602.68959044 -8.600997 -1.0988026 6.260884 -0.9765221 -0.15564317 -0.06504023 0.13397627
34139951.68959044 -8.622014 -1.0854185 6.149639 -0.97662216 -0.15526077 -0.07094703 0.13065158
34167286.68959044 -8.635237 -1.0787926 6.0453053 -0.9768415 -0.15440217 -0.076539814 0.12681642
34194608.68959044 -8.650625 -1.0657766 5.9272366 -0.9772497 -0.15431449 -0.08095518 0.12089838
34221916.68959044 -8.661379 -1.0629101 5.81828 -0.9778735 -0.15491831 -0.08362002 0.11301102
34249214.68959044 -8.672886 -1.0541575 5.70405 -0.978532 -0.1550053 -0.08640382 0.10479983
34276505.68959044 -8.68266 -1.060997 5.592205 -0.9791873 -0.15489125 -0.088978745 0.096352674
34303787.68959044 -8.689775 -1.0501103 5.456771 -0.9799367 -0.15339495 -0.090874225 0.08908421
34331064.68959044 -8.700896 -1.0420811 5.3352804 -0.98050326 -0.1528425 -0.092922814 0.08135101
34358337.68959044 -8.702093 -1.0469964 5.2212296 -0.9808224 -0.15317135 -0.093792714 0.07569031
34385608.68959044 -8.706974 -1.0582297 5.1050267 -0.98119324 -0.15338174 -0.09405392 0.069912106
34412880.68959044 -8.700019 -1.0497566 4.977577 -0.98150057 -0.1536157 -0.0938077 0.06526148
34440159.68959044 -8.700562 -1.0510737 4.848759 -0.981589 -0.15440765 -0.09386434 0.061893433
34467448.68959044 -8.697762 -1.0507324 4.735865 -0.9819674 -0.1537964 -0.09266279 0.059164852
34494744.68959044 -8.69061 -1.0449859 4.6035337 -0.98231614 -0.15250638 -0.092345074 0.057177342
34522053.68959044 -8.692129 -1.048971 4.4802475 -0.9825674 -0.15150192 -0.09192301 0.056201905
34549382.68959044 -8.676262 -1.0517008 4.3467875 -0.9829382 -0.15030985 -0.09064646 0.05497938
34576733.68959044 -8.675382 -1.0724498 4.2236996 -0.9833883 -0.14889169 -0.08981514 0.05207619
34604107.68959044 -8.670403 -1.0812781 4.091715 -0.98421806 -0.14556602 -0.08861125 0.047679763
34631510.43959044 -8.685188 -1.0863131 3.9376097 -0.9850085 -0.14236975 -0.088482864 0.04074232
34658943.68959044 -8.673597 -1.0949304 3.798483 -0.9856944 -0.13997349 -0.08712698 0.03496936
34686407.68959044 -8.674438 -1.0988373 3.6633077 -0.9861618 -0.13858283 -0.08592779 0.029934658
34713902.68959044 -8.660737 -1.1137462 3.5430408 -0.98640865 -0.13832107 -0.08480811 0.025941433
34741430.43959044 -8.654569 -1.1131744 3.3881435 -0.98661864 -0.1374737 -0.084773146 0.02232074
34768989.68959044 -8.652115 -1.1264234 3.2549496 -0.9866987 -0.13791299 -0.08392586 0.019030906
34796586.43959044 -8.644766 -1.1438348 3.1120143 -0.9867133 -0.13843018 -0.08353116 0.016020216
34824202.43959044 -8.638548 -1.1477578 2.9602065 -0.9869223 -0.13781619 -0.082674146 0.012496287
34851861.68959044 -8.630031 -1.1757739 2.8311014 -0.9870101 -0.13807304 -0.08159913 0.009410432
34879587.68959044 -8.609798 -1.1839725 2.6851978 -0.98712975 -0.13794874 -0.080625184 0.006688053
34907368.68959044 -8.621174 -1.1917353 2.538528 -0.9873779 -0.13624156 -0.080666654 0.004014543
34935205.68959044 -8.613823 -1.1936347 2.3942132 -0.9878744 -0.13305381 -0.079934396 0.0033960124
34963104.43959044 -8.598924 -1.2264663 2.267229 -0.98808295 -0.1320463 -0.07908822 0.00097186636
34991069.68959044 -8.579873 -1.2342263 2.1099744 -0.9884836 -0.12945119 -0.078366235 0.0011461674
35019105.68959044 -8.579139 -1.2230542 1.9425316 -0.9887425 -0.12795664 -0.07755838 0.000409637
35047214.43959044 -8.570018 -1.229902 1.7862835 -0.98894423 -0.12736155 -0.07594323 0.0010173259
35075397.43959044 -8.568914 -1.2506008 1.6352062 -0.9889804 -0.12831254 -0.07382873 0.0017422655
35103656.43959044 -8.556039 -1.2596892 1.4698491 -0.9892148 -0.1279884 -0.07119633 0.0020653913
35131992.68959044 -8.540268 -1.2755775 1.3207004 -0.9894813 -0.12837528 -0.06658267 0.003666401
35160408.43959044 -8.54184 -1.2769208 1.1502705 -0.98976755 -0.12765327 -0.063628376 0.0040416853
35188909.43959044 -8.544698 -1.27524 0.9780805 -0.99001217 -0.12746039 -0.06014891 0.0034544962
35217495.68959044 -8.541765 -1.2834892 0.82235503 -0.9903078 -0.12749839 -0.054901313 0.004530656
35246171.68959044 -8.541177 -1.2928932 0.65871286 -0.99052215 -0.12777984 -0.050136466 0.004957107
35274942.68959044 -8.552506 -1.2837293 0.4907515 -0.9910381 -0.12597778 -0.043887388 0.0068649687
35303813.68959044 -8.541342 -1.2818402 0.32898784 -0.9914563 -0.124638796 -0.037162494 0.009935026
35332786.68959044 -8.549726 -1.2882046 0.16210485 -0.99170905 -0.1240918 -0.030718915 0.013070222
35361866.68959044 -8.541649 -1.3021024 0.0045992136 -0.991823 -0.12423351 -0.023893954 0.016800053
35391057.43959044 -8.548515 -1.2953647 -0.17007387 -0.992008 -0.12335873 -0.016924437 0.020405341
35420360.68959044 -8.535829 -1.2935421 -0.3353385 -0.99207073 -0.12308629 -0.009392285 0.023607118
35449775.68959044 -8.542602 -1.2927164 -0.5096257 -0.9921664 -0.12252639 -0.0033470525 0.024124457
35479301.68959044 -8.538485 -1.2933812 -0.680909 -0.99223155 -0.12226726 0.0031754756 0.022741204
35508936.68959044 -8.535463 -1.295911 -0.8445177 -0.9922477 -0.12179489 0.009701038 0.022724248
35538680.68959044 -8.537158 -1.2873331 -1.0218476 -0.99225223 -0.121549405 0.015201785 0.020741383
35568527.68959044 -8.534802 -1.2824498 -1.2006845 -0.99229336 -0.12068846 0.02085864 0.018796286
35598472.68959044 -8.533393 -1.2617993 -1.3880352 -0.99256426 -0.117595345 0.026051838 0.017572798
35628508.68959044 -8.527903 -1.2563404 -1.5641997 -0.99302125 -0.112606615 0.031693235 0.014971445
35658628.68959044 -8.527368 -1.2384245 -1.7566009 -0.9935813 -0.106376074 0.036215145 0.01299158
35688825.68959044 -8.518877 -1.23675 -1.9386663 -0.9939689 -0.100986555 0.04137579 0.010751464
35719092.68959044 -8.511143 -1.2240332 -2.1253579 -0.9942502 -0.09561503 0.047196418 0.009848455
35749419.68959044 -8.506816 -1.2097026 -2.3104334 -0.9943841 -0.09089867 0.053614926 0.0079484
35779802.68959044 -8.51071 -1.2108612 -2.4874597 -0.9943124 -0.087368086 0.060522284 0.0068393867
35810239.68959044 -8.509401 -1.2074665 -2.66078 -0.9941749 -0.0835465 0.06780107 0.0062799747
35840732.68959044 -8.504244 -1.1868759 -2.8597608 -0.9939266 -0.07896229 0.07640977 0.0060386704
35871281.68959044 -8.507372 -1.173239 -3.0323558 -0.99341536 -0.07566944 0.08587852 0.0050034127
35901886.68959044 -8.501061 -1.1798341 -3.2082653 -0.99251324 -0.07391116 0.09719229 0.002885516
35932539.68959044 -8.497541 -1.1558456 -3.3972216 -0.99138063 -0.07136962 0.10986486 -0.0007714871
35963233.68959044 -8.501444 -1.1490129 -3.5761957 -0.9898283 -0.070106484 0.123680204 -0.0053169183
35993961.68959044 -8.509296 -1.1311332 -3.751709 -0.98779184 -0.06928283 0.13915569 -0.010148026
36024720.68959044 -8.504869 -1.1239015 -3.93227 -0.98504186 -0.0693086 0.15686037 -0.016844993
36055499.68959044 -8.509329 -1.115703 -4.110835 -0.9817448 -0.06946137 0.17536233 -0.024500443
36086289.68959044 -8.51783 -1.108935 -4.2909794 -0.9779498 -0.06989684 0.19400138 -0.03304651
36117083.68959044 -8.513812 -1.0740765 -4.49183 -0.9736897 -0.06932762 0.2130296 -0.041719846
36147874.68959044 -8.513879 -1.0616534 -4.668687 -0.96888995 -0.06964882 0.23223792 -0.049667828
36178654.68959044 -8.517881 -1.0280648 -4.8674183 -0.9637183 -0.069174476 0.2514611 -0.05682704
36209420.68959044 -8.526595 -1.0281985 -5.045789 -0.9580046 -0.069342054 0.2706812 -0.06442478
36240169.43959044 -8.543407 -1.0105219 -5.2131586 -0.9523365 -0.06838536 0.28859577 -0.07135232
36270907.68959044 -8.554647 -0.99368155 -5.381773 -0.9464172 -0.06826254 0.30590996 -0.07780659
36301637.68959044 -8.572045 -1.0014348 -5.5316343 -0.9407122 -0.06947039 0.32177874 -0.08181057
36332352.68959044 -8.596039 -0.98429334 -5.6998024 -0.9349928 -0.06997598 0.3371868 -0.08483461
36363051.68959044 -8.628534 -0.9952439 -5.85713 -0.9292382 -0.07181755 0.35208386 -0.08599794
36393734.68959044 -8.63155 -0.9664948 -6.041952 -0.92346615 -0.07135236 0.36709493 -0.08579359
36424400.68959044 -8.66484 -0.95902705 -6.2086725 -0.91810226 -0.07226759 0.38054702 -0.083962865
36455047.68959044 -8.702511 -0.93433213 -6.375286 -0.91278756 -0.07247141 0.39322776 -0.08329907
36485668.68959044 -8.741416 -0.9175302 -6.529544 -0.90746045 -0.07399983 0.40510473 -0.083245374
36516263.68959044 -8.761374 -0.9195292 -6.6919775 -0.90150917 -0.07597341 0.41758895 -0.0844319
36546840.68959044 -8.788945 -0.9124658 -6.8467636 -0.8952518 -0.07714298 0.43038198 -0.08569987
36577397.68959044 -8.828323 -0.9112512 -6.9968214 -0.88925576 -0.07813992 0.44228145 -0.086634986
36607934.68959044 -8.864366 -0.9093287 -7.147358 -0.8826614 -0.07823469 0.4547836 -0.08921905
36638453.68959044 -8.923526 -0.87616014 -7.289073 -0.87594193 -0.0774962 0.46735495 -0.09110134
36668953.68959044 -8.972105 -0.8762958 -7.4278793 -0.8685838 -0.078077026 0.4801225 -0.09459677
36699433.68959044 -9.01828 -0.8698151 -7.578783 -0.86054176 -0.078367226 0.49390018 -0.09689671
36729893.68959044 -9.072167 -0.868021 -7.7228193 -0.8522363 -0.07827228 0.5076425 -0.09932691
36760325.68959044 -9.126814 -0.85627985 -7.857663 -0.84330267 -0.07819361 0.5219711 -0.10135381
36790729.43959044 -9.185656 -0.85065424 -8.00159 -0.83389074 -0.07838022 0.5363539 -0.10395837
36821098.68959044 -9.234983 -0.85048985 -8.141852 -0.8238007 -0.07822065 0.5511205 -0.10723873
36851425.68959044 -9.297714 -0.85379064 -8.268543 -0.8141215 -0.07744101 0.5646297 -0.11136642
36881705.43959044 -9.366133 -0.8474834 -8.401592 -0.80387545 -0.07746702 0.5785429 -0.11432995
36911933.68959044 -9.429005 -0.85737014 -8.530542 -0.7940055 -0.077366576 0.5913934 -0.117573574
36942103.68959044 -9.494363 -0.8553038 -8.659656 -0.7836565 -0.076491185 0.60453874 -0.12068393
36972209.68959044 -9.557806 -0.8577304 -8.783621 -0.77373314 -0.07629334 0.61662304 -0.123662904
37002247.68959044 -9.626717 -0.863428 -8.91383 -0.76313186 -0.07547596 0.6291411 -0.12694342
37032212.43959044 -9.696368 -0.8632369 -9.032353 -0.7532648 -0.074349426 0.64043283 -0.13003926
37062100.68959044 -9.772894 -0.8778045 -9.158327 -0.7426571 -0.07298168 0.652087 -0.13385369
37091907.43959044 -9.846611 -0.8829975 -9.27052 -0.7326935 -0.07096183 0.6626681 -0.13782501
37121630.68959044 -9.929742 -0.8894203 -9.3834505 -0.722654 -0.06895277 0.67293143 -0.14205666
37151266.68959044 -10.008208 -0.8891969 -9.481358 -0.7129034 -0.066882014 0.68269193 -0.14569582
37180816.68959044 -10.091385 -0.90471 -9.600143 -0.70222485 -0.064401336 0.69290006 -0.1504068
37210276.68959044 -10.172281 -0.9111675 -9.701168 -0.692341 -0.06338165 0.70220006 -0.15349868
37239649.43959044 -10.264057 -0.9246724 -9.805098 -0.682096 -0.061427087 0.71150243 -0.15727738
37268979.68959044 -10.351414 -0.9337056 -9.892816 -0.67212915 -0.05974938 0.7202622 -0.16091846
37298226.68959044 -10.438948 -0.9255414 -9.988073 -0.66214377 -0.058220573 0.72914785 -0.1628478
37327344.68959044 -10.534409 -0.9498981 -10.0794 -0.6520096 -0.056696504 0.7376007 -0.16617545
37356378.68959044 -10.631627 -0.96585983 -10.17655 -0.641586 -0.055208474 0.74621737 -0.16875742
37385334.43959044 -10.725365 -0.97017413 -10.242007 -0.63222677 -0.054420143 0.7539135 -0.17012389
37414212.68959044 -10.824133 -0.9963553 -10.327277 -0.62166595 -0.05420323 0.7623664 -0.17143764
37443010.68959044 -10.9244795 -1.0220748 -10.415194 -0.61085516 -0.054553285 0.77097285 -0.1716997
37471727.68959044 -11.025609 -1.0261513 -10.4698925 -0.60137194 -0.053749446 0.7783891 -0.17196865
37500357.68959044 -11.134932 -1.0253538 -10.594191 -0.5890982 -0.052808043 0.78774905 -0.17212239
37528896.68959044 -11.237175 -1.0440882 -10.662963 -0.5784157 -0.0526466 0.79532844 -0.17354079
37557341.68959044 -11.351588 -1.0586458 -10.724048 -0.567709 -0.05111154 0.8026645 -0.17556718
37585688.68959044 -11.453668 -1.0770085 -10.79619 -0.55600005 -0.049685944 0.8103441 -0.17815061
37613934.43959044 -11.571215 -1.1009011 -10.852071 -0.544761 -0.047149297 0.8174558 -0.18104807
37642075.68959044 -11.668977 -1.1248407 -10.897654 -0.53413695 -0.04428958 0.8240238 -0.18363294
37670114.43959044 -11.791374 -1.1381695 -10.953825 -0.5221721 -0.040822666 0.8316254 -0.18457836
37698050.43959044 -11.905752 -1.1532577 -10.998011 -0.5105419 -0.038140576 0.83880955 -0.18517797
37725882.43959044 -12.020167 -1.164516 -11.030408 -0.49952337 -0.033695944 0.84535414 -0.18632612
37753610.68959044 -12.127741 -1.1932039 -11.076179 -0.48720813 -0.031187546 0.8521632 -0.1883443
37781231.68959044 -12.235208 -1.2043931 -11.105656 -0.47540075 -0.027783504 0.85837156 -0.19084151
37808742.43959044 -12.353931 -1.217055 -11.141282 -0.46261004 -0.023798918 0.86469245 -0.19424881
37836148.43959044 -12.4723835 -1.240088 -11.168714 -0.4503057 -0.01941858 0.87019897 -0.19900148
37863455.43959044 -12.589394 -1.2501591 -11.196674 -0.4374303 -0.015109149 0.8759946 -0.20263241
37890665.43959044 -12.6916275 -1.2751737 -11.214889 -0.42468694 -0.011416163 0.8813834 -0.20657673
37917786.68959044 -12.814297 -1.2824944 -11.227511 -0.41259956 -0.00743152 0.88640803 -0.2097314
37944822.68959044 -12.930782 -1.2972947 -11.2407055 -0.39992595 -0.0033388112 0.89147973 -0.21286651
37971780.68959044 -13.041766 -1.3021989 -11.247057 -0.3875314 0.00039014526 0.89642584 -0.21503475
37998666.43959044 -13.156538 -1.3114768 -11.235097 -0.37565985 0.0047244723 0.90090525 -0.21731831
38025485.43959044 -13.27486 -1.3213822 -11.238254 -0.36298743 0.007319619 0.9058336 -0.21829355
38052240.68959044 -13.391235 -1.327029 -11.234042 -0.35089248 0.010376643 0.9104537 -0.2187257
38078934.68959044 -13.497373 -1.3575325 -11.232251 -0.33806857 0.01304252 0.91510975 -0.2193482
38105572.68959044 -13.621678 -1.370592 -11.230415 -0.3238425 0.015334635 0.920396 -0.21854557
38132156.68959044 -13.736724 -1.3818876 -11.214763 -0.3106287 0.018515259 0.9250866 -0.21767363
38158686.68959044 -13.850771 -1.3820771 -11.196449 -0.29730582 0.02167366 0.9298147 -0.21583377
38185161.68959044 -13.947872 -1.4233396 -11.179858 -0.28400144 0.024551932 0.9335469 -0.21732625
38211581.68959044 -14.062498 -1.433258 -11.154646 -0.2708678 0.02741602 0.9374769 -0.21683219
38237949.68959044 -14.1713 -1.44737 -11.128492 -0.25740653 0.030472757 0.94110596 -0.21710096
38264263.68959044 -14.29915 -1.4328425 -11.09332 -0.24369964 0.03391135 0.9445862 -0.21729575
38290521.68959044 -14.409395 -1.4678898 -11.065448 -0.22962151 0.03637551 0.9477049 -0.2186466
38316726.68959044 -14.516141 -1.4695768 -11.023783 -0.21629222 0.04016016 0.95074373 -0.21838331
38342879.43959044 -14.630124 -1.4882923 -10.984015 -0.20148098 0.04343577 0.95387447 -0.21827102
38368984.68959044 -14.732594 -1.4919217 -10.938259 -0.18696484 0.04784124 0.95696694 -0.21672505
38395044.68959044 -14.848319 -1.5037258 -10.879825 -0.17226957 0.05044813 0.95999557 -0.214911
38421059.68959044 -14.942223 -1.5141081 -10.834891 -0.15692765 0.05497107 0.96284175 -0.21280915
38447030.68959044 -15.037447 -1.5258096 -10.780822 -0.14163236 0.059119254 0.9652049 -0.21171857
38472959.43959044 -15.139623 -1.5286856 -10.717673 -0.12592705 0.06363299 0.9674009 -0.21030639
38498852.43959044 -15.234288 -1.5447962 -10.664692 -0.11063382 0.06777194 0.9690635 -0.20995983
38524711.68959044 -15.32362 -1.5605896 -10.591749 -0.09519491 0.072794266 0.9704545 -0.20942067
38550542.68959044 -15.416716 -1.5617855 -10.525274 -0.0795497 0.07804201 0.9717693 -0.20795627
38576346.68959044 -15.511637 -1.5837401 -10.46497 -0.06313581 0.08287649 0.9730552 -0.20569162
38602129.68959044 -15.598761 -1.5896719 -10.387586 -0.047263145 0.08838734 0.9740282 -0.20303443
38627890.68959044 -15.687596 -1.6007581 -10.320013 -0.030854851 0.09288547 0.9749948 -0.1995134
38653634.68959044 -15.783007 -1.6120667 -10.231326 -0.013975779 0.09778234 0.9754908 -0.19662431
38679361.68959044 -15.861413 -1.6312773 -10.163435 0.0023810768 0.10191535 0.9757152 -0.19387487
38705073.68959044 -15.947392 -1.641079 -10.075678 0.01819894 0.10757918 0.9755306 -0.1908813
38730772.43959044 -16.016006 -1.6299357 -9.986638 0.033696547 0.112668 0.97514135 -0.1878027
38756459.68959044 -16.082912 -1.6445515 -9.903623 0.049693234 0.116959475 0.97441196 -0.18539815
38782133.68959044 -16.145405 -1.6621885 -9.820253 0.064801134 0.12136047 0.9732807 -0.18383984
38807798.68959044 -16.21715 -1.6864308 -9.739397 0.08077331 0.12539086 0.9718984 -0.18211654
38833454.68959044 -16.297167 -1.6852114 -9.635899 0.09674244 0.13111572 0.9700312 -0.18024756
38859099.68959044 -16.360918 -1.6853766 -9.52845 0.112367235 0.13587923 0.9680902 -0.1780784
38884734.68959044 -16.414139 -1.7061102 -9.432979 0.12729076 0.1404435 0.96576333 -0.1771268
38910361.43959044 -16.475119 -1.7131255 -9.336212 0.14235963 0.1453587 0.96332437 -0.17495936
38935984.68959044 -16.515585 -1.7280366 -9.259908 0.15768212 0.15068193 0.9604374 -0.17318016
38961603.68959044 -16.562418 -1.7321315 -9.155146 0.17314962 0.15552391 0.9574533 -0.17063029
38987222.68959044 -16.624596 -1.7279979 -9.053823 0.1888167 0.16187125 0.9539295 -0.16782294
39012841.68959044 -16.654253 -1.7534428 -8.958541 0.20352547 0.16746001 0.9502461 -0.16603318
39038459.68959044 -16.702436 -1.7779988 -8.863159 0.21953355 0.17264932 0.9460552 -0.16424632
39064077.68959044 -16.731392 -1.7819433 -8.749717 0.23425177 0.17975485 0.94158214 -0.16197991
39089701.68959044 -16.761322 -1.7931923 -8.641679 0.24944426 0.1864323 0.93672323 -0.15990655
39115333.68959044 -16.798317 -1.7994537 -8.537607 0.26423824 0.19407985 0.9314995 -0.15754351
39140973.68959044 -16.817368 -1.8079479 -8.436465 0.27971962 0.20089337 0.92586 -0.15550603
39166627.68959044 -16.835136 -1.8082632 -8.324917 0.29404804 0.20847647 0.9201398 -0.15302362
39192311.43959044 -16.846138 -1.8102716 -8.213448 0.30867788 0.21579078 0.9140182 -0.15074174
39218018.43959044 -16.853724 -1.8187184 -8.101046 0.32341465 0.22252135 0.907741 -0.14796458
39243751.43959044 -16.862682 -1.8115643 -7.9963903 0.33808228 0.22931542 0.9011513 -0.14505607
39269514.68959044 -16.872087 -1.824961 -7.891274 0.35243618 0.23493034 0.89454174 -0.1427994
39295312.68959044 -16.855759 -1.8183556 -7.7834573 0.36601946 0.24155605 0.887697 -0.14026572
39321149.68959044 -16.8417 -1.8343965 -7.6839924 0.3795765 0.24756332 0.8807034 -0.13782512
39347025.68959044 -16.834892 -1.8428769 -7.574494 0.39379865 0.25324365 0.87329006 -0.13473985
39372943.68959044 -16.81958 -1.8425949 -7.468256 0.4077009 0.25784907 0.86593914 -0.13207324
39398899.68959044 -16.8027 -1.8352249 -7.366824 0.42087653 0.26326233 0.85847056 -0.12877914
39424893.68959044 -16.769852 -1.8330562 -7.273835 0.43366942 0.2673458 0.8512798 -0.12561828
39450925.68959044 -16.761225 -1.8592179 -7.1777124 0.44682333 0.2722889 0.8432858 -0.12278778
39476993.68959044 -16.729654 -1.8510566 -7.0703897 0.4602151 0.2754069 0.8355117 -0.11947155
39503095.68959044 -16.69907 -1.8505423 -6.9668684 0.47332972 0.27714413 0.8279068 -0.11713493
39529233.68959044 -16.654108 -1.8418117 -6.8779783 0.48582712 0.27901042 0.8205699 -0.11309459
39555408.68959044 -16.593822 -1.8318939 -6.790658 0.4976589 0.28092128 0.813315 -0.10925916
39581621.68959044 -16.540163 -1.836441 -6.700492 0.5094048 0.27991694 0.8066857 -0.106825024
39607877.43959044 -16.489285 -1.8376331 -6.618722 0.5208258 0.27924052 0.80000734 -0.10369916
39634172.68959044 -16.425459 -1.84308 -6.5408707 0.5317818 0.27832353 0.7935147 -0.1003923
39660509.68959044 -16.36707 -1.8011045 -6.449703 0.54209906 0.27566013 0.787942 -0.096371934
39686885.68959044 -16.300266 -1.7926521 -6.3538036 0.55205274 0.27180403 0.78266346 -0.09379944
39713303.68959044 -16.23924 -1.7895684 -6.277836 0.5613897 0.267014 0.7779359 -0.09143864
39739760.68959044 -16.169504 -1.7802649 -6.211009 0.5695738 0.26172748 0.77409136 -0.08869614
39766254.68959044 -16.08462 -1.7730155 -6.1268454 0.5772038 0.2557614 0.7706608 -0.08662504
39792782.68959044 -16.005503 -1.7704933 -6.043231 0.5830626 0.25214335 0.76776963 -0.0836158
39819346.68959044 -15.913614 -1.7527223 -5.9780884 0.5876301 0.24817486 0.7658633 -0.08095451
39845942.43959044 -15.825149 -1.7399275 -5.9012566 0.5917037 0.2442605 0.7641993 -0.07888597
39872572.68959044 -15.732301 -1.7407823 -5.834343 0.5939194 0.24250537 0.76318055 -0.077501275
39899233.68959044 -15.646877 -1.7275207 -5.7547894 0.5960651 0.23793328 0.76312757 -0.0756997
39925928.68959044 -15.54754 -1.718205 -5.6887264 0.5973279 0.23378551 0.7635134 -0.07477341
39952655.68959044 -15.458793 -1.7130885 -5.6060295 0.59869987 0.22820723 0.76407343 -0.07531128
39979416.68959044 -15.339729 -1.7018657 -5.547179 0.59876627 0.22270067 0.7657409 -0.07432563
40006209.68959044 -15.227333 -1.6936302 -5.48596 0.5990853 0.21649747 0.7672467 -0.07455366
40033037.68959044 -15.111372 -1.693512 -5.4172935 0.59891427 0.21143183 0.7686978 -0.075512
40059902.68959044 -15.006699 -1.6819496 -5.3621807 0.5982858 0.20581861 0.770631 -0.07629316
40086806.43959044 -14.889412 -1.6777573 -5.2936745 0.59675735 0.20093451 0.7729059 -0.07824668
40113752.68959044 -14.766841 -1.6745765 -5.242445 0.5933427 0.19864632 0.77622277 -0.077215806
40140746.68959044 -14.6351 -1.6586859 -5.1858816 0.5899763 0.19493857 0.77969414 -0.07748581
40167793.43959044 -14.522133 -1.6612387 -5.137044 0.5854929 0.19101483 0.78398013 -0.07801643
40194901.68959044 -14.386048 -1.6510881 -5.0678043 0.58183044 0.18597637 0.787896 -0.0781415
40222077.68959044 -14.256323 -1.6532409 -5.0205717 0.57714057 0.18121475 0.7923193 -0.07937383
40249329.68959044 -14.122622 -1.6546971 -4.9729137 0.5722124 0.17651287 0.79686654 -0.08012502
40276660.68959044 -13.994123 -1.665934 -4.923375 0.56771964 0.1714292 0.8010689 -0.08121001
40304075.68959044 -13.848545 -1.6693716 -4.8743715 0.56252205 0.16576537 0.80579203 -0.08240182
40331582.68959044 -13.703734 -1.6723714 -4.823332 0.5577922 0.15862915 0.81025654 -0.08478905
40359187.68959044 -13.563352 -1.6717525 -4.770193 0.5532522 0.15179117 0.81451464 -0.08624046
40386893.43959044 -13.41711 -1.6787114 -4.725671 0.547641 0.14419803 0.8193984 -0.08878409
40414709.68959044 -13.272336 -1.6866925 -4.675911 0.5425523 0.13658173 0.8237971 -0.0913284
40442638.68959044 -13.114309 -1.6856493 -4.6368246 0.5371537 0.12781832 0.8283094 -0.095036685
40470681.68959044 -12.9624195 -1.688539 -4.5892954 0.5316629 0.11970692 0.83261055 -0.09881532
40498837.68959044 -12.804833 -1.7020284 -4.541049 0.52638125 0.1120892 0.8365494 -0.102683075
40527105.68959044 -12.640913 -1.6987038 -4.4809012 0.5225613 0.10408961 0.83951455 -0.10635078
40555481.68959044 -12.477462 -1.7230458 -4.4359045 0.51747257 0.09736826 0.8429142 -0.11062174
40583960.43959044 -12.315714 -1.7322934 -4.3848944 0.51310974 0.08981032 0.8458133 -0.11511969
40612540.68959044 -12.151214 -1.7463886 -4.329634 0.5088798 0.082052276 0.8485626 -0.1193743
40641217.68959044 -11.9808035 -1.7614853 -4.2786555 0.5046678 0.07424625 0.8512481 -0.12318588
40669989.68959044 -11.81213 -1.7652307 -4.230437 0.5002174 0.06691274 0.85399234 -0.12650004
40698853.43959044 -11.640292 -1.7809744 -4.176998 0.49595705 0.058994234 0.8564627 -0.13045307
40727798.68959044 -11.463351 -1.8005507 -4.1230993 0.49153948 0.05278358 0.85887015 -0.13395838
40756818.43959044 -11.286958 -1.8194244 -4.068777 0.4869557 0.046750277 0.86143434 -0.13645314
40785907.43959044 -11.115075 -1.8292791 -4.0124836 0.4823694 0.042014994 0.8639326 -0.13847381
40815051.68959044 -10.945234 -1.8601178 -3.9634318 0.4771488 0.039238743 0.86674553 -0.13979098
40844241.68959044 -10.764141 -1.8704555 -3.9006352 0.471668 0.035164542 0.8696766 -0.14126374
40873463.68959044 -10.578522 -1.8971304 -3.83355 0.4656048 0.031313896 0.8727352 -0.14340502
40902708.43959044 -10.403375 -1.9114199 -3.7709742 0.45858836 0.026508119 0.8763716 -0.14479955
40931973.68959044 -10.220892 -1.9190688 -3.7046947 0.45114106 0.021989435 0.8801666 -0.1459284
40961248.68959044 -10.0452385 -1.9168086 -3.6415887 0.4436023 0.016358728 0.8839357 -0.14699373
40990529.43959044 -9.881084 -1.9407656 -3.5732465 0.43540946 0.010836583 0.8877741 -0.1488571
41019811.68959044 -9.717072 -1.9739653 -3.496345 0.42819554 0.006819883 0.89097273 -0.15089668
41049092.43959044 -9.524764 -1.9816419 -3.4241364 0.41942397 0.0031405317 0.8951199 -0.15110944
41078364.68959044 -9.342983 -1.9954679 -3.3677971 0.41129333 0.0010322662 0.8986887 -0.15230067
41107620.68959044 -9.179643 -2.0125504 -3.2827764 0.4042965 0.00034771487 0.90199053 -0.15151693
41136851.68959044 -8.993545 -2.0378225 -3.2099535 0.39583266 0.0028479786 0.9058427 -0.15085562
41166048.43959044 -8.8285 -2.039419 -3.116503 0.38858712 0.0034766886 0.90915996 -0.14972037
41195203.68959044 -8.640335 -2.0608244 -3.0337944 0.3810279 0.005327541 0.9124148 -0.14929384
41224304.68959044 -8.48194 -2.100895 -2.9703038 0.37192 0.0060594343 0.91602194 -0.15014206
41253346.68959044 -8.291558 -2.1098585 -2.8694556 0.3634792 0.006284815 0.9194311 -0.1499664
41282328.68959044 -8.130638 -2.1357996 -2.7982857 0.35508445 0.0055101686 0.92254704 -0.15096919
41311244.43959044 -7.9592257 -2.1633658 -2.720035 0.34536225 0.003953339 0.9261204 -0.15169147
41340096.68959044 -7.7784204 -2.172111 -2.623616 0.33579946 0.00014301104 0.92963874 -0.15169223
41368881.68959044 -7.6126194 -2.1872678 -2.5359006 0.325607 -0.004408197 0.93321943 -0.15186276
41397597.68959044 -7.4334865 -2.2187598 -2.4560785 0.3137632 -0.0086705815 0.9372767 -0.15162453
41426240.68959044 -7.265497 -2.2443175 -2.351997 0.30280957 -0.013696851 0.94078416 -0.15180255
41454805.68959044 -7.100154 -2.239246 -2.2615173 0.29140955 -0.020627096 0.9442548 -0.15178268
41483291.68959044 -6.9369993 -2.26054 -2.1686683 0.27925906 -0.025493411 0.94776857 -0.15198426
41511693.68959044 -6.744331 -2.2644253 -2.0664139 0.266472 -0.031105919 0.95115036 -0.15276827
41540010.68959044 -6.593927 -2.2701154 -1.9675503 0.25422838 -0.03663696 0.95404035 -0.15437831
41568248.43959044 -6.4267654 -2.2726114 -1.8634273 0.24106513 -0.042423453 0.95707315 -0.15523817
41596404.68959044 -6.2742753 -2.2870674 -1.7638273 0.22692487 -0.04640244 0.9600557 -0.15698732
41624484.68959044 -6.1022854 -2.2842948 -1.6449246 0.21373723 -0.05217872 0.96263474 -0.1578864
41652493.68959044 -5.9485474 -2.2995758 -1.5407587 0.19960369 -0.057095483 0.96502763 -0.16006307
41680438.43959044 -5.7811074 -2.2990232 -1.4363357 0.18551224 -0.06188582 0.96727115 -0.16168459
41708319.68959044 -5.619342 -2.2940266 -1.3258595 0.17182875 -0.067207724 0.9693647 -0.16214198
41736145.43959044 -5.461615 -2.2948601 -1.2101486 0.15785362 -0.07289843 0.97112125 -0.16337562
41763925.68959044 -5.3144655 -2.3096964 -1.0992125 0.144003 -0.079140864 0.9724535 -0.16533066
41791669.68959044 -5.180801 -2.3002698 -0.98765886 0.13102968 -0.086341 0.9735141 -0.1662738
41819389.68959044 -5.025307 -2.3177137 -0.864166 0.116526805 -0.09331884 0.97444546 -0.16783698
41847099.68959044 -4.86219 -2.3051686 -0.7479497 0.10217568 -0.100875564 0.9753238 -0.16771348
41874809.43959044 -4.7458835 -2.2918878 -0.637743 0.089259304 -0.108442605 0.97562814 -0.16859074
41902527.68959044 -4.612752 -2.296718 -0.51805794 0.07574221 -0.11586257 0.97584385 -0.16902013
41930262.68959044 -4.476363 -2.2884564 -0.39896458 0.06313267 -0.12263382 0.97590315 -0.16908099
41958026.68959044 -4.3204703 -2.2719555 -0.25740063 0.050019443 -0.13032407 0.9757017 -0.16887876
41985818.68959044 -4.198742 -2.266077 -0.13543095 0.037683103 -0.13780117 0.97525305 -0.16873768
42013640.68959044 -4.0806375 -2.266746 -0.006304905 0.025720095 -0.14497735 0.9746434 -0.16849425
42041494.68959044 -3.9335048 -2.2449663 0.1386765 0.013779114 -0.15256311 0.9739499 -0.16720118
42069381.68959044 -3.7977479 -2.261749 0.25871187 0.00052932434 -0.15805154 0.9730678 -0.16780512
42097301.68959044 -3.6915278 -2.2512991 0.38785568 -0.011455736 -0.16142866 0.9725575 -0.16715726
42125258.68959044 -3.559668 -2.2416644 0.52993166 -0.02386852 -0.16455309 0.9719286 -0.16645542
42153259.43959044 -3.4439101 -2.2273376 0.6778554 -0.036467955 -0.1678855 0.97142905 -0.1637383
42181307.68959044 -3.3406103 -2.2394824 0.81192327 -0.049379565 -0.16985855 0.970827 -0.1618787
42209406.68959044 -3.235235 -2.25641 0.9453991 -0.063070044 -0.17210217 0.96994865 -0.1600084
42237559.68959044 -3.1249902 -2.2241287 1.106607 -0.07542704 -0.17501754 0.9692544 -0.15564586
42265767.68959044 -3.0169108 -2.224646 1.2364727 -0.089425884 -0.17800166 0.96787906 -0.15339051
42294029.68959044 -2.9285264 -2.2020266 1.3809434 -0.102046825 -0.18245423 0.96630317 -0.15018398
42322345.43959044 -2.834961 -2.1896284 1.529279 -0.1154187 -0.18645607 0.9644157 -0.14769918
42350709.68959044 -2.7534072 -2.1797051 1.6747354 -0.12858169 -0.19039059 0.9623686 -0.14513762
42379114.68959044 -2.6696372 -2.1572368 1.8261932 -0.14180212 -0.19517224 0.9599733 -0.14230709
42407557.43959044 -2.5837479 -2.140615 1.9834163 -0.15540999 -0.19967423 0.9572748 -0.14001063
42436032.43959044 -2.500847 -2.119318 2.1447148 -0.16910735 -0.20415589 0.9543919 -0.1373292
42464532.68959044 -2.4333973 -2.0996182 2.283757 -0.18241572 -0.2087358 0.95126265 -0.1351051
42493052.68959044 -2.3610888 -2.0595064 2.4332924 -0.19589365 -0.2134462 0.947902 -0.13246962
42521587.68959044 -2.2871785 -2.0489295 2.5940056 -0.20988455 -0.21620601 0.9445153 -0.13074568
42550129.68959044 -2.2352617 -2.0332496 2.7460108 -0.22361058 -0.22074649 0.9405716 -0.1288192
42578675.43959044 -2.1818936 -1.9972372 2.8864884 -0.23834892 -0.22478753 0.93632406 -0.12632379
42607223.43959044 -2.1402445 -1.9836981 3.0298681 -0.25276235 -0.22789922 0.93209416 -0.12399048
42635764.68959044 -2.0964842 -1.9673429 3.189067 -0.26796505 -0.2310926 0.9274191 -0.121180855
42664300.68959044 -2.0524087 -1.9365187 3.3382542 -0.28316233 -0.23485331 0.92246675 -0.117124885
42692822.68959044 -2.01828 -1.9056128 3.4726758 -0.29814103 -0.23915465 0.91718346 -0.112657174
42721328.43959044 -1.9864829 -1.8762856 3.615412 -0.31275108 -0.24346311 0.9116991 -0.10824643
42749814.43959044 -1.9566082 -1.8563267 3.7802458 -0.32849127 -0.24579866 0.90591294 -0.10487331
42778277.68959044 -1.9390602 -1.8581488 3.9167597 -0.3427027 -0.24798906 0.90029573 -0.10258683
42806713.68959044 -1.9025164 -1.8422788 4.080808 -0.3578133 -0.24824297 0.8946233 -0.09997203
42835119.43959044 -1.8918363 -1.8157462 4.2175107 -0.37195006 -0.24479991 0.8898598 -0.099376984
42863490.68959044 -1.8891379 -1.8124814 4.3552523 -0.3862155 -0.23979399 0.885148 -0.09924468
42891821.68959044 -1.8833299 -1.7826052 4.485905 -0.40056518 -0.23585433 0.88003916 -0.09721833
42920111.68959044 -1.8759986 -1.7732455 4.648769 -0.41589454 -0.23137882 0.8743612 -0.09480556
42948355.68959044 -1.8832386 -1.7498647 4.785834 -0.429771 -0.2269162 0.8691552 -0.09151601
42976551.43959044 -1.8854419 -1.7333694 4.926217 -0.44484243 -0.2217299 0.86321324 -0.08839724
43004698.43959044 -1.8944018 -1.7269242 5.062902 -0.4592512 -0.21759155 0.8568726 -0.08666965
43032790.68959044 -1.9096603 -1.7075264 5.1917706 -0.47241676 -0.21383019 0.850838 -0.084698625
43060825.68959044 -1.9279721 -1.6895967 5.325575 -0.48557892 -0.21214458 0.84396166 -0.083286665
43088802.68959044 -1.9414196 -1.6772661 5.4584107 -0.4985646 -0.21005398 0.83698124 -0.082298644
43116723.43959044 -1.9731231 -1.6482383 5.5881567 -0.51110977 -0.20844083 0.82998765 -0.08024849
43144589.68959044 -2.0086586 -1.603252 5.7210197 -0.5237593 -0.20803232 0.8225299 -0.07644218
43172400.68959044 -2.0418177 -1.5808575 5.8384356 -0.536253 -0.20888036 0.81454057 -0.07297511
43200156.68959044 -2.0823917 -1.5683451 5.9496207 -0.548339 -0.20963825 0.8066091 -0.068977825
43227858.68959044 -2.122325 -1.54649 6.081864 -0.5608289 -0.21108896 0.7980245 -0.063791975
43255510.68959044 -2.1529796 -1.5415211 6.198963 -0.57321125 -0.21264152 0.7891138 -0.059261587
43283113.68959044 -2.1984627 -1.5155984 6.29706 -0.5844903 -0.21379736 0.7807659 -0.055376306
43310668.68959044 -2.2450488 -1.5030389 6.410222 -0.5957158 -0.21447551 0.77221054 -0.053046387
43338200.68959044 -2.2942762 -1.4985197 6.5250554 -0.60666466 -0.21319187 0.76399684 -0.053067204
43365692.68959044 -2.3473716 -1.5190086 6.6563597 -0.6175246 -0.21204859 0.75535893 -0.055960402
43393123.68959044 -2.4122138 -1.4975721 6.7637663 -0.6271531 -0.21004386 0.7477007 -0.05919679
43420519.68959044 -2.458188 -1.481208 6.8570485 -0.6367854 -0.20808302 0.739846 -0.061917987
43447883.68959044 -2.5301163 -1.4546238 6.9465165 -0.6458033 -0.20632935 0.7323947 -0.062963605
43475220.68959044 -2.5818453 -1.4562999 7.0598173 -0.6554141 -0.20491086 0.7240697 -0.06455213
43502539.68959044 -2.6591158 -1.4241884 7.1353064 -0.66351944 -0.2024603 0.71728635 -0.06520883
43529846.68959044 -2.7072248 -1.4301636 7.2438116 -0.67327845 -0.20080024 0.7084499 -0.06688963
43557146.68959044 -2.7741513 -1.4041016 7.3134203 -0.6811604 -0.19892804 0.7014285 -0.06668107
43584440.68959044 -2.853125 -1.4030981 7.427472 -0.6900288 -0.19740555 0.6930391 -0.06773663
43611734.68959044 -2.929873 -1.3934028 7.500308 -0.69825596 -0.19575015 0.6851615 -0.06836924
43639025.68959044 -2.99578 -1.377944 7.5708036 -0.7060184 -0.19430816 0.6774997 -0.06911216
43666315.68959044 -3.0583663 -1.381134 7.676549 -0.71512085 -0.19331343 0.6682413 -0.06845197
43693605.68959044 -3.1551318 -1.3567077 7.7529426 -0.72362 -0.19164567 0.65971327 -0.06651753
43720898.68959044 -3.2332444 -1.3604941 7.8414683 -0.7327191 -0.19166578 0.6497913 -0.06448347
43748195.68959044 -3.309825 -1.3615881 7.9193783 -0.7417549 -0.19098172 0.639935 -0.061716415
43775502.68959044 -3.379179 -1.3590499 7.989233 -0.7507658 -0.19030826 0.62985414 -0.058458146
43802817.68959044 -3.46635 -1.3577377 8.058947 -0.7597767 -0.19027714 0.6193963 -0.053685244
43830140.68959044 -3.5586858 -1.3629348 8.128955 -0.7685509 -0.18958123 0.60910165 -0.04882401
43857471.68959044 -3.6484241 -1.3638415 8.203639 -0.7775003 -0.18919505 0.59819454 -0.043151017
43884809.43959044 -3.744113 -1.3488849 8.259538 -0.7859253 -0.18883175 0.5876949 -0.03575951
43912154.68959044 -3.8339643 -1.3608118 8.32838 -0.7939148 -0.19013931 0.5768106 -0.028914042
43939502.68959044 -3.9341183 -1.3629305 8.392811 -0.8022823 -0.19023871 0.5653643 -0.022709204
43966849.68959044 -4.023675 -1.3675938 8.453526 -0.81009704 -0.19099289 0.55405515 -0.016951296
43994193.68959044 -4.115388 -1.3733025 8.508271 -0.817006 -0.19332449 0.54316247 -0.010070191
44021531.68959044 -4.214815 -1.382444 8.569036 -0.8238963 -0.19588462 0.5318026 -0.003201248
44048861.43959044 -4.322011 -1.3870106 8.624194 -0.83034855 -0.19836624 0.52073556 0.002597965
44076183.68959044 -4.4275665 -1.3956956 8.676685 -0.83671427 -0.20014687 0.5096985 0.007612875
44103498.68959044 -4.5313835 -1.4014494 8.725421 -0.8430219 -0.20248131 0.49813372 0.013347427
44130802.68959044 -4.642579 -1.4040737 8.76444 -0.84868145 -0.20442116 0.4874168 0.019411042
44158097.43959044 -4.7499886 -1.4329121 8.814946 -0.85459775 -0.20714676 0.47555444 0.024515172
44185383.68959044 -4.864559 -1.4303759 8.861431 -0.86026514 -0.2086318 0.46413052 0.03161496
44212658.68959044 -4.979089 -1.434989 8.902455 -0.86524975 -0.21068165 0.45341423 0.03703734
44239922.43959044 -5.0756607 -1.4613142 8.927011 -0.8701435 -0.21185401 0.44332242 0.037861593
44267175.68959044 -5.182065 -1.4686643 8.964096 -0.8750696 -0.21298906 0.43293467 0.03816526
44294415.68959044 -5.2878895 -1.4841591 8.988693 -0.87980527 -0.21309169 0.42340907 0.035488367
44321647.68959044 -5.3939247 -1.4900895 9.013738 -0.88428813 -0.2136059 0.41384014 0.03381515
44348864.68959044 -5.512636 -1.485932 9.033102 -0.88842535 -0.21375065 0.40490264 0.032633748
44376067.68959044 -5.618469 -1.4983174 9.049655 -0.89289665 -0.21299869 0.39557245 0.029826665
44403260.68959044 -5.722167 -1.5158199 9.064406 -0.8972414 -0.21238345 0.38609394 0.02797572
44430447.68959044 -5.839113 -1.5220774 9.073317 -0.901422 -0.21179482 0.37668306 0.026291702
44457626.68959044 -5.948514 -1.5345176 9.0805645 -0.90546525 -0.2112022 0.36735007 0.024089325
44484801.43959044 -6.053071 -1.5492762 9.0804405 -0.9093339 -0.21093181 0.35793492 0.022413708
44511973.68959044 -6.1685543 -1.558247 9.084808 -0.9131534 -0.21052879 0.34841746 0.020828994
44539142.68959044 -6.267805 -1.5769335 9.076804 -0.9162709 -0.21128194 0.3397111 0.02010076
44566310.68959044 -6.3726606 -1.5909716 9.081419 -0.9195139 -0.21166201 0.33058673 0.020145867
44593476.43959044 -6.4836664 -1.6031333 9.066299 -0.92280746 -0.21160848 0.32126108 0.020966807
44620642.68959044 -6.590966 -1.6091897 9.056593 -0.92595696 -0.21181074 0.31182045 0.022537513
44647804.43959044 -6.697048 -1.6311367 9.048136 -0.92898756 -0.21269505 0.3019545 0.02379935
44674964.68959044 -6.8077917 -1.6445601 9.030894 -0.9318792 -0.21307504 0.29246238 0.025807688
44702117.68959044 -6.908452 -1.6623049 9.016442 -0.9345635 -0.21419391 0.28274432 0.027707836
44729262.68959044 -7.01573 -1.6648744 8.985232 -0.93720424 -0.21471308 0.2730969 0.031057466
44756401.68959044 -7.128889 -1.6785357 8.96145 -0.939795 -0.21523456 0.26314086 0.034875445
44783530.68959044 -7.2292814 -1.6954874 8.934137 -0.9426149 -0.21509169 0.2523286 0.039282233
44810649.68959044 -7.333003 -1.7099471 8.901468 -0.9450028 -0.21556461 0.24172007 0.04553146
44837758.68959044 -7.4438553 -1.7270609 8.86747 -0.9473903 -0.21555772 0.23066692 0.052718874
44864859.68959044 -7.5473566 -1.7391759 8.832154 -0.9497636 -0.21471165 0.21968289 0.05989577
44891950.68959044 -7.6483574 -1.7551017 8.795789 -0.95193386 -0.21411045 0.20864594 0.066675
44919032.68959044 -7.7532787 -1.7708764 8.743771 -0.95365125 -0.21406578 0.19815081 0.07390189
44946106.68959044 -7.85402 -1.7911634 8.702044 -0.955488 -0.21382977 0.186533 0.08077788
44973170.43959044 -7.95393 -1.8057592 8.649551 -0.95693237 -0.21342199 0.17628093 0.087501444
45000224.68959044 -8.054278 -1.8133976 8.598329 -0.95819014 -0.21281125 0.16645585 0.09421014
45027269.68959044 -8.152207 -1.8306878 8.548891 -0.95928735 -0.21281505 0.1556265 0.10128188
45054300.68959044 -8.242879 -1.8492692 8.492837 -0.96011496 -0.21280517 0.145259 0.10859637
45081320.43959044 -8.336262 -1.852112 8.428825 -0.96077335 -0.21205488 0.13551934 0.11654156
45108327.68959044 -8.424879 -1.867435 8.371722 -0.9613401 -0.2115857 0.124959014 0.124265544
45135324.68959044 -8.512874 -1.8801472 8.309008 -0.9616713 -0.21114722 0.11476835 0.13203637
45162309.68959044 -8.595224 -1.8849802 8.239054 -0.9617622 -0.21055764 0.10496137 0.14022185
45189283.68959044 -8.689941 -1.8910079 8.164072 -0.9618309 -0.20967315 0.09541639 0.14769647
45216249.68959044 -8.77157 -1.8991575 8.092191 -0.9617584 -0.2091762 0.08571569 0.15465811
45243214.68959044 -8.850885 -1.9079847 8.017925 -0.961552 -0.2086683 0.0761809 0.16146745
45270177.68959044 -8.926878 -1.9158592 7.936037 -0.9613266 -0.20801644 0.06703901 0.16758935
45297141.68959044 -9.00206 -1.910605 7.8522277 -0.9607562 -0.2074705 0.058810897 0.17448467
45324109.68959044 -9.070278 -1.9124203 7.7728944 -0.96039087 -0.20716478 0.049992185 0.17953527
45351085.68959044 -9.13316 -1.9194374 7.6867895 -0.959702 -0.20797364 0.04222204 0.1842183
45378070.68959044 -9.2055645 -1.9286656 7.608236 -0.9593075 -0.20868352 0.03399767 0.18714839
45405066.43959044 -9.25811 -1.9291754 7.5134196 -0.95876414 -0.20920366 0.027373413 0.19040959
45432074.68959044 -9.327536 -1.9342093 7.4251637 -0.9586361 -0.2100947 0.020219637 0.19096658
45459098.68959044 -9.382928 -1.9381742 7.3318734 -0.9584834 -0.21085596 0.014086129 0.19144426
45486138.68959044 -9.435514 -1.9445744 7.23353 -0.9582828 -0.21172072 0.00877772 0.19181088
45513197.68959044 -9.499146 -1.9364018 7.132181 -0.9582143 -0.21203113 0.0035264671 0.19197832
45540278.68959044 -9.555274 -1.9437385 7.0341954 -0.9587577 -0.21116208 -0.0015021391 0.19024205
45567382.68959044 -9.600505 -1.9363747 6.9293575 -0.9591781 -0.21035954 -0.0057059433 0.18892771
45594515.68959044 -9.641861 -1.9257946 6.8219147 -0.9598094 -0.2092355 -0.009128842 0.18682356
45621680.43959044 -9.670245 -1.9239993 6.7086573 -0.9602894 -0.20782563 -0.011205554 0.18581524
45648882.68959044 -9.712646 -1.9100599 6.5867214 -0.96101606 -0.20511764 -0.013855017 0.1848865
45676125.43959044 -9.747459 -1.9108944 6.4837246 -0.96181136 -0.20212668 -0.017564388 0.18372622
45703412.43959044 -9.782729 -1.9184456 6.363991 -0.96272284 -0.19957094 -0.02000871 0.18148236
45730744.68959044 -9.806333 -1.9013634 6.237403 -0.9635847 -0.1963326 -0.022039765 0.18020058
45758121.43959044 -9.839306 -1.8995562 6.110108 -0.96459365 -0.19360057 -0.023879476 0.17750426
45785541.43959044 -9.863513 -1.8986979 5.9839926 -0.96521413 -0.19135852 -0.026530586 0.17618135
45813004.43959044 -9.886668 -1.8819773 5.8593574 -0.9661224 -0.18859614 -0.028487258 0.17386094
45840505.68959044 -9.905727 -1.8760986 5.7340865 -0.96695197 -0.18589051 -0.030483492 0.17181231
45868040.68959044 -9.9158945 -1.863395 5.6021996 -0.9678325 -0.18363401 -0.031267818 0.16911878
45895607.68959044 -9.933395 -1.8556821 5.4683504 -0.9689102 -0.18064742 -0.032184977 0.16596296
45923202.43959044 -9.933737 -1.84198 5.3286686 -0.97019917 -0.17843175 -0.031531867 0.16087723
45950822.68959044 -9.947856 -1.8301826 5.1933417 -0.9717706 -0.17667252 -0.031112462 0.15323478
45978462.68959044 -9.95879 -1.8365593 5.059946 -0.9731174 -0.17630734 -0.030529339 0.14500415
46006116.68959044 -9.956992 -1.8094492 4.9134073 -0.9748553 -0.17429698 -0.02889244 0.1358052
46033785.68959044 -9.958329 -1.793566 4.7682967 -0.9764389 -0.17233667 -0.027537344 0.12692116
46061462.68959044 -9.956881 -1.7860003 4.6242995 -0.9778974 -0.17077482 -0.025461802 0.11791688
46089144.68959044 -9.967979 -1.7880654 4.476535 -0.9793793 -0.16811791 -0.023508383 0.109544046
46116830.68959044 -9.972775 -1.7889297 4.353971 -0.9807829 -0.1660729 -0.02113212 0.10019063
46144514.68959044 -9.95684 -1.754362 4.197612 -0.98230207 -0.1619866 -0.019722026 0.091945946
46172198.43959044 -9.967438 -1.7720858 4.058752 -0.9834371 -0.16023724 -0.018295532 0.08270899
46199879.68959044 -9.958686 -1.7664404 3.9214315 -0.98450375 -0.15776849 -0.01746724 0.07454172
46227559.68959044 -9.95114 -1.7525108 3.7781663 -0.985554 -0.155062 -0.017043002 0.06594462
46255238.43959044 -9.944569 -1.7538645 3.627287 -0.9863675 -0.15295793 -0.01674804 0.058330517
46282921.68959044 -9.934687 -1.7504714 3.4864712 -0.98695016 -0.1515793 -0.016132785 0.051892824
46310610.43959044 -9.920356 -1.7402356 3.3500428 -0.98742604 -0.15033945 -0.015706826 0.046274427
46338309.43959044 -9.897301 -1.7250271 3.1761746 -0.9879393 -0.14834826 -0.01528787 0.041656032
46366018.43959044 -9.896336 -1.7279805 3.0393865 -0.98816955 -0.14808264 -0.015397894 0.03681666
46393742.68959044 -9.871527 -1.7083728 2.8841279 -0.98862994 -0.14624128 -0.01532942 0.031456515
46421485.68959044 -9.887595 -1.7147492 2.7232387 -0.9888805 -0.14533658 -0.01587829 0.02721303
46449250.68959044 -9.874075 -1.7204752 2.5761182 -0.9890817 -0.14504068 -0.015079606 0.021292387
46477039.68959044 -9.840475 -1.7086303 2.4239068 -0.98924285 -0.1448146 -0.014329841 0.014897718
46504862.68959044 -9.830335 -1.6993936 2.2597072 -0.9893346 -0.14460847 -0.014411996 0.009894287
46532722.68959044 -9.811582 -1.7008414 2.1100585 -0.9893344 -0.14491579 -0.013518988 0.0058422973
46560626.43959044 -9.7897835 -1.6983597 1.9551499 -0.9893816 -0.14465548 -0.013449348 0.0042405874
46588579.68959044 -9.782551 -1.6795937 1.7986791 -0.9895197 -0.14375137 -0.013143354 0.0036755914
46616586.68959044 -9.762718 -1.7034769 1.6228135 -0.9892551 -0.14562365 -0.012090648 0.004690136
46644651.68959044 -9.739232 -1.6970376 1.4629622 -0.9893719 -0.14494775 -0.009209001 0.006972462
46672778.68959044 -9.707207 -1.6974473 1.3113682 -0.9893904 -0.14494163 -0.0062205894 0.007746315
46700973.43959044 -9.714707 -1.6715094 1.1579154 -0.9894436 -0.14464286 -0.0026989763 0.008522537
46729237.68959044 -9.696037 -1.6492643 0.9878092 -0.9896302 -0.143429 0.002263517 0.007417241
46757576.68959044 -9.691344 -1.6207232 0.8045683 -0.98975366 -0.14257921 0.006719787 0.003726047
46785995.68959044 -9.688589 -1.6174699 0.63658303 -0.9896857 -0.14258076 0.013882754 0.0005139686
46814493.68959044 -9.68012 -1.6001967 0.4675203 -0.9895858 -0.14235947 0.020439135 -0.006002326
46843077.68959044 -9.657867 -1.5724125 0.284912 -0.98939 -0.14197087 0.028434802 -0.01196877
46871748.68959044 -9.650569 -1.5648105 0.11522019 -0.98903227 -0.14241762 0.03535171 -0.016814794
46900511.43959044 -9.640721 -1.5527511 -0.049193263 -0.98868316 -0.14247485 0.04241037 -0.020195305
46929370.68959044 -9.6331005 -1.5497563 -0.20940328 -0.98829335 -0.14258388 0.048717387 -0.023932848
46958330.68959044 -9.611971 -1.5370795 -0.39670908 -0.98790884 -0.1424773 0.054424483 -0.02782745
46987393.68959044 -9.6 -1.535121 -0.5673146 -0.9875628 -0.14216782 0.059733555 -0.030661406
47016560.68959044 -9.593215 -1.5098288 -0.7528086 -0.9872562 -0.14158767 0.06447175 -0.03348989
47045831.68959044 -9.587304 -1.4858261 -0.9430196 -0.9869721 -0.14139727 0.06866498 -0.03432216
47075204.68959044 -9.584059 -1.4740154 -1.120616 -0.9866649 -0.14157067 0.07260015 -0.03434381
47104678.68959044 -9.572396 -1.4514401 -1.3065162 -0.98638606 -0.14143987 0.0768382 -0.033664547
47134243.43959044 -9.563191 -1.4455677 -1.4884984 -0.98592305 -0.14244041 0.08121375 -0.032724492
47163894.68959044 -9.560322 -1.4259019 -1.6694183 -0.9853923 -0.14365274 0.08521057 -0.03324316
47193625.68959044 -9.548704 -1.4072001 -1.8641167 -0.98490435 -0.14398918 0.0902167 -0.03303849
47223429.68959044 -9.545363 -1.3887143 -2.0484934 -0.98437464 -0.14424402 0.095427014 -0.033076182
47253303.43959044 -9.540896 -1.3641231 -2.2451816 -0.9838487 -0.14369084 0.10106586 -0.034356337
47283240.68959044 -9.53879 -1.3430692 -2.4389877 -0.9830308 -0.14411968 0.10744475 -0.03654784
47313238.68959044 -9.536583 -1.3046885 -2.644187 -0.98218894 -0.14339198 0.1146082 -0.04010723
47343297.68959044 -9.53762 -1.2828348 -2.839117 -0.98116875 -0.14360192 0.12215605 -0.042003687
47373418.68959044 -9.534948 -1.2451866 -3.0388098 -0.9799625 -0.14322485 0.13097654 -0.044780612
47403602.68959044 -9.540535 -1.2131159 -3.2320538 -0.9785097 -0.14334747 0.14002584 -0.048612196
47433848.68959044 -9.538408 -1.1776662 -3.4284258 -0.9767701 -0.14317483 0.15017226 -0.053567752
47464151.68959044 -9.554462 -1.1478994 -3.621914 -0.97484666 -0.14302313 0.1601266 -0.059815656
47494504.68959044 -9.56156 -1.1143637 -3.814868 -0.9728719 -0.14212824 0.17035668 -0.065563254
47524897.68959044 -9.573078 -1.0796118 -4.005495 -0.9706868 -0.14065649 0.18104942 -0.072138734
47555324.68959044 -9.586084 -1.0521724 -4.200288 -0.96826684 -0.13972291 0.19161624 -0.07886751
47585779.68959044 -9.59845 -1.0242562 -4.395094 -0.96562326 -0.13766816 0.20303115 -0.086009435
47616260.43959044 -9.61469 -1.0050681 -4.5917244 -0.96243346 -0.13679358 0.21439733 -0.095095366
47646767.68959044 -9.637836 -0.9614184 -4.7951965 -0.95930815 -0.13373344 0.22571799 -0.10437793
47677307.68959044 -9.661222 -0.9262638 -5.000375 -0.95574605 -0.13054132 0.23745698 -0.11455366
47707883.68959044 -9.67544 -0.89817905 -5.1949863 -0.9519168 -0.12743156 0.24945329 -0.124051586
47738498.68959044 -9.704907 -0.8676841 -5.3899164 -0.9478595 -0.12386501 0.2613028 -0.13394268
47769155.43959044 -9.738526 -0.83817196 -5.586996 -0.9437649 -0.119220026 0.27288765 -0.14362037
47799860.68959044 -9.77674 -0.8065288 -5.7837706 -0.939578 -0.11456699 0.2845737 -0.15193874
47830615.43959044 -9.818266 -0.77832174 -5.9740267 -0.934823 -0.1101898 0.29697523 -0.16053016
47861425.68959044 -9.859406 -0.7433567 -6.168662 -0.93019956 -0.10351867 0.30928 -0.16840042
47892297.43959044 -9.910557 -0.7185881 -6.360524 -0.92550594 -0.09682691 0.32124925 -0.1756766
47923230.68959044 -9.967862 -0.6961 -6.5549994 -0.9202993 -0.08929757 0.3341259 -0.18285283
47954234.68959044 -10.028755 -0.66861606 -6.7435436 -0.91523063 -0.080361724 0.3465276 -0.18924479
47985317.68959044 -10.092956 -0.64160585 -6.922082 -0.9099144 -0.0715922 0.35885966 -0.19532067
48016480.68959044 -10.156982 -0.62277865 -7.100684 -0.9041664 -0.0637586 0.37138215 -0.20122935
48047724.43959044 -10.225137 -0.6002579 -7.2806854 -0.89745915 -0.05623695 0.38561344 -0.20665622
48079046.43959044 -10.30426 -0.57961035 -7.453308 -0.89035845 -0.048305303 0.40072745 -0.21058504
48110435.43959044 -10.387625 -0.56435823 -7.6259985 -0.8822673 -0.039898712 0.41713235 -0.21450691
48141879.68959044 -10.471693 -0.544022 -7.7900057 -0.8735538 -0.030850995 0.43388554 -0.21839254
48173365.68959044 -10.563512 -0.53583646 -7.9532194 -0.86367965 -0.022672584 0.45147097 -0.22297393
48204877.68959044 -10.6509695 -0.52230763 -8.114344 -0.85311574 -0.014061073 0.46989346 -0.22626531
48236393.68959044 -10.742657 -0.52043456 -8.267698 -0.8411557 -0.0052601835 0.48910525 -0.23066336
48267885.68959044 -10.844525 -0.49839962 -8.41512 -0.8287871 0.005595913 0.5080839 -0.23437463
48299328.68959044 -10.953114 -0.49219644 -8.558472 -0.81530106 0.01607359 0.52803373 -0.23707877
48330703.43959044 -11.068193 -0.47737718 -8.703271 -0.8001147 0.026482891 0.5495835 -0.23889999
48361982.68959044 -11.173164 -0.47699094 -8.816995 -0.7843934 0.03630992 0.57100224 -0.23951007
48393140.68959044 -11.283031 -0.47154737 -8.937331 -0.7666921 0.04622743 0.59369 -0.23995528
48424155.68959044 -11.401285 -0.47457862 -9.078412 -0.74767584 0.055797894 0.616853 -0.23949909
48455008.43959044 -11.525126 -0.4744606 -9.203619 -0.7281231 0.063630976 0.6399069 -0.23729087
48485681.43959044 -11.633389 -0.48604488 -9.318415 -0.7064875 0.07127706 0.6631173 -0.23679231
48516159.43959044 -11.74865 -0.4889779 -9.411371 -0.68463165 0.07914942 0.68493366 -0.23639117
48546428.68959044 -11.869991 -0.48969316 -9.507816 -0.6627365 0.0853441 0.7061278 -0.23426539
48576474.68959044 -11.981816 -0.4947543 -9.601014 -0.6401096 0.09176318 0.7264943 -0.23247637
48606292.43959044 -12.100771 -0.5016055 -9.687042 -0.61710554 0.09632433 0.74618787 -0.2304478
48635879.43959044 -12.216265 -0.5048804 -9.761033 -0.59385633 0.100721255 0.7648893 -0.22832938
48665232.68959044 -12.334409 -0.507885 -9.828892 -0.57061946 0.1036797 0.7823985 -0.22692873
48694357.68959044 -12.44502 -0.512002 -9.886187 -0.5480398 0.103991725 0.7986398 -0.22586007
48723254.68959044 -12.562965 -0.51989913 -9.949909 -0.5252848 0.10307221 0.81453055 -0.22358908
48751929.43959044 -12.665292 -0.52213144 -9.993916 -0.50364393 0.10126632 0.8285319 -0.222762
48780390.43959044 -12.775864 -0.532496 -10.035736 -0.48155338 0.0982448 0.8423328 -0.22120076
48808650.43959044 -12.881833 -0.5334718 -10.0656595 -0.46180922 0.095378324 0.85388553 -0.22026053
48836717.68959044 -12.978929 -0.54760075 -10.099903 -0.4439966 0.091674596 0.8635293 -0.2208617
48864603.43959044 -13.08024 -0.55196095 -10.1149025 -0.4283554 0.08760454 0.8712761 -0.2229689
48892321.68959044 -13.191135 -0.5488968 -10.13493 -0.41286346 0.08312834 0.87882155 -0.22429064
48919888.43959044 -13.299711 -0.5468998 -10.151095 -0.39861426 0.079691805 0.8849089 -0.2273593
48947322.68959044 -13.392147 -0.5577543 -10.164472 -0.3845844 0.07475793 0.8910035 -0.22938825
48974640.68959044 -13.481895 -0.5774214 -10.188942 -0.3700761 0.06998399 0.8968431 -0.23198798
49001858.68959044 -13.585934 -0.58474874 -10.189804 -0.356419 0.06603351 0.9024311 -0.23285909
49028990.43959044 -13.680287 -0.59024143 -10.184315 -0.34285945 0.06290179 0.907934 -0.23269437
49056044.68959044 -13.774013 -0.6014242 -10.173681 -0.32949668 0.06083202 0.9133332 -0.23141731
49083029.43959044 -13.869112 -0.6116018 -10.1644535 -0.3153773 0.05917634 0.9188174 -0.22980423
49109951.43959044 -13.956408 -0.6309409 -10.15217 -0.30169168 0.058762465 0.92366993 -0.22882949
49136812.68959044 -14.044261 -0.651134 -10.134169 -0.28851247 0.057912666 0.9279017 -0.22892171
49163643.68959044 -14.133133 -0.66031766 -10.109775 -0.27593172 0.05815644 0.93158513 -0.22940968
49190415.68959044 -14.217838 -0.6812303 -10.080789 -0.26311645 0.057792574 0.9350012 -0.23065679
49217098.68959044 -14.300972 -0.6961384 -10.049909 -0.25027353 0.05644238 0.93865097 -0.23046
49243723.68959044 -14.383472 -0.72126234 -10.017236 -0.23682815 0.05583223 0.9421185 -0.23066828
49270291.68959044 -14.463366 -0.73581576 -9.977699 -0.22352415 0.055373076 0.94564646 -0.22961624
49296802.43959044 -14.547619 -0.7627207 -9.933939 -0.20981877 0.0564072 0.9491306 -0.22791567
49323254.68959044 -14.626237 -0.78521025 -9.885878 -0.1961027 0.058104053 0.95224446 -0.22671176
49349645.68959044 -14.708487 -0.8049846 -9.833013 -0.18175048 0.059632316 0.9554641 -0.22472012
49375975.68959044 -14.780172 -0.8300123 -9.778838 -0.1676952 0.061195903 0.9582105 -0.22353075
49402247.68959044 -14.853132 -0.8529329 -9.71932 -0.15372775 0.06281214 0.9607151 -0.22237106
49428465.68959044 -14.924714 -0.8736045 -9.666466 -0.13907969 0.06419744 0.9630915 -0.2213377
49454632.43959044 -14.989007 -0.8983707 -9.594744 -0.12567532 0.066248156 0.964791 -0.22134882
49480751.43959044 -15.059471 -0.92841125 -9.529146 -0.111294314 0.066761784 0.9663311 -0.22217275
49506827.68959044 -15.128263 -0.95675135 -9.462276 -0.09729828 0.06731144 0.96750474 -0.22346549
49532869.68959044 -15.195692 -0.9856811 -9.394732 -0.08272431 0.067680545 0.96852875 -0.2247846
49558881.43959044 -15.260708 -1.012276 -9.312688 -0.06815763 0.06792732 0.969238 -0.2265354
49584868.68959044 -15.320801 -1.036505 -9.234756 -0.053694263 0.067594744 0.96986145 -0.22785245
49610838.68959044 -15.38025 -1.071377 -9.166544 -0.03798289 0.068582445 0.9699241 -0.23043679
49636792.68959044 -15.429132 -1.1012281 -9.083614 -0.023237888 0.07014486 0.9699116 -0.23197268
49662740.68959044 -15.4906435 -1.1357204 -8.999523 -0.00791185 0.07185312 0.9694837 -0.23425591
49688683.43959044 -15.547923 -1.1732929 -8.913593 0.007213773 0.07403217 0.9688383 -0.23626173
49714620.68959044 -15.594848 -1.1995971 -8.820713 0.022373674 0.07740684 0.9680581 -0.2374261
49740553.68959044 -15.646069 -1.2231569 -8.72717 0.037455514 0.081450604 0.96705925 -0.23824224
49766480.68959044 -15.705361 -1.2617534 -8.631381 0.053914364 0.08553095 0.96539056 -0.2404139
49792395.68959044 -15.745285 -1.2860191 -8.525781 0.06973533 0.089974284 0.9636639 -0.24164775
49818293.68959044 -15.791626 -1.3147637 -8.427507 0.08690299 0.094500415 0.9615623 -0.24272528
49844172.68959044 -15.830039 -1.3401287 -8.321871 0.103899434 0.099662565 0.9592303 -0.2432066
49870029.68959044 -15.872669 -1.370374 -8.21681 0.121093236 0.105451144 0.9565165 -0.24350095
49895864.43959044 -15.907515 -1.3965584 -8.103792 0.13881145 0.11237825 0.9533924 -0.24319844
49921676.68959044 -15.947597 -1.4310083 -7.996298 0.15598795 0.119597904 0.9501543 -0.2420142
49947466.68959044 -15.977559 -1.4521873 -7.885146 0.17348477 0.12779504 0.9467158 -0.2393758
49973236.68959044 -16.006987 -1.4782045 -7.7750874 0.19001132 0.1372604 0.9430376 -0.23608333
49998987.68959044 -16.030756 -1.5045543 -7.654676 0.20675738 0.14580366 0.93913496 -0.23241821
50024721.68959044 -16.055311 -1.5333657 -7.5353537 0.22297569 0.1550209 0.9347571 -0.2290841
50050443.68959044 -16.077578 -1.5607202 -7.4159355 0.23976718 0.16322091 0.93013483 -0.2252108
50076156.68959044 -16.09688 -1.5861107 -7.2944527 0.25577542 0.17235619 0.9251734 -0.22119342
50101861.68959044 -16.105112 -1.6075233 -7.1718845 0.27145922 0.18244477 0.9197553 -0.2169657
50127560.68959044 -16.115654 -1.6255841 -7.048267 0.28723618 0.19318761 0.91386 -0.21221176
50153257.68959044 -16.120317 -1.6462611 -6.9297757 0.30180952 0.20400727 0.90767354 -0.20837691
50178959.68959044 -16.114902 -1.6740472 -6.8005743 0.316625 0.21504903 0.9010259 -0.2040955
50204674.68959044 -16.114693 -1.6963134 -6.68012 0.3312129 0.2262103 0.89394015 -0.19999485
50230409.68959044 -16.1077 -1.7198899 -6.561161 0.34467247 0.23756713 0.8869639 -0.19508405
50256170.43959044 -16.091915 -1.741238 -6.433756 0.3579898 0.2492778 0.87951547 -0.1901483
50281965.43959044 -16.070995 -1.7637706 -6.3129 0.37040627 0.2606764 0.8722416 -0.18450381
50307795.43959044 -16.059994 -1.7951586 -6.187751 0.38350314 0.2728027 0.8641793 -0.17803977
50333667.43959044 -16.04397 -1.820997 -6.055948 0.39603263 0.28496936 0.8560844 -0.17049962
50359582.68959044 -16.004694 -1.8296213 -5.9411554 0.40725943 0.29826254 0.8478557 -0.16223465
50385545.43959044 -15.970004 -1.8424084 -5.8252707 0.418383 0.31082597 0.8394462 -0.15386072
50411531.68959044 -15.937663 -1.857358 -5.6973352 0.43032312 0.32271892 0.8304051 -0.14526506
50437570.68959044 -15.888545 -1.86692 -5.5875063 0.44093028 0.33472565 0.82156664 -0.13626322
50463690.43959044 -15.84059 -1.8803382 -5.468404 0.4515873 0.34548572 0.8126543 -0.12767723
50489868.68959044 -15.79218 -1.9043665 -5.3503904 0.46318397 0.3534023 0.8038745 -0.11980521
50516102.68959044 -15.743233 -1.9217944 -5.2325583 0.4740757 0.36029792 0.79551333 -0.112233005
50542388.68959044 -15.687941 -1.9233499 -5.116378 0.48489216 0.36608446 0.7873459 -0.10463405
50568728.68959044 -15.616944 -1.9449229 -4.995063 0.49526405 0.3690316 0.78017676 -0.099265024
50595116.68959044 -15.538985 -1.9569368 -4.8978043 0.50419295 0.36975223 0.7745195 -0.09587707
50621554.68959044 -15.464326 -1.9623117 -4.762187 0.513734 0.36730158 0.7696472 -0.09386287
50648039.68959044 -15.388458 -1.967576 -4.673888 0.5215038 0.36403653 0.7660987 -0.092757694
50674572.68959044 -15.300341 -1.969202 -4.553273 0.5297233 0.35852432 0.76318574 -0.09165784
50701149.68959044 -15.203916 -1.9609737 -4.446601 0.5366346 0.35392138 0.7606778 -0.09017928
50727774.68959044 -15.109636 -1.9837074 -4.359581 0.5429662 0.3502998 0.757719 -0.09132246
50754451.43959044 -15.01004 -1.9836602 -4.2515793 0.5485107 0.34713465 0.75514406 -0.091602944
50781184.68959044 -14.904676 -1.9641509 -4.1520195 0.5529747 0.3439654 0.7532842 -0.09203115
50807979.68959044 -14.792929 -1.9517031 -4.049774 0.55810297 0.33980674 0.7512218 -0.09337171
50834841.43959044 -14.688726 -1.9560065 -3.957202 0.56256527 0.3361236 0.74924815 -0.09575266
50861776.68959044 -14.559581 -1.9640212 -3.8724756 0.5656653 0.33405885 0.7476073 -0.09752402
50888792.43959044 -14.437329 -1.9338427 -3.7815351 0.5687716 0.3288901 0.7472464 -0.09976533
50915893.68959044 -14.314657 -1.9384775 -3.6945467 0.5717166 0.32440227 0.7464951 -0.103191145
50943087.68959044 -14.1867695 -1.9179845 -3.6173782 0.5733314 0.31821147 0.74758095 -0.105618805
50970379.68959044 -14.048801 -1.9117513 -3.5342007 0.5748746 0.31117263 0.7490253 -0.107944414
50997777.68959044 -13.923964 -1.8910875 -3.4623766 0.57554686 0.30336067 0.7513509 -0.11040794
51025282.68959044 -13.78889 -1.8701451 -3.3768206 0.5774206 0.29413334 0.7533182 -0.11217276
51052899.68959044 -13.657087 -1.855156 -3.3100958 0.5777101 0.28324914 0.7567606 -0.11547509
51080636.43959044 -13.508105 -1.8384528 -3.232151 0.57775736 0.27130246 0.76051897 -0.11917372
51108495.68959044 -13.352586 -1.8269367 -3.1562443 0.57759315 0.25912464 0.7641734 -0.12361088
51136481.43959044 -13.206566 -1.8097656 -3.084014 0.57657576 0.24579445 0.7685309 -0.12847482
51164593.68959044 -13.054087 -1.7972019 -3.0053072 0.5757129 0.23408791 0.77208126 -0.13284618
51192838.68959044 -12.892567 -1.770058 -2.941105 0.5738676 0.22188456 0.7764045 -0.13652611
51221218.68959044 -12.732497 -1.7584751 -2.8788815 0.57113767 0.21048549 0.7808434 -0.14064622
51249734.68959044 -12.569017 -1.7422192 -2.8133125 0.56797343 0.20001839 0.785249 -0.14416282
51278386.68959044 -12.3967705 -1.7141021 -2.7479868 0.56534094 0.18781425 0.7895897 -0.1471855
51307172.43959044 -12.216222 -1.6954131 -2.683219 0.5608618 0.17760108 0.79464436 -0.14977416
51336084.68959044 -12.045672 -1.6820939 -2.6130733 0.55678195 0.16705766 0.79928315 -0.15242071
51365111.68959044 -11.867139 -1.6695933 -2.5549574 0.5514637 0.1562533 0.80460954 -0.15516512
51394241.68959044 -11.676962 -1.6433964 -2.4767418 0.54638696 0.1453024 0.80969924 -0.15727605
51423457.68959044 -11.490871 -1.6280192 -2.4065595 0.5404705 0.13440964 0.8149739 -0.1601355
51452747.68959044 -11.297876 -1.6063911 -2.336247 0.5342203 0.124046065 0.8203563 -0.16197817
51482096.68959044 -11.107304 -1.5907388 -2.256565 0.5281628 0.11376509 0.82530624 -0.16422933
51511486.43959044 -10.906243 -1.5816896 -2.1900024 0.52105916 0.10521595 0.8307058 -0.16539289
51540901.68959044 -10.714642 -1.5764871 -2.1242137 0.512908 0.09791221 0.8365866 -0.16571487
51570328.68959044 -10.517427 -1.5643952 -2.0506468 0.5046374 0.08960547 0.84210396 -0.16784768
51599752.68959044 -10.312503 -1.5447917 -1.9780273 0.49565768 0.08155761 0.84803814 -0.16882885
51629163.43959044 -10.116058 -1.5286916 -1.9027181 0.4860523 0.073238805 0.8542967 -0.16901602
51658553.68959044 -9.926038 -1.5248965 -1.8291287 0.4755469 0.06435041 0.8606787 -0.17013682
51687916.43959044 -9.728012 -1.5169355 -1.7446942 0.46510234 0.05544415 0.86709404 -0.16956936
51717238.68959044 -9.527829 -1.5108359 -1.6681533 0.45365888 0.046339765 0.87377477 -0.1690087
51746502.68959044 -9.330594 -1.4837302 -1.5776412 0.44248122 0.035848718 0.8801489 -0.16811661
51775691.43959044 -9.135362 -1.4911752 -1.4991922 0.42877504 0.027191216 0.8872139 -0.16811967
51804792.68959044 -8.935992 -1.4756364 -1.4126282 0.41397732 0.017782588 0.8945415 -0.16763651
51833797.68959044 -8.74596 -1.4723859 -1.3267846 0.39816955 0.00821227 0.90186006 -0.16745754
51862704.43959044 -8.538147 -1.4568684 -1.2434812 0.38135064 -0.0019483988 0.9091786 -0.16721915
51891515.43959044 -8.345987 -1.4632076 -1.1478412 0.36414728 -0.012194677 0.91601366 -0.16783048
51920226.68959044 -8.156725 -1.4648745 -1.0621947 0.3455637 -0.022042716 0.9228813 -0.16849351
51948840.68959044 -7.9650946 -1.4597683 -0.9603393 0.32742324 -0.03398843 0.9289391 -0.16944328
51977354.43959044 -7.7746706 -1.464881 -0.85952854 0.30717728 -0.046775457 0.9350378 -0.17075877
52005770.68959044 -7.60132 -1.465727 -0.7650751 0.28609318 -0.060758952 0.94068956 -0.17193666
52034094.68959044 -7.406822 -1.4657311 -0.6585798 0.26496395 -0.0762753 0.945445 -0.17352203
52062342.68959044 -7.2355747 -1.4612157 -0.5538472 0.24395278 -0.091609724 0.949479 -0.17488413
52090528.43959044 -7.0577025 -1.4709356 -0.4520973 0.22280464 -0.106036834 0.95283043 -0.1767158
52118664.43959044 -6.9000134 -1.4856865 -0.34060746 0.20183493 -0.11968518 0.9554592 -0.17898594
52146765.68959044 -6.725914 -1.4958005 -0.22361657 0.18079253 -0.13303895 0.9576542 -0.18031423
52174850.68959044 -6.552763 -1.5054271 -0.12226699 0.15964122 -0.14605388 0.9593622 -0.1811277
52202935.68959044 -6.382008 -1.5140333 -0.014482707 0.13857865 -0.15849952 0.96043277 -0.18232593
52231030.68959044 -6.23388 -1.5247028 0.10293533 0.11820421 -0.17029247 0.96104324 -0.18282282
52259151.68959044 -6.087883 -1.5344975 0.21785462 0.09722118 -0.18031192 0.96135265 -0.18394783
52287305.68959044 -5.931055 -1.5499213 0.34107995 0.07536762 -0.1917193 0.9610021 -0.18449508
52315498.68959044 -5.798981 -1.5746412 0.462213 0.05446861 -0.20232457 0.9599932 -0.18577166
52343731.68959044 -5.6618853 -1.5796361 0.5845239 0.033334453 -0.21217337 0.9589076 -0.18538499
52372003.68959044 -5.5186887 -1.597084 0.7057098 0.011621521 -0.22111598 0.95745677 -0.18506539
52400320.43959044 -5.392094 -1.6126773 0.833794 -0.009985118 -0.22843607 0.9557912 -0.18487963
52428689.68959044 -5.250797 -1.6124463 0.95951366 -0.03257237 -0.23680732 0.95357996 -0.1831574
52457118.43959044 -5.126375 -1.6278533 1.0866413 -0.05471409 -0.24467951 0.9507839 -0.1820669
52485612.68959044 -5.0148506 -1.6430501 1.2177832 -0.07586727 -0.25278497 0.9475215 -0.1804079
52514168.43959044 -4.9051967 -1.656729 1.3497353 -0.097292185 -0.26084602 0.9438085 -0.17809846
52542786.68959044 -4.800908 -1.6679821 1.4855435 -0.11815956 -0.26899293 0.9395383 -0.17592351
52571458.68959044 -4.7051044 -1.6780143 1.6214172 -0.138988 -0.27702135 0.93480307 -0.17344958
52600178.68959044 -4.599072 -1.6872975 1.7564737 -0.15926598 -0.2847021 0.92972124 -0.17087276
52628937.68959044 -4.5101094 -1.6983355 1.8912092 -0.17936102 -0.29239148 0.92417294 -0.16805148
52657727.68959044 -4.4243402 -1.7175623 2.03725 -0.19952983 -0.29883397 0.91850704 -0.16501832
52686543.68959044 -4.3560543 -1.7259073 2.1635542 -0.21858484 -0.30499765 0.9126285 -0.16219263
52715379.68959044 -4.2862716 -1.7364041 2.2944355 -0.23791708 -0.30948198 0.9069605 -0.15823741
52744229.68959044 -4.2226205 -1.7444971 2.44306 -0.25727892 -0.31416538 0.90076435 -0.1540498
52773090.68959044 -4.1503997 -1.7437425 2.581719 -0.2768804 -0.3172019 0.8947701 -0.14868331
52801956.68959044 -4.107721 -1.7519948 2.714251 -0.29593542 -0.32150245 0.8877655 -0.14467503
52830822.68959044 -4.053562 -1.7447276 2.8543024 -0.31444618 -0.3245358 0.8811204 -0.13938081
52859684.68959044 -4.013193 -1.7463932 2.9891653 -0.33285597 -0.3274822 0.87386596 -0.13535406
52888533.68959044 -3.9700723 -1.7549642 3.1225734 -0.35094863 -0.32996157 0.86657137 -0.13044007
52917366.43959044 -3.9377356 -1.754162 3.2602334 -0.3681661 -0.33127165 0.8595759 -0.1258653
52946178.68959044 -3.9037788 -1.7638466 3.4037554 -0.38551462 -0.33048826 0.85261375 -0.12331198
52974967.68959044 -3.886606 -1.7871721 3.50981 -0.40066627 -0.329447 0.84614474 -0.122353755
53003729.68959044 -3.8661604 -1.7875588 3.64431 -0.4167532 -0.3284783 0.83920896 -0.118941866
53032457.68959044 -3.852902 -1.7826276 3.766897 -0.43233067 -0.32634562 0.83261865 -0.11547719
53061144.68959044 -3.8502803 -1.7837431 3.8981116 -0.44664547 -0.32472977 0.8262288 -0.11137534
53089792.43959044 -3.8499687 -1.7660763 4.0207815 -0.46051252 -0.32247972 0.8201039 -0.10660572
53118402.68959044 -3.849184 -1.7799819 4.132224 -0.4744191 -0.31960908 0.81357694 -0.10425528
53146971.68959044 -3.8540845 -1.7735794 4.257221 -0.48722085 -0.31814533 0.8069714 -0.10097827
53175497.43959044 -3.8666573 -1.7808626 4.366637 -0.49979085 -0.31629762 0.8002257 -0.0990143
53203977.68959044 -3.8969026 -1.7707484 4.477926 -0.5110383 -0.31338546 0.794483 -0.09708849
53232409.68959044 -3.8947413 -1.769702 4.5841084 -0.52234596 -0.30966157 0.7886061 -0.09677182
53260793.68959044 -3.9286146 -1.7638915 4.6950445 -0.53258634 -0.30680746 0.7828267 -0.096970834
53289132.68959044 -3.9571104 -1.7792447 4.8004007 -0.5439166 -0.30334172 0.77629316 -0.09750642
53317430.43959044 -4.003517 -1.7499278 4.901821 -0.55373305 -0.29931715 0.7711853 -0.09519616
53345685.68959044 -4.0357428 -1.7509222 4.9985228 -0.5647855 -0.29700515 0.7642653 -0.09329425
53373899.68959044 -4.080954 -1.7449179 5.095558 -0.5761119 -0.29547843 0.7567237 -0.090315774
53402073.68959044 -4.133934 -1.7505016 5.194813 -0.5866347 -0.29489172 0.74945635 -0.08493463
53430207.43959044 -4.18414 -1.7405283 5.286866 -0.59789616 -0.2938145 0.74151254 -0.07970233
53458300.68959044 -4.239382 -1.7473204 5.3844194 -0.60923576 -0.2935044 0.73292917 -0.07417391
53486351.43959044 -4.3077197 -1.7331531 5.4678316 -0.61901736 -0.29276714 0.72551936 -0.06875093
53514358.43959044 -4.363246 -1.7401345 5.547412 -0.62928283 -0.2922012 0.71725714 -0.064528555
53542324.68959044 -4.4261026 -1.7473109 5.643672 -0.63967013 -0.29181236 0.7085588 -0.060101513
53570249.68959044 -4.4987698 -1.7371254 5.72122 -0.6484377 -0.29133675 0.70120907 -0.05438175
53598136.68959044 -4.568969 -1.7349718 5.795394 -0.6575452 -0.29132324 0.6930417 -0.04958219
53625984.68959044 -4.645145 -1.7309294 5.865607 -0.6663555 -0.29121462 0.6849445 -0.044894625
53653795.68959044 -4.720504 -1.7351208 5.9484386 -0.675661 -0.29104155 0.67613226 -0.04027729
53681570.43959044 -4.7956114 -1.742027 6.0188794 -0.6840453 -0.29183054 0.6675821 -0.035372447
53709307.68959044 -4.879534 -1.7428806 6.084574 -0.6926953 -0.29183942 0.6588086 -0.031212095
53737008.68959044 -4.968504 -1.7227018 6.1319695 -0.69976646 -0.29253462 0.65124035 -0.025227781
53764676.68959044 -5.051801 -1.7282834 6.190792 -0.7079074 -0.2930774 0.64222133 -0.022906624
53792312.68959044 -5.144706 -1.7079035 6.232701 -0.7151427 -0.29262424 0.634483 -0.019321607
53819916.43959044 -5.2373304 -1.7118796 6.3032475 -0.7243442 -0.29246497 0.62409043 -0.017344076
53847487.68959044 -5.3286376 -1.703766 6.344033 -0.7322703 -0.29180962 0.61513746 -0.015275833
53875027.68959044 -5.423225 -1.7102207 6.3914833 -0.74097043 -0.2919359 0.6046045 -0.013775269
53902539.43959044 -5.5169 -1.7074817 6.4300117 -0.74934596 -0.29205114 0.594195 -0.010910516
53930023.68959044 -5.617449 -1.6986965 6.462523 -0.75763726 -0.29201365 0.58364224 -0.008696878
53957481.68959044 -5.718989 -1.7043772 6.4938836 -0.76590365 -0.29255012 0.5725015 -0.0069349646
53984910.43959044 -5.824709 -1.7014894 6.5270376 -0.7742107 -0.2928076 0.5611109 -0.0040182853
54012314.68959044 -5.922845 -1.7092358 6.551612 -0.7825049 -0.2940166 0.54885095 -0.0017463262
54039688.68959044 -6.0358496 -1.7101207 6.5764065 -0.79055893 -0.29546958 0.53638726 0.0017803217
54067036.68959044 -6.143767 -1.7141422 6.592804 -0.79813254 -0.2966703 0.5243455 0.0057397843
54094359.68959044 -6.253047 -1.7155693 6.611106 -0.8060638 -0.2979635 0.5112622 0.009485844
54121656.68959044 -6.3648353 -1.7212071 6.6243973 -0.81402 -0.29886016 0.4978685 0.013459602
54148928.68959044 -6.4764566 -1.7246513 6.6381416 -0.8215078 -0.29988718 0.48462877 0.018098531
54176176.68959044 -6.5882754 -1.7313466 6.6435843 -0.8289537 -0.30039465 0.47132576 0.021235153
54203401.68959044 -6.702078 -1.7303344 6.63999 -0.8360099 -0.3017709 0.4575151 0.026492577
54230606.68959044 -6.8146944 -1.7435256 6.6442347 -0.84426486 -0.3017547 0.44186622 0.030252479
54257791.43959044 -6.9280243 -1.7392919 6.631529 -0.8512561 -0.30210838 0.42747468 0.03686644
54284957.68959044 -7.0471563 -1.7455641 6.6200085 -0.85906315 -0.30183792 0.4112522 0.042142253
54312106.68959044 -7.161233 -1.7501268 6.604459 -0.866782 -0.30087554 0.3947119 0.048636235
54339236.43959044 -7.2689123 -1.7574551 6.584749 -0.8738587 -0.3007616 0.37764785 0.057407584
54366348.43959044 -7.3782864 -1.7641091 6.5635285 -0.88087034 -0.29998276 0.36021614 0.06574344
54393443.68959044 -7.4935017 -1.7694763 6.5341225 -0.8876628 -0.2987538 0.3424058 0.07456053
54420522.68959044 -7.605036 -1.7759669 6.5007625 -0.89396846 -0.29725072 0.32487163 0.08319211
54447589.68959044 -7.7149143 -1.7825608 6.46548 -0.900057 -0.29532313 0.30686653 0.09227499
54474645.68959044 -7.82918 -1.787787 6.4232383 -0.9058487 -0.29310715 0.28847817 0.10152237
54501693.43959044 -7.9353275 -1.7930144 6.3802 -0.9110941 -0.2907181 0.27021113 0.11124948
54528736.68959044 -8.042137 -1.8049345 6.3335276 -0.91605264 -0.28830895 0.25139147 0.120531864
54555778.43959044 -8.147076 -1.812534 6.2836504 -0.9201239 -0.28628227 0.23313591 0.13062254
54582820.68959044 -8.252097 -1.8133671 6.2295947 -0.92361313 -0.2843111 0.21471071 0.14143996
54609868.43959044 -8.356194 -1.8292794 6.1743584 -0.92706466 -0.2817789 0.19651698 0.1501098
54636923.68959044 -8.460091 -1.8363774 6.116232 -0.9298548 -0.2795259 0.17860295 0.15917392
54663984.43959044 -8.553341 -1.8418674 6.0506945 -0.9320461 -0.27743274 0.16107292 0.16845383
54691059.68959044 -8.65489 -1.8520303 5.98374 -0.9340422 -0.2753346 0.14364284 0.17641664
54718163.43959044 -8.746735 -1.8571255 5.91084 -0.93553317 -0.27319178 0.12648185 0.18478696
54745296.68959044 -8.834629 -1.8633308 5.836535 -0.9366926 -0.27084595 0.10943256 0.19306493
54772460.68959044 -8.933486 -1.8723106 5.7537966 -0.9373034 -0.26850176 0.09308853 0.2017517
54799655.68959044 -9.018801 -1.8785853 5.6762657 -0.93776876 -0.26598433 0.07698328 0.20956105
54826881.68959044 -9.106503 -1.8895478 5.592836 -0.9382204 -0.26310107 0.060948763 0.21634598
54854140.43959044 -9.183958 -1.9004021 5.5061145 -0.9379878 -0.26105675 0.04522239 0.2235694
54881437.68959044 -9.258842 -1.8939342 5.409043 -0.93733704 -0.25880155 0.030765733 0.2312457
54908774.68959044 -9.32895 -1.8977671 5.3084536 -0.93645436 -0.25694463 0.017417574 0.23817939
54936157.68959044 -9.401321 -1.9066706 5.2150674 -0.9359266 -0.2557089 0.004233517 0.24214968
54963585.68959044 -9.469068 -1.9052677 5.116663 -0.93570966 -0.2551525 -0.006058552 0.24353263
54991060.43959044 -9.53744 -1.9122429 5.013688 -0.9359143 -0.25575185 -0.014727263 0.2417409
55018582.68959044 -9.590759 -1.90624 4.90585 -0.9356054 -0.25682685 -0.023272995 0.24112456
55046150.68959044 -9.655606 -1.914032 4.801178 -0.9354828 -0.25746584 -0.032070395 0.23990579
55073762.68959044 -9.703056 -1.9162822 4.6958146 -0.935154 -0.25832382 -0.03975955 0.23911303
55101414.68959044 -9.7476635 -1.9157009 4.5777946 -0.9347739 -0.25892836 -0.04655979 0.23871744
55129109.68959044 -9.799898 -1.9242496 4.4650116 -0.935035 -0.25939164 -0.053338844 0.23575538
55156839.68959044 -9.836914 -1.9103951 4.342842 -0.935249 -0.25911957 -0.05806358 0.23408356
55184604.68959044 -9.871407 -1.9079418 4.222136 -0.9355025 -0.25923556 -0.06300981 0.23165007
55212400.68959044 -9.901674 -1.9081206 4.097923 -0.9358013 -0.25842035 -0.06766386 0.23003569
55240225.68959044 -9.935701 -1.9024677 3.953421 -0.9364821 -0.25639322 -0.07109386 0.22849418
55268077.68959044 -9.962539 -1.9037323 3.8369036 -0.9373601 -0.2542363 -0.074911386 0.22607161
55295951.68959044 -9.977854 -1.903687 3.7030807 -0.93799245 -0.25267872 -0.07724593 0.22440335
55323840.68959044 -9.993872 -1.8950787 3.5659475 -0.9387099 -0.2523418 -0.07824797 0.22141513
55351742.43959044 -10.010718 -1.892981 3.4236264 -0.9395382 -0.25202543 -0.08002701 0.21759352
55379656.68959044 -10.026314 -1.879056 3.289472 -0.9405773 -0.25172028 -0.08104946 0.21303107
55407580.68959044 -10.035732 -1.8806138 3.1444263 -0.94159895 -0.25205648 -0.08160822 0.20784387
55435513.43959044 -10.042813 -1.8943915 3.0050216 -0.9426442 -0.2524662 -0.08332043 0.2018427
55463453.43959044 -10.048095 -1.8816471 2.8552432 -0.94413716 -0.251492 -0.08375027 0.19581313
55491404.43959044 -10.0360365 -1.8872507 2.7151766 -0.9454077 -0.25168508 -0.082185626 0.1900122
55519365.68959044 -10.036201 -1.8728788 2.5628767 -0.9467943 -0.25059596 -0.08276725 0.18420622
55547339.68959044 -10.010904 -1.8808458 2.4142823 -0.9480892 -0.25053728 -0.0801251 0.17871208
55575330.43959044 -10.017783 -1.8773739 2.2636523 -0.94946605 -0.25034457 -0.07965602 0.17174621
55603342.43959044 -9.980539 -1.8865111 2.1176949 -0.95065725 -0.25110066 -0.07704476 0.16511641
55631384.68959044 -9.975013 -1.8644674 1.9562917 -0.95220333 -0.2509682 -0.075436555 0.15694954
55659459.68959044 -9.954426 -1.860856 1.7984858 -0.95348895 -0.25187588 -0.07307585 0.14858435
55687574.68959044 -9.951975 -1.8530059 1.6532207 -0.9546832 -0.25285387 -0.07152811 0.13974519
55715733.43959044 -9.929035 -1.8549731 1.4955707 -0.9556799 -0.25436813 -0.069133215 0.13112395
55743944.68959044 -9.904263 -1.8398957 1.3287745 -0.9567984 -0.25490966 -0.067168064 0.122663684
55772216.68959044 -9.880029 -1.827847 1.1632555 -0.95778793 -0.2552962 -0.065408155 0.114838585
55800556.68959044 -9.871911 -1.82054 0.99666786 -0.95877904 -0.25526336 -0.0642979 0.107001066
55828971.68959044 -9.83159 -1.8006458 0.82237625 -0.9597792 -0.25462592 -0.06275673 0.100254945
55857465.43959044 -9.803814 -1.801807 0.65019274 -0.96035707 -0.25526944 -0.06113145 0.09388683
55886049.43959044 -9.779097 -1.7809325 0.4647119 -0.9611738 -0.25489652 -0.059905574 0.08708718
55914729.68959044 -9.74547 -1.7713063 0.29883957 -0.961854 -0.2553571 -0.057207584 0.079730764
55943512.68959044 -9.719479 -1.7618533 0.12714887 -0.9627672 -0.25511906 -0.054599695 0.070799336
55972408.43959044 -9.687807 -1.7431846 -0.06101823 -0.96372056 -0.25493917 -0.051822755 0.05969227
56001427.68959044 -9.656827 -1.7269443 -0.24700332 -0.96496034 -0.25326416 -0.047981925 0.04905707
56030578.68959044 -9.62346 -1.7026906 -0.43090892 -0.9664582 -0.25024936 -0.04336963 0.03811751
