941736.612 -0.0 -0.0 -0.0 -0.0 -0.0 1.0 -0.0
982166.223 -0.0 -0.0 -0.0 -0.0 -0.0 1.0 -0.0
1041737.663 -0.0 -0.0 -0.0 -0.0 -0.0 1.0 -0.0
1082167.024 0.0023255856 -0.0035546683 -0.011148089 -0.00074603135 -0.0007310682 0.99999803 0.0016947584
1141738.714 0.0023255856 -0.0035546683 -0.011148089 -0.00074603135 -0.0007310682 0.99999803 0.0016947584
1182249.0729999999 0.0023255856 -0.0035546683 -0.011148089 -0.00074603135 -0.0007310682 0.99999803 0.0016947584
1241739.765 0.0037514542 -0.0043513826 -0.0182214 0.0010916861 0.0009179279 0.9999969 0.0020365764
1282169.126 0.0037514542 -0.0043513826 -0.0182214 0.0010916861 0.0009179279 0.9999969 0.0020365764
1341740.816 0.0037514542 -0.0043513826 -0.0182214 0.0010916861 0.0009179279 0.9999969 0.0020365764
1382169.927 0.005586553 -0.0066698235 -0.02275304 0.0009351393 0.00039961544 0.9999953 0.0028938109
1441741.6169999999 0.005586553 -0.0066698235 -0.02275304 0.0009351393 0.00039961544 0.9999953 0.0028938109
1482170.7280000001 0.005586553 -0.0066698235 -0.02275304 0.0009351393 0.00039961544 0.9999953 0.0028938109
1541742.4179999998 0.005874119 -0.009116223 -0.024659082 0.00037095847 -0.0005384168 0.9999885 0.0047566844
1582171.5289999999 0.005874119 -0.009116223 -0.024659082 0.00037095847 -0.0005384168 0.9999885 0.0047566844
1641743.219 0.005874119 -0.009116223 -0.024659082 0.00037095847 -0.0005384168 0.9999885 0.0047566844
1682172.33 0.005874119 -0.009116223 -0.024659082 0.00037095847 -0.0005384168 0.9999885 0.0047566844
1741744.0199999998 0.009301503 -0.0108400695 -0.022763763 -0.0009396289 -0.00035576333 0.9999755 0.0069293287
1782173.6309999998 0.009301503 -0.0108400695 -0.022763763 -0.0009396289 -0.00035576333 0.9999755 0.0069293287
1841745.071 0.0063908985 -0.015677692 -0.022687702 -0.0019361828 -0.000725742 0.9999676 0.0077828653
1882174.432 0.0063908985 -0.015677692 -0.022687702 -0.0019361828 -0.000725742 0.9999676 0.0077828653
1941746.122 0.0063908985 -0.015677692 -0.022687702 -0.0019361828 -0.000725742 0.9999676 0.0077828653
1982175.233 0.0080205435 -0.024633264 -0.02271437 -0.002687905 -0.00075174076 0.99997157 0.00701228
2041746.9230000002 0.012116196 -0.052707348 -0.021738658 -0.0031244035 -0.00034623727 0.9999793 0.0056116343
2083991.7439999997 0.006595464 -0.05677604 -0.019124322 -0.0025601056 -0.0013199914 0.99999213 0.0027330685
2133207.161 0.0034181913 -0.048797183 -0.019295223 -0.0024616302 -0.002184989 0.9999881 0.0036062738
2183192.062 -0.0006628824 -0.04480706 -0.012500424 -0.0019657526 -0.0027005407 0.9999826 0.0048720315
2233818.699 -0.00046339983 -0.0396938 -0.009262745 -0.0023190915 -0.0029534644 0.99997807 0.0054638055
2284842.327 0.00063307857 -0.034989126 -0.01445535 -0.0024933845 -0.002373822 0.9999803 0.005258977
2335055.7229999998 0.005216598 -0.031249342 -0.008241899 -0.0020433958 -0.0018901291 0.9999807 0.0055625215
2384320.389 0.007192124 -0.0353271 -0.007937452 -0.001739753 -0.0012310261 0.9999814 0.0057225926
2433741.803 -3.7117148e-05 -0.030123208 0.0008233913 -0.001220393 -0.0010190308 0.99997896 0.0062981616
2483520.208 0.003364632 -0.037348393 -0.0027187031 -0.0013940624 -0.0010604451 0.9999777 0.006453319
2533679.355 0.0045603104 -0.039098695 0.001908199 -0.001546519 -0.0014974347 0.9999729 0.007049335
2584107.2460000003 0.008899326 -0.041441966 0.0015856923 -0.0026489694 -0.002271518 0.9999663 0.0074372143
2634369.8910000003 0.007805388 -0.048722476 0.0016515376 -0.0030998 -0.0027833243 0.9999668 0.007008995
2684259.294 0.007362859 -0.050171807 6.345885e-05 -0.0032386906 -0.0033077563 0.9999673 0.0066376114
2733958.4510000004 0.0006093205 -0.052342474 0.0012548001 -0.002984168 -0.0038435413 0.9999728 0.0055509694
2783752.856 -0.0033790758 -0.04862817 0.006683549 -0.0026934678 -0.004274203 0.999972 0.005529917
2833761.256 0.0017958403 -0.04681526 0.0038207322 -0.0035323792 -0.004222278 0.99997294 0.0048960247
2883943.653 -0.0023668404 -0.04331175 0.00786708 -0.0033307623 -0.0042798887 0.9999774 0.0039791837
2934134.549 -0.0038874156 -0.042817898 0.0055855145 -0.002777965 -0.0050889435 0.9999796 0.0027119697
2984150.949 -0.0049596424 -0.040330317 0.0019544219 -0.002395822 -0.005368949 0.9999802 0.0022448956
3034016.602 -0.00068560435 -0.037951622 0.0032633876 -0.002855928 -0.005525252 0.9999791 0.0018046496
3083866.506 0.00040884677 -0.031604793 0.0057518734 -0.00248213 -0.005350481 0.9999791 0.002654094
3133826.908 -0.006518737 -0.017966533 0.017940897 -0.0022382166 -0.0054437984 0.9999752 0.0038709752
3183898.807 -0.009882856 -0.011282891 0.023405401 -0.0019847148 -0.005563352 0.99997103 0.0048091942
3234018.454 -0.013132599 -0.013272819 0.023838067 -0.0019520695 -0.005731505 0.99996847 0.0051510762
3284074.604 -0.016326511 -0.014502981 0.02676314 -0.001593334 -0.0057566916 0.9999678 0.0053693918
3334027.255 -0.020886129 -0.009663358 0.031729054 -0.0011250734 -0.0058734813 0.99996287 0.0062164976
3383940.908 -0.018644817 -0.016343614 0.03434513 -0.0011783242 -0.0061192685 0.99996406 0.005748588
3433901.3090000004 -0.016160907 -0.020340195 0.03278158 -0.0013187178 -0.006231013 0.99996495 0.0054365066
3483925.709 -0.011510091 -0.020962471 0.03038893 -0.0011214347 -0.0058532567 0.99996865 0.0052174204
3534051.6070000003 -0.008581729 -0.02083982 0.028966175 -0.0009361186 -0.0058053248 0.9999659 0.005800797
3584022.008 -0.007349015 -0.025654392 0.036217507 -0.0012700675 -0.0056195185 0.9999694 0.005292582
3634014.408 -0.011267853 -0.0231291 0.040691603 -0.0010441849 -0.0056665856 0.9999683 0.0055038384
3683967.31 -0.008964771 -0.025031276 0.040901124 -0.0012745352 -0.006163078 0.99996734 0.0050806855
3733936.2109999997 -0.007973051 -0.017780354 0.042410634 -0.0007187678 -0.0056712157 0.99996775 0.005651901
3783936.8619999997 -0.011558743 -0.018240592 0.039323613 -2.8969225e-05 -0.005508337 0.9999697 0.005509191
3833961.762 -0.0080055315 -0.017927077 0.04123066 -0.00056846894 -0.005543225 0.99997157 0.005078095
3883993.161 -0.01137242 -0.017343547 0.039372686 -0.0001597021 -0.00577763 0.99997085 0.005006066
3934001.562 -0.0031473613 -0.012034041 0.042105425 -0.00050532084 -0.005394697 0.9999694 0.005640649
3983977.963 0.00038318516 -0.01604882 0.0381115 -0.0011042443 -0.0055623692 0.9999686 0.005539202
4033946.8639999996 -1.3486713e-06 -0.017833276 0.037749767 -0.0016965715 -0.005713104 0.99996644 0.0056291074
4083939.2640000004 -0.0026923483 -0.014598098 0.040045828 -0.0022288281 -0.0067222975 0.9999572 0.005957059
4133963.164 -0.003262093 -0.012595257 0.039670102 -0.0028253 -0.0072326 0.9999509 0.0061671883
4183995.8140000002 -0.0064439583 -0.013542838 0.03269098 -0.0026405954 -0.006950597 0.99995315 0.006200485
4234004.215000001 -0.008291447 -0.012226329 0.028828394 -0.0027161434 -0.006699461 0.9999515 0.006691927
4283996.615 -0.010386482 -0.012703008 0.027392197 -0.002730143 -0.0067945886 0.99994904 0.0069505456
4333973.016 -0.012633802 -0.01627005 0.022090327 -0.00247516 -0.006776187 0.9999494 0.007019448
4383957.417 -0.014591583 -0.017450683 0.027058696 -0.0026986727 -0.0068912064 0.99994516 0.007410283
4433966.067 -0.012016401 -0.018572044 0.026034018 -0.0029950396 -0.0064578285 0.999943 0.00795978
4483990.467 -0.015521973 -0.021194585 0.031751912 -0.002784654 -0.006397859 0.99993926 0.008538267
4533998.868 -0.014691321 -0.026992755 0.0319504 -0.0025511938 -0.0062719267 0.9999401 0.008605789
4583999.517999999 -0.013656149 -0.02856534 0.03589035 -0.002072257 -0.0057510603 0.99994206 0.008866631
4633991.919000001 -0.007530969 -0.03235593 0.034135167 -0.0018969144 -0.005143692 0.9999496 0.008416601
4684002.069 -0.0037393104 -0.03397915 0.033625808 -0.0012873056 -0.004898952 0.99995214 0.008370702
4733985.22 -0.0021593953 -0.035185546 0.032850377 -0.001097026 -0.0049335444 0.9999526 0.008323842
4783985.62 -0.002656093 -0.035580046 0.03484992 -0.0009654888 -0.0051403907 0.99995434 0.008002354
4833986.021 0.0016814515 -0.033885695 0.039062336 -0.00089982845 -0.005157125 0.9999529 0.008170443
4883994.671 0.0024407685 -0.0369232 0.03797426 -0.00019417441 -0.004875658 0.9999606 0.0074130953
4933994.822 0.0069883503 -0.033193804 0.039726708 -6.5100365e-05 -0.0041451273 0.99996305 0.0075358823
4984018.472 0.0076377504 -0.030812992 0.035988133 5.05985e-05 -0.004113926 0.9999623 0.0076563526
5033979.873 0.0061600995 -0.028371913 0.04043513 0.00013738802 -0.004384333 0.9999581 0.008040339
5083972.273999999 0.012139889 -0.03274516 0.038198154 -0.00074831006 -0.0046500717 0.99995714 0.0079780435
5133972.674 0.01092539 -0.03355885 0.038736507 -0.0012587062 -0.0051333895 0.9999534 0.008089369
5183981.074 0.009567278 -0.03387589 0.04033414 -0.0014332798 -0.00542635 0.9999528 0.007936329
5233997.475 0.009485383 -0.035921454 0.0382954 -0.0017675456 -0.0051446133 0.999957 0.0075130835
5283997.875 0.010045432 -0.034641746 0.037505668 -0.0012200938 -0.005064348 0.99995923 0.0073877904
5333990.526 0.013659635 -0.035056412 0.033392653 -0.00102541 -0.0044206213 0.99996424 0.007140827
5383982.926 0.0122864675 -0.032108203 0.036388822 -0.0015307362 -0.0046875575 0.99996126 0.0073014847
5433975.327 0.012020666 -0.031169584 0.03772793 -0.0020079499 -0.0046540787 0.999958 0.0076454203
5483983.727 0.008866798 -0.029746592 0.033774443 -0.0016378928 -0.004631174 0.99995416 0.008216332
5533992.1280000005 0.011869647 -0.030521065 0.03567174 -0.002236845 -0.0051669097 0.9999498 0.008291413
5584008.528 0.009220651 -0.031380925 0.038175777 -0.0017123922 -0.004588673 0.99995196 0.00849708
5634009.178 0.012261464 -0.03383933 0.036543973 -0.001599511 -0.0044130497 0.9999521 0.008600711
5684001.829 0.015390356 -0.03495311 0.039052103 -0.0010086996 -0.004021755 0.999953 0.008777264
5733986.23 0.018746477 -0.036820617 0.038495313 -0.00062630296 -0.0037203296 0.99995655 0.008529197
5783986.63 0.023596477 -0.03913605 0.03909283 -0.00034157798 -0.0032840963 0.9999611 0.008189771
5833987.031 0.02524427 -0.040200688 0.038168777 -5.4777967e-05 -0.0030450071 0.9999631 0.008040534
5884056.43 0.026381472 -0.03947814 0.03820198 0.00040162326 -0.0027130647 0.99996287 0.008169872
5934004.081 0.025939828 -0.037413027 0.037532456 0.001117147 -0.0033036266 0.9999564 0.008666865
5983996.732 0.029044226 -0.039137453 0.040852435 0.0008907166 -0.0034600624 0.9999539 0.008909701
6033981.133 0.027119929 -0.03860705 0.03977094 0.0009046707 -0.003718112 0.9999501 0.009230331
6083973.533 0.029989464 -0.042622708 0.03619156 0.0008996266 -0.0038911656 0.9999505 0.009109291
6133989.934 0.025801038 -0.043133616 0.037921797 0.0012777032 -0.0041590654 0.99994725 0.009305579
6183998.584 0.037423395 -0.04970046 0.033756383 0.00015243745 -0.0040512844 0.99995553 0.008515013
6234006.984 0.035573773 -0.047447022 0.036061198 0.00051904813 -0.004695577 0.9999528 0.008494024
6284007.385 0.036250677 -0.0467009 0.037262164 0.00082070014 -0.004159544 0.9999599 0.007896537
6333991.785 0.036295403 -0.042888153 0.03651662 0.0014826751 -0.0047874763 0.99995863 0.007592514
6383983.936 0.04067446 -0.040705293 0.0389459 0.00086423184 -0.0052161566 0.9999593 0.007311979
6433984.587 0.04138818 -0.037012883 0.037860956 0.0007605315 -0.0054493602 0.99996173 0.00680753
6483984.987 0.03927209 -0.03171945 0.037375692 0.0014684489 -0.006149222 0.99995923 0.006458345
6533993.386999999 0.04220889 -0.022990474 0.035936125 0.0013593795 -0.0064181406 0.99995893 0.006254018
6583986.038 0.044980504 -0.014397196 0.03729441 0.0021001582 -0.007722308 0.9999498 0.006033888
6633970.939 0.048509635 -0.0010979308 0.039883014 0.0034722546 -0.009538094 0.99993116 0.005894157
6683963.34 0.049941916 0.008490715 0.042380057 0.0037856242 -0.011222004 0.9999185 0.0047641722
6733963.74 0.054020658 0.015326823 0.045398176 0.003767699 -0.0123628825 0.99990773 0.0041986313
6783956.141 0.06175398 0.021662088 0.043626096 0.005181135 -0.012417685 0.99990046 0.0042464193
6833948.791 0.07080816 0.028990433 0.04225158 0.006350805 -0.012232184 0.99988997 0.00549875
6883949.192 0.08109648 0.028977381 0.041458197 0.0074872114 -0.012007287 0.99988276 0.005854977
6933941.592 0.08875475 0.025754916 0.029782755 0.007770345 -0.0125096645 0.9998641 0.0074119847
6983934.243 0.10796564 0.022898728 0.029896116 0.008790845 -0.013327667 0.9998351 0.008663956
7033948.143 0.12946744 0.01998338 0.031706523 0.009964562 -0.013066029 0.99981695 0.009807048
7083935.294 0.15215357 0.016323924 0.03333462 0.009875821 -0.011808273 0.9998302 0.010134312
7133935.945 0.17667064 0.013571607 0.033956148 0.008625361 -0.009258908 0.99987674 0.009301607
7183920.345 0.20080633 0.012748508 0.037828274 0.007414356 -0.0068806424 0.999917 0.007987121
7233905.245999999 0.22254038 0.0138412705 0.040855024 0.0062422114 -0.005760735 0.9999338 0.0077706017
7283897.647 0.2456514 0.014181394 0.04159595 0.0033430627 -0.005051131 0.9999501 0.007949874
7333897.797 0.26357648 0.01520036 0.040807523 -0.00015958658 -0.005360073 0.9999435 0.009180789
7383930.197000001 0.29016504 0.015171498 0.037814576 -0.0041065607 -0.006306569 0.99989784 0.012155511
7433907.097999999 0.31854644 0.013621755 0.034561835 -0.009023683 -0.0078990385 0.9998184 0.014810537
7483915.498 0.34931654 0.013233509 0.029114205 -0.014648997 -0.010942524 0.99971515 0.015341165
7533931.399 0.38100177 0.017895488 0.024831124 -0.0184889 -0.013463565 0.9996295 0.014759563
7583939.799000001 0.41392544 0.024134623 0.023792915 -0.01959562 -0.014164983 0.99960834 0.014091266
7633940.199 0.44835454 0.03040533 0.024780553 -0.020483235 -0.013593483 0.99961114 0.013161535
7683932.600000001 0.48152128 0.03589652 0.024834102 -0.022843126 -0.012391155 0.99959713 0.011414851
7733901.751 0.513118 0.041606292 0.023773227 -0.024966573 -0.011999456 0.99956113 0.0105003575
7783870.152000001 0.5484455 0.05040072 0.023594161 -0.026744233 -0.0126166325 0.9995013 0.011076913
7833855.052999999 0.58414686 0.054566037 0.02226243 -0.02768985 -0.01321116 0.9994693 0.010953535
7883855.454 0.6199862 0.05999005 0.021404317 -0.028017681 -0.013656128 0.9994412 0.012073372
7933871.353999999 0.6598046 0.064607166 0.021769658 -0.029688654 -0.0131655065 0.99939084 0.012775719
7983872.004 0.6992167 0.0697525 0.022248274 -0.032006685 -0.013355009 0.99932086 0.01245223
8033856.904999999 0.74049884 0.07444671 0.021891177 -0.033396523 -0.014464962 0.99926704 0.011866443
8083833.556000001 0.7830278 0.07904217 0.021132419 -0.03294156 -0.014691694 0.9992783 0.011918198
8133817.957 0.8281526 0.080167554 0.022219593 -0.031986807 -0.014262671 0.9993173 0.011765479
8183818.358000001 0.8714344 0.083313614 0.022414017 -0.03321077 -0.012542927 0.9992818 0.013253422
8233872.257 0.91588664 0.083868064 0.025007093 -0.03593027 -0.009933741 0.99919415 0.014878251
8283812.159000001 0.95628935 0.086862296 0.024829095 -0.039428987 -0.009433713 0.9990426 0.01644246
8333812.559 0.9991259 0.08918114 0.024159938 -0.043184903 -0.011016349 0.9988499 0.017680075
8383812.960000001 1.04209 0.09128414 0.022142908 -0.04617988 -0.012903004 0.99865466 0.019744368
8433820.86 1.0891417 0.09019101 0.01920781 -0.04846937 -0.013616247 0.9984851 0.022200849
8483821.51 1.1365021 0.08887377 0.016103229 -0.05043378 -0.013304517 0.99835837 0.023664827
8533814.161 1.1847153 0.090047345 0.015417537 -0.051650614 -0.013875674 0.9982897 0.023610773
8583814.561999999 1.2345666 0.09258392 0.01778746 -0.050416924 -0.014709202 0.9983568 0.022924414
8633807.212 1.2821792 0.09504536 0.020018473 -0.048926573 -0.014470582 0.99846435 0.021582585
8683799.613 1.3296922 0.09722661 0.023196243 -0.047710493 -0.0135866245 0.998545 0.021144576
8733775.764 1.3768208 0.100043856 0.026754355 -0.04605631 -0.013201921 0.9986149 0.02174762
8783752.915 1.4241823 0.10162409 0.031091511 -0.044367477 -0.013603614 0.99865824 0.022982592
8833729.316 1.4693797 0.10316988 0.037002604 -0.04382187 -0.013807112 0.99863774 0.024733065
8883729.716 1.5136615 0.10439079 0.042154927 -0.04443797 -0.013714075 0.9985592 0.026773872
8933738.367 1.5564896 0.106556185 0.04943702 -0.04444743 -0.0137761645 0.998519 0.028186627
8983746.767 1.6015247 0.108067445 0.05761616 -0.043493792 -0.013682737 0.9985321 0.029236497
9033747.167 1.6427562 0.11059071 0.0656001 -0.042779412 -0.01332041 0.998553 0.029741546
9083731.568 1.681737 0.113426834 0.07342147 -0.044048615 -0.012725831 0.9985136 0.029469982
9133715.969 1.7197982 0.118924364 0.07803898 -0.045894936 -0.014342993 0.9983887 0.030131344
9183716.62 1.7552066 0.12469612 0.081046864 -0.04790148 -0.016945902 0.9981983 0.03191532
9233725.02 1.7894949 0.1308937 0.08253499 -0.0501953 -0.018771062 0.9979932 0.033730354
9283725.42 1.822992 0.13702787 0.08213916 -0.05303837 -0.018809639 0.9978043 0.034925193
9333726.071 1.8543634 0.14289708 0.0822056 -0.055880163 -0.018326694 0.9976425 0.03536956
9383735.971 1.8826696 0.14714754 0.08222441 -0.05844537 -0.018435072 0.9975001 0.03518241
9433727.372000001 1.913937 0.15577152 0.07941902 -0.06358989 -0.01971623 0.9971089 0.036627255
9483719.772 1.9395863 0.15999596 0.0760648 -0.067865744 -0.021188604 0.99674946 0.037893496
9533720.173 1.962509 0.1662616 0.0727794 -0.07165546 -0.023784732 0.99637604 0.03917388
9583728.572999999 1.9845935 0.1725208 0.069203675 -0.075221725 -0.026743645 0.99601704 0.039706137
9633737.224 2.003911 0.17786081 0.06675397 -0.07794631 -0.028402742 0.9957733 0.039412342
9683737.124 2.025605 0.18148762 0.06523901 -0.0810624 -0.029203964 0.99551004 0.039188962
9733721.775 2.041585 0.18615599 0.06339423 -0.08226684 -0.029939398 0.995384 0.03932596
9783706.676 2.0621786 0.18607883 0.057882268 -0.08570735 -0.030150253 0.99506843 0.03980081
9833737.826000001 2.0799854 0.1859583 0.055028986 -0.08883347 -0.030536842 0.9947429 0.040776152
9883715.727 2.0950959 0.18596923 0.051502984 -0.089537635 -0.031536892 0.9945764 0.042499863
9933731.377 2.117409 0.18059519 0.048438523 -0.08989385 -0.03229829 0.99446744 0.043708634
9983740.027 2.138078 0.17565152 0.04787152 -0.09040191 -0.032815166 0.9943587 0.044737536
10033740.427000001 2.158151 0.1720122 0.048153874 -0.09051807 -0.03336387 0.99433887 0.044536527
10083733.078 2.1766434 0.17016001 0.050910395 -0.09053413 -0.034067918 0.99437064 0.04324303
10133725.479 2.1931882 0.16988142 0.053073235 -0.09037296 -0.03520869 0.99444 0.04101332
10183733.879 2.207987 0.17247775 0.055705775 -0.089875564 -0.03570058 0.9945358 0.03932553
10233734.280000001 2.2239015 0.17625597 0.055149462 -0.08855293 -0.035790984 0.99467254 0.038781315
10283719.18 2.2407582 0.17857614 0.05499698 -0.087122224 -0.035171688 0.9947996 0.039325573
10333704.081 2.2594454 0.18092743 0.05450856 -0.08664281 -0.033787426 0.99487287 0.03974367
10383688.231999999 2.2788017 0.18224326 0.052427504 -0.08530482 -0.03251712 0.99502015 0.04000837
10433696.632000001 2.300885 0.1844993 0.0513724 -0.082390845 -0.031334713 0.9952974 0.04016223
10483705.283 2.3230011 0.18645564 0.051839944 -0.07949345 -0.030242162 0.9956142 0.038970537
10533713.682999998 2.339798 0.18997644 0.05276655 -0.0774913 -0.02921126 0.99590313 0.036314163
10583744.332999999 2.355751 0.19352554 0.054125097 -0.07559676 -0.028108189 0.9961811 0.03344203
10633667.235 2.370488 0.19748309 0.055049397 -0.07301341 -0.027002838 0.99644655 0.032160617
10683627.636 2.3860996 0.19923575 0.054064766 -0.07068465 -0.026231723 0.9966236 0.032513425
10733620.287 2.3996642 0.19763283 0.05361054 -0.06956498 -0.025798652 0.99668264 0.03344989
10783636.687 2.4105449 0.1946484 0.052265193 -0.06923793 -0.02561376 0.9966797 0.034345597
10833652.837 2.421016 0.19194989 0.051636644 -0.06865161 -0.025671294 0.9966959 0.035006072
10883661.238 2.4308376 0.18967238 0.05219671 -0.06766725 -0.025525045 0.99678254 0.03455814
10933661.888 2.4369006 0.1877386 0.05156252 -0.06715164 -0.025482705 0.99687016 0.033033118
10983646.289 2.4389088 0.18618089 0.046137035 -0.06759537 -0.025439817 0.99688226 0.031771455
11033630.69 2.4384358 0.17968543 0.043522693 -0.06795149 -0.025903748 0.9968428 0.03187745
11083623.34 2.4353526 0.17548956 0.040492836 -0.06855919 -0.026266286 0.9967413 0.03341597
11133631.740999999 2.4313214 0.16914925 0.03733532 -0.069372356 -0.027129738 0.9966012 0.035178512
11183648.140999999 2.4254382 0.16200416 0.034735832 -0.07110333 -0.027958132 0.996395 0.036875036
11233672.541 2.4181826 0.15593739 0.035457183 -0.0726667 -0.028401116 0.9962088 0.038484048
11283688.691000002 2.4097207 0.14962047 0.036837913 -0.0728266 -0.028185086 0.9961612 0.03955662
11333689.091 2.4041162 0.14244102 0.040443897 -0.07259087 -0.027167493 0.9962011 0.039697144
11383697.492 2.3972926 0.14171684 0.04526509 -0.071683615 -0.026579592 0.9962452 0.04062638
11433705.891999999 2.394274 0.14128773 0.050559696 -0.07117385 -0.0259647 0.9962946 0.04070863
11483714.292 2.3929667 0.1398293 0.05440379 -0.07013912 -0.026205735 0.9964127 0.03943962
11533714.693 2.3884861 0.1414539 0.05987292 -0.06877955 -0.026471483 0.9965675 0.03770894
11583715.092999998 2.3811998 0.14667296 0.06724634 -0.067343146 -0.027407676 0.9966794 0.036658496
11633699.744 2.372195 0.14954613 0.07005234 -0.066170394 -0.02948858 0.99673456 0.03566735
11683692.145 2.3621476 0.15302594 0.07562798 -0.06571302 -0.030678533 0.9967536 0.03497204
11733691.045 2.349422 0.15649086 0.080260575 -0.06318836 -0.031132534 0.9969322 0.034120828
11783685.446 2.3342285 0.15663268 0.08271847 -0.062465798 -0.03148887 0.997017 0.032613695
11833694.095999999 2.311008 0.1575219 0.0850107 -0.062199093 -0.032292724 0.99705285 0.03121162
11883702.496000001 2.2867694 0.15769823 0.08573668 -0.062033672 -0.033912856 0.99701166 0.031136343
11933694.897 2.259747 0.15476453 0.085873954 -0.061753407 -0.034398988 0.99698764 0.031921342
11983695.298 2.228868 0.15135892 0.08596943 -0.062180456 -0.033835128 0.99693507 0.033305645
12033695.448 2.1988604 0.14676937 0.08678214 -0.062241465 -0.03281952 0.9969307 0.03432272
12083719.848 2.16863 0.14334223 0.08880066 -0.061414935 -0.032285698 0.9969851 0.03473687
12133743.748 2.1386263 0.13919161 0.091707565 -0.060325213 -0.031995725 0.9970989 0.033628996
12183756.398 2.1096423 0.13925818 0.09567175 -0.059081066 -0.032202072 0.9972067 0.032424014
12233753.048999999 2.0794609 0.1373059 0.09934551 -0.058535945 -0.032708716 0.99727184 0.030864865
12283745.199 2.0497975 0.1357667 0.103182584 -0.0582174 -0.033491325 0.9972812 0.030321771
12333738.1 2.0178049 0.13412158 0.10708599 -0.05786552 -0.034464262 0.9972747 0.03011634
12383746.0 1.985326 0.13210633 0.11113719 -0.057631977 -0.035268605 0.99727845 0.029504435
12433762.650999999 1.9493107 0.13149674 0.11508043 -0.057700023 -0.036124 0.9972673 0.028701244
12483779.050999999 1.9119781 0.13035725 0.118468 -0.058129814 -0.037105165 0.9972392 0.027535511
12533787.451 1.8718967 0.12937525 0.120961964 -0.058886684 -0.03809113 0.9971751 0.02689286
12583796.101 1.8291007 0.129113 0.121263586 -0.060565665 -0.03868644 0.9970516 0.026895327
12633796.502 1.7860618 0.12693499 0.12171416 -0.061742056 -0.03905471 0.9969539 0.027305858
12683796.902 1.742539 0.124197036 0.12319411 -0.06286605 -0.039338157 0.9968648 0.027587727
12733804.803000001 1.70115 0.12180459 0.12555934 -0.06326506 -0.039391905 0.9968501 0.027124655
12783813.453 1.6609054 0.11943146 0.12893121 -0.062300555 -0.03889227 0.9969576 0.02610799
12833829.853 1.618676 0.117091626 0.13419199 -0.061506223 -0.03783594 0.99709916 0.024057325
12883846.503 1.5746379 0.115739785 0.13973938 -0.0609563 -0.036827706 0.9972173 0.02203967
12933879.153 1.527706 0.11504768 0.14387171 -0.0604973 -0.036555946 0.9972903 0.0203932
12983839.304000001 1.4794912 0.11408273 0.14688338 -0.060907606 -0.036225107 0.99730456 0.019018771
13033839.955 1.4292008 0.11278645 0.14924523 -0.061560143 -0.036271226 0.9972798 0.018104773
13083864.105 1.3780094 0.10976164 0.15048862 -0.062807046 -0.035675626 0.99723727 0.017330721
13133880.504999999 1.3265152 0.1081372 0.15101165 -0.063912615 -0.0352476 0.9971858 0.017123763
13183896.405 1.2776017 0.10659451 0.15236688 -0.06381473 -0.034673568 0.9972251 0.01635792
13233913.055 1.2290361 0.10689365 0.15608157 -0.0631389 -0.033877824 0.9973169 0.014996271
13283929.705 1.1812793 0.10783388 0.16055691 -0.06298745 -0.03302082 0.9973788 0.013330858
13333929.606 1.1357511 0.10865466 0.16549005 -0.06265525 -0.032502238 0.9974354 0.011860142
13383930.256 1.0922029 0.11114168 0.1716032 -0.061246578 -0.03254937 0.9975238 0.0116546275
13433930.407000002 1.0509129 0.11203186 0.17661512 -0.060469463 -0.03217581 0.9975858 0.01143964
13483938.807 1.0120635 0.11124026 0.18116401 -0.058359068 -0.031200357 0.9977436 0.011339696
13533955.207 0.9764413 0.11256801 0.18734978 -0.056166176 -0.02959705 0.9979122 0.011861614
13583971.606999999 0.94100416 0.11298624 0.19372497 -0.0541158 -0.027596304 0.9980843 0.011729465
13633979.758 0.9063017 0.11330926 0.20210586 -0.05205879 -0.026205696 0.9982404 0.010919953
13683988.158 0.8721475 0.11425787 0.21088949 -0.049739573 -0.025512842 0.9983836 0.010261901
13733988.808 0.8406172 0.115226224 0.21838595 -0.047370903 -0.025507849 0.99849594 0.010547175
13783989.209 0.80834305 0.11358899 0.22556067 -0.04512728 -0.025391426 0.9985992 0.010889922
13833997.609 0.77701974 0.1130049 0.22976862 -0.043118004 -0.025363246 0.9986774 0.011880644
13884014.009 0.7453889 0.11269864 0.23536552 -0.04109628 -0.025269073 0.99876016 0.012275326
13934030.409 0.71382856 0.11246054 0.23998898 -0.039073616 -0.02506058 0.9988434 0.012538572
13984038.81 0.6837273 0.111445 0.24325936 -0.037202638 -0.023730267 0.9989488 0.012417531
14034039.459999999 0.65234107 0.11178389 0.24860823 -0.03537162 -0.022216415 0.9990612 0.01148945
14084036.361 0.6223504 0.11225953 0.25258878 -0.033240486 -0.021266077 0.99916875 0.010232184
14134040.511 0.5930397 0.11408068 0.25607145 -0.030923482 -0.020695504 0.99926126 0.009615283
14184056.661 0.56234384 0.116076924 0.25954235 -0.02896059 -0.019987106 0.99933594 0.009460481
14234065.061999999 0.532522 0.11851629 0.26265743 -0.027390447 -0.01946064 0.9993944 0.009051732
14284065.712 0.504474 0.12016208 0.26589766 -0.025784992 -0.01975299 0.9994365 0.008469882
14334065.863 0.47733703 0.121402495 0.26891562 -0.023846727 -0.020164557 0.99947745 0.008347277
14384092.513 0.45134607 0.11998154 0.2697693 -0.022335855 -0.02009584 0.9995114 0.008618917
14434074.662999999 0.42525777 0.11846305 0.2701733 -0.020372378 -0.02016709 0.99954355 0.009544218
14484091.064 0.39972258 0.11506467 0.2705505 -0.017995276 -0.020425556 0.99957937 0.0100021735
14534115.214 0.37328717 0.113982365 0.2697645 -0.016437769 -0.020123167 0.99961215 0.010022001
14584123.864 0.34410003 0.11501176 0.26868096 -0.01538135 -0.020182885 0.9996265 0.010147071
14634124.014 0.31451648 0.11389316 0.26545647 -0.014603324 -0.020073365 0.9996389 0.010294249
14684116.415000001 0.28466213 0.11507386 0.26227745 -0.014767429 -0.020108169 0.9996335 0.010509478
14734116.815000001 0.2542883 0.1161904 0.2590687 -0.015050304 -0.020007718 0.99963456 0.010200756
14784141.215 0.22679916 0.11715899 0.255621 -0.015445964 -0.018687747 0.9996551 0.010095858
14834165.365 0.20331766 0.1167872 0.2510891 -0.015906392 -0.016835904 0.999677 0.010463171
14884189.764999999 0.1800185 0.11795492 0.24796955 -0.01598136 -0.016209736 0.99967635 0.011361835
14934198.166000001 0.15765996 0.119311616 0.24543731 -0.016722038 -0.017580615 0.99962926 0.012358954
14984182.566 0.1376735 0.12059004 0.24401139 -0.017525673 -0.02002227 0.9995589 0.01318711
15034183.217 0.118443266 0.121928446 0.24303615 -0.017841578 -0.022149298 0.99950254 0.013630244
15084207.616999999 0.10144936 0.123067714 0.24109977 -0.01844928 -0.022835582 0.99947625 0.013618916
15134231.517 0.0892984 0.121996984 0.23866174 -0.018091545 -0.022266312 0.9995001 0.013283666
15184256.167 0.07755124 0.12026126 0.23695853 -0.017884532 -0.022361074 0.99950457 0.013073387
15234248.567 0.065801285 0.11871093 0.23539932 -0.017105464 -0.023142155 0.9994921 0.013693139
15284277.716999998 0.053292915 0.11643492 0.2343264 -0.01775502 -0.023506727 0.99946404 0.014279462
15334233.868999999 0.040391743 0.114963554 0.23236975 -0.018280411 -0.024037223 0.9994363 0.014669032
15384250.269 0.030103493 0.11373449 0.23146553 -0.017792972 -0.023718663 0.999455 0.014514682
15434274.669 0.020074412 0.11142201 0.23015898 -0.017229421 -0.022693489 0.99949706 0.013926243
15484290.819 0.011312891 0.10958193 0.22736119 -0.017465996 -0.020732233 0.999543 0.0133769605
15534290.72 0.0023386953 0.10889104 0.22545886 -0.017240632 -0.019193824 0.99957204 0.013789568
15584283.12 -0.003966217 0.109889135 0.22256342 -0.017512262 -0.01860141 0.9995684 0.014507013
15634276.271 -0.008474828 0.11377444 0.2198089 -0.018034771 -0.01816144 0.9995584 0.0151018435
15684276.671 -0.005262297 0.11975168 0.21645726 -0.01916718 -0.01846333 0.9995397 0.014565832
15734292.571 -0.0036742159 0.12526928 0.21230882 -0.019438017 -0.018675886 0.9995407 0.013851758
15784300.972 -0.00072000094 0.1305873 0.2101764 -0.018792458 -0.01989872 0.99953604 0.013362874
15834293.622 0.00519394 0.13123326 0.20805496 -0.017605565 -0.020571275 0.9995464 0.013187396
15884270.523 0.014104188 0.1264124 0.20410064 -0.017750142 -0.020477979 0.99953485 0.013991223
15934238.924999999 0.019331714 0.12060912 0.19928405 -0.018353758 -0.020093823 0.9995208 0.0147510385
15984231.575 0.023200536 0.11536966 0.19394389 -0.019518055 -0.01990083 0.9994871 0.015767263
16034247.975 0.031160196 0.10965926 0.18855552 -0.021198157 -0.019534206 0.99944633 0.016617607
16084272.374999998 0.04326759 0.10362042 0.18081355 -0.022576248 -0.019025452 0.99941 0.01755232
16134296.275 0.054236863 0.09970611 0.17334338 -0.02308801 -0.018549329 0.999378 0.01914266
16184296.925999999 0.06989497 0.09436836 0.16448955 -0.024505947 -0.017639136 0.9993496 0.019715248
16234265.827 0.08702978 0.09141339 0.15582027 -0.024946034 -0.016828157 0.999349 0.019903967
16284250.227999998 0.109196186 0.08629239 0.14642143 -0.025246782 -0.015647402 0.9993654 0.019661697
16334250.878 0.13766783 0.082542084 0.13892138 -0.024589136 -0.014440831 0.9993919 0.02006765
16384251.029 0.17033398 0.07679053 0.12998168 -0.023888124 -0.013115237 0.9994058 0.021104328
16434254.429 0.2023513 0.07363357 0.12103419 -0.023904653 -0.012317771 0.99940866 0.021426873
16484220.829999998 0.23718871 0.073320195 0.113193974 -0.025175348 -0.013773108 0.99937963 0.020418169
16534189.481999999 0.27265555 0.07240587 0.10278147 -0.025672592 -0.015894815 0.9993614 0.019106112
16584158.383 0.31013015 0.07135696 0.09210546 -0.026163176 -0.017161028 0.99933183 0.018894557
16634142.783999998 0.34843618 0.07035876 0.08175378 -0.027331002 -0.017894313 0.9992816 0.019212047
16684143.434 0.38757858 0.06943179 0.07227951 -0.027796773 -0.019829933 0.9992323 0.01921002
16734135.585 0.4300192 0.06805408 0.06436992 -0.028514776 -0.02184952 0.99917895 0.018734245
16784112.486 0.47443277 0.06590649 0.058060177 -0.029542273 -0.023178821 0.99912626 0.018351424
16834088.887000002 0.52064013 0.06298507 0.05335648 -0.029296262 -0.024064986 0.99911475 0.018230168
16884066.038000003 0.56874704 0.059659768 0.051399425 -0.029750733 -0.024658792 0.9990914 0.017982928
16934050.189000003 0.6173555 0.05479985 0.0508473 -0.029321967 -0.024781324 0.99910134 0.01796451
16984042.839 0.66699654 0.049363155 0.05239531 -0.029511824 -0.023864133 0.99911344 0.018219281
17034043.24 0.7166635 0.04447642 0.055665236 -0.030902896 -0.022564504 0.9991017 0.018213002
17084035.64 0.7692372 0.040796697 0.061135326 -0.030820694 -0.021627609 0.9991312 0.017865239
17134028.041 0.8197315 0.037573785 0.066621006 -0.031011205 -0.021018118 0.999143 0.017600978
17184020.692 0.8706584 0.03408774 0.073291995 -0.031795498 -0.02073983 0.9991208 0.017794322
17234013.092 0.9204949 0.034121893 0.08183718 -0.033204418 -0.020938486 0.9990586 0.018467348
17284005.993 0.9705019 0.034069587 0.08987417 -0.033992287 -0.02226806 0.99899113 0.019116765
17333990.644 1.0206836 0.035571393 0.10047936 -0.034215298 -0.023890544 0.9989336 0.019756507
17383990.794 1.0683476 0.037566133 0.111992374 -0.035488892 -0.024350518 0.99889696 0.018774642
17433991.445 1.1151823 0.040750902 0.122536875 -0.036024943 -0.024505876 0.9988916 0.017813094
17483983.845000003 1.1620854 0.042887475 0.13248925 -0.03685347 -0.024067033 0.9988876 0.016915655
17533968.246000003 1.2087767 0.046995826 0.14320453 -0.037892453 -0.02319435 0.9988872 0.0158296
17583953.397 1.2552477 0.054051306 0.15454696 -0.038504258 -0.023806378 0.9988791 0.013831443
17633980.047 1.3005958 0.061550517 0.16790175 -0.037195306 -0.024404578 0.9989198 0.013428345
17683930.448999997 1.3440464 0.06841861 0.18127714 -0.03684989 -0.024222553 0.998944 0.012897936
17733914.849 1.386085 0.07387814 0.1928136 -0.036789555 -0.0243492 0.9989427 0.012932425
17783899.75 1.427414 0.0792821 0.20294741 -0.036481753 -0.025121655 0.99893004 0.013295816
17833876.400999997 1.4671886 0.08550173 0.21125276 -0.03637341 -0.026853036 0.99887466 0.014330623
17883868.552 1.5043677 0.08655713 0.21778652 -0.036626197 -0.027502015 0.9988328 0.015339481
17933861.203 1.5416204 0.0888876 0.22462225 -0.037595484 -0.027836956 0.9987674 0.01659515
17983861.603 1.5763581 0.08979155 0.23187563 -0.038016137 -0.028554596 0.9987113 0.017754095
18033862.004 1.6086185 0.09022915 0.23938797 -0.03860707 -0.02950449 0.99865013 0.018357076
18083862.404 1.6406817 0.09104546 0.24689908 -0.039613854 -0.030378133 0.998568 0.019232439
18133854.805 1.6711215 0.0910996 0.25239316 -0.04020175 -0.030854458 0.99851316 0.02008538
18183847.955000002 1.7031424 0.091641076 0.2585951 -0.04123061 -0.030846082 0.99843293 0.021916792
18233848.356 1.73429 0.09068893 0.26437217 -0.042349346 -0.030789893 0.9983607 0.0231177
18283848.755999997 1.765139 0.090963796 0.27014825 -0.043377016 -0.030657634 0.99827546 0.024994025
18333856.656999998 1.7967702 0.09104111 0.2766575 -0.04361817 -0.031077433 0.9982151 0.026425162
18383865.057 1.8290812 0.09109044 0.28281102 -0.0438168 -0.03147736 0.99814963 0.028048707
18433857.707999997 1.8610238 0.09196468 0.2897051 -0.04445628 -0.032102365 0.9980526 0.0297348
18483842.608 1.891286 0.09248048 0.29603386 -0.045411468 -0.032999642 0.99792856 0.031424437
18533827.009 1.922991 0.093253575 0.302303 -0.04575157 -0.033976115 0.99781257 0.03350501
18583819.66 1.9552267 0.09397741 0.30765468 -0.04559531 -0.03559193 0.99768066 0.035885453
18633828.06 1.9858207 0.09502354 0.31349772 -0.04516767 -0.036766887 0.99759436 0.037598103
18683836.461 2.015308 0.09594886 0.3180285 -0.044715196 -0.037877083 0.997508 0.03929135
18733836.861 2.043184 0.09586669 0.31992754 -0.045153987 -0.038644016 0.9973978 0.04081063
18783830.262 2.0696356 0.09673847 0.32208052 -0.04555462 -0.03891816 0.9973253 0.041862816
18833814.162 2.094265 0.09641443 0.32344383 -0.04570098 -0.038844693 0.9972589 0.043327488
18883806.563 2.118999 0.09593029 0.32548398 -0.045225117 -0.037308834 0.99724257 0.04549781
18933806.963999998 2.1437187 0.09416393 0.32749933 -0.04514725 -0.035544693 0.99724317 0.04695143
18983815.614 2.1684306 0.09354845 0.33111852 -0.04467672 -0.034680825 0.99726206 0.047640607
19033816.014 2.192651 0.094843715 0.33534855 -0.043000642 -0.03550961 0.9972704 0.048391867
19083816.165 2.2177556 0.09507729 0.3392666 -0.041638486 -0.036226206 0.9972655 0.04914776
19133808.566 2.2410305 0.09707387 0.34409273 -0.039834883 -0.0363023 0.9972839 0.05020161
19183801.466 2.2653275 0.0965082 0.34838393 -0.038207892 -0.03637812 0.9973207 0.05067821
19233816.116 2.288959 0.0975926 0.35359302 -0.036135156 -0.036322348 0.99737734 0.05112184
19283794.517 2.3115094 0.09612225 0.35821357 -0.03416184 -0.03600371 0.99745595 0.0511698
19333794.917999998 2.3315005 0.09656255 0.36416847 -0.03153884 -0.03561418 0.9975453 0.051383633
19383795.568 2.3515906 0.09481038 0.36917385 -0.02916148 -0.03474292 0.997656 0.051235694
19433795.969 2.36981 0.09372939 0.3739518 -0.026672505 -0.033783045 0.99775493 0.051306337
19483796.369000003 2.3858953 0.09198391 0.37859464 -0.024349717 -0.03295137 0.9978383 0.051381387
19533796.77 2.4010625 0.09041143 0.3828525 -0.021576105 -0.032111872 0.9979242 0.051484656
19583797.17 2.4128351 0.08790491 0.38649562 -0.019112026 -0.031524736 0.99798846 0.051575895
19633813.32 2.421996 0.08619673 0.38846868 -0.018106958 -0.031151008 0.99799085 0.052116383
19683813.721 2.427307 0.08366131 0.38768786 -0.018113915 -0.03131643 0.99794775 0.052834418
19733822.371 2.426686 0.07829201 0.3841087 -0.018504605 -0.031633366 0.9979392 0.052670933
19783822.522 2.4224536 0.083005905 0.38335872 -0.019301789 -0.031970438 0.9978455 0.053942747
19833815.172 2.419003 0.08319847 0.380509 -0.021211311 -0.03267113 0.9977673 0.05425031
19883823.573000003 2.411908 0.08264015 0.3770649 -0.02301066 -0.034020633 0.9976518 0.05480928
19933815.972999997 2.4051416 0.08333303 0.37408328 -0.025498984 -0.03436395 0.997554 0.055272054
19983839.873000003 2.392043 0.08277826 0.37001008 -0.029106483 -0.034338675 0.9974423 0.055521682
20033801.775000002 2.38196 0.08187985 0.3676089 -0.030776236 -0.034114216 0.99738455 0.055795677
20083802.175 2.3717098 0.08213503 0.36421356 -0.031599823 -0.03468234 0.99729586 0.056565434
20133794.576 2.3603485 0.08323233 0.36415902 -0.03265047 -0.03535878 0.99722 0.05688682
20183795.226 2.3476365 0.08257459 0.36403528 -0.03373515 -0.0362271 0.9971626 0.0567131
20233803.376000002 2.3318515 0.082461864 0.3650804 -0.034320105 -0.037352003 0.9971077 0.056598403
20283803.777 2.3161974 0.0810167 0.3654156 -0.03513376 -0.03751513 0.99708843 0.0563292
20333804.177 2.2993407 0.08022626 0.3665433 -0.035532456 -0.036905225 0.99710745 0.056145616
20383804.578 2.281206 0.07824335 0.36628294 -0.03545277 -0.03630638 0.9971486 0.055854063
20433797.229000002 2.2615986 0.073384106 0.36596578 -0.035909735 -0.036382657 0.9971333 0.055785574
20483789.629 2.2390676 0.07076837 0.36638594 -0.03516872 -0.03683008 0.99709785 0.05659208
20533798.03 2.2166862 0.06876516 0.36815283 -0.034529082 -0.03722263 0.9971172 0.056386866
20583806.43 2.1879528 0.066681616 0.37123215 -0.032919224 -0.036582176 0.9972694 0.05506281
20633815.08 2.1546376 0.06755103 0.373751 -0.031363755 -0.03557657 0.99744433 0.05343712
20683815.481 2.115155 0.068321645 0.37585673 -0.030671747 -0.03502952 0.997614 0.050975394
20733807.881 2.0691447 0.071030505 0.3757552 -0.031021247 -0.03552085 0.99768025 0.04909375
20783800.281999998 2.0206716 0.075915426 0.3750837 -0.03172631 -0.03644659 0.99772596 0.04699077
20833800.932 1.9737204 0.0774492 0.37214047 -0.032749686 -0.035178106 0.997784 0.046011843
20883809.333 1.9294745 0.073551215 0.36840042 -0.031406928 -0.031689223 0.9979831 0.045156494
20933809.983 1.8869785 0.07017784 0.36750716 -0.030551497 -0.028852887 0.9981415 0.044131648
20983818.384 1.8445596 0.065759085 0.367961 -0.029769368 -0.028746184 0.9981951 0.04351978
21033826.284 1.80319 0.061419338 0.36995304 -0.030283393 -0.030300934 0.9981472 0.043208357
21083826.684 1.7600948 0.056633387 0.37299418 -0.030714773 -0.032401383 0.99807787 0.042979892
21133835.084999997 1.71605 0.05321379 0.3771092 -0.031182643 -0.033151615 0.9980415 0.04291582
21183835.985 1.6729935 0.05165573 0.38115513 -0.031235663 -0.032309666 0.9980855 0.042495284
21233852.384999998 1.6304128 0.051608097 0.38573104 -0.031021371 -0.030086376 0.99820954 0.0413547
21283868.785 1.5871712 0.053902622 0.38975474 -0.030516699 -0.027940895 0.99835986 0.039568674
21333877.186 1.5435234 0.05873603 0.3938003 -0.029797286 -0.026676752 0.9984988 0.037426323
21383877.836 1.4991267 0.06450601 0.39817375 -0.029237878 -0.026361916 0.998585 0.035753872
21433885.487 1.4525042 0.068818964 0.40124765 -0.029518746 -0.026576612 0.9986201 0.03435509
21483893.887000002 1.4037896 0.07244696 0.40354225 -0.0304537 -0.02620524 0.99863976 0.033235688
21533942.536 1.3574808 0.07343509 0.40651616 -0.030274073 -0.025321534 0.9986853 0.032711767
21583926.937 1.311761 0.07534609 0.41022763 -0.029385488 -0.024300104 0.998765 0.031850923
21633942.837 1.2662736 0.077458315 0.4134903 -0.029313592 -0.023570903 0.9988294 0.030413706
21683959.237 1.2207737 0.08046754 0.41614273 -0.029301334 -0.023560265 0.9988677 0.029150521
21733959.638 1.1750158 0.084522136 0.4180727 -0.02939988 -0.02386352 0.9988829 0.028270064
21783968.288000003 1.1311339 0.08805451 0.41972235 -0.029013002 -0.02406146 0.9988967 0.028011987
21833976.688 1.0878731 0.09032733 0.4215525 -0.028553199 -0.023992237 0.9989349 0.027169088
21883985.089 1.0464962 0.09343667 0.42435816 -0.028173335 -0.023920322 0.9989747 0.026147494
21934000.989 1.004314 0.097234674 0.42709246 -0.027676959 -0.0239548 0.9990114 0.025230901
21984017.389 0.9620241 0.09973438 0.4295104 -0.027891014 -0.023694295 0.99904156 0.024015568
22034026.039 0.9211053 0.10249687 0.43197 -0.028011112 -0.02329461 0.99906397 0.023321958
22084034.44 0.87967926 0.10411501 0.43344617 -0.027925896 -0.023353016 0.99907327 0.022967044
22134043.09 0.83882076 0.105951056 0.43467194 -0.027942287 -0.022845887 0.9990793 0.023192737
22184058.74 0.7991216 0.10729178 0.4357108 -0.02799885 -0.022089632 0.99909407 0.023223028
22234083.39 0.7599763 0.10940326 0.43718874 -0.027516302 -0.02158808 0.9991233 0.023012089
22284091.79 0.7218071 0.11209948 0.43910018 -0.026623864 -0.021108335 0.99918294 0.021892013
22334130.19 0.6842693 0.11644845 0.4416703 -0.025561197 -0.020705389 0.9992436 0.020740109
22384101.091 0.6471998 0.11979878 0.44264564 -0.024385089 -0.02002883 0.99931574 0.019296637
22434109.491 0.61027545 0.124360405 0.4435703 -0.023362659 -0.01954152 0.99937004 0.018217742
22484125.642 0.57329214 0.12881061 0.4440656 -0.022905972 -0.019271174 0.9994085 0.01692979
22534149.792000003 0.53642386 0.13122314 0.44307247 -0.022724025 -0.019091709 0.9994323 0.015945034
22584158.192 0.5021156 0.13486911 0.44051886 -0.022995139 -0.018665025 0.99942374 0.016585983
22634166.842 0.47002158 0.13448174 0.4377026 -0.02302476 -0.017689103 0.9994178 0.01791912
22684159.243 0.4405257 0.13175371 0.4369602 -0.023123 -0.016360827 0.99942315 0.018737132
22734175.643000003 0.41197 0.12968801 0.43786168 -0.022467528 -0.015626265 0.9994498 0.018743295
22784191.542999998 0.38497669 0.12920904 0.4391189 -0.021799268 -0.015550296 0.9994655 0.018753972
22834215.943 0.35666838 0.12760806 0.43716347 -0.021672226 -0.015591082 0.999472 0.018517315
22884232.343000002 0.32913688 0.12748724 0.4337327 -0.022278428 -0.015097288 0.9994645 0.018612608
22934240.242999997 0.30283728 0.12764992 0.4284181 -0.022944957 -0.014622406 0.9994578 0.018546043
22984248.644 0.27697822 0.12979563 0.42213628 -0.02336618 -0.014275017 0.99944544 0.018952966
23034257.294 0.25317663 0.1293344 0.41567373 -0.024350066 -0.013966081 0.9994224 0.019159283
23084273.694000002 0.23205562 0.12781654 0.4085933 -0.024851223 -0.013610136 0.99940056 0.019891402
23134282.095 0.21442759 0.12742035 0.40330097 -0.024991728 -0.013955364 0.9993758 0.020704357
23184297.994999997 0.19994017 0.12660165 0.39857328 -0.025015421 -0.014389376 0.9993576 0.021253046
23234306.645 0.18893005 0.12662336 0.39411706 -0.025238827 -0.014081706 0.9993425 0.021894015
23284307.044999998 0.1795304 0.12505981 0.38817015 -0.02588101 -0.013578582 0.999339 0.02162282
23334307.446000002 0.173538 0.12637207 0.38126 -0.02558735 -0.01383652 0.999355 0.021056045
23384308.095999997 0.17588572 0.13195682 0.3766267 -0.0250889 -0.014235555 0.9993595 0.02117867
23434308.497 0.1726323 0.13321167 0.3715965 -0.023826849 -0.013235548 0.9994283 0.020006469
23484300.898000002 0.16988933 0.13483569 0.36520314 -0.023427706 -0.012178221 0.99947953 0.01853522
23534286.297999997 0.16978441 0.13963549 0.35888332 -0.02350452 -0.011635497 0.9995033 0.017472947
23584270.698999997 0.16025296 0.14199457 0.35378703 -0.023009196 -0.011556829 0.9995305 0.01660749
23634255.1 0.15681866 0.14616324 0.3441478 -0.02446822 -0.011801215 0.99949116 0.01672079
23684255.501 0.1520991 0.14685988 0.33444935 -0.026040986 -0.012168671 0.99945337 0.016333349
23734282.900000002 0.15081386 0.15077758 0.3246827 -0.02762541 -0.012342132 0.9994039 0.016624741
23784264.051000003 0.14911191 0.15158978 0.31386203 -0.029178603 -0.0129000675 0.99935424 0.01653564
23834256.702 0.15182307 0.15273024 0.3028294 -0.0309161 -0.013302576 0.99928486 0.017235933
23884249.353 0.1560847 0.14936402 0.29104206 -0.03190795 -0.014498539 0.9992397 0.01708109
23934249.753 0.16275954 0.15281652 0.2817718 -0.0333701 -0.0155375 0.9991626 0.017862786
23984242.654 0.16908705 0.15340558 0.27247253 -0.034549907 -0.016275777 0.9991133 0.017720673
24034243.054 0.17686246 0.15214676 0.2617257 -0.035165757 -0.016520761 0.9990871 0.01776291
24084235.455 0.18049125 0.14779729 0.2518793 -0.03496768 -0.015490439 0.9991187 0.017298818
24134227.856 0.18994612 0.14609954 0.24066277 -0.035609223 -0.013689003 0.9991233 0.017245887
24184220.256 0.2035639 0.14607511 0.23058048 -0.035703983 -0.012134199 0.99913985 0.017251272
24234212.907 0.21665287 0.14527409 0.22076997 -0.036259644 -0.011081304 0.999134 0.017141135
24284197.308000002 0.23341297 0.14731537 0.21142194 -0.03690356 -0.010924304 0.99910617 0.01748398
24334182.459000003 0.25211102 0.14786983 0.19874494 -0.037334546 -0.01166778 0.9990852 0.017284865
24384166.608999997 0.2768331 0.15086961 0.18774636 -0.037300423 -0.012573957 0.9990799 0.017031908
24434159.259999998 0.303067 0.1546242 0.17785631 -0.037035655 -0.013887164 0.99909914 0.015379657
24484143.661000002 0.33122206 0.15987621 0.16985698 -0.037094645 -0.016091973 0.9991021 0.0126492195
24534128.812 0.3624152 0.1659283 0.16427855 -0.03662798 -0.018112453 0.99911505 0.009977412
24584097.213 0.39325705 0.17060965 0.16015786 -0.035995547 -0.0191523 0.9991425 0.0072034174
24634066.114 0.42476547 0.17487954 0.15616827 -0.035993464 -0.019438408 0.9991454 0.0059342524
24684057.015 0.45728922 0.17503212 0.15209965 -0.03733999 -0.019730607 0.9990879 0.0063105393
24733995.667 0.48947102 0.17135382 0.14884183 -0.039439086 -0.020397061 0.998982 0.0079717515
24783980.316999998 0.5243851 0.16800717 0.14847314 -0.041356567 -0.020838412 0.9988748 0.010227634
24833996.718 0.5595644 0.162892 0.14891106 -0.043242685 -0.020213682 0.99878377 0.012352481
24884021.117 0.59801316 0.15831909 0.14891435 -0.045465335 -0.019045806 0.99868375 0.014174957
24934028.768000003 0.639028 0.1544653 0.14950442 -0.046744768 -0.018549591 0.99860626 0.016012672
24984029.417999998 0.6805237 0.15532638 0.15223609 -0.047131546 -0.020291619 0.99852616 0.017677316
25034028.569000002 0.7224977 0.15657666 0.15532474 -0.048306674 -0.022394832 0.99841094 0.018456727
25083998.97 0.76469254 0.15923516 0.15922946 -0.04964944 -0.023956133 0.9982981 0.019024583
25133991.371 0.8069281 0.16185518 0.16088863 -0.05099576 -0.024495171 0.99821156 0.01931618
25183991.521 0.85046333 0.16472924 0.16337487 -0.053067595 -0.024673639 0.9980864 0.019967154
25233984.172000002 0.8934834 0.16667277 0.1638123 -0.055350948 -0.025109245 0.99794465 0.02030733
25283984.571999997 0.94061553 0.16799238 0.1670424 -0.056665145 -0.026192464 0.9978348 0.020704994
25333976.973 0.98947537 0.16891393 0.17052273 -0.05752472 -0.02680667 0.9977671 0.020813791
25383970.123999998 1.0383204 0.16933294 0.17534412 -0.05830257 -0.026503993 0.9977422 0.020222707
25433962.524 1.0883651 0.17040773 0.18184228 -0.058777805 -0.02678374 0.99772245 0.019437209
25483954.925 1.1379112 0.1716299 0.18910924 -0.058559947 -0.02738622 0.9977296 0.0188796
25533939.326 1.1888964 0.17159605 0.19707416 -0.057834156 -0.027852459 0.9977628 0.018676816
25583923.726999998 1.2405434 0.17079104 0.20598327 -0.057059966 -0.028421206 0.997793 0.018588932
25633908.877 1.289959 0.17186172 0.21583644 -0.05683742 -0.028843354 0.997798 0.01835213
25683909.277999997 1.3377539 0.17275321 0.22564751 -0.056564663 -0.029847698 0.9977926 0.017874286
25733909.678 1.384225 0.17573449 0.23629875 -0.056771107 -0.031251207 0.99773014 0.018304586
25783902.329 1.429182 0.17772698 0.24610572 -0.05674788 -0.031712897 0.9977192 0.018176077
25833878.98 1.4742055 0.18111761 0.25585207 -0.056118973 -0.031819973 0.9977507 0.018214446
25883871.381 1.5180044 0.18541786 0.26532313 -0.056442138 -0.031117413 0.9977624 0.017783383
25933864.531000003 1.5594246 0.19053766 0.27354568 -0.05637826 -0.03072293 0.99778944 0.017141854
25983856.932 1.5994272 0.19643351 0.28130832 -0.056358848 -0.031295918 0.99778616 0.01634622
26033849.333 1.6357412 0.20248468 0.2870194 -0.057598203 -0.03190696 0.99770653 0.015691087
26083825.733999997 1.6717072 0.20791894 0.2912805 -0.059287883 -0.033171684 0.9975586 0.016172664
26133810.384 1.7091279 0.21221063 0.29538822 -0.060224272 -0.03438116 0.99745077 0.016819568
26183802.785 1.744764 0.2156486 0.2987761 -0.061908286 -0.035218548 0.99732107 0.0166661
26233803.436 1.7792703 0.21897492 0.30108702 -0.06347686 -0.03570025 0.99720544 0.016659632
26283811.836 1.8144286 0.22113608 0.30447468 -0.06361321 -0.035653785 0.9971935 0.016949363
26333812.486 1.8492188 0.22371927 0.3074822 -0.063948885 -0.034956865 0.99720186 0.016647162
26383804.637000002 1.8828046 0.22846004 0.3097019 -0.064495824 -0.03417515 0.9972094 0.015675131
26433789.038000003 1.9149028 0.2346926 0.31018105 -0.064426966 -0.033506002 0.99725133 0.014709918
26483773.689 1.9461415 0.24123767 0.30975175 -0.06395254 -0.033138573 0.9973076 0.013764832
26533766.089 1.9756833 0.24788755 0.30779147 -0.062715344 -0.033198386 0.99739385 0.013048503
26583759.24 2.002366 0.2538387 0.30438802 -0.06259235 -0.032899298 0.99741864 0.012490708
26633751.641 2.0266185 0.2577919 0.300412 -0.062070932 -0.032146316 0.9974756 0.012499402
26683744.041 2.04751 0.2592929 0.2955469 -0.061065692 -0.031923234 0.99753886 0.01296929
26733744.441999998 2.0671122 0.2583346 0.2926738 -0.06148994 -0.031627007 0.9975087 0.013969813
26783728.843 2.08119 0.25169432 0.28764188 -0.061804794 -0.030540885 0.99749774 0.015677027
26833729.493 2.097375 0.24489439 0.2841002 -0.0626946 -0.0292168 0.99744314 0.01797094
26883729.893999998 2.1130228 0.23611253 0.27940175 -0.063803114 -0.027550591 0.997379 0.02013183
26933746.544 2.1289072 0.22875592 0.2742465 -0.06524553 -0.025667204 0.99728256 0.022622565
26983762.944 2.1461308 0.22399497 0.26947907 -0.06666756 -0.024625553 0.99716383 0.024767278
27033801.843 2.166395 0.21920608 0.2645981 -0.06715682 -0.025202928 0.9970782 0.026266579
27083771.495 2.1854575 0.21724378 0.26118827 -0.06731498 -0.026172856 0.9970256 0.026900202
27133771.895 2.2055585 0.21579143 0.25716028 -0.06713739 -0.02669911 0.997019 0.027071958
27183772.546 2.223332 0.21322757 0.25354087 -0.06632905 -0.02710534 0.9970591 0.027183194
27233772.946 2.2418816 0.2129914 0.2505411 -0.066506475 -0.026804851 0.9970364 0.027872257
27283773.097000003 2.2586195 0.21036905 0.24673739 -0.066005394 -0.026699511 0.9970514 0.028618362
27333765.997 2.275266 0.20866619 0.2430793 -0.0649982 -0.026495261 0.9970929 0.029646656
27383766.398 2.2900531 0.20652485 0.24052103 -0.064093836 -0.026321812 0.9971317 0.030455325
27433767.048 2.3034508 0.20640977 0.23864606 -0.06298632 -0.026031999 0.99719733 0.030863358
27483767.448999997 2.315257 0.20623906 0.23962593 -0.061763633 -0.025816208 0.99729264 0.030435152
27533768.099 2.3233438 0.20714726 0.24009593 -0.06060191 -0.025904069 0.997385 0.029656833
27583760.5 2.3296 0.20487478 0.23789483 -0.06036889 -0.025200877 0.99742657 0.029340575
27633752.900000002 2.3339968 0.20229638 0.23701292 -0.05934009 -0.02385534 0.99749535 0.03021083
27683745.301 2.338524 0.19828676 0.23720619 -0.057946514 -0.02323135 0.9975724 0.030851288
27733745.702 2.33611 0.20003706 0.2357922 -0.057894368 -0.023091616 0.99758273 0.030720895
27783754.102 2.3393488 0.1991407 0.23406047 -0.059039865 -0.023354089 0.9975244 0.030232577
27833762.752 2.3394897 0.19483534 0.23264971 -0.059643336 -0.02439654 0.9974586 0.030396678
27883771.152999997 2.3427246 0.19448389 0.22850725 -0.06013593 -0.024644546 0.99739605 0.031265706
27933763.553 2.3396413 0.20122363 0.22708356 -0.06035477 -0.0252401 0.99731606 0.032877736
27983755.954 2.3390253 0.20378083 0.22964557 -0.05960213 -0.025586218 0.99738395 0.03191002
28033756.354 2.3355212 0.20710684 0.22991787 -0.058599986 -0.027181625 0.9974458 0.030482896
28083757.005 2.3309386 0.20982817 0.22807202 -0.05849244 -0.028531987 0.99742717 0.030062366
28133765.404999997 2.3240135 0.20897599 0.22832425 -0.059177455 -0.0294063 0.9973372 0.030851956
28183758.556 2.3106163 0.2074812 0.22596054 -0.06033317 -0.030306734 0.99721676 0.031624675
28233750.706 2.2978482 0.2057491 0.22254339 -0.061343722 -0.030459624 0.99712735 0.032345477
28283751.107 2.283393 0.20350435 0.2197764 -0.061450444 -0.030088715 0.997105 0.033169214
28333767.757 2.2682235 0.2028909 0.21673012 -0.061421715 -0.029786924 0.9970961 0.033757467
28383783.656999998 2.2532477 0.20226198 0.2171582 -0.060822733 -0.02963172 0.9971697 0.03279258
28433800.057 2.237514 0.20477842 0.21809018 -0.05954853 -0.029941298 0.9972823 0.031393252
28483800.208 2.2183814 0.20816946 0.21986747 -0.05858937 -0.03059925 0.9973881 0.029119559
28533784.608999997 2.1956544 0.21091256 0.21960175 -0.057497956 -0.031699233 0.99746156 0.027561942
28583769.759 2.174053 0.21268488 0.21901493 -0.05620131 -0.031674147 0.9975185 0.028199194
28633762.16 2.1510236 0.21092948 0.21762912 -0.054373443 -0.030846944 0.99760884 0.029472971
28683797.81 2.1266775 0.20996794 0.21790975 -0.052586608 -0.02915574 0.9977437 0.02986993
28733786.711000003 2.1014714 0.20791936 0.22087398 -0.050415166 -0.028309776 0.9979073 0.028949168
28783802.860999998 2.0741274 0.20705576 0.22872269 -0.049389664 -0.028495137 0.9979643 0.028564785
28833803.511 2.045444 0.2055795 0.23518905 -0.047758855 -0.02875031 0.9980272 0.02888318
28883795.912 2.0161018 0.20266978 0.24478221 -0.046170697 -0.02963962 0.99805987 0.029434254
28933796.312 1.9850653 0.20024557 0.25264212 -0.04468804 -0.031232134 0.998062 0.029997095
28983804.713 1.95348 0.19786371 0.25892678 -0.043467388 -0.032084752 0.9980665 0.030733213
29033821.362999998 1.9196695 0.1974676 0.26382235 -0.042723984 -0.03213218 0.9980891 0.03099174
29083837.763 1.8853935 0.19644368 0.26851523 -0.04124781 -0.032283843 0.99815416 0.030737234
29133853.663000003 1.8486849 0.19753635 0.27265894 -0.040572762 -0.031818 0.9982257 0.029781885
29183846.064000003 1.8098267 0.19921952 0.27636266 -0.03926845 -0.03207859 0.9982895 0.029104562
29233846.713999998 1.768845 0.19994928 0.28095785 -0.03882269 -0.03201413 0.9983265 0.028499065
29283839.615 1.7263653 0.19954938 0.28409645 -0.038560253 -0.03196492 0.99836457 0.027561262
29333840.015 1.6827519 0.19954067 0.28723434 -0.03778702 -0.032285668 0.9983819 0.027628155
29383896.665 1.6379122 0.1986523 0.2893686 -0.0371815 -0.032872014 0.9983685 0.028236624
29433872.816000003 1.5922326 0.19574466 0.29066148 -0.036353882 -0.0328502 0.99838084 0.028895605
29483881.216000002 1.5456384 0.19357148 0.29141718 -0.035866674 -0.03278522 0.99838656 0.029377816
29533881.616 1.498413 0.19071752 0.29064003 -0.035552457 -0.03243452 0.9984063 0.029478965
29583890.266999997 1.4504336 0.18819258 0.28982106 -0.034736495 -0.03251117 0.9984267 0.02967697
29633905.667 1.4016987 0.18797363 0.2880744 -0.034355503 -0.03224112 0.998439 0.02999625
29683922.317 1.3523074 0.18572126 0.28560162 -0.034568246 -0.031050185 0.9984955 0.029114896
29733938.717 1.303099 0.18663199 0.28361163 -0.03433635 -0.030711379 0.9985494 0.027873695
29783967.617 1.2537338 0.18765916 0.28131437 -0.03293497 -0.031155562 0.99863106 0.026090914
29833956.018 1.202654 0.19066536 0.27835786 -0.03261325 -0.031215033 0.9986947 0.023894284
29883956.168 1.14793 0.19219397 0.27321 -0.03363185 -0.02995311 0.998752 0.021590957
29933964.068 1.0924857 0.19443044 0.26645708 -0.034888763 -0.028011449 0.9987848 0.020665886
29983972.719 1.0345223 0.19759019 0.25802916 -0.03789061 -0.027510006 0.998671 0.021533577
30033973.119 0.9759203 0.20016769 0.24887076 -0.04181822 -0.02842077 0.9984582 0.022907438
30083989.519 0.9198681 0.20125946 0.23952165 -0.046145715 -0.029777031 0.998183 0.02479371
30134013.919000003 0.8660578 0.20150663 0.2300283 -0.050487958 -0.030605482 0.9979104 0.026254585
30184046.069000002 0.81631833 0.20111176 0.22250615 -0.053026844 -0.03141184 0.9977177 0.027586421
30234077.968999997 0.77051276 0.19927639 0.21765113 -0.054839756 -0.031827506 0.9975801 0.028525192
30284094.369 0.7233365 0.19906022 0.21456261 -0.057150703 -0.031747982 0.99744064 0.028950807
30334095.02 0.678582 0.19645752 0.21307904 -0.058631446 -0.031531733 0.9973579 0.029075403
30384095.419999998 0.6360093 0.19368252 0.21460599 -0.058218516 -0.03113732 0.99736625 0.030027837
30434111.82 0.59606016 0.18893954 0.2169133 -0.05685512 -0.03023004 0.9974432 0.030996026
30484143.97 0.5561174 0.18374155 0.2200763 -0.055843536 -0.028946934 0.99752945 0.031283583
30534186.369000003 0.51977396 0.18211293 0.22257622 -0.0545176 -0.0278844 0.9976186 0.031741
30584208.52 0.48294437 0.17915858 0.2261836 -0.05332375 -0.02701946 0.9977253 0.031157807
30634216.92 0.44728097 0.17804398 0.22808029 -0.051806096 -0.026646864 0.9978114 0.03128235
30684217.32 0.41662166 0.17607796 0.23066609 -0.049569428 -0.025548806 0.997938 0.031780526
30734225.720999997 0.38770336 0.17509551 0.23273101 -0.047429636 -0.024665926 0.9980422 0.03246198
30784242.371 0.3621799 0.17402194 0.23533237 -0.04492107 -0.023432177 0.99818337 0.032604933
30834258.021 0.33871645 0.1729582 0.23879713 -0.042641837 -0.022771511 0.9983185 0.031991214
30884266.421 0.31587428 0.17620212 0.24299462 -0.040997274 -0.02271928 0.998422 0.03092865
30934274.821 0.29347384 0.17930134 0.24499014 -0.04012846 -0.023070412 0.99847496 0.030086901
30984267.472 0.27401364 0.18450838 0.24660349 -0.038972348 -0.023559334 0.9985083 0.030123418
31034260.123 0.25538006 0.1868565 0.24646683 -0.037875213 -0.023715908 0.9985484 0.030070674
31084268.273 0.23752928 0.18889332 0.24619032 -0.03722813 -0.02360831 0.9985705 0.03022947
31134276.673 0.22058108 0.19104996 0.24600264 -0.03732965 -0.023593586 0.99857295 0.030033266
31184293.074 0.20189996 0.19270845 0.2457344 -0.03787178 -0.023705728 0.9985559 0.029834041
31234301.724 0.18822862 0.19504814 0.24504818 -0.039364554 -0.02378479 0.9984864 0.030161634
31284302.124 0.17437047 0.1965148 0.24500729 -0.03956369 -0.025111565 0.998429 0.0307213
31334310.525 0.16566716 0.19872773 0.24810976 -0.03890235 -0.026063958 0.9984224 0.03098658
31384311.175 0.1611711 0.19912648 0.24898848 -0.038949404 -0.02610915 0.99842143 0.030918602
31434319.075 0.15650646 0.1975693 0.2513141 -0.038459856 -0.025850726 0.99846506 0.030331876
31484335.476 0.15715133 0.1943496 0.25198457 -0.038249947 -0.025601715 0.99848145 0.030269105
31534335.876000002 0.15616708 0.1929758 0.25089115 -0.038373366 -0.024599733 0.9984959 0.030469032
31584336.277 0.15241393 0.1938897 0.24865788 -0.039009232 -0.02384649 0.9984678 0.03117386
31634328.927 0.15268067 0.18765695 0.24357264 -0.04007855 -0.023779694 0.9984315 0.03102985
31684337.327999998 0.15307523 0.18786515 0.24079466 -0.04100124 -0.023033628 0.99841195 0.031017609
31734374.477 0.15795723 0.18671973 0.23553666 -0.042456545 -0.02165346 0.99839044 0.030744372
31784346.628 0.1636475 0.18468396 0.23165135 -0.04445028 -0.02003196 0.9983398 0.030670512
31834355.029 0.17976396 0.18035766 0.22637647 -0.04571874 -0.01902383 0.99829805 0.0308034
31884347.428999998 0.19603781 0.18122433 0.22409776 -0.04661499 -0.0197973 0.99824417 0.030720232
31934339.83 0.21339859 0.18246473 0.22299363 -0.047955997 -0.021515163 0.9981763 0.029689465
31984331.981000002 0.23098502 0.1841764 0.2258255 -0.048195414 -0.023677554 0.99815995 0.02816771
32034324.631 0.25227374 0.18285502 0.22837484 -0.046713352 -0.024330722 0.9982339 0.027478395
32084317.531999998 0.2766923 0.17891826 0.22772078 -0.04703762 -0.022669407 0.99824834 0.027819505
32134301.933000002 0.29849595 0.17245682 0.22745186 -0.04838246 -0.019715548 0.99823457 0.028254414
32184302.833 0.31595615 0.16654095 0.2268931 -0.048500784 -0.017954884 0.99823785 0.029095609
32234302.984 0.3346076 0.16121288 0.22767003 -0.049947243 -0.01695965 0.99816906 0.029600993
32284303.384000003 0.35504946 0.1548513 0.22745888 -0.052268256 -0.015498248 0.99808866 0.029100653
32334311.783999998 0.37356725 0.1503557 0.22712116 -0.053240284 -0.014870085 0.998045 0.029164223
32384304.185000002 0.39598274 0.14710484 0.22615412 -0.054693352 -0.014077004 0.9979752 0.029259682
32434296.836 0.42094767 0.14617491 0.22608326 -0.057057574 -0.013730194 0.9978613 0.028787917
32484297.236 0.4442936 0.14622866 0.22664875 -0.058008786 -0.014429771 0.997825 0.027785843
32534297.637 0.47223172 0.14750972 0.22878544 -0.05852213 -0.015173934 0.9978071 0.026943346
32584298.037 0.50256705 0.14911434 0.23121452 -0.059450682 -0.014861108 0.99779254 0.025589367
32634282.688000005 0.5333326 0.14887163 0.23473868 -0.05915551 -0.014694809 0.99784243 0.024396999
32684267.588999998 0.5674609 0.15176013 0.23859558 -0.05908041 -0.014960301 0.9978489 0.024151668
32734243.990000002 0.6003768 0.15115324 0.24328113 -0.05899162 -0.015106574 0.9978832 0.022823848
32784228.391000003 0.6346301 0.15147771 0.24798173 -0.058584668 -0.015744532 0.99791515 0.022033326
32834221.041000005 0.6691107 0.15206334 0.25322184 -0.05760378 -0.016020073 0.9979737 0.021766173
32884218.442 0.7036779 0.15063041 0.2581113 -0.05728404 -0.014974748 0.99801844 0.021298852
32934198.843000002 0.73930025 0.14958824 0.26129663 -0.057828914 -0.013686306 0.99800915 0.02112471
32984183.244 0.77337426 0.14943531 0.26355028 -0.058096316 -0.013817949 0.9979801 0.021670839
33034159.645 0.80886537 0.14761868 0.26417935 -0.059328582 -0.014716592 0.9978838 0.022168966
33084144.546 0.8468752 0.147809 0.2669399 -0.0603 -0.015870385 0.9978015 0.02245605
33134144.946000002 0.8856267 0.14898784 0.26951227 -0.06041118 -0.017682005 0.9977594 0.022673385
33184160.596 0.9235208 0.14879988 0.27375782 -0.060770024 -0.018908428 0.9977159 0.022640659
33234177.246 0.96169996 0.14836492 0.27692053 -0.061320163 -0.019336795 0.9976686 0.022875879
33284161.647000004 0.9993013 0.146819 0.2805356 -0.06173724 -0.019394249 0.9976317 0.023310138
33334146.547999997 1.0381553 0.14562826 0.28406566 -0.06176737 -0.018688308 0.9976325 0.02377014
33384123.198999997 1.0761951 0.14490964 0.28837994 -0.062745035 -0.017504437 0.99758583 0.024068426
33434123.599 1.1131631 0.14541301 0.29172087 -0.064232275 -0.017140936 0.9975101 0.023541667
33484132.0 1.1508101 0.14804411 0.29458728 -0.064298734 -0.017823676 0.99749917 0.023312276
33534140.400000002 1.1884092 0.14929274 0.29778618 -0.064590886 -0.018219197 0.99749005 0.02257722
33584125.051 1.2242274 0.15093242 0.30049813 -0.06552093 -0.018091721 0.99743813 0.022292374
33634093.952 1.2603512 0.15155162 0.3026705 -0.06686931 -0.017298134 0.99735796 0.022504438
33684070.353 1.2972815 0.15249696 0.30540305 -0.067117065 -0.017010925 0.9973273 0.023327818
33734070.754 1.3364317 0.1518302 0.30898476 -0.06774592 -0.016428871 0.9972788 0.023993308
33784087.404 1.374324 0.15189269 0.3125453 -0.0684321 -0.016088204 0.99724585 0.023642285
33834103.804 1.4115161 0.15494892 0.31599176 -0.06911464 -0.016280368 0.9971985 0.023521459
33884096.203999996 1.4487727 0.15767217 0.32048032 -0.071062714 -0.017247481 0.99705404 0.023149462
33934072.855000004 1.4854841 0.16158989 0.32357883 -0.071938895 -0.018710136 0.9969581 0.0234388
33984057.006 1.5257388 0.16393444 0.32701755 -0.07197564 -0.019148778 0.99692357 0.02441879
34034050.157 1.5649141 0.16658644 0.32888335 -0.07258444 -0.018717764 0.9968564 0.025663124
34084091.807 1.605466 0.17025979 0.3316676 -0.0738047 -0.01898191 0.99674296 0.026383622
34134051.458 1.6479782 0.17454594 0.33367744 -0.07407479 -0.020212708 0.99667656 0.027206855
34184051.858 1.6892539 0.17954993 0.3351872 -0.07454645 -0.021504791 0.9965992 0.027757693
34234036.258999996 1.7321652 0.1842742 0.33712533 -0.075275935 -0.021919636 0.99652845 0.028002935
34284020.660000004 1.7744651 0.18957315 0.33876687 -0.07619846 -0.02241599 0.9964549 0.02773261
34333997.311000004 1.8165224 0.19530918 0.34023434 -0.07718067 -0.023201352 0.99639106 0.026642399
34383989.962 1.8558214 0.20255838 0.34282538 -0.07717242 -0.023792792 0.9964096 0.025421018
34433990.362 1.8942121 0.20902346 0.34463298 -0.07731824 -0.024530169 0.9964083 0.0243046
34484016.012 1.9297909 0.21490778 0.34591922 -0.07788287 -0.025365897 0.9963703 0.023174306
34533975.414000005 1.9626133 0.21865782 0.34628302 -0.07806974 -0.025825173 0.99637043 0.022003334
34583959.814 1.9930273 0.22230597 0.3472323 -0.07835787 -0.026046576 0.99634814 0.02172667
34633944.715 2.0204349 0.22395864 0.34740695 -0.07864868 -0.025959676 0.99632245 0.02195712
34683937.116 2.0456274 0.22462086 0.349295 -0.07888544 -0.025324384 0.99631196 0.022322351
34733945.516 2.0694175 0.22668876 0.3503735 -0.07976948 -0.024927072 0.9962462 0.0225616
34783945.917 2.0931168 0.22792658 0.35077012 -0.08027998 -0.024659736 0.9962195 0.022220576
34833954.066999994 2.1166873 0.2281396 0.35082623 -0.07966167 -0.02455829 0.9962682 0.02237454
34883946.968 2.140065 0.22931078 0.3501852 -0.07966384 -0.024278747 0.99626386 0.022861436
34933939.368 2.161106 0.22860283 0.34818295 -0.0806539 -0.023650281 0.9961986 0.022891566
34983923.769 2.1808884 0.22644353 0.34568614 -0.08094554 -0.02296324 0.9961889 0.02298421
35033924.42 2.199167 0.22280505 0.34288374 -0.081577264 -0.022212913 0.9961473 0.023288364
35083932.82 2.2150311 0.21879503 0.33877593 -0.08250283 -0.021620542 0.9960545 0.024525039
35133941.22 2.2305202 0.21306463 0.3347087 -0.08367443 -0.020509843 0.99595356 0.025582606
35183941.871 2.2468414 0.20686057 0.33153486 -0.08533374 -0.019186834 0.9958133 0.02656887
35233949.271 2.261118 0.20052624 0.32687843 -0.085634194 -0.017489731 0.99578965 0.027638528
35283943.172 2.2803748 0.19360678 0.32313177 -0.08430678 -0.016170364 0.9958629 0.029798655
35333951.572000004 2.300112 0.18551485 0.32007587 -0.08323399 -0.015728032 0.9959107 0.031410903
35383951.972 2.3186753 0.17976339 0.31703424 -0.082924664 -0.01612524 0.99592125 0.031691924
35433959.873 2.3366103 0.17826912 0.3156956 -0.08123526 -0.01739041 0.9960269 0.03207716
35483960.272999994 2.3549926 0.17556164 0.3115676 -0.08034033 -0.018220402 0.99607056 0.032509387
35533960.423999995 2.373497 0.1715575 0.30339533 -0.07925696 -0.017847348 0.99611413 0.034009147
35583945.574999996 2.3943982 0.16659945 0.29503608 -0.07730437 -0.016499093 0.9962021 0.036513474
35633945.975 2.4165468 0.16005158 0.28608775 -0.075371385 -0.014900688 0.9963022 0.03845964
35683975.375 2.438853 0.15368633 0.27941862 -0.073389634 -0.014492466 0.99642956 0.039143074
35733946.776 2.4625711 0.14799689 0.27443185 -0.06963977 -0.015112498 0.99669224 0.03907129
35783947.426 2.486307 0.14316292 0.27019632 -0.066592805 -0.01591483 0.9969012 0.038732868
35833939.827 2.5085604 0.13815941 0.26620418 -0.064001784 -0.016123055 0.9970721 0.038615424
35883924.228 2.5302417 0.13391532 0.26318458 -0.06095728 -0.016061576 0.9972645 0.038597517
35933924.628 2.550762 0.1300216 0.2617182 -0.056696936 -0.0147266565 0.99758786 0.037242804
35983925.029 2.5703986 0.12649518 0.26216105 -0.05352977 -0.012195704 0.99788064 0.034930695
36033925.679 2.5868795 0.123558424 0.26045454 -0.050172586 -0.011225335 0.99809897 0.033989657
36083926.080000006 2.6010501 0.11700995 0.2580327 -0.04903828 -0.010870874 0.9981503 0.03425244
36133926.730000004 2.6097734 0.10924299 0.24947442 -0.050913565 -0.0113731325 0.9980341 0.03473297
36183927.131000005 2.6138883 0.106237255 0.24446613 -0.05249004 -0.013199292 0.99788934 0.03588148
36233927.531 2.6173396 0.10192885 0.23729742 -0.053917997 -0.015770894 0.99774235 0.036800496
36283935.932000004 2.6164627 0.09675326 0.22969986 -0.056072142 -0.017250214 0.9975467 0.038197074
36333944.332 2.619999 0.08993017 0.22471948 -0.05820209 -0.01733432 0.997392 0.039004993
36383944.982 2.623281 0.09073885 0.22401677 -0.057329737 -0.018502254 0.9973426 0.040973827
36433983.882 2.6249998 0.08737856 0.22214243 -0.056301016 -0.020769922 0.99730605 0.042184807
36483946.033 2.623834 0.08325184 0.22146423 -0.05568515 -0.02201476 0.99726844 0.04324761
36533954.434 2.6236475 0.07926871 0.2209578 -0.05566422 -0.020905742 0.997241 0.044438675
36583970.584 2.6230721 0.0763638 0.21881509 -0.055500194 -0.018103588 0.99726564 0.045313116
36633970.984 2.6265805 0.07489171 0.2190676 -0.054165956 -0.016806396 0.99732673 0.04607631
36683971.135 2.629861 0.07468293 0.21854399 -0.052635763 -0.017689958 0.99733686 0.047283825
36733971.785 2.6314833 0.07271891 0.21707651 -0.05295426 -0.0188187 0.99726856 0.047928967
36783971.936 2.630758 0.07224588 0.21459953 -0.05258792 -0.021316307 0.9972021 0.048663754
36833980.586 2.6263456 0.0719404 0.21118057 -0.052847154 -0.023899361 0.99708843 0.049504805
36883988.986 2.62214 0.07384635 0.205727 -0.053641368 -0.025322877 0.99695545 0.050608817
36933989.387 2.6189675 0.07397627 0.19981454 -0.053838897 -0.02694789 0.9968739 0.05116372
36983982.037999995 2.6150386 0.07620923 0.1934476 -0.054236837 -0.028592013 0.9967434 0.052379355
37033982.438 2.6124332 0.076441295 0.18536298 -0.05568095 -0.029457543 0.99658656 0.05335952
37083982.838 2.6096144 0.079505496 0.17587012 -0.057512008 -0.028952254 0.9964428 0.05436891
37133991.239 2.6070695 0.0796021 0.16978198 -0.05861686 -0.029342292 0.99637026 0.054309018
37183991.889 2.606087 0.08072333 0.16556257 -0.05917586 -0.02988451 0.9963563 0.05365865
37233992.29 2.606855 0.08353603 0.16407987 -0.05870726 -0.02995406 0.996437 0.052626282
37283984.69 2.6097891 0.084761254 0.16432147 -0.057757165 -0.02919624 0.99655473 0.051868863
37333969.591000006 2.6093225 0.08288942 0.15943438 -0.057398196 -0.027399857 0.99667 0.051026624
37383969.992 2.6144636 0.07853606 0.15785386 -0.057274323 -0.026989646 0.99669075 0.050979603
37433978.142 2.6158066 0.07482488 0.15577865 -0.05695949 -0.027334679 0.99665874 0.05176652
37483986.542 2.6163516 0.07196314 0.15429105 -0.057431336 -0.027974041 0.9965547 0.052895382
