947695.7899999999 -0.0 -0.0 -0.0 -0.0 -0.0 1.0 -0.0
988125.268 -0.0 -0.0 -0.0 -0.0 -0.0 1.0 -0.0
1047697.132 -0.0 -0.0 -0.0 -0.0 -0.0 1.0 -0.0
1088126.61 -0.0 -0.0 -0.0 -0.0 -0.0 1.0 -0.0
1147698.224 -0.0 -0.0 -0.0 -0.0 -0.0 1.0 -0.0
1188136.202 -0.0 -0.0 -0.0 -0.0 -0.0 1.0 -0.0
1247754.064 -0.0007432211 -0.00056789507 -0.00030657355 -2.138867e-05 5.0988026e-05 1.0 4.0077946e-05
1288129.044 -0.0007432211 -0.00056789507 -0.00030657355 -2.138867e-05 5.0988026e-05 1.0 4.0077946e-05
1347700.907 -0.0007432211 -0.00056789507 -0.00030657355 -2.138867e-05 5.0988026e-05 1.0 4.0077946e-05
1388130.1360000002 -0.0007432211 -0.00056789507 -0.00030657355 -2.138867e-05 5.0988026e-05 1.0 4.0077946e-05
1447702.249 -0.0007432211 -0.00056789507 -0.00030657355 -2.138867e-05 5.0988026e-05 1.0 4.0077946e-05
1488131.478 -0.0007432211 -0.00056789507 -0.00030657355 -2.138867e-05 5.0988026e-05 1.0 4.0077946e-05
1547703.091 -0.0007432211 -0.00056789507 -0.00030657355 -2.138867e-05 5.0988026e-05 1.0 4.0077946e-05
1588132.82 -0.0007432211 -0.00056789507 -0.00030657355 -2.138867e-05 5.0988026e-05 1.0 4.0077946e-05
1647704.433 -0.0007432211 -0.00056789507 -0.00030657355 -2.138867e-05 5.0988026e-05 1.0 4.0077946e-05
1688133.911 -0.0007432211 -0.00056789507 -0.00030657355 -2.138867e-05 5.0988026e-05 1.0 4.0077946e-05
1747705.775 -0.0007432211 -0.00056789507 -0.00030657355 -2.138867e-05 5.0988026e-05 1.0 4.0077946e-05
1788135.003 -0.0007432211 -0.00056789507 -0.00030657355 -2.138867e-05 5.0988026e-05 1.0 4.0077946e-05
1847706.867 -0.0007432211 -0.00056789507 -0.00030657355 -2.138867e-05 5.0988026e-05 1.0 4.0077946e-05
1888136.095 -0.0007432211 -0.00056789507 -0.00030657355 -2.138867e-05 5.0988026e-05 1.0 4.0077946e-05
1947707.9579999999 -0.0007432211 -0.00056789507 -0.00030657355 -2.138867e-05 5.0988026e-05 1.0 4.0077946e-05
1988137.4370000002 -0.0007432211 -0.00056789507 -0.00030657355 -2.138867e-05 5.0988026e-05 1.0 4.0077946e-05
2047709.3 -0.0007432211 -0.00056789507 -0.00030657355 -2.138867e-05 5.0988026e-05 1.0 4.0077946e-05
2089565.7520000003 -0.0007432211 -0.00056789507 -0.00030657355 -2.138867e-05 5.0988026e-05 1.0 4.0077946e-05
2138916.31 -0.0007432211 -0.00056789507 -0.00030657355 -2.138867e-05 5.0988026e-05 1.0 4.0077946e-05
2188924.856 -0.0007432211 -0.00056789507 -0.00030657355 -2.138867e-05 5.0988026e-05 1.0 4.0077946e-05
2239456.392 -0.0007432211 -0.00056789507 -0.00030657355 -2.138867e-05 5.0988026e-05 1.0 4.0077946e-05
2290321.671 -0.0007432211 -0.00056789507 -0.00030657355 -2.138867e-05 5.0988026e-05 1.0 4.0077946e-05
2340496.714 -0.0007432211 -0.00056789507 -0.00030657355 -2.138867e-05 5.0988026e-05 1.0 4.0077946e-05
2389990.0190000003 -0.0007432211 -0.00056789507 -0.00030657355 -2.138867e-05 5.0988026e-05 1.0 4.0077946e-05
2439480.825 -0.0007432211 -0.00056789507 -0.00030657355 -2.138867e-05 5.0988026e-05 1.0 4.0077946e-05
2489285.125 -0.0007432211 -0.00056789507 -0.00030657355 -2.138867e-05 5.0988026e-05 1.0 4.0077946e-05
2539365.169 -0.0007432211 -0.00056789507 -0.00030657355 -2.138867e-05 5.0988026e-05 1.0 4.0077946e-05
2589627.21 -0.0007432211 -0.00056789507 -0.00030657355 -2.138867e-05 5.0988026e-05 1.0 4.0077946e-05
2639858.001 -0.0007432211 -0.00056789507 -0.00030657355 -2.138867e-05 5.0988026e-05 1.0 4.0077946e-05
2689835.048 -0.0007432211 -0.00056789507 -0.00030657355 -2.138867e-05 5.0988026e-05 1.0 4.0077946e-05
2739645.097 -0.0007432211 -0.00056789507 -0.00030657355 -2.138867e-05 5.0988026e-05 1.0 4.0077946e-05
2789487.1459999997 -0.0007432211 -0.00056789507 -0.00030657355 -2.138867e-05 5.0988026e-05 1.0 4.0077946e-05
2839455.943 -0.0007432211 -0.00056789507 -0.00030657355 -2.138867e-05 5.0988026e-05 1.0 4.0077946e-05
2889575.736 -0.0007432211 -0.00056789507 -0.00030657355 -2.138867e-05 5.0988026e-05 1.0 4.0077946e-05
2939631.531 -0.0007432211 -0.00056789507 -0.00030657355 -2.138867e-05 5.0988026e-05 1.0 4.0077946e-05
2989672.077 -0.0007432211 -0.00056789507 -0.00030657355 -2.138867e-05 5.0988026e-05 1.0 4.0077946e-05
3039640.873 -0.0007432211 -0.00056789507 -0.00030657355 -2.138867e-05 5.0988026e-05 1.0 4.0077946e-05
3089585.92 -0.0019077237 -0.0006070437 -0.00057685986 -2.4819503e-05 -0.00014526708 1.0 2.6888407e-05
3139546.967 -0.0019077237 -0.0006070437 -0.00057685986 -2.4819503e-05 -0.00014526708 1.0 2.6888407e-05
3189563.762 -0.0019077237 -0.0006070437 -0.00057685986 -2.4819503e-05 -0.00014526708 1.0 2.6888407e-05
3239603.8079999997 -0.0019077237 -0.0006070437 -0.00057685986 -2.4819503e-05 -0.00014526708 1.0 2.6888407e-05
3289635.8529999997 -0.0019077237 -0.0006070437 -0.00057685986 -2.4819503e-05 -0.00014526708 1.0 2.6888407e-05
3339636.399 -0.0019077237 -0.0006070437 -0.00057685986 -2.4819503e-05 -0.00014526708 1.0 2.6888407e-05
3389613.445 -0.0019077237 -0.0006070437 -0.00057685986 -2.4819503e-05 -0.00014526708 1.0 2.6888407e-05
3439598.241 -0.0019077237 -0.0006070437 -0.00057685986 -2.4819503e-05 -0.00014526708 1.0 2.6888407e-05
3489590.787 -0.0019077237 -0.0006070437 -0.00057685986 -2.4819503e-05 -0.00014526708 1.0 2.6888407e-05
3539607.583 -0.0019077237 -0.0006070437 -0.00057685986 -2.4819503e-05 -0.00014526708 1.0 2.6888407e-05
3589639.628 -0.0019077237 -0.0006070437 -0.00057685986 -2.4819503e-05 -0.00014526708 1.0 2.6888407e-05
3639632.175 -0.0019077237 -0.0006070437 -0.00057685986 -2.4819503e-05 -0.00014526708 1.0 2.6888407e-05
3689609.2210000004 -0.0019077237 -0.0006070437 -0.00057685986 -2.4819503e-05 -0.00014526708 1.0 2.6888407e-05
3739585.767 -0.0019077237 -0.0006070437 -0.00057685986 -2.4819503e-05 -0.00014526708 1.0 2.6888407e-05
3789578.313 -0.0019077237 -0.0006070437 -0.00057685986 -2.4819503e-05 -0.00014526708 1.0 2.6888407e-05
3839579.109 -0.0019077237 -0.0006070437 -0.00057685986 -2.4819503e-05 -0.00014526708 1.0 2.6888407e-05
3889595.655 -0.0019077237 -0.0006070437 -0.00057685986 -2.4819503e-05 -0.00014526708 1.0 2.6888407e-05
3939612.201 -0.0015596513 0.00029392095 -0.00060908974 -4.2588563e-05 -1.7518072e-05 1.0 2.2339244e-05
3989612.996 -0.0015596513 0.00029392095 -0.00060908974 -4.2588563e-05 -1.7518072e-05 1.0 2.2339244e-05
4039597.543 -0.0015596513 0.00029392095 -0.00060908974 -4.2588563e-05 -1.7518072e-05 1.0 2.2339244e-05
4089582.089 -0.0015596513 0.00029392095 -0.00060908974 -4.2588563e-05 -1.7518072e-05 1.0 2.2339244e-05
4139575.1350000002 -0.0015596513 0.00029392095 -0.00060908974 -4.2588563e-05 -1.7518072e-05 1.0 2.2339244e-05
4189583.181 -0.0015596513 0.00029392095 -0.00060908974 -4.2588563e-05 -1.7518072e-05 1.0 2.2339244e-05
4239591.977 -0.0015596513 0.00029392095 -0.00060908974 -4.2588563e-05 -1.7518072e-05 1.0 2.2339244e-05
4289600.522 -0.0015596513 0.00029392095 -0.00060908974 -4.2588563e-05 -1.7518072e-05 1.0 2.2339244e-05
4339601.068 -0.0015596513 0.00029392095 -0.00060908974 -4.2588563e-05 -1.7518072e-05 1.0 2.2339244e-05
4389593.864 -0.0015596513 0.00029392095 -0.00060908974 -4.2588563e-05 -1.7518072e-05 1.0 2.2339244e-05
4439594.409999999 -0.0015596513 0.00029392095 -0.00060908974 -4.2588563e-05 -1.7518072e-05 1.0 2.2339244e-05
4489594.956 -0.0015596513 0.00029392095 -0.00060908974 -4.2588563e-05 -1.7518072e-05 1.0 2.2339244e-05
4539603.502 -0.0015596513 0.00029392095 -0.00060908974 -4.2588563e-05 -1.7518072e-05 1.0 2.2339244e-05
4589612.298 -0.0015596513 0.00029392095 -0.00060908974 -4.2588563e-05 -1.7518072e-05 1.0 2.2339244e-05
4639620.8440000005 -0.0018469553 -0.0004836877 -0.0004963921 -5.9653034e-05 0.00011804823 1.0 0.00011024533
4689613.39 -0.0018469553 -0.0004836877 -0.0004963921 -5.9653034e-05 0.00011804823 1.0 0.00011024533
4739613.936000001 -0.0018469553 -0.0004836877 -0.0004963921 -5.9653034e-05 0.00011804823 1.0 0.00011024533
4789622.731000001 -0.0018469553 -0.0004836877 -0.0004963921 -5.9653034e-05 0.00011804823 1.0 0.00011024533
4839623.527000001 -0.0018469553 -0.0004836877 -0.0004963921 -5.9653034e-05 0.00011804823 1.0 0.00011024533
4889623.823 -0.0018469553 -0.0004836877 -0.0004963921 -5.9653034e-05 0.00011804823 1.0 0.00011024533
4939624.369 -0.0019727992 -0.00016962232 -0.0008448798 -0.000101395744 0.00022050524 1.0 2.3208711e-05
4989624.915 -0.0019727992 -0.00016962232 -0.0008448798 -0.000101395744 0.00022050524 1.0 2.3208711e-05
5039617.711 -0.0019727992 -0.00016962232 -0.0008448798 -0.000101395744 0.00022050524 1.0 2.3208711e-05
5089618.257 -0.0019727992 -0.00016962232 -0.0008448798 -0.000101395744 0.00022050524 1.0 2.3208711e-05
5139610.803 -0.0019727992 -0.00016962232 -0.0008448798 -0.000101395744 0.00022050524 1.0 2.3208711e-05
5189603.598999999 -0.0019727992 -0.00016962232 -0.0008448798 -0.000101395744 0.00022050524 1.0 2.3208711e-05
5239660.394 -0.0019727992 -0.00016962232 -0.0008448798 -0.000101395744 0.00022050524 1.0 2.3208711e-05
5289620.691000001 -0.0019727992 -0.00016962232 -0.0008448798 -0.000101395744 0.00022050524 1.0 2.3208711e-05
5339629.237000001 -0.0019727992 -0.00016962232 -0.0008448798 -0.000101395744 0.00022050524 1.0 2.3208711e-05
5389629.782 -0.0019727992 -0.00016962232 -0.0008448798 -0.000101395744 0.00022050524 1.0 2.3208711e-05
5439638.578 -0.0028107536 0.00057440647 -0.000996185 -1.6536105e-05 0.00046591155 0.99999994 -2.9538376e-05
5489631.124 -0.0028107536 0.00057440647 -0.000996185 -1.6536105e-05 0.00046591155 0.99999994 -2.9538376e-05
5539615.671 -0.0021634202 0.0012886438 -0.0005369189 8.8905996e-05 0.00032615132 1.0 -0.00020600128
5589600.467 -0.0016043186 0.0015735019 8.0280355e-05 8.167382e-05 0.00018277216 1.0 1.5471482e-05
5639593.513 -0.0004508378 0.0015657993 0.0007437715 -9.5033945e-05 0.00016757991 1.0 0.0002722347
5689586.058999999 0.00073227676 0.0014126063 0.0011532851 2.8967165e-06 0.00022564048 0.9999999 0.00050928915
5739586.605 0.0016972506 0.00073108275 0.0017282211 0.00030472034 0.0005686865 0.9999998 0.00013877133
5789595.151000001 0.0026294806 -8.092496e-05 0.0017974611 0.00050025684 0.000852572 0.99999946 0.0002960251
5839603.4459999995 0.0037291907 -0.0011708424 0.0016098738 0.0010215571 0.0012931451 0.99999857 0.00040456004
5889604.242 0.0047019194 -0.0027317482 0.0010473086 0.0002424511 0.0019939085 0.9999979 0.00043332504
5939620.788 0.005322643 -0.004748666 0.0016053254 0.00027387132 0.0010551355 0.9999993 0.00040760948
5989717.332 0.0056726127 -0.00655152 0.0018413361 0.00022953658 0.00019234234 0.9999999 0.0004088515
6039685.379 0.0056282673 -0.008133485 0.0022094217 0.000345069 0.0003796719 0.9999996 0.00076419057
6089733.424 0.005817918 -0.009723238 0.0024305733 8.114995e-05 0.00041374896 0.9999997 0.0006190175
6139781.469 0.005836118 -0.01143056 0.0028283647 0.00014642578 0.0005947472 0.99999964 0.00061244157
6189829.7639999995 0.005757312 -0.012789689 0.0033129868 0.0001216314 7.816802e-05 0.99999976 0.00073638844
6239854.308999999 0.005063128 -0.013908338 0.0038920338 0.00022078727 0.00030702987 0.99999976 0.00068856974
6289878.855 0.0033099991 -0.014804186 0.0042229006 6.71994e-05 0.00092613394 0.9999993 0.00082546286
6339902.9 0.0010118594 -0.015786782 0.0042798803 0.00010428736 0.0008980496 0.99999934 0.0007765469
6389927.6959999995 -0.0009385317 -0.016092438 0.0047383844 -6.0574217e-05 0.00035617757 0.9999997 0.00080648303
6439959.740999999 -0.0024021808 -0.015993485 0.0052100644 -0.00014359974 0.00086638966 0.9999993 0.0008918997
6490000.285999999 -0.004484078 -0.015489263 0.0059357095 0.00010307871 8.8584886e-05 0.9999996 0.00097220065
6540048.331 -0.0066377195 -0.0147512 0.005697005 -0.00031777084 0.0004904176 0.99999964 0.0006413864
6590080.376 -0.007675238 -0.013715065 0.0060049808 -0.00036775277 0.0010862822 0.99999917 0.00066398253
6640089.172 -0.008161714 -0.012474373 0.0063601225 -0.00044232275 0.0012514298 0.999999 0.00053932297
6690081.718 -0.009591582 -0.01117631 0.0066399085 -0.0003088921 0.0011712455 0.9999993 0.00020646586
6740066.264 -0.011252988 -0.010141953 0.0067977915 -0.0005161242 0.001152526 0.9999992 0.00032139095
6790043.561 -0.01246507 -0.009110513 0.0061368723 -0.00074525765 -0.0005993787 0.9999994 0.00058603275
6840044.107 -0.013409456 -0.007679376 0.0060777906 -0.0008284581 -0.0018085175 0.99999785 0.00066875335
6890060.652 -0.015244597 -0.0062390775 0.0062285834 -0.0007035221 -0.0019528309 0.99999774 0.0005444042
6940068.698 -0.017061085 -0.00462325 0.005996573 -0.0010164254 -0.0017157476 0.99999785 0.0006143055
6990045.995 -0.018183943 -0.0029612384 0.00572728 -0.0007713668 -0.00026877195 0.9999996 0.0005345491
7040014.541 -0.018779635 -0.0013070245 0.0054527293 -0.00069208175 -0.0006903116 0.9999995 0.00034944518
7089975.588 -0.01913349 0.0009909758 0.0051118997 -0.0015697057 -0.0039987816 0.9999908 0.00031309028
7139928.885 -0.019053038 0.002982136 0.0050171474 -0.0016489683 -0.0049277055 0.9999864 0.0005324237
7189907.181000001 -0.018519007 0.004791179 0.0051117176 -0.001365171 -0.0043580737 0.9999896 -4.7663572e-05
7239826.978 -0.017565375 0.0066376016 0.0053202338 -0.0016297398 -0.0034830037 0.9999926 -0.00020778264
7289787.525 -0.0127045065 0.006654056 0.0058985255 -0.012947069 0.0058153383 0.99987155 -0.00744717
7339740.822000001 -0.010479833 0.0073936353 0.0059614684 -0.0125658205 0.0068965503 0.99987113 -0.0072366367
7389701.869 -0.0073142718 0.007131282 0.005731455 -0.011373129 0.0061603053 0.9998598 -0.0106323175
7439670.915 -0.0029074242 0.007332978 0.005934792 -0.010923939 0.0052709756 0.9998382 -0.013287846
7489647.461999999 0.0012523218 0.0075928182 0.0059080264 -0.007180091 0.0038307973 0.99987245 -0.013747279
7539608.507999999 0.004720435 0.007135415 0.005928667 -0.00019589727 0.0057355273 0.99985987 -0.015729042
7589561.805 0.009282534 0.007402847 0.0059822276 0.003097108 0.008870543 0.9998505 -0.014516469
7639506.852 0.013662968 0.0068063783 0.00610349 0.010017914 0.011499723 0.99972826 -0.017629504
7689467.399 0.018110039 0.006451405 0.006165928 0.018023256 0.012702308 0.9995833 -0.018628635
7739451.944999999 0.022071993 0.005595587 0.00621495 0.024777222 0.014937278 0.9994163 -0.018171541
7789444.990999999 0.025696106 0.004471705 0.006392184 0.028477231 0.017635439 0.99930817 -0.016162314
7839437.7870000005 0.029107407 0.002808388 0.0065058246 0.0319262 0.020057406 0.9991954 -0.013674986
7889430.333 0.032073967 0.00087424903 0.0066347453 0.034775216 0.02189909 0.99910736 -0.009786933
7939438.879 0.03459724 -0.0011569967 0.0066551585 0.036034007 0.022010919 0.99909794 -0.0045183757
7989471.174 0.03680482 -0.0033580838 0.006636151 0.03838977 0.020679448 0.99904823 0.0011353259
8039535.2190000005 0.038679626 -0.0055542123 0.0067194616 0.041692525 0.018566271 0.9989413 0.005775844
8089615.262999999 0.039970372 -0.007697893 0.0068425834 0.043951664 0.017095514 0.9988416 0.0095713325
8139679.308 0.040786173 -0.009826885 0.0070115994 0.0438057 0.018073123 0.998803 0.012124386
8189703.353999999 0.041396007 -0.011878918 0.0070912438 0.045936547 0.018213486 0.9986798 0.014028885
8239704.15 0.041665435 -0.013698488 0.007260407 0.049603064 0.017143853 0.99847937 0.016869416
8289704.696 0.041389618 -0.015502889 0.0074107004 0.05184288 0.016313102 0.9983151 0.020326715
8339747.241 0.04066137 -0.017143132 0.0075210514 0.050919496 0.016639397 0.9982474 0.025151119
8389745.787 0.039248325 -0.018675812 0.0075536957 0.048775718 0.016372815 0.9982295 0.029844454
8439770.331999999 0.037518237 -0.019869149 0.007579558 0.047117136 0.014014764 0.9982002 0.0343512
8489794.627999999 0.035378512 -0.020545024 0.0077368286 0.045340165 0.010692357 0.9981845 0.03817925
8539818.922999999 0.03295499 -0.020984227 0.007828617 0.040923458 0.008720616 0.998331 0.039806113
8589835.468999999 0.030289553 -0.020936495 0.007996863 0.034610603 0.008069744 0.99855745 0.040248726
8639852.014 0.02768889 -0.020499002 0.008216881 0.029969454 0.0075266217 0.99875367 0.039196085
8689884.06 0.025256433 -0.019743362 0.008607003 0.02650636 0.0073938277 0.9989926 0.035449035
8739924.105 0.023041727 -0.018714637 0.008965362 0.02303035 0.0072447597 0.99923426 0.03079162
8789956.9 0.021084378 -0.017479498 0.009349681 0.01925876 0.0073631904 0.9994452 0.02615679
8839980.946 0.019403823 -0.016133666 0.009607807 0.015342135 0.006944101 0.9996297 0.021378197
8889989.491 0.018162478 -0.014632224 0.009906428 0.01237707 0.005935342 0.9997479 0.017772462
8940006.037 0.0172995 -0.013213079 0.010051897 0.011148162 0.005707679 0.99981034 0.014912516
8990030.831999999 0.016758421 -0.011629053 0.010331225 0.009165649 0.0065430724 0.99987686 0.01093162
9040038.878 0.016388929 -0.010049197 0.010599823 0.006023509 0.00811652 0.9999356 0.005166328
9090015.925 0.016206179 -0.008414134 0.01090541 0.0028802818 0.009776407 0.9999468 -0.0016398343
9139960.972 0.016253471 -0.0067610317 0.011090941 -0.0005917935 0.010561872 0.9999163 -0.007453136
9189898.269 0.016534708 -0.005298272 0.011196942 -0.0034874007 0.011439005 0.9998515 -0.012407089
9239827.316 0.016957039 -0.0038809897 0.011261896 -0.007483333 0.012192703 0.99975646 -0.016808134
9289772.363 0.017526785 -0.0025692899 0.011228906 -0.012165713 0.012777633 0.9995939 -0.022380741
9339733.659999998 0.018360585 -0.0012392452 0.0111494735 -0.016265042 0.012698398 0.9993924 -0.028090479
9389694.705999998 0.019416865 0.00013952955 0.011020035 -0.020074524 0.011929137 0.9991744 -0.033246785
9439655.253 0.020563418 0.001514884 0.010722483 -0.023066765 0.0108795725 0.99896467 -0.037672605
9489608.299999999 0.022087453 0.002857083 0.0104043735 -0.025884654 0.010124445 0.99874556 -0.041652106
9539563.347000001 0.02395435 0.004081315 0.010172866 -0.026586581 0.010121655 0.99853927 -0.045935865
9589514.644 0.026040757 0.005118078 0.009986091 -0.026471198 0.010473596 0.9983277 -0.050313547
9639459.691 0.028432505 0.0059510106 0.009866949 -0.026902607 0.011081346 0.9981459 -0.0534641
9689404.738 0.030868808 0.006445434 0.009664612 -0.027296448 0.011932803 0.998019 -0.05541319
9739357.784 0.033933725 0.0067261737 0.009550631 -0.027053615 0.013367386 0.9979259 -0.05686305
9789318.331 0.03722878 0.0068980167 0.0094594015 -0.023831397 0.01339442 0.99798006 -0.057345465
9839295.626999998 0.040740363 0.006952536 0.009417917 -0.019281736 0.0126733 0.998058 -0.057860088
9889280.174 0.044370085 0.0067929663 0.009338464 -0.015301173 0.013630317 0.9980192 -0.059479933
9939264.719999999 0.047943402 0.00648675 0.009153497 -0.0134247085 0.014389339 0.9980889 -0.058577105
9989242.015999999 0.051600836 0.006057396 0.009109474 -0.0065035857 0.011353694 0.99828786 -0.057010323
10039234.561999999 0.054962117 0.005514746 0.009101524 0.0005776287 0.0070491624 0.9984934 -0.054416
10089243.108000001 0.05788939 0.0046818447 0.008932303 0.0026443573 0.0052514514 0.99868214 -0.05098427
10139251.654 0.060415328 0.0035986146 0.00863403 0.001312833 0.006115622 0.99885005 -0.047535293
10189312.199000001 0.062870406 0.0021771174 0.00812029 0.0013579141 0.007360397 0.9990583 -0.04273851
10239300.495 0.06521659 0.00062616164 0.007619002 0.0046841847 0.006887716 0.9992673 -0.037357807
10289348.54 0.06734767 -0.0010278398 0.007158107 0.007820874 0.0063555716 0.99940884 -0.03287184
10339388.585 0.069238834 -0.0026904193 0.006664867 0.010448014 0.0060823862 0.9994859 -0.029694153
10389428.879999999 0.07097712 -0.004274901 0.0062718582 0.015088308 0.0049511334 0.9994936 -0.027577015
10439445.425999999 0.07231653 -0.005804588 0.0060146037 0.01974118 0.0037639781 0.9994777 -0.025306698
10489461.970999999 0.07311129 -0.00724248 0.005826942 0.02219097 0.0036734617 0.9994675 -0.023640418
10539470.517 0.07319804 -0.008672017 0.00575544 0.023284463 0.0052222298 0.99947625 -0.021859625
10589494.813000001 0.07301261 -0.010081777 0.005647994 0.023908282 0.008559211 0.99948215 -0.019763287
10639527.358 0.072555184 -0.011584711 0.0054922043 0.024379537 0.011893506 0.9994997 -0.016268898
10689567.403 0.07167448 -0.013036852 0.0054469 0.024096781 0.0146587845 0.9995177 -0.013001684
10739692.696999999 0.07046794 -0.014241369 0.005560315 0.023604622 0.016084371 0.9995386 -0.010333525
10789624.243999999 0.06899472 -0.015058224 0.0057935514 0.024356429 0.016232101 0.99953693 -0.008323933
10839648.789 0.0674449 -0.015516177 0.00612811 0.025494585 0.01517899 0.9995254 -0.008285362
10889664.835 0.06576618 -0.015700063 0.006535997 0.026095234 0.014119501 0.99951136 -0.009839733
10939665.381 0.06401666 -0.015436646 0.0070196255 0.027353669 0.012145493 0.99947226 -0.012630206
10989666.177000001 0.062395494 -0.014715581 0.0075214026 0.029472388 0.010711853 0.99936736 -0.0167831
11039666.723000001 0.060760085 -0.013763149 0.007959544 0.028835805 0.009987395 0.9992979 -0.021737529
11089651.769 0.05904642 -0.012771876 0.008319552 0.025186742 0.010766501 0.999277 -0.026365714
11139636.315 0.057476662 -0.011714116 0.00861636 0.02160767 0.012290735 0.9992317 -0.030300125
11189621.112 0.056033812 -0.010594629 0.008844499 0.019100951 0.013251649 0.99915445 -0.03391285
11239615.408 0.05472189 -0.009405749 0.008949686 0.016313326 0.013426543 0.9991235 -0.03613657
11289590.704 0.05351479 -0.008157412 0.008978965 0.01331542 0.012102206 0.99916476 -0.036688156
11339575.25 0.05266182 -0.0069337655 0.008931436 0.01097691 0.0098727755 0.99920654 -0.036992334
11389552.297 0.052053813 -0.0055769207 0.00883421 0.007966575 0.0074889394 0.99922246 -0.037882417
11439537.092999998 0.051627308 -0.0043557347 0.008684618 0.0040564043 0.0047517326 0.9991886 -0.03978846
11489521.639 0.05132272 -0.0031038313 0.008440906 -0.0012074352 0.0029388317 0.99917144 -0.040575624
11539506.184999999 0.051169507 -0.0018071588 0.0081643 -0.0073114526 0.0011471412 0.9991385 -0.040836
11589483.232 0.051233023 -0.00042859704 0.007850788 -0.012590814 -0.000784147 0.99901193 -0.042615443
11639468.028 0.05153317 0.0009019496 0.0075185723 -0.019333225 -0.0018150876 0.9988197 -0.04452233
11689444.574000001 0.051969502 0.0022891122 0.0071350182 -0.027097685 -0.003057187 0.9986051 -0.04521428
11739413.621 0.05268584 0.0037095838 0.0066822395 -0.034611557 -0.00580068 0.99835473 -0.045345694
11789382.667000001 0.05377428 0.0052363207 0.006401539 -0.041123457 -0.010558167 0.998083 -0.045029983
11839359.464 0.0552046 0.006460561 0.006043023 -0.04305291 -0.01664361 0.9978742 -0.04600675
11889344.01 0.05707448 0.0074478234 0.0058125835 -0.044127826 -0.020515144 0.9977169 -0.04682782
11939366.806 0.0591751 0.007855541 0.0056468043 -0.046425506 -0.020152742 0.9974819 -0.049683563
11989297.853 0.06155183 0.0083750095 0.005588807 -0.04718929 -0.018114114 0.99739504 -0.05146078
12039275.149 0.064203635 0.008584752 0.0056941635 -0.046689745 -0.016239729 0.9973417 -0.053534083
12089251.445999999 0.067027256 0.008465091 0.0057422835 -0.045666073 -0.014724879 0.99732375 -0.05516483
12139235.992 0.0700221 0.00831761 0.005862585 -0.04428739 -0.012869805 0.9974206 -0.055001624
12189228.788 0.07325484 0.008004097 0.0060434956 -0.042000048 -0.011660453 0.99760413 -0.05372241
12239237.333999999 0.07653948 0.0075851143 0.006253423 -0.038348466 -0.011378618 0.9978596 -0.051732335
12289253.878999999 0.07988632 0.0070040985 0.006530479 -0.034629483 -0.011094181 0.99810594 -0.04962221
12339270.424999999 0.083204255 0.0062832995 0.0067964145 -0.03146482 -0.010912208 0.99831474 -0.047524933
12389279.220999999 0.08640727 0.0053531486 0.00703313 -0.028259309 -0.010374611 0.99851257 -0.045459513
12439271.766999999 0.08954962 0.0043730065 0.0072648413 -0.023356695 -0.010220718 0.998732 -0.04341066
12489280.313000001 0.09245688 0.0033126436 0.0074177748 -0.019234248 -0.009703654 0.9989517 -0.04039171
12539288.358 0.09509821 0.0023401966 0.007470306 -0.016074471 -0.010306603 0.9990734 -0.038572006
12589313.154 0.097330905 0.0014022405 0.0074709468 -0.013147217 -0.012326655 0.99913687 -0.037428055
12639329.699 0.099112414 0.00032069845 0.0074843415 -0.011758449 -0.012963621 0.99915844 -0.03709603
12689330.245 0.100505106 -0.0009184002 0.0074509564 -0.011830267 -0.012447284 0.99917495 -0.03680479
12739323.041 0.101715624 -0.0023126677 0.00725268 -0.011358096 -0.011017686 0.99923635 -0.035726167
12789331.587 0.10255723 -0.003847582 0.0070592943 -0.010391058 -0.010945423 0.99931717 -0.033727866
12839347.633 0.103148654 -0.0055871257 0.00700606 -0.008706069 -0.012418297 0.9994246 -0.03034031
12889380.178000001 0.10355609 -0.007457238 0.0071014324 -0.0051660994 -0.013403968 0.999557 -0.026066467
12939428.223000001 0.10368448 -0.009339151 0.0073321997 -0.0016697118 -0.012799973 0.9996776 -0.021864848
12989476.268 0.10345454 -0.011138402 0.0076941396 0.0014373274 -0.011552201 0.99975425 -0.01886682
13039516.563000001 0.10287191 -0.0127205895 0.008231037 0.0040177484 -0.010044885 0.99981546 -0.015878584
13089577.358000001 0.10188505 -0.014066784 0.008834005 0.006968253 -0.008225787 0.9998427 -0.014085902
13139557.904000001 0.10085929 -0.01523175 0.009453193 0.009633874 -0.006335761 0.9998482 -0.013066121
13189566.45 0.099552356 -0.016203385 0.010021013 0.012733313 -0.006036306 0.9998186 -0.01281377
13239582.496 0.09789777 -0.01677009 0.010631049 0.014221474 -0.0070792823 0.99979085 -0.012880986
13289599.041 0.09604495 -0.017053965 0.011181704 0.014114531 -0.008217648 0.99977416 -0.013596844
13339615.587 0.0940477 -0.017089795 0.011753608 0.013128896 -0.009265161 0.9997535 -0.015327671
13389624.133000001 0.09194775 -0.016768357 0.012234886 0.011509991 -0.010662591 0.9997191 -0.017767455
13439632.929000001 0.08988209 -0.01610275 0.012661077 0.009940222 -0.012969049 0.9996672 -0.019959787
13489625.475 0.08782889 -0.015256975 0.0130108595 0.0076374793 -0.015119915 0.99958724 -0.023205802
13539626.021000002 0.08589933 -0.014223769 0.013281662 0.005235765 -0.016777257 0.9994968 -0.026406504
13589610.817 0.084105425 -0.013021698 0.013414428 0.0027284191 -0.017759254 0.9993865 -0.030064017
13639603.363 0.08258477 -0.011669639 0.013492918 0.000108079665 -0.01806145 0.999215 -0.035259925
13689595.909 0.081317954 -0.010261266 0.013469578 -0.003080004 -0.017578714 0.998989 -0.04126171
13739572.955 0.0803517 -0.008821741 0.013370023 -0.0058210464 -0.016537208 0.998774 -0.046295404
13789557.502 0.07969635 -0.0073444596 0.013179727 -0.008517978 -0.015489625 0.9985309 -0.05122076
13839526.298 0.07940295 -0.0059077945 0.012968626 -0.011507046 -0.014228859 0.9982622 -0.056016013
13889503.345 0.07946089 -0.0045299395 0.012719804 -0.012864785 -0.013255348 0.997975 -0.060867462
13939471.891 0.07967461 -0.0032044118 0.012530995 -0.014729661 -0.013369689 0.9977122 -0.064612105
13989433.188000001 0.07989768 -0.00203649 0.012254998 -0.019322036 -0.014176471 0.99742484 -0.0675974
14039394.234000001 0.08029683 -0.0009090465 0.01192325 -0.023970967 -0.016190004 0.99718606 -0.06916117
14089362.781000001 0.081059776 -3.22712e-05 0.011627424 -0.027045166 -0.019695615 0.9970159 -0.069570586
14139347.827000001 0.081970386 0.0008412076 0.011340103 -0.029532414 -0.02301614 0.99695504 -0.06840098
14189348.623 0.0830047 0.0015354869 0.011051916 -0.03283658 -0.025166094 0.99677545 -0.06875483
14239341.419 0.084304765 0.0022905134 0.010785919 -0.037889116 -0.026966242 0.996474 -0.06983405
14289346.465 0.08590694 0.0029632833 0.010653867 -0.0420003 -0.029905701 0.9961594 -0.07076879
14339318.511999998 0.08770828 0.0035816357 0.010523564 -0.043795068 -0.03345007 0.9959823 -0.07058606
14389295.558 0.0898099 0.0040436746 0.010486046 -0.04670272 -0.035962235 0.99573374 -0.070992894
14439280.104 0.092063814 0.004563882 0.010499154 -0.049422834 -0.03725462 0.9955288 -0.07135789
14489264.65 0.09459073 0.004821633 0.010616495 -0.050500732 -0.037560437 0.9953631 -0.072740674
14539265.696 0.09749266 0.0049510235 0.010833431 -0.051134963 -0.036627382 0.9953081 -0.073522
14589265.741999999 0.10060926 0.004843589 0.011162871 -0.0496186 -0.03606531 0.9953535 -0.07422034
14639251.038 0.103843726 0.0045223655 0.011505652 -0.04738215 -0.035244215 0.99544895 -0.0747942
14689227.834999999 0.107018314 0.0041177953 0.011840797 -0.045560032 -0.034464914 0.99550503 -0.07553965
14739212.381000001 0.110131696 0.0036200248 0.012148494 -0.043409936 -0.034415554 0.9956053 -0.07550788
14789204.927000001 0.11298783 0.003052575 0.012441229 -0.041310806 -0.03573443 0.9957114 -0.07466861
14839213.473 0.115603924 0.00237712 0.012661408 -0.040606488 -0.0372185 0.9958078 -0.073025875
14889230.019 0.11787641 0.0015596002 0.012809751 -0.040696587 -0.037114073 0.99594885 -0.07108003
14939222.565 0.11998912 0.0005543903 0.012890988 -0.041361734 -0.038306978 0.9960632 -0.068410695
14989207.361000001 0.121891335 -0.0006162068 0.012990489 -0.041774526 -0.041350752 0.99607 -0.06625354
15039192.407 0.123732924 -0.002064413 0.013201124 -0.039927762 -0.042851955 0.9962648 -0.06345036
15089208.453 0.12536198 -0.0038250051 0.013487513 -0.034995787 -0.04382453 0.99659836 -0.060385514
15139241.248 0.12668522 -0.0058916626 0.013711641 -0.030581303 -0.042694576 0.9969259 -0.058143854
15189289.293000001 0.12746093 -0.008095876 0.013867243 -0.027740814 -0.039404996 0.9972757 -0.055847462
15239345.338 0.12776142 -0.010319188 0.013994221 -0.026216378 -0.03470486 0.9976148 -0.053600963
15289401.383 0.12753828 -0.012402316 0.014041871 -0.02469225 -0.03160705 0.9979604 -0.049662087
15339449.428000001 0.12698825 -0.014489484 0.013979513 -0.022298973 -0.029183896 0.9983983 -0.043034587
15389481.973 0.12622409 -0.016477104 0.013771554 -0.018757716 -0.026311282 0.9988731 -0.034763947
15439522.268 0.1252671 -0.018287862 0.013297614 -0.015722878 -0.023412155 0.99924505 -0.02672047
15489570.313000001 0.12397514 -0.01981467 0.0127426125 -0.01460777 -0.021621963 0.9994833 -0.01877296
15539618.608000001 0.122652315 -0.021030948 0.012056495 -0.012662872 -0.021678356 0.9996208 -0.011318023
15589659.154000001 0.12111417 -0.022037715 0.01134879 -0.010681712 -0.022864413 0.99966705 -0.00538199
15639667.199000001 0.11921881 -0.022320364 0.010799911 -0.010709998 -0.023717439 0.9996611 -0.0007265023
15689667.745000001 0.1172256 -0.022364073 0.01024127 -0.012310266 -0.02472142 0.9996177 0.0013895599
15739668.291 0.115174845 -0.02198877 0.009848449 -0.0135984905 -0.025358185 0.99958444 0.0017552476
15789669.087000001 0.11317842 -0.02121661 0.009471519 -0.014716149 -0.026166106 0.99954844 0.0012999625
15839669.633000001 0.11122297 -0.02018321 0.009186611 -0.01741298 -0.027317347 0.9994749 -0.0007135376
15889670.429 0.109461136 -0.018609555 0.0090234205 -0.0196942 -0.029454708 0.99936146 -0.004613765
15939670.975 0.10795537 -0.016936535 0.008837965 -0.022302952 -0.031872377 0.99918807 -0.010493065
15989686.521 0.10668346 -0.01525867 0.008586475 -0.025694732 -0.03319103 0.99899846 -0.015501687
16039648.567000002 0.10564495 -0.013609537 0.008234154 -0.030246643 -0.033789095 0.99876 -0.020541824
16089625.114000002 0.10481273 -0.012023133 0.007873939 -0.035700243 -0.035377704 0.9984402 -0.024313476
16139594.159999998 0.10413891 -0.0106442375 0.0074642287 -0.04182767 -0.037196025 0.9980563 -0.027397078
16189554.707 0.1035426 -0.009244215 0.006988086 -0.049830142 -0.040365525 0.9974753 -0.03050502
16239524.003 0.103002466 -0.0077895457 0.006456876 -0.05994919 -0.0441112 0.9966528 -0.033818167
16289508.55 0.10260586 -0.0062354477 0.00588272 -0.07074768 -0.048682984 0.99563736 -0.03648302
16339485.596 0.102641694 -0.004722304 0.005302731 -0.07940733 -0.05363337 0.9946144 -0.039499033
16389462.391999999 0.103086144 -0.003145153 0.00480177 -0.08535697 -0.059146263 0.9937102 -0.041905258
16439439.439000001 0.10370886 -0.0017215079 0.004325041 -0.09244399 -0.06409607 0.9926576 -0.044460505
16489407.985000001 0.10460331 -0.0003132227 0.0038715608 -0.09881698 -0.06792583 0.9916326 -0.047812577
16539385.032 0.10575423 0.0011061025 0.003559204 -0.104231834 -0.07091186 0.990667 -0.05182936
16589361.827999998 0.107121475 0.0023860433 0.0032416228 -0.108505376 -0.07320286 0.98984575 -0.055438746
16639338.373999998 0.1085919 0.003426386 0.0028901664 -0.11315918 -0.074196585 0.9891138 -0.057826318
16689375.92 0.11028269 0.0042860867 0.0025530409 -0.11689664 -0.07474882 0.98853534 -0.059545916
16739276.717 0.11206992 0.0049784416 0.0022908698 -0.11802353 -0.07556508 0.98825806 -0.060879882
16789253.264 0.113896355 0.0054501737 0.002014786 -0.11933217 -0.076466784 0.9879878 -0.06158595
16839253.81 0.11562818 0.005496418 0.0017077493 -0.12154191 -0.075326554 0.9878377 -0.061076906
16889246.356 0.117475286 0.005014692 0.0014570567 -0.12368309 -0.07355053 0.98768246 -0.061451197
16939246.902000003 0.11933974 0.004534731 0.0012316694 -0.12448083 -0.07245054 0.9877252 -0.06045269
16989247.698 0.121347144 0.0039005661 0.0011675423 -0.12313933 -0.07166468 0.9880645 -0.05856119
17039248.244 0.123279616 0.0030277441 0.0010896556 -0.1219187 -0.07030149 0.98838776 -0.05729904
17089248.79 0.12498864 0.002177794 0.0010043018 -0.12128414 -0.0690197 0.9886288 -0.05603158
17139249.336 0.12664422 0.0011280989 0.0010319983 -0.12012265 -0.06871072 0.98880696 -0.05576959
17189250.130999997 0.1281546 -9.4669e-05 0.0010961505 -0.11713543 -0.06832549 0.98924863 -0.05475553
17239258.677 0.12947235 -0.0014693573 0.0011896929 -0.11429834 -0.0668277 0.989791 -0.05276121
17289259.222999997 0.13054864 -0.0030208232 0.001232642 -0.11189914 -0.065288804 0.99032694 -0.049684178
17339268.018999998 0.13152435 -0.004713335 0.0013295107 -0.10799079 -0.064237885 0.99099773 -0.0462066
17389291.814 0.13225 -0.00650854 0.0014890921 -0.10331007 -0.06353379 0.9916519 -0.043784384
17439324.36 0.1326523 -0.008280183 0.0016841558 -0.100275874 -0.0625458 0.99212253 -0.041541453
17489364.655 0.13273096 -0.010231783 0.0018430708 -0.09820887 -0.06057504 0.9925471 -0.039193004
17539397.45 0.13246176 -0.012091882 0.0019874638 -0.09640812 -0.058042213 0.9930049 -0.035747085
17589429.496 0.1320549 -0.0139893945 0.0021848467 -0.09393988 -0.0561903 0.99348557 -0.03169408
17639461.541 0.13128304 -0.015478058 0.0023568603 -0.09148649 -0.055437427 0.9939079 -0.026533699
17689510.336 0.13030308 -0.016886258 0.0026198206 -0.08955255 -0.05522275 0.9941956 -0.022494754
17739566.131 0.12907922 -0.018007046 0.0030049444 -0.08671623 -0.054557513 0.9945417 -0.019765258
17789614.426 0.12772973 -0.0189118 0.0034841755 -0.08337079 -0.05332736 0.9949303 -0.017867258
17839678.97 0.12621514 -0.01947731 0.0040225787 -0.07910994 -0.05185304 0.995377 -0.016661154
17889653.767 0.12453107 -0.01992132 0.0045271185 -0.07480331 -0.049992688 0.9958113 -0.016286176
17939624.063 0.122707844 -0.020049084 0.0049822684 -0.071122155 -0.04764151 0.9961935 -0.01644374
17989632.859 0.12066024 -0.020071879 0.005390313 -0.06859887 -0.045520324 0.996453 -0.017425757
18039657.155 0.11836566 -0.019835932 0.005697445 -0.0656683 -0.043809313 0.99671036 -0.018352555
18089665.45 0.11587541 -0.01954469 0.006003988 -0.06351311 -0.043627046 0.99684674 -0.01895733
18139666.246000003 0.11332383 -0.019070191 0.006290201 -0.0617099 -0.04345807 0.99696743 -0.018953936
18189658.792 0.110695936 -0.018583633 0.0064794486 -0.060458217 -0.04167774 0.9971216 -0.018875653
18239651.338999998 0.108136296 -0.017976332 0.0067522316 -0.059996426 -0.03842978 0.99727285 -0.019251669
18289651.884 0.10576761 -0.017265309 0.0069980086 -0.059946638 -0.034855373 0.9973676 -0.021197354
18339668.68 0.10348834 -0.016420826 0.0071129245 -0.060906753 -0.030574668 0.99740016 -0.023421278
18389677.226 0.10126495 -0.015465996 0.0070792753 -0.06546124 -0.026316468 0.99720836 -0.024451986
18439661.772 0.09924122 -0.014463489 0.007099981 -0.06986306 -0.023738317 0.9969387 -0.025864884
18489638.818 0.09742076 -0.013327622 0.007392898 -0.07136076 -0.024646172 0.9967386 -0.028502906
18539623.365000002 0.095710605 -0.011957761 0.007823297 -0.07350357 -0.026711388 0.9964083 -0.032468982
18589631.91 0.094105616 -0.0104564885 0.008188499 -0.07779494 -0.028605178 0.99583566 -0.037961874
18639656.206 0.09276952 -0.008886661 0.008338325 -0.08488267 -0.029937482 0.99498165 -0.043705646
18689656.751999997 0.09183927 -0.0072900145 0.008505115 -0.09111386 -0.031975362 0.994157 -0.048247408
18739626.048 0.09137366 -0.0059059244 0.008825935 -0.09175242 -0.03406026 0.9938711 -0.05139776
18789571.095 0.091074094 -0.0046536317 0.009097459 -0.090441555 -0.03631732 0.9937662 -0.054131325
18839531.642 0.0908719 -0.0036495982 0.009325402 -0.0908649 -0.03700092 0.99365205 -0.05504743
18889500.689 0.09107495 -0.0028403944 0.009518571 -0.09033994 -0.035321984 0.9939073 -0.05234044
18939501.485000003 0.091339596 -0.0024989157 0.009254019 -0.08481238 -0.033781283 0.99454623 -0.050433747
18989510.029999997 0.09185504 -0.0018671858 0.009154961 -0.07946138 -0.031979952 0.99495596 -0.052210316
19039543.075999998 0.09212387 -0.0010137806 0.00865404 -0.07661313 -0.030959072 0.99494267 -0.05710651
19089511.372 0.09265468 0.00013638608 0.008040237 -0.07384633 -0.027998226 0.99488306 -0.06301226
19139472.419 0.09351838 0.0010802667 0.0073888865 -0.06787719 -0.023347925 0.9950221 -0.069127046
19189409.466000002 0.09461907 0.001987843 0.0067193406 -0.059406973 -0.018422214 0.9953621 -0.07338826
19239338.513 0.09602165 0.0026346564 0.0061222343 -0.051577058 -0.012472406 0.99557525 -0.077551894
19289299.560000002 0.097454816 0.002999543 0.0057020457 -0.04332606 -0.006043557 0.99569976 -0.0816604
19339276.356 0.09898937 0.0030911688 0.005485362 -0.035178844 -0.0017654315 0.99580055 -0.084502436
19389260.903 0.100602806 0.0027183555 0.0054126037 -0.026454993 0.0010452786 0.9959515 -0.08590606
19439245.949 0.10211193 0.002101883 0.0054512406 -0.019507784 0.0026288605 0.996178 -0.08510023
19489230.745 0.10343883 0.0010741215 0.0055589727 -0.013779378 0.0039222445 0.99644953 -0.08296486
19539223.291 0.104650006 -0.00024361441 0.00564345 -0.0070602507 0.0024561433 0.9968663 -0.07875141
19589247.836999997 0.105681896 -0.0018201913 0.005812478 -0.00095521024 -0.0006310126 0.99729747 -0.073460005
19639287.882 0.10645783 -0.0034062956 0.0059726234 0.0040125404 -0.0062085898 0.9976186 -0.06857444
19689335.926999997 0.10696252 -0.0051728846 0.006200899 0.008190152 -0.011291889 0.99785095 -0.06402288
19739360.472 0.10727713 -0.007037683 0.006511624 0.011650318 -0.0132890595 0.99812657 -0.05857517
19789376.768 0.10715606 -0.008690963 0.007065947 0.011715259 -0.012925805 0.9983527 -0.05465883
19839385.314 0.1069629 -0.010248389 0.0077471714 0.011724323 -0.012972774 0.99838513 -0.054051146
19889426.109 0.1066253 -0.011643862 0.008713287 0.013289246 -0.013779676 0.9983549 -0.05404689
19939474.154 0.10600449 -0.012944944 0.009742743 0.013684183 -0.014883209 0.9983695 -0.05338105
19989522.199 0.10522349 -0.014210076 0.010939298 0.01481442 -0.016499767 0.998388 -0.052247033
20039538.744 0.1042621 -0.015430745 0.01218978 0.015544828 -0.018337462 0.99845403 -0.050116245
20089546.79 0.10311918 -0.016591242 0.01350457 0.014594247 -0.019756204 0.99856883 -0.04750845
20139555.336000003 0.10182944 -0.017487483 0.01488453 0.013843887 -0.020432679 0.998618 -0.046400245
20189595.881 0.10043636 -0.018301375 0.016203215 0.012873682 -0.020772738 0.9986267 -0.046340656
20239645.426 0.09900148 -0.018926432 0.01754361 0.011657513 -0.021209624 0.9986751 -0.04541285
20289684.220999997 0.097587846 -0.01931989 0.018888863 0.011171205 -0.02201545 0.9987237 -0.04406416
20339693.016999997 0.096035846 -0.019451737 0.020273719 0.009212974 -0.022778627 0.9987018 -0.044621646
20389685.563 0.0945021 -0.019177454 0.021763753 0.005985136 -0.023285892 0.99863696 -0.046328574
20439678.109 0.09316881 -0.018859344 0.02329172 0.004783979 -0.023926675 0.9984607 -0.049808156
20489686.655 0.092053086 -0.018381098 0.024903813 0.0050182883 -0.024616009 0.99826175 -0.05331487
20539703.450999998 0.09091982 -0.017709898 0.02653159 0.0042392025 -0.024857894 0.99801946 -0.057631154
20589711.996999998 0.08989466 -0.01694049 0.0281707 0.0024556255 -0.02422292 0.9978094 -0.061511163
20639696.543 0.08905687 -0.016180146 0.029705293 0.0020489758 -0.023976069 0.9976051 -0.06484733
20689673.089 0.08842347 -0.015300362 0.031164173 0.0017015713 -0.023111548 0.9974624 -0.067318626
20739650.385 0.08779962 -0.0144086415 0.032551307 0.0014474526 -0.021881899 0.99732745 -0.06969278
20789658.930999998 0.08705258 -0.01354202 0.033701137 -0.0014592686 -0.019392356 0.99719167 -0.07232332
20839690.977 0.086232096 -0.012644463 0.034605592 -0.0055728606 -0.016520139 0.997025 -0.07508168
20889707.522 0.08539759 -0.011760497 0.03527009 -0.008781616 -0.014958355 0.9969405 -0.07621568
20939700.068 0.08457385 -0.010918754 0.035758145 -0.011889116 -0.01502113 0.9969751 -0.075323276
20989676.865000002 0.08370126 -0.010170123 0.036096912 -0.014704586 -0.015512495 0.9970946 -0.07311375
21039653.911 0.08284613 -0.009401426 0.036295142 -0.018637054 -0.015605797 0.99718297 -0.07095946
21089654.457 0.08214022 -0.008667397 0.036419135 -0.021477459 -0.015661243 0.99719155 -0.07001848
21139678.752 0.081659526 -0.007904171 0.036388326 -0.023022018 -0.015903188 0.9971379 -0.070236325
21189695.298 0.081166476 -0.0070390212 0.03602404 -0.02255763 -0.016202694 0.99720484 -0.069363125
21239695.844 0.08098788 -0.0063744364 0.035488725 -0.021843307 -0.015385714 0.9972501 -0.06912668
21289672.89 0.08083775 -0.005621745 0.034842025 -0.020629035 -0.014695389 0.9973318 -0.068468526
21339649.437 0.08071887 -0.0049009365 0.03396448 -0.01949544 -0.014265015 0.9973944 -0.06797688
21389626.233 0.08072795 -0.00428944 0.03284799 -0.016774973 -0.014146722 0.9975219 -0.066847205
21439718.777 0.08078621 -0.0036394703 0.031465046 -0.0141039435 -0.013641543 0.99775475 -0.06403518
21489635.325 0.08097742 -0.0031203548 0.0299535 -0.012455213 -0.012373549 0.997862 -0.062954366
21539636.371 0.08107377 -0.0024445127 0.028378638 -0.009961473 -0.011307635 0.9978899 -0.063156635
21589620.667 0.08125968 -0.0016968081 0.026751248 -0.008359725 -0.009747912 0.99794054 -0.06284836
21639597.713 0.081666626 -0.00096201024 0.025113534 -0.004660813 -0.008177048 0.99798656 -0.06272481
21689566.26 0.08245005 -0.00021995917 0.023482049 0.0012962 -0.0063937027 0.99802315 -0.062507704
21739535.306 0.0833738 0.00031605572 0.02191212 0.0071203075 -0.0037481086 0.9980192 -0.062393382
21789511.853 0.08454189 0.0004942451 0.02026064 0.01461014 -0.00089976046 0.99800795 -0.061367307
21839497.149 0.0860051 0.00035348686 0.018574508 0.023060437 0.0019799327 0.9980481 -0.05800196
21889481.945 0.08744501 -9.992224e-05 0.016965907 0.031967383 0.004337536 0.9980037 -0.054293707
21939474.491 0.08893818 -0.0007318534 0.015444112 0.039515536 0.0056555215 0.99790853 -0.05084373
21989483.037 0.09034435 -0.0015803576 0.01399409 0.04914475 0.004794918 0.997617 -0.048189286
22039536.582000002 0.09175232 -0.0027131946 0.0127308965 0.058550224 0.002712694 0.9972698 -0.04491641
22089484.129 0.09301687 -0.004154426 0.011493645 0.067350045 0.0018288376 0.99691284 -0.040317334
22139484.675 0.09412711 -0.0058443607 0.010452907 0.075499184 0.0024760158 0.9964909 -0.03605199
22189501.471 0.094955325 -0.007731179 0.009573098 0.08255782 0.0048594764 0.99605167 -0.03227558
22239525.516000003 0.09549033 -0.009813508 0.008765406 0.08851087 0.007329224 0.9956125 -0.029461607
22289558.311 0.09582906 -0.011964768 0.007920624 0.09302058 0.008587595 0.99529797 -0.025601845
22339590.357 0.09574556 -0.014101593 0.0071501476 0.09569177 0.008316357 0.9951541 -0.021034729
22389614.902 0.09540553 -0.016216172 0.0065042074 0.09586044 0.007510173 0.99522054 -0.01704487
22439646.948 0.094693534 -0.018073041 0.005977933 0.094170436 0.007424836 0.99544895 -0.012578367
22489687.743 0.093726926 -0.01984235 0.0055307066 0.09206111 0.007309698 0.99568933 -0.008611766
22539719.788 0.09233027 -0.021345098 0.0051893764 0.08946492 0.006746182 0.99595827 -0.004217157
22589736.334 0.09068195 -0.022766175 0.0050321613 0.08511273 0.006812893 0.996348 -0.0002072022
22639797.878 0.08873661 -0.023764491 0.0050080228 0.07915462 0.0069389506 0.9968348 0.0026273546
22689753.175 0.086702526 -0.024429286 0.0052730166 0.07367741 0.0062329113 0.99725497 0.003917302
22739769.721 0.08454666 -0.0247582 0.0056463634 0.06827975 0.004425147 0.9976446 0.004857989
22789778.267 0.08235601 -0.024771689 0.0061906334 0.06268033 0.00259147 0.9980202 0.0044992547
22839778.813 0.08021246 -0.024523806 0.0068261465 0.057615038 0.002215486 0.99833226 0.002901284
22889787.358 0.078202926 -0.024182655 0.0075122914 0.0526811 0.003495114 0.99860466 0.0011164293
22939796.154 0.076213025 -0.02369057 0.0081421165 0.04747996 0.0049579805 0.9988589 -0.0014111577
22989812.2 0.074222095 -0.022981085 0.008702495 0.04118441 0.005883554 0.99912524 -0.004243163
23039820.995 0.072340526 -0.022233706 0.00916505 0.035899356 0.0067449003 0.9993207 -0.0049022874
23089840.791 0.070815824 -0.021442015 0.009567176 0.03379001 0.007900822 0.9993881 -0.0044029644
23139822.087 0.06943004 -0.02052903 0.010024561 0.03428954 0.009504442 0.99935085 -0.0056339954
23189830.633 0.06824344 -0.019536665 0.010439762 0.033900253 0.010986611 0.99932164 -0.009291607
23239839.179 0.067041144 -0.018251615 0.010867423 0.03240341 0.012657019 0.9992833 -0.014923076
23289831.725 0.06599422 -0.016984237 0.0111879045 0.031629365 0.01372083 0.999189 -0.020801935
23339824.270999998 0.06511497 -0.015496916 0.0114343865 0.03295019 0.013832501 0.99904025 -0.025329068
23389801.317 0.06428169 -0.014026266 0.01148055 0.03417657 0.013729117 0.99888414 -0.02956434
23439778.114 0.06348022 -0.012502974 0.011454792 0.033416234 0.013747963 0.9987835 -0.03355274
23489755.41 0.06263428 -0.011139107 0.0113113 0.032143272 0.014508156 0.9986815 -0.037305217
23539739.956 0.061999142 -0.009787747 0.011170155 0.031086618 0.016602706 0.99855673 -0.040527917
23589716.503 0.061488148 -0.008445836 0.01094314 0.031319465 0.019251976 0.99841505 -0.042613704
23639677.549 0.06104432 -0.0071701654 0.010737026 0.029367017 0.022451596 0.99835914 -0.043732304
23689646.096 0.060740355 -0.00584297 0.0105002215 0.027613249 0.02455266 0.9983625 -0.0436705
23739615.143 0.06059549 -0.004461235 0.010264117 0.02754462 0.025586227 0.9983448 -0.043524608
23789627.688 0.060518127 -0.0030902321 0.010029521 0.027684737 0.025706027 0.9983634 -0.042935703
23839576.735 0.060734745 -0.00176779 0.009891329 0.027852135 0.026849901 0.9983885 -0.041517425
23889569.531 0.0611472 -0.0005558218 0.009900183 0.031548824 0.027064228 0.998284 -0.04124788
23939546.078 0.06191296 0.00067518395 0.010126614 0.0364143 0.026228867 0.9980947 -0.042344444
23989531.373999998 0.06275485 0.0016837806 0.010519262 0.040631738 0.024793958 0.9978768 -0.044454616
24039507.919999998 0.06364536 0.0025768022 0.011077708 0.044305373 0.022995595 0.9976939 -0.045991328
24089476.967 0.06464333 0.0031264166 0.011741482 0.047512468 0.021328488 0.9975238 -0.04726505
24139453.513 0.06566612 0.0035133357 0.012572194 0.050060127 0.019220622 0.9974179 -0.047772136
24189446.059 0.066723794 0.0038544154 0.013512976 0.05311209 0.016160065 0.99732184 -0.04761494
24239454.855 0.067859285 0.0040756594 0.014672395 0.056177393 0.011174871 0.99719477 -0.048186295
24289471.401 0.06889315 0.0041630007 0.016063616 0.05868921 0.00646342 0.99703044 -0.049438667
24339487.696 0.06981271 0.004159971 0.017743323 0.059556022 0.0010204867 0.9968928 -0.05154473
24389480.742000002 0.07060463 0.0039917394 0.019636711 0.06011613 -0.0052686157 0.99669206 -0.054436002
24439519.288 0.07123992 0.0036801319 0.02161441 0.06150669 -0.010288204 0.9964442 -0.056657586
24489465.834000003 0.07190064 0.0031366479 0.02363892 0.063254185 -0.012664116 0.99623483 -0.057920046
24539489.88 0.07230872 0.0025205761 0.025759812 0.06394008 -0.013653177 0.996119 -0.058924865
24589522.425 0.07241589 0.0019471227 0.028039869 0.0637971 -0.014917113 0.99602854 -0.06028739
24639562.720000003 0.07242103 0.0013437769 0.030295147 0.06361158 -0.016741911 0.99588186 -0.062391683
24689595.266 0.07224051 0.0009018944 0.032526106 0.06265276 -0.018631017 0.9958031 -0.06406062
24739611.311 0.07194856 0.00039567647 0.034672122 0.06102876 -0.020127181 0.9957469 -0.066018954
24789628.107 0.07160254 7.1122486e-05 0.036627363 0.059742812 -0.020682316 0.99580246 -0.06618564
24839636.653 0.07124881 -0.0003442757 0.038501523 0.05872115 -0.020930953 0.9957342 -0.06802345
24889660.948 0.07072629 -0.00059875 0.04015543 0.05723459 -0.020285103 0.99564874 -0.0706852
24939685.244 0.07027529 -0.0007861116 0.0416393 0.055946846 -0.019520681 0.995447 -0.07466098
24989714.789 0.06961087 -0.00081130664 0.042990793 0.05531677 -0.018944323 0.9952236 -0.07817468
25039694.585 0.0689626 -0.0008057546 0.04404267 0.05218184 -0.01702048 0.99516916 -0.081398755
25089679.132000003 0.06807266 -0.0006675273 0.044814076 0.049133927 -0.015369115 0.99514586 -0.08387134
25139656.178 0.067142114 -0.0005790926 0.045412738 0.045159593 -0.013756047 0.9952556 -0.0850746
25189656.974 0.06634824 -0.00047147908 0.04589227 0.040769443 -0.012015243 0.99546903 -0.08505908
25239681.019 0.06550322 -0.00037340666 0.046400905 0.03952376 -0.01082318 0.99555314 -0.08482183
25289697.565 0.064726084 -0.00026820166 0.046823844 0.03749427 -0.009092376 0.9955651 -0.085800685
25339706.110999998 0.064035654 -0.00015795228 0.047035843 0.036055338 -0.0069246236 0.995594 -0.08628269
25389706.907 0.063481055 -0.0003720437 0.046822622 0.03598659 -0.0036163926 0.9956451 -0.08592311
25439699.453 0.063112795 -0.00075198314 0.046191275 0.035022546 0.00078636664 0.9958906 -0.083514996
25489691.998999998 0.062411513 -0.001030143 0.045153305 0.03532406 0.005226883 0.99619436 -0.07951025
25539719.544 0.062314056 -0.0015978388 0.043875642 0.032669425 0.010329321 0.9963007 -0.0788095
25589725.34 0.061896253 -0.0019307269 0.04241277 0.031654052 0.013782526 0.9964504 -0.07677684
25639741.386 0.061268732 -0.0021604146 0.040614203 0.032060336 0.015106929 0.99665165 -0.07368542
25689749.932 0.06079879 -0.0023962432 0.03871872 0.031936742 0.01759881 0.99681705 -0.070895426
25739734.728 0.060412403 -0.002532136 0.036626566 0.031222139 0.02106486 0.9969293 -0.068655014
25789711.774 0.059823778 -0.002387833 0.034456328 0.030656638 0.023868434 0.99703467 -0.06642514
25839704.32 0.059550483 -0.0022916505 0.032321516 0.028355654 0.027033554 0.9970281 -0.06633439
25889680.867 0.059016608 -0.001958561 0.030075364 0.0268238 0.029704016 0.9970385 -0.06567032
25939666.163 0.058570556 -0.0015374464 0.027906796 0.025652926 0.032676317 0.9970133 -0.065105475
25989634.709000003 0.058211993 -0.0011044506 0.025734046 0.025029555 0.03572349 0.9969375 -0.06490771
26039611.756 0.0578864 -0.00072238763 0.023590948 0.023634246 0.038107213 0.99691355 -0.06444104
26089588.302 0.057675544 -0.00043044175 0.021466693 0.023500107 0.03970162 0.9968962 -0.063792564
26139557.599 0.05779415 -0.00016261921 0.019495202 0.02409478 0.04051854 0.9969679 -0.06190917
26189542.145000003 0.058192257 -8.554362e-05 0.01765806 0.026458155 0.04150514 0.9969702 -0.06023123
26239526.691 0.058691625 -8.0106925e-05 0.015844552 0.029233847 0.04205104 0.9969702 -0.05854575
26289511.237 0.059505552 -0.00021966916 0.014073405 0.034310132 0.04191918 0.99688935 -0.057248224
26339504.534 0.06061888 -0.0004060713 0.012453513 0.040219676 0.042317 0.99673384 -0.05579856
26389497.08 0.061950266 -0.00056659663 0.010927642 0.046308648 0.04387812 0.9965181 -0.053683728
26439497.876000002 0.06343833 -0.0007091139 0.009524789 0.051985726 0.0451464 0.9963043 -0.051353265
26489498.171 0.065032445 -0.00074116327 0.008216612 0.05870787 0.04524769 0.9959858 -0.05018345
26539498.717 0.06679563 -0.0008782843 0.0070847273 0.06624946 0.04567588 0.99548614 -0.050320048
26589491.263 0.06867451 -0.0011368159 0.0059690494 0.07317841 0.045047734 0.995038 -0.050152067
26639484.060000002 0.07058825 -0.0017513756 0.004977381 0.07999495 0.042698167 0.9946315 -0.049858205
26689468.606 0.072488844 -0.0026798272 0.0040479098 0.08726752 0.03945659 0.9942736 -0.047409955
26739461.152000003 0.07438898 -0.0038513753 0.003279691 0.09586424 0.036341887 0.99377084 -0.043691408
26789461.948 0.076029845 -0.0051879003 0.0026462937 0.10315543 0.033932377 0.9933086 -0.039313912
26839502.743 0.07730511 -0.006667825 0.002193719 0.107882045 0.03183441 0.993006 -0.035877287
26889518.789 0.07819309 -0.008287031 0.0019398085 0.1100802 0.02998397 0.9929747 -0.031379975
26939567.084000003 0.0788148 -0.010007645 0.0018637069 0.11155953 0.028050033 0.99300045 -0.026794808
26989599.129 0.0790806 -0.011747937 0.0019185605 0.11345973 0.025047796 0.9929669 -0.022722788
27039615.925 0.07901045 -0.013435091 0.002185599 0.114224106 0.02082383 0.99303097 -0.020217404
27089631.97 0.07846784 -0.015016972 0.0026024422 0.11322392 0.016085003 0.9932724 -0.018207612
27139656.516 0.07742995 -0.016362736 0.0031681205 0.110387795 0.012443697 0.99368757 -0.015643936
27189688.811 0.07589291 -0.017732462 0.004034029 0.105350584 0.010074542 0.9942855 -0.014005107
27239713.356 0.07407489 -0.018785393 0.0049870936 0.098027244 0.008334835 0.995072 -0.012370127
27289737.902 0.07205452 -0.019671828 0.0060922625 0.091777794 0.0053894175 0.995695 -0.011803522
27339761.947 0.07000848 -0.020390505 0.007388554 0.08652392 0.0040316605 0.9961694 -0.01199824
27389848.492 0.067871206 -0.020971302 0.0088858465 0.07944729 0.0050561405 0.9967355 -0.013451581
27439795.289 0.06565253 -0.021330236 0.010476976 0.07298062 0.006371412 0.9971813 -0.016211249
27489819.334 0.06353798 -0.021473391 0.012125231 0.06772632 0.0068090856 0.9974947 -0.019264692
27539843.88 0.061415043 -0.021349868 0.013746873 0.06329268 0.0060182973 0.99774843 -0.021351084
27589852.675 0.059294242 -0.021011997 0.01522549 0.058941018 0.004306711 0.9979735 -0.023586033
27639853.221 0.057211626 -0.020355098 0.016582016 0.054807622 0.0016913151 0.9981595 -0.0259032
27689846.017 0.055154935 -0.019511519 0.017802369 0.050018787 -0.0009854556 0.9983192 -0.029257813
27739838.563 0.053100027 -0.018587537 0.01888871 0.04541864 -0.0029648668 0.99843174 -0.032596026
27789847.109 0.05104358 -0.017612416 0.019761583 0.03917441 -0.0031455953 0.9985987 -0.035441797
27839910.654000003 0.049023807 -0.01656789 0.020414865 0.03230713 -0.00091025117 0.9987447 -0.038269334
27889879.7 0.047217015 -0.015507321 0.020789143 0.02648612 0.0010182488 0.99876153 -0.042107277
27939904.496 0.045755126 -0.014420974 0.020983342 0.02198977 0.0028740475 0.998669 -0.04656712
27989936.541 0.044541914 -0.013259092 0.020973371 0.019330084 0.0042702653 0.9985186 -0.050682478
28039945.087 0.043618295 -0.012057658 0.020831661 0.017348455 0.0060007838 0.9983832 -0.053796664
28089914.134 0.04287719 -0.010855703 0.020578407 0.01564467 0.008924957 0.9982582 -0.05618158
28139867.18 0.04226084 -0.009630226 0.020228954 0.01421842 0.012383621 0.9982262 -0.056469787
28189827.977 0.041976538 -0.008260332 0.019810783 0.012918726 0.015953096 0.99813193 -0.057544418
28239813.023000002 0.041824516 -0.006707057 0.01940575 0.014262791 0.01825642 0.99795634 -0.05955311
28289805.569 0.041885242 -0.0050928514 0.019011999 0.016690427 0.019547237 0.9977669 -0.061649736
28339790.366 0.042268347 -0.0035840557 0.018374123 0.019493677 0.020141358 0.9976332 -0.06278778
28389727.413 0.0429333 -0.0021568933 0.01766403 0.023506332 0.020159174 0.99749523 -0.06359591
28439648.46 0.043800335 -0.0007291241 0.016930172 0.027974281 0.020582046 0.99725634 -0.065374
28489586.007 0.044812925 0.00060525245 0.016163405 0.032562893 0.021796206 0.9968867 -0.06842192
28539546.554 0.04599282 0.0017007313 0.015245687 0.038197983 0.021118872 0.99658823 -0.07004912
28589539.849999998 0.047574405 0.0024477267 0.0142753115 0.045078203 0.02108693 0.9963395 -0.06950491
28639476.647 0.04928531 0.0027747161 0.0132827135 0.051725835 0.02359867 0.9960131 -0.06874218
28689445.444000002 0.051085692 0.0029503428 0.01242949 0.057602722 0.025973577 0.995675 -0.06810688
28739422.49 0.05304797 0.0028831419 0.011659037 0.066018775 0.026739366 0.9951349 -0.068067394
28789407.286 0.0549355 0.0025061471 0.010932129 0.07397497 0.02615159 0.9946254 -0.06755867
28839407.832 0.056699853 0.0019057782 0.010203534 0.080643676 0.025872547 0.99425644 -0.06543246
28889424.378 0.058186896 0.0010174916 0.009506873 0.08639395 0.026087293 0.99396193 -0.062411934
28939440.674000002 0.059383016 -4.980911e-05 0.008870655 0.09104422 0.026576215 0.99369156 -0.059847936
28989456.969 0.06016963 -0.001348323 0.008364804 0.09510939 0.026764374 0.99339765 -0.058301587
29039473.765 0.06049674 -0.0028312649 0.0079562925 0.0972907 0.027191011 0.9933044 -0.056050576
29089497.810000002 0.060283437 -0.0044761123 0.007545026 0.097494654 0.027936429 0.99345744 -0.052504085
29139514.606 0.059609663 -0.006137334 0.007287667 0.093189634 0.028225997 0.9941422 -0.04690751
29189539.151 0.058509912 -0.0077187996 0.0071380385 0.088640936 0.026878035 0.9948171 -0.04194607
29239579.447 0.05715889 -0.009129703 0.0071781157 0.084490255 0.023204813 0.9954453 -0.037571978
29289635.491 0.055648994 -0.010358764 0.007315011 0.08141014 0.018865885 0.99589294 -0.03484077
29339691.286000002 0.05382315 -0.0113697555 0.0075646755 0.076779194 0.015050619 0.996383 -0.033157498
29389723.582 0.05184535 -0.0122388 0.007910547 0.07024913 0.013627289 0.9969137 -0.0322875
29439740.127 0.049665265 -0.012861995 0.008321574 0.062484298 0.012868219 0.99746966 -0.031376503
29489748.672999997 0.04747353 -0.013407165 0.008764936 0.055058748 0.011924875 0.9979436 -0.030578755
29539765.469 0.045430966 -0.013735839 0.009266065 0.04848687 0.010021853 0.9983243 -0.029955331
29589805.514 0.043438025 -0.014016872 0.009833653 0.04293149 0.007866003 0.99860144 -0.029838646
29639845.558999997 0.041467965 -0.013999094 0.010488741 0.038388517 0.0059898994 0.9987686 -0.030849412
29689870.104000002 0.039456014 -0.013855461 0.0112079205 0.032159418 0.0040852106 0.99893147 -0.032940626
29739912.15 0.03738329 -0.013566463 0.012009532 0.024736444 0.001643117 0.9990585 -0.035603017
29789894.946000002 0.035365496 -0.013095754 0.012812436 0.017791443 -0.0010159122 0.99911535 -0.03809408
29839911.492 0.033468135 -0.01239523 0.013562584 0.0121818725 -0.004244469 0.99911785 -0.039964348
29889944.037 0.031628225 -0.011663469 0.0141895 0.006621794 -0.008325444 0.99907446 -0.041677993
29939968.082000002 0.029944988 -0.010931773 0.014709738 0.0012947008 -0.012400774 0.9989589 -0.0438835
29989976.628000002 0.028279355 -0.010178193 0.015163179 -0.0055119786 -0.015192981 0.99882007 -0.0457963
30039961.424 0.026739629 -0.009325238 0.015510059 -0.012477746 -0.016388996 0.99862033 -0.04830317
30089946.470999997 0.025247708 -0.008373583 0.015714912 -0.018815214 -0.017771395 0.9983066 -0.05209776
30139954.516 0.02388493 -0.007157795 0.01574507 -0.023667159 -0.019765899 0.9979857 -0.055441637
30189998.061 0.02274396 -0.0061134393 0.01563465 -0.028083792 -0.021011794 0.9976667 -0.058575265
30239971.858000003 0.022007117 -0.005104556 0.015357819 -0.030743623 -0.021510495 0.99744546 -0.060784746
30289940.904 0.021663133 -0.0041551567 0.014991455 -0.030957049 -0.02168217 0.99726856 -0.06345952
30339885.951 0.021480184 -0.0032312358 0.0145188235 -0.02942742 -0.02214859 0.997176 -0.065448545
30389831.248 0.021538204 -0.0023702253 0.013988178 -0.028477266 -0.021477865 0.99712366 -0.06687459
30439784.294999998 0.021698512 -0.0016090559 0.013319436 -0.028262516 -0.020245701 0.9969933 -0.069251575
30489752.842 0.022038667 -0.0006749935 0.012643362 -0.026412725 -0.019451238 0.9969849 -0.070321545
30539729.388 0.02274006 7.686386e-05 0.011904489 -0.023831794 -0.017843153 0.9970056 -0.07136971
30589706.685 0.023475014 0.00094250555 0.011187659 -0.020770533 -0.016501041 0.9969824 -0.07295521
30639675.231 0.024574984 0.0018146076 0.010444829 -0.017107133 -0.01561687 0.99686146 -0.07570126
30689628.278 0.025958627 0.0025718375 0.009830895 -0.011176122 -0.013508584 0.9968708 -0.07707976
30739581.575 0.02773427 0.0031269195 0.009308475 -0.005249664 -0.010151644 0.9969078 -0.077746205
30789534.371999998 0.029561544 0.0033882547 0.008850181 0.0019950403 -0.006725171 0.9969128 -0.07820344
30839495.667999998 0.03161766 0.0035078826 0.008530165 0.010043435 -0.003882945 0.99691164 -0.07779003
30889472.215 0.03384894 0.0034411578 0.008344282 0.019659238 -0.0021531451 0.99677205 -0.07780943
30939459.511 0.036020294 0.0031672288 0.008219257 0.029631503 -0.0016243049 0.9964994 -0.07815565
30989449.807 0.0379914 0.0025349036 0.008155174 0.038569182 -7.0712464e-05 0.99616665 -0.07851371
31039442.353 0.039780658 0.0016571684 0.008003134 0.04470798 0.0032562339 0.9960178 -0.07706575
31089435.149 0.041338228 0.00039681367 0.007928257 0.049941543 0.006503961 0.9960455 -0.073192075
31139435.695 0.042688884 -0.0010813803 0.007843527 0.054288086 0.008436494 0.99615544 -0.068234794
31189452.491 0.043922067 -0.0026337842 0.007905561 0.05909746 0.008447126 0.9962299 -0.062946126
31239492.536000002 0.04492505 -0.004211206 0.008134311 0.06406754 0.006791311 0.9961605 -0.059275668
31289548.581 0.04558324 -0.0058657164 0.008456868 0.06787147 0.0046296758 0.9960799 -0.056540623
31339604.626000002 0.04577802 -0.007585048 0.008837471 0.067800805 0.0052780192 0.99625194 -0.053453993
31389644.671 0.045882978 -0.009294112 0.009217564 0.06694211 0.007363234 0.9965103 -0.04931355
31439661.466000002 0.04566754 -0.011026165 0.009631959 0.06782128 0.009564638 0.9966522 -0.044646576
31489685.512 0.045004025 -0.012613483 0.010012381 0.06689776 0.011259223 0.9968944 -0.039993756
31539726.057 0.043853644 -0.014093222 0.0103165 0.06277198 0.012070425 0.9973189 -0.035623513
31589782.352 0.042475674 -0.015301782 0.010655427 0.05819959 0.012146472 0.99777144 -0.03028908
31639846.397 0.041041873 -0.016287807 0.011014008 0.055506665 0.010811141 0.9980795 -0.025289312
31689894.442 0.0394546 -0.017017085 0.0114820795 0.05315186 0.008390968 0.99830884 -0.02200063
31739926.487 0.037672084 -0.017595077 0.01186677 0.04778368 0.006743769 0.99862266 -0.020593893
31789943.283 0.03570169 -0.017881164 0.012250429 0.040350627 0.006162137 0.9989725 -0.019695243
31839967.827999998 0.03365018 -0.017877098 0.012513981 0.033092298 0.0056812433 0.9992582 -0.018859833
31889999.873 0.03179438 -0.017586075 0.012775683 0.028633017 0.00477528 0.99940836 -0.0184455
31940055.917999998 0.030194601 -0.01702274 0.013095118 0.025058331 0.0029615774 0.99948585 -0.019784825
31990104.213 0.028810669 -0.016177848 0.013371642 0.022079565 0.0019105477 0.9994968 -0.022694625
32040128.759000003 0.02755322 -0.01513091 0.013703596 0.019602709 0.0019483286 0.9994449 -0.026869653
32090113.305 0.026462376 -0.01392829 0.01399856 0.017260302 0.0021364857 0.9993725 -0.03085855
32140161.85 0.025542578 -0.01264702 0.014141807 0.015372675 0.0018519254 0.9992923 -0.034280807
32190034.898 0.024709046 -0.011284224 0.0141506065 0.013749069 0.000113176415 0.999204 -0.037448704
32240012.195000004 0.02395515 -0.009888074 0.013987746 0.012555948 -0.002346037 0.9991354 -0.03956523
32290004.741 0.023243852 -0.008309121 0.013632242 0.011121071 -0.0058903857 0.99908674 -0.040833633
32339981.286999997 0.022540847 -0.0067009907 0.01314746 0.008357145 -0.010016072 0.99901503 -0.042413656
32389942.334000003 0.021767788 -0.0049717757 0.012534165 0.0035917393 -0.014235476 0.99886805 -0.045245394
32439903.630999997 0.021221664 -0.0033049192 0.011956528 -0.0011007612 -0.01761612 0.9986353 -0.04915411
32489864.676999997 0.02103415 -0.0016491747 0.011473594 -0.0030415622 -0.02039541 0.99836016 -0.053402584
32539841.223999996 0.021022454 -0.00035485707 0.011238432 -0.0029953325 -0.021566615 0.9980868 -0.057868272
32589810.519999996 0.021472313 0.0007905787 0.0112234 -0.003511611 -0.020866133 0.9978592 -0.06188121
32639747.566999998 0.022315348 0.0016129984 0.011417618 -0.0018826876 -0.019758753 0.9976475 -0.06561649
32689684.613999996 0.02339512 0.0024017545 0.011944153 0.0018901544 -0.020300267 0.9974565 -0.06829997
32739669.411 0.024631454 0.0029668908 0.012635118 0.006032754 -0.021448143 0.9972497 -0.07068664
32789598.457999997 0.02600547 0.0033156588 0.013592417 0.010551906 -0.022850266 0.9970769 -0.07214031
32839583.504 0.027539419 0.0034581397 0.01480138 0.016421413 -0.024093237 0.99684465 -0.07382865
32889568.049999997 0.029147377 0.0034251136 0.01621171 0.022920266 -0.024276718 0.99654615 -0.07603383
32939552.597 0.03058747 0.0033106133 0.01772684 0.029197207 -0.02374855 0.9962501 -0.07790623
32989537.142999995 0.031960957 0.0029480518 0.01929627 0.034466352 -0.02219732 0.99599266 -0.07948647
33039530.439 0.033178695 0.0025163267 0.020868337 0.03946837 -0.020526612 0.9957576 -0.080546886
33089538.485000003 0.03424797 0.0019641034 0.022529434 0.044153452 -0.020196216 0.99545586 -0.08191638
33139563.28 0.035105094 0.0013222127 0.024155669 0.048224058 -0.020382596 0.9951931 -0.08276314
33189587.825999998 0.03574634 0.00064437767 0.02579167 0.051181052 -0.020251555 0.9950609 -0.08260915
33239619.871 0.036146294 3.2528624e-05 0.027415251 0.052110802 -0.01972037 0.9950799 -0.081924625
33289636.417 0.036458053 -0.0005866944 0.02906305 0.053005014 -0.018565726 0.99502414 -0.0822971
33339710.461 0.036765933 -0.0010408801 0.030827438 0.055148445 -0.017904315 0.99477977 -0.0839726
33389685.507999998 0.03703122 -0.0013816152 0.032660957 0.056865375 -0.017682672 0.9944599 -0.086620845
33439717.053 0.03724393 -0.0015548335 0.03444614 0.05854845 -0.017177545 0.994175 -0.08884371
33489741.847999997 0.037456647 -0.0017168965 0.036182616 0.06047561 -0.016852343 0.9938806 -0.09088446
33539750.393999998 0.037697878 -0.0017700675 0.03784669 0.06286431 -0.016775012 0.9935647 -0.09271395
33589751.44 0.037833642 -0.0017607079 0.039448027 0.06507115 -0.017380511 0.99322844 -0.09466231
33639759.736 0.03794244 -0.0018060042 0.04092771 0.06593467 -0.017656876 0.9928537 -0.09789021
33689775.780999996 0.037886865 -0.0017075546 0.042265944 0.06647008 -0.017800467 0.99260044 -0.10004661
33739784.327 0.037836146 -0.0016422966 0.04349708 0.066380925 -0.017189281 0.9923694 -0.10247465
33789785.122999996 0.037763216 -0.001456483 0.04454408 0.06574635 -0.016875498 0.99222124 -0.1043541
33839785.669 0.037534006 -0.0013551081 0.045586392 0.06580489 -0.015585373 0.99188685 -0.10764491
33889778.214999996 0.03756621 -0.0011437947 0.046478756 0.06511058 -0.014655158 0.99165833 -0.110270835
33939778.761 0.03739943 -0.0010088177 0.047160175 0.06545136 -0.014692156 0.99135524 -0.11276116
33989787.557 0.037492443 -0.0009333076 0.047638495 0.065811165 -0.014451765 0.9912682 -0.11334647
34039788.103 0.037731115 -0.0011354375 0.04783029 0.065891534 -0.014458609 0.9912746 -0.11324354
