28361871.689590443 -0.0 -0.0 -0.0 -0.0 -0.0 1.0 -0.0
28386138.689590443 -0.0 -0.0 -0.0 -0.0 -0.0 1.0 -0.0
28410404.689590443 -0.0 -0.0 -0.0 -0.0 -0.0 1.0 -0.0
28434673.689590443 0.0030813518 -0.0023646997 -0.0007762557 0.0015377243 -0.002467351 0.99998957 0.0035199304
28458943.689590443 0.0030813518 -0.0023646997 -0.0007762557 0.0015377243 -0.002467351 0.99998957 0.0035199304
28483215.689590443 0.0030813518 -0.0023646997 -0.0007762557 0.0015377243 -0.002467351 0.99998957 0.0035199304
28507492.689590443 0.0030813518 -0.0023646997 -0.0007762557 0.0015377243 -0.002467351 0.99998957 0.0035199304
28531774.439590443 0.0030813518 -0.0023646997 -0.0007762557 0.0015377243 -0.002467351 0.99998957 0.0035199304
28556061.439590443 0.0043142475 -0.012358601 -0.0031480733 0.0041189985 -0.005868972 0.99990565 0.011718782
28580353.439590443 0.0043142475 -0.012358601 -0.0031480733 0.0041189985 -0.005868972 0.99990565 0.011718782
28604653.689590443 0.0043142475 -0.012358601 -0.0031480733 0.0041189985 -0.005868972 0.99990565 0.011718782
28628961.689590443 0.0043142475 -0.012358601 -0.0031480733 0.0041189985 -0.005868972 0.99990565 0.011718782
28653279.689590443 0.006476862 -0.025159447 -0.011798228 0.004795674 -0.012632418 0.9997402 0.018358542
28677609.689590443 0.006476862 -0.025159447 -0.011798228 0.004795674 -0.012632418 0.9997402 0.018358542
28701949.689590443 0.006476862 -0.025159447 -0.011798228 0.004795674 -0.012632418 0.9997402 0.018358542
28726301.689590443 0.006476862 -0.025159447 -0.011798228 0.004795674 -0.012632418 0.9997402 0.018358542
28750665.689590443 0.0039742114 -0.037690956 -0.02758098 0.004628114 -0.014703559 0.99966 0.021031035
28775041.689590443 0.0030945027 -0.022570869 -0.022285767 0.006628151 -0.009842035 0.9996648 0.023012854
28799427.439590443 0.0030945027 -0.022570869 -0.022285767 0.006628151 -0.009842035 0.9996648 0.023012854
28823824.689590443 -0.0010303435 -0.0130007975 -0.02004398 0.0014971071 -0.011661844 0.9996904 0.02192966
28848232.439590443 -0.0010303435 -0.0130007975 -0.02004398 0.0014971071 -0.011661844 0.9996904 0.02192966
28872646.689590443 -0.0010303435 -0.0130007975 -0.02004398 0.0014971071 -0.011661844 0.9996904 0.02192966
28897062.689590443 -0.0036383006 -0.0032479356 -0.019078292 -0.009880277 -0.010565733 0.9998026 0.013622881
28921477.689590443 0.0039403364 0.0026415624 -0.012611304 -0.015256438 -0.010697107 0.9997456 0.012711743
28945888.439590443 0.012647092 0.010079918 -0.009957848 -0.022106752 -0.008817889 0.99964345 0.012104687
28970290.689590443 0.020629374 0.01401069 -0.008524875 -0.02998596 -0.00868506 0.9994531 0.010903559
28994681.689590443 0.032232776 0.024240019 -0.019787222 -0.03531546 -0.0063860957 0.9993096 0.009614159
29019059.689590443 0.054340962 0.02258697 -0.028802993 -0.04162127 -0.0074842223 0.9990607 0.009460192
29043426.439590443 0.06284777 0.021504797 -0.027118523 -0.043734692 -0.008976921 0.9989838 0.006174797
29067779.689590443 -0.033201776 -0.095630564 -0.11522874 -0.03010115 -0.01272026 0.99941766 -0.009817715
29092117.689590443 -0.026599705 -0.086580016 -0.11202683 -0.03448886 -0.013452054 0.9992851 -0.007667744
29116440.439590443 -0.023635909 -0.07810944 -0.10469302 -0.036136474 -0.013695616 0.9992374 -0.0055870875
29140751.689590443 -0.021202775 -0.07066634 -0.10194224 -0.037582517 -0.012349117 0.9992078 -0.004340697
29165049.689590443 -0.026319306 -0.08060498 -0.0989677 -0.038420662 -0.012709482 0.9991808 0.0003358084
29189337.439590443 -0.029972455 -0.08748957 -0.10842334 -0.039354205 -0.010456162 0.99916977 0.0013049006
29213617.689590443 -0.036918927 -0.09544885 -0.10984675 -0.039761223 -0.014768809 0.99909806 0.0020121108
29237893.689590443 -0.044168442 -0.10239043 -0.12033297 -0.038335837 -0.013627463 0.9991713 -0.0011893981
29262166.439590443 -0.043184917 -0.11842272 -0.12565003 -0.036228437 -0.015152427 0.9992256 -0.002486482
29286441.689590443 -0.0461085 -0.13531408 -0.14261699 -0.037185915 -0.010089898 0.99918866 -0.011724122
29310720.689590443 -0.048038613 -0.15240896 -0.14563161 -0.04021747 -0.0052656 0.9991578 -0.0062150504
29335004.689590443 -0.057892647 -0.1946612 -0.15959245 -0.038850166 -0.0051475074 0.9992056 -0.0072422526
29359290.689590443 -0.061124913 -0.24487744 -0.19096465 -0.04086671 -0.0016136784 0.99914074 -0.006716523
29383589.439590443 -0.085642196 -0.30616352 -0.19320849 -0.036018133 -0.0009262767 0.9992987 -0.01020103
29407908.689590443 -0.09419505 -0.32379776 -0.19706194 -0.035481494 -0.0017486302 0.9993177 -0.010106977
29432243.689590443 -0.088102005 -0.3458888 -0.20330815 -0.03837366 -0.0027213502 0.99918777 -0.011994832
29456595.689590443 -0.09407145 -0.3636925 -0.20603466 -0.03689862 -0.0014128791 0.9992394 -0.012542952
29480965.689590443 -0.10410789 -0.38579273 -0.21067724 -0.033946194 -0.0033429696 0.999313 -0.014494125
29505354.689590443 -0.10669514 -0.39365163 -0.2202864 -0.03269879 -0.0034175597 0.9994033 -0.010594059
29529752.439590443 -0.11493415 -0.41152903 -0.22425552 -0.030572286 -0.0046745525 0.99945724 -0.011347745
29554170.689590443 -0.10962023 -0.43071643 -0.23076414 -0.032650396 -0.0013405556 0.99934167 -0.015761402
29578618.439590443 -0.10643569 -0.45932117 -0.23397991 -0.033432662 0.0006854157 0.9992179 -0.021103868
29603085.439590443 -0.10711701 -0.4706308 -0.23694023 -0.03424207 0.0029404238 0.9991364 -0.023352828
29627568.689590443 -0.10873387 -0.49385047 -0.23406625 -0.037063688 0.005152684 0.99887323 -0.029189471
29652065.439590443 -0.11492328 -0.50843406 -0.23114322 -0.03656871 0.004455922 0.99880236 -0.032200005
29676574.689590443 -0.117263064 -0.5516095 -0.2430664 -0.039282188 0.001340027 0.9987369 -0.031299535
29701093.689590443 -0.12449926 -0.5726578 -0.24384041 -0.040344406 0.0019219017 0.99858755 -0.034519568
29725621.689590443 -0.12081182 -0.59654266 -0.24569616 -0.041129645 0.0011445977 0.99843496 -0.037878428
29750157.689590443 -0.12555166 -0.6217364 -0.24697234 -0.041380763 0.0024001983 0.99830943 -0.040746696
29774702.689590443 -0.12869847 -0.6425552 -0.24428812 -0.04074447 0.002120141 0.99818826 -0.044222344
29799254.689590443 -0.13208102 -0.6824781 -0.24419034 -0.041423474 0.0009993798 0.9979853 -0.048046846
29823815.689590443 -0.13143647 -0.6963118 -0.24135748 -0.0409014 0.00037900943 0.9979777 -0.048657548
29848381.439590443 -0.12931934 -0.74186206 -0.2418902 -0.041320875 0.00026055504 0.9978585 -0.050705455
29872957.689590443 -0.13547294 -0.75304997 -0.22728418 -0.040685803 -0.00030323854 0.99775547 -0.05318434
29897543.689590443 -0.12900311 -0.77832806 -0.21511324 -0.04242194 0.00014197973 0.99763685 -0.054047573
29922139.689590443 -0.123523355 -0.82171655 -0.20532419 -0.04446392 0.00068676745 0.99739724 -0.056756258
29946748.439590443 -0.12664829 -0.8449069 -0.19860896 -0.042874586 -0.000102705824 0.9974887 -0.056375347
29971374.439590443 -0.1325239 -0.87229985 -0.1992939 -0.040043265 -0.00057637703 0.9977311 -0.054119244
29996015.689590443 -0.12263088 -0.9051985 -0.18103607 -0.041854165 0.0010930067 0.99746716 -0.05750096
30020678.439590443 -0.13140622 -0.926131 -0.1668544 -0.0406899 0.00022150914 0.99748117 -0.05810025
30045363.689590443 -0.12914032 -0.9525202 -0.15581617 -0.04147806 0.0019419104 0.99728715 -0.060780704
30070074.689590443 -0.12974957 -0.9874847 -0.14892222 -0.041747607 0.0011840976 0.9970736 -0.06403059
30094814.689590443 -0.12884147 -1.0154469 -0.12608705 -0.042348724 0.0020655405 0.9968547 -0.06695509
30119583.689590443 -0.13004103 -1.0449088 -0.11102144 -0.044338595 -0.0006280464 0.9965157 -0.070641294
30144382.689590443 -0.12614624 -1.0764983 -0.09187061 -0.046389636 7.5389384e-05 0.99623275 -0.07326908
30169209.689590443 -0.13062586 -1.1062075 -0.06979497 -0.0481064 -0.00028055493 0.99591434 -0.076422416
30194066.439590443 -0.12728432 -1.1412472 -0.051179577 -0.050075803 0.0007041838 0.99554217 -0.07992391
30218951.689590443 -0.12635513 -1.1653341 -0.021191075 -0.05278651 -0.00012937693 0.99512374 -0.08332143
30243851.689590443 -0.121787086 -1.2061585 -0.0002269349 -0.055554744 -0.0001280743 0.99454343 -0.08830159
30268779.439590443 -0.12673551 -1.2227051 0.03063421 -0.05751864 -0.00055256195 0.9940805 -0.09217069
30293751.689590443 -0.12209557 -1.2740786 0.048106298 -0.060573798 -0.0014277163 0.99328375 -0.09857111
30318750.689590443 -0.121337086 -1.3054614 0.085111536 -0.06328856 -0.0010991865 0.99259925 -0.103635184
30343776.689590443 -0.12400405 -1.3332773 0.12275778 -0.06548033 -0.0013024897 0.99196243 -0.10826433
30368827.689590443 -0.11997284 -1.369926 0.15518191 -0.06808365 -0.0014385962 0.9912937 -0.11269169
30393903.439590443 -0.11611768 -1.4010789 0.19699031 -0.07116622 -0.0027839937 0.99066305 -0.11625161
30419004.689590443 -0.11625652 -1.4406703 0.23994216 -0.07361646 -0.0060814703 0.9899815 -0.12033428
30444133.439590443 -0.115390934 -1.4751064 0.2818111 -0.075793244 -0.0111851 0.9895679 -0.12200678
30469288.689590443 -0.10522853 -1.5275943 0.32765663 -0.07924309 -0.014190378 0.98865485 -0.12681039
30494473.689590443 -0.10433631 -1.5606824 0.3811745 -0.08172788 -0.019550284 0.9881966 -0.12808569
30519688.689590443 -0.10357931 -1.5978593 0.4303416 -0.08466952 -0.023063872 0.9877027 -0.12939286
30544934.439590443 -0.106034316 -1.633933 0.48838618 -0.08740521 -0.025175596 0.9871725 -0.13121374
30570213.689590443 -0.10983231 -1.6666722 0.54884976 -0.0899592 -0.025409909 0.98658514 -0.13383384
30595525.439590443 -0.10692511 -1.7044988 0.6092616 -0.09324249 -0.025628302 0.9858716 -0.13677068
30620871.689590443 -0.10383074 -1.7330463 0.67721796 -0.09495045 -0.025941499 0.9852764 -0.13979292
30646254.689590443 -0.10500456 -1.7718765 0.74404764 -0.09750567 -0.025392907 0.9846508 -0.14251581
30671675.689590443 -0.105687805 -1.8084035 0.8145441 -0.10059706 -0.025970805 0.98400885 -0.14468023
30697134.439590443 -0.11456183 -1.840269 0.8875265 -0.10251551 -0.026902268 0.9835812 -0.14606506
30722630.439590443 -0.12089868 -1.8773731 0.9592836 -0.10518564 -0.027354067 0.98300797 -0.14792947
30748168.689590443 -0.11243837 -1.9219034 1.040167 -0.10797663 -0.025868503 0.98262477 -0.14872934
30773749.689590443 -0.11550168 -1.9651221 1.1189047 -0.11097168 -0.024895156 0.98233557 -0.14860131
30799376.439590443 -0.12688163 -2.0023766 1.2042477 -0.1132626 -0.024042852 0.98218864 -0.1479835
30825051.689590443 -0.13305286 -2.0399818 1.2919043 -0.11626543 -0.02291104 0.9819278 -0.14756458
30850779.439590443 -0.14578828 -2.0624595 1.3958367 -0.117658615 -0.023335287 0.98210037 -0.14522667
30876560.689590443 -0.15779418 -2.0967507 1.4976597 -0.11965536 -0.02206769 0.9820181 -0.14434697
30902396.689590443 -0.16173476 -2.1411421 1.5927896 -0.12181197 -0.02058014 0.9818054 -0.14421046
30928290.689590443 -0.18491979 -2.174133 1.7051638 -0.123782046 -0.017863723 0.9815909 -0.1443543
30954244.689590443 -0.1869594 -2.2149606 1.8132039 -0.12616354 -0.015398497 0.9812995 -0.14455768
30980263.689590443 -0.19090927 -2.2339678 1.9304935 -0.12926325 -0.012226419 0.98100007 -0.14415422
31006348.689590443 -0.20765753 -2.2539072 2.0541382 -0.13114157 -0.010048983 0.9808537 -0.1436213
31032506.689590443 -0.231183 -2.2873573 2.1620383 -0.13333352 -0.010077405 0.9807228 -0.14249024
31058740.689590443 -0.24299353 -2.305608 2.3030434 -0.13559762 -0.0093521625 0.98051375 -0.14183995
31085053.689590443 -0.2587769 -2.331186 2.4330692 -0.13753211 -0.008834854 0.9803718 -0.1409898
31111448.439590443 -0.2731518 -2.382703 2.5421767 -0.14180677 -0.010333757 0.97985965 -0.14021094
31137924.689590443 -0.30295634 -2.395341 2.6898866 -0.14415374 -0.010641519 0.9796529 -0.13923594
31164443.439590443 -0.29906705 -2.4271886 2.8136573 -0.14849119 -0.009447267 0.9791535 -0.13827352
31191047.689590443 -0.33158776 -2.4623432 2.940977 -0.15146537 -0.011220977 0.97881716 -0.13729297
31217785.689590443 -0.35548922 -2.4684787 3.1005452 -0.15584469 -0.0120325275 0.9783399 -0.13571563
31244613.689590443 -0.3811397 -2.48522 3.256985 -0.16070253 -0.014092448 0.97765046 -0.13481739
31271526.689590443 -0.4038149 -2.5119429 3.3909912 -0.16561793 -0.01651177 0.9770448 -0.13297173
31298520.689590443 -0.42353648 -2.5300689 3.549937 -0.17080525 -0.020775842 0.97627133 -0.13148458
31325592.439590443 -0.4409208 -2.5402648 3.6959488 -0.17692338 -0.025485374 0.9752781 -0.12992807
31352739.689590443 -0.45214814 -2.56862 3.8406165 -0.18277518 -0.030685872 0.9742568 -0.12835647
31379959.689590443 -0.48481035 -2.5892549 4.010023 -0.18869302 -0.035527837 0.9731977 -0.12656625
31407246.689590443 -0.5269568 -2.597016 4.163079 -0.19409803 -0.041258562 0.97221005 -0.12422294
31434596.689590443 -0.52789927 -2.602626 4.3372107 -0.201003 -0.045627102 0.9708519 -0.12232188
31462004.689590443 -0.5670546 -2.6046824 4.4946084 -0.2072579 -0.05049393 0.9695577 -0.12021845
31489465.689590443 -0.5861025 -2.623465 4.651836 -0.21391241 -0.055599812 0.96806055 -0.1183596
31516974.689590443 -0.6329479 -2.637434 4.8234634 -0.22102025 -0.06070319 0.96632206 -0.11699114
31544525.689590443 -0.6703066 -2.6490488 4.980366 -0.22836243 -0.066238075 0.96447724 -0.11509473
31572114.689590443 -0.68419397 -2.6636865 5.129142 -0.23567615 -0.07096004 0.96252346 -0.11388643
31599736.689590443 -0.7537563 -2.6459293 5.32917 -0.24282108 -0.076514944 0.9605886 -0.11159315
31627385.689590443 -0.7812576 -2.6651258 5.595129 -0.25218996 -0.0828186 0.95791566 -0.10926521
31655054.689590443 -0.84267694 -2.6839247 5.7549057 -0.26001415 -0.088689975 0.95546395 -0.107774734
31682741.689590443 -0.8724793 -2.682538 5.951078 -0.26894742 -0.09443008 0.952684 -0.10556248
31710443.439590443 -0.91273826 -2.708974 6.1491747 -0.27881342 -0.100337826 0.9494692 -0.10345843
31738151.689590443 -0.9850291 -2.7141433 6.311937 -0.28836924 -0.105690524 0.94616616 -0.10218787
31765863.689590443 -1.0004134 -2.754148 6.516053 -0.299064 -0.110829435 0.9423645 -0.101127416
31793573.689590443 -1.1061351 -2.722167 6.716762 -0.30910182 -0.11606444 0.9388164 -0.098025404
31821274.439590443 -1.1763917 -2.7560794 6.884188 -0.3198131 -0.12114417 0.934712 -0.09673314
31848963.439590443 -1.2429764 -2.7479799 7.0940304 -0.3311907 -0.1253153 0.93033296 -0.09533882
31876638.689590443 -1.3134829 -2.7458544 7.2900047 -0.34246528 -0.12982412 0.9257944 -0.093637206
31904296.689590443 -1.384296 -2.7402697 7.4837856 -0.35341647 -0.13397789 0.9212364 -0.09203414
31931933.689590443 -1.4852625 -2.7268076 7.6850986 -0.36452636 -0.13699743 0.9165965 -0.09057175
31959548.689590443 -1.5672822 -2.751637 7.853039 -0.37525606 -0.1399659 0.9118501 -0.090121485
31987137.689590443 -1.6652278 -2.7437162 8.050631 -0.3857499 -0.14241761 0.9071998 -0.08889772
32014699.689590443 -1.7478236 -2.7596998 8.227472 -0.39720446 -0.14428408 0.9019515 -0.08885012
32042230.689590443 -1.8442079 -2.7535758 8.40777 -0.4077335 -0.14642407 0.89695734 -0.08820926
32069727.689590443 -1.9455245 -2.7478895 8.57243 -0.41854584 -0.14673063 0.89189935 -0.088347025
32097190.689590443 -2.0452027 -2.7593622 8.754379 -0.42927727 -0.14578083 0.8868214 -0.089537114
32124636.689590443 -2.1595197 -2.7663887 8.94628 -0.43914744 -0.14464828 0.88207203 -0.09041781
32152044.439590443 -2.256103 -2.8018446 9.105862 -0.44988075 -0.14412959 0.8765349 -0.09230759
32179391.689590443 -2.398273 -2.7787523 9.305074 -0.46063367 -0.14273933 0.8711633 -0.09228579
32206691.439590443 -2.5155091 -2.7813501 9.474173 -0.4707905 -0.14291845 0.8656413 -0.09271333
32233947.439590443 -2.6182692 -2.7949662 9.668544 -0.48203626 -0.14519341 0.859118 -0.09206625
32261159.689590443 -2.7483287 -2.782194 9.896385 -0.49433693 -0.14954263 0.851662 -0.08910671
32288327.689590443 -2.8689342 -2.7739022 10.078132 -0.5058639 -0.15611091 0.84410673 -0.084941275
32315448.439590443 -3.0015852 -2.762726 10.251507 -0.517622 -0.16451995 0.83584464 -0.07977707
32342526.689590443 -3.14345 -2.7546859 10.447174 -0.5308487 -0.17267497 0.8263458 -0.07440188
32369562.689590443 -3.2930822 -2.7520356 10.631944 -0.54411393 -0.18136317 0.8162813 -0.06879138
32396557.689590443 -3.4343522 -2.7615297 10.812134 -0.5579818 -0.19043416 0.80524135 -0.06306852
32423512.689590443 -3.5968423 -2.7502882 10.982239 -0.57099223 -0.1990338 0.79443824 -0.056757648
32450428.439590443 -3.74828 -2.7474918 11.13283 -0.58336574 -0.20840849 0.7833986 -0.050367925
32477307.689590443 -3.9026284 -2.754663 11.313507 -0.5969243 -0.21707247 0.77108973 -0.044514973
32504155.689590443 -4.050583 -2.764943 11.4874935 -0.60965866 -0.22517696 0.7590046 -0.039034292
32530974.689590443 -4.2327476 -2.7595842 11.644411 -0.6215399 -0.23250411 0.74730057 -0.03423519
32557765.689590443 -4.41083 -2.742314 11.795854 -0.63348824 -0.23880875 0.73540664 -0.028987093
32584531.689590443 -4.592951 -2.7332253 11.953725 -0.644925 -0.2439782 0.7238656 -0.02376925
32611273.439590443 -4.7732267 -2.7441187 12.082188 -0.6558777 -0.24871159 0.7124675 -0.018899448
32637997.689590443 -4.959411 -2.7377248 12.212483 -0.66733867 -0.25239995 0.7005556 -0.01323921
32664704.689590443 -5.1323385 -2.7485652 12.355917 -0.679262 -0.25549424 0.68795013 -0.007105204
32691396.689590443 -5.3308153 -2.7531433 12.480001 -0.69023967 -0.25862402 0.6757828 -0.00069228996
32718076.689590443 -5.522938 -2.727071 12.605092 -0.7012395 -0.26081297 0.6634727 0.006618701
32744744.689590443 -5.7110195 -2.7447028 12.725674 -0.7124245 -0.2626224 0.650624 0.01300961
32771399.439590443 -5.9181166 -2.7474418 12.840237 -0.7235229 -0.2642552 0.6373721 0.020991545
32798039.689590443 -6.108696 -2.7360508 12.941441 -0.73445415 -0.2663083 0.6235053 0.029969363
32824665.689590443 -6.3138533 -2.7395787 13.045601 -0.7448375 -0.26878256 0.60947585 0.038888026
32851271.689590443 -6.5188074 -2.732769 13.14727 -0.7557771 -0.2705707 0.59435594 0.048306227
32877856.439590443 -6.7230806 -2.7267978 13.226511 -0.7659543 -0.27246073 0.57947457 0.057344563
32904420.689590443 -6.9409456 -2.716607 13.306168 -0.7768075 -0.27315745 0.5634058 0.067298844
32930961.689590443 -7.153411 -2.7132497 13.376522 -0.7876977 -0.27321374 0.54682654 0.076599315
32957476.689590443 -7.3736935 -2.703113 13.4382105 -0.7984506 -0.27237356 0.52995086 0.08626313
32983971.689590443 -7.5853844 -2.6924596 13.482172 -0.80943817 -0.2706961 0.5121533 0.09608564
33010444.689590443 -7.8109474 -2.674155 13.517213 -0.8204635 -0.2683333 0.49359575 0.10583091
33036899.689590443 -8.030052 -2.6509907 13.545279 -0.8319067 -0.26426533 0.47402883 0.11572238
33063342.689590443 -8.24522 -2.6439874 13.566887 -0.8432047 -0.2598601 0.45384723 0.124504715
33089778.689590443 -8.44511 -2.6384513 13.592837 -0.8546645 -0.2541642 0.4325369 0.13364516
33116213.689590443 -8.655443 -2.626975 13.594907 -0.864912 -0.24937429 0.41159168 0.14259066
33142650.689590443 -8.863089 -2.6105862 13.583324 -0.87434053 -0.24477127 0.3907356 0.15146403
33169094.689590443 -9.0728855 -2.5981123 13.583639 -0.8837795 -0.23997249 0.36837396 0.16014874
33195542.689590443 -9.256517 -2.5927954 13.579853 -0.8917865 -0.23647065 0.3466361 0.16923931
33222004.689590443 -9.462101 -2.5719652 13.561671 -0.89957714 -0.23139691 0.32500648 0.1777282
33248492.689590443 -9.652929 -2.562199 13.528666 -0.9062814 -0.22657402 0.30395195 0.18689984
33275001.439590443 -9.854454 -2.5468478 13.498819 -0.9118967 -0.22241569 0.28302935 0.19715519
33301537.439590443 -10.037569 -2.5291896 13.4526 -0.9165739 -0.21908063 0.26293916 0.20678249
33328101.689590443 -10.234699 -2.51201 13.419566 -0.9209401 -0.21592785 0.24249947 0.21549645
33354700.689590443 -10.409693 -2.4883566 13.353241 -0.92433834 -0.21372657 0.22388409 0.22314915
33381334.689590443 -10.579069 -2.4733095 13.30457 -0.9273832 -0.21286215 0.20630759 0.22822666
33408003.689590443 -10.734671 -2.458603 13.247029 -0.93067265 -0.21240033 0.18948346 0.22984886
33434708.689590443 -10.894211 -2.4159627 13.177586 -0.93398356 -0.21195489 0.17405018 0.22903359
33461450.689590443 -11.041176 -2.384829 13.103968 -0.937542 -0.21179736 0.1590238 0.22553997
33488228.689590443 -11.186456 -2.3631272 13.034283 -0.9413892 -0.2104897 0.14430028 0.22058557
33515038.439590443 -11.323678 -2.3383346 12.943212 -0.9446247 -0.20750995 0.13027072 0.21829638
33541882.439590443 -11.461046 -2.2941828 12.844095 -0.94798684 -0.20298505 0.11682505 0.21556884
33568758.43959044 -11.588298 -2.259613 12.7375965 -0.95131606 -0.19679137 0.10367733 0.21335886
33595667.68959044 -11.715025 -2.2365904 12.648439 -0.9547841 -0.1900086 0.0908702 0.2098254
33622610.68959044 -11.824886 -2.2108417 12.550909 -0.9581149 -0.18409656 0.07899704 0.2046553
33649587.68959044 -11.924464 -2.1783504 12.416387 -0.96050894 -0.18083276 0.06896282 0.19991565
33676598.68959044 -12.027143 -2.149263 12.308386 -0.9633358 -0.17731272 0.05881309 0.1925758
33703646.68959044 -12.119612 -2.1175828 12.1972 -0.96625173 -0.17378275 0.04995376 0.18347163
33730729.68959044 -12.219905 -2.1025286 12.079554 -0.9692012 -0.16952495 0.040572528 0.173966
33757845.68959044 -12.313085 -2.0659652 11.957184 -0.9718241 -0.1645995 0.031506885 0.16574758
33784992.68959044 -12.406189 -2.0458388 11.830744 -0.97360194 -0.16035578 0.0221385 0.16092026
33812169.68959044 -12.4765835 -2.0288062 11.70428 -0.9749863 -0.1559602 0.012585393 0.1578602
33839376.68959044 -12.558927 -2.0180974 11.582194 -0.97580034 -0.15234053 0.0026940906 0.15684031
33866612.68959044 -12.641302 -1.9685774 11.429692 -0.9762567 -0.1493965 -0.0073948144 0.15668087
33893879.68959044 -12.708296 -1.9500875 11.299776 -0.9762634 -0.14918323 -0.01620523 0.15617786
33921169.43959044 -12.775392 -1.9250803 11.160385 -0.9760175 -0.1510803 -0.024193639 0.15485238
33948480.68959044 -12.838338 -1.898942 11.001454 -0.9755041 -0.15407245 -0.031624917 0.15379643
33975811.68959044 -12.897508 -1.8768368 10.853335 -0.9752046 -0.15526466 -0.038870648 0.15283337
34003158.68959044 -12.947346 -1.8589077 10.701836 -0.9748518 -0.15665229 -0.044942886 0.152001
34030516.68959044 -13.007492 -1.8437948 10.545041 -0.9746971 -0.15664154 -0.05288394 0.15044071
34057879.68959044 -13.048157 -1.8326659 10.39528 -0.97453445 -0.1569519 -0.059524376 0.14867952
34085244.68959044 -13.083943 -1.8018961 10.223521 -0.97444355 -0.15689641 -0.065753475 0.14669628
34112602.68959044 -13.114496 -1.8104405 10.080888 -0.9742636 -0.15731221 -0.072861746 0.14406407
34139951.68959044 -13.154508 -1.7928562 9.9151125 -0.97437763 -0.1565282 -0.07922042 0.1407528
34167286.68959044 -13.181936 -1.7964959 9.754055 -0.9744199 -0.15685487 -0.08504415 0.1366382
34194608.68959044 -13.177794 -1.7718964 9.578083 -0.9747564 -0.15659957 -0.08955174 0.13155606
34221916.68959044 -13.1958 -1.755794 9.41065 -0.9753149 -0.15687376 -0.09316462 0.12438586
34249214.68959044 -13.218137 -1.7687726 9.2609 -0.9757973 -0.15808627 -0.09666691 0.11612011
34276505.68959044 -13.226877 -1.7721391 9.097526 -0.97633183 -0.15870251 -0.09917884 0.108412966
34303787.68959044 -13.238781 -1.7623663 8.906168 -0.97710717 -0.15792027 -0.10085252 0.10075537
34331064.68959044 -13.245526 -1.7528431 8.722338 -0.97781694 -0.15719114 -0.10246664 0.093089625
34358337.68959044 -13.246733 -1.7498469 8.55198 -0.978198 -0.15742297 -0.104384616 0.08631641
34385608.68959044 -13.241748 -1.7489817 8.371223 -0.9787189 -0.1577123 -0.104051925 0.080059506
34412880.68959044 -13.248291 -1.7520297 8.197521 -0.9789098 -0.15797782 -0.10526756 0.07548093
34440159.68959044 -13.2589855 -1.7636116 8.0026045 -0.97911966 -0.15902759 -0.10475381 0.071145035
34467448.68959044 -13.246121 -1.7377908 7.805109 -0.97948825 -0.15844502 -0.10420091 0.06811927
34494744.68959044 -13.219537 -1.7418392 7.5976477 -0.9797622 -0.15769933 -0.1038178 0.06647452
34522053.68959044 -13.221135 -1.7372072 7.389244 -0.9800278 -0.15673198 -0.10389784 0.064698435
34549382.68959044 -13.2059 -1.7556679 7.208048 -0.9803491 -0.15582933 -0.102678634 0.06395283
34576733.68959044 -13.19215 -1.7691526 6.983629 -0.98082453 -0.15441655 -0.101576485 0.061814345
34604107.68959044 -13.180109 -1.7992818 6.7756395 -0.98157555 -0.15209883 -0.10033922 0.05751116
34631510.43959044 -13.179769 -1.7932868 6.5431747 -0.98252314 -0.1486965 -0.099570565 0.051220242
34658943.68959044 -13.14494 -1.7925254 6.3052197 -0.9834521 -0.14539687 -0.098343045 0.04483804
34686407.68959044 -13.122465 -1.8245639 6.139368 -0.98396164 -0.14427122 -0.09703624 0.03986703
34713902.68959044 -13.119985 -1.8308129 5.9192953 -0.9843352 -0.14313522 -0.09659306 0.035585042
34741430.43959044 -13.105659 -1.8358395 5.708479 -0.98458487 -0.14276004 -0.09590883 0.03183911
34768989.68959044 -13.072873 -1.855514 5.499836 -0.9848273 -0.14288329 -0.09418349 0.028795315
34796586.43959044 -13.060065 -1.8793428 5.273081 -0.98481745 -0.14351311 -0.09427795 0.025500683
34824202.43959044 -13.039609 -1.8941864 5.065364 -0.9850123 -0.14344941 -0.09309926 0.022484569
34851861.68959044 -13.026277 -1.9168569 4.8311396 -0.98518145 -0.14335932 -0.09210409 0.019558905
34879587.68959044 -13.013055 -1.9294057 4.6028967 -0.9853274 -0.14303309 -0.09175191 0.015904447
34907368.68959044 -12.991497 -1.9583744 4.3819 -0.98549014 -0.14282171 -0.09070639 0.013548825
34935205.68959044 -12.967584 -1.9647496 4.1667414 -0.985901 -0.14050731 -0.09005306 0.0121374745
34963104.43959044 -12.957071 -1.9811896 3.9542818 -0.9862776 -0.1380884 -0.08988806 0.0104098935
34991069.68959044 -12.920078 -1.990195 3.7099848 -0.9867087 -0.13556103 -0.08905019 0.009958731
35019105.68959044 -12.909493 -2.0054162 3.4908962 -0.9870582 -0.13402729 -0.08748871 0.009926211
35047214.43959044 -12.902903 -1.9925957 3.2103329 -0.9873075 -0.13217372 -0.08749496 0.009936338
35075397.43959044 -12.8742075 -2.007164 2.9694185 -0.98745257 -0.13220222 -0.085654676 0.011107147
35103656.43959044 -12.878741 -2.0463293 2.7847104 -0.98769325 -0.1329243 -0.08159826 0.0116174435
35131992.68959044 -12.852144 -2.0480235 2.5285244 -0.98804134 -0.13245603 -0.07804367 0.011789007
35160408.43959044 -12.83395 -2.058101 2.2649093 -0.9883037 -0.13218038 -0.07502054 0.01249149
35188909.43959044 -12.811328 -2.0978065 2.0333505 -0.98854685 -0.13295028 -0.07019355 0.013127418
35217495.68959044 -12.8043 -2.0912666 1.7810903 -0.98899776 -0.13181832 -0.06559731 0.014293748
35246171.68959044 -12.792711 -2.0899081 1.5299125 -0.98933417 -0.13167877 -0.06045331 0.0149679575
35274942.68959044 -12.777001 -2.11726 1.2809267 -0.9897218 -0.1313232 -0.05441068 0.015639225
35303813.68959044 -12.74817 -2.1360226 1.0408235 -0.99003726 -0.13112146 -0.047856364 0.018523617
35332786.68959044 -12.760301 -2.1144938 0.76116705 -0.9905775 -0.1288591 -0.041225545 0.021258773
35361866.68959044 -12.751853 -2.1212392 0.5209861 -0.990819 -0.12821023 -0.034705088 0.025208082
35391057.43959044 -12.74631 -2.1309404 0.25517964 -0.99096614 -0.12818862 -0.027498525 0.0282427
35420360.68959044 -12.719574 -2.107499 -0.012368441 -0.99117255 -0.12714736 -0.020405414 0.031530004
35449775.68959044 -12.703832 -2.1260822 -0.2719589 -0.9912388 -0.12723799 -0.013309962 0.03285062
35479301.68959044 -12.687173 -2.1083698 -0.54033935 -0.99145985 -0.12613991 -0.0064958828 0.032464232
35508936.68959044 -12.696972 -2.1120827 -0.8048725 -0.99150145 -0.12604497 -0.0007861276 0.032200262
35538680.68959044 -12.687872 -2.0880477 -1.0823584 -0.9916481 -0.12528004 0.005142586 0.030210683
35568527.68959044 -12.665087 -2.0712233 -1.3552886 -0.9917418 -0.12459712 0.011019311 0.028326126
35598472.68959044 -12.650628 -2.044101 -1.6496015 -0.99199736 -0.12222971 0.016694658 0.026879035
35628508.68959044 -12.63298 -2.0003927 -1.9425905 -0.992514 -0.11738551 0.022331724 0.025256308
35658628.68959044 -12.624625 -1.9819717 -2.2292492 -0.9931168 -0.11163978 0.027271803 0.022627175
35688825.68959044 -12.594356 -1.957574 -2.5070608 -0.99364144 -0.10569895 0.0326218 0.020982891
35719092.68959044 -12.585984 -1.9175886 -2.8072605 -0.99416804 -0.09916638 0.037701495 0.01935289
35749419.68959044 -12.572742 -1.9286871 -3.0702314 -0.99434876 -0.09519629 0.04350923 0.017752208
35779802.68959044 -12.567206 -1.9046577 -3.3508205 -0.9945169 -0.09050354 0.04989547 0.01599256
35810239.68959044 -12.57181 -1.8809661 -3.6114464 -0.9945281 -0.08627517 0.056876894 0.015347304
35840732.68959044 -12.558748 -1.8682966 -3.88199 -0.99437565 -0.08226437 0.06503098 0.014852807
35871281.68959044 -12.551875 -1.836812 -4.169042 -0.9940661 -0.07845952 0.074101254 0.013628765
35901886.68959044 -12.542632 -1.8277656 -4.4393225 -0.99339074 -0.07599817 0.08519405 0.01188176
35932539.68959044 -12.541619 -1.7990932 -4.712019 -0.99251455 -0.07404446 0.096757114 0.008389483
35963233.68959044 -12.529715 -1.7784634 -4.9940042 -0.9912404 -0.07246435 0.110312246 0.0047644866
35993961.68959044 -12.544783 -1.74134 -5.2554245 -0.9896539 -0.070971265 0.12469258 -0.0004263377
36024720.68959044 -12.527815 -1.7136116 -5.5100803 -0.98740554 -0.07062301 0.14142242 -0.0065076468
36055499.68959044 -12.538916 -1.7078018 -5.7826347 -0.9845275 -0.07127463 0.15945686 -0.014108903
36086289.68959044 -12.543411 -1.6645504 -6.079709 -0.9812375 -0.07046006 0.1780413 -0.022575831
36117083.68959044 -12.545466 -1.6173937 -6.3580475 -0.97740966 -0.07008188 0.19699158 -0.030875305
36147874.68959044 -12.547816 -1.5829363 -6.6338243 -0.9731886 -0.06941916 0.21573813 -0.03926921
36178654.68959044 -12.572575 -1.5914056 -6.8881826 -0.96832925 -0.07131625 0.23466395 -0.046746787
36209420.68959044 -12.591661 -1.5698504 -7.161269 -0.96320283 -0.070790894 0.25358918 -0.054050665
36240169.43959044 -12.625421 -1.5498352 -7.411783 -0.95787495 -0.07034011 0.271609 -0.061289757
36270907.68959044 -12.642586 -1.514405 -7.69331 -0.95237994 -0.069426045 0.2890196 -0.067971475
36301637.68959044 -12.680085 -1.5123343 -7.940382 -0.94682467 -0.07011056 0.30540386 -0.07304835
36332352.68959044 -12.710532 -1.497705 -8.19639 -0.94133437 -0.0704509 0.3208737 -0.07724254
36363051.68959044 -12.762457 -1.4955919 -8.445221 -0.93585235 -0.071504466 0.33589116 -0.0790227
36393734.68959044 -12.813216 -1.5048313 -8.663057 -0.93062705 -0.072917864 0.34978175 -0.079177715
36424400.68959044 -12.838148 -1.4895213 -8.945635 -0.9253642 -0.07335925 0.36370656 -0.07769846
36455047.68959044 -12.913387 -1.4692006 -9.157259 -0.9206775 -0.07424394 0.37548065 -0.07651848
36485668.68959044 -12.95263 -1.4410024 -9.417892 -0.9153176 -0.07559701 0.38830638 -0.07547843
36516263.68959044 -12.986782 -1.4236507 -9.679058 -0.90978646 -0.07709779 0.4006657 -0.07623363
36546840.68959044 -13.032116 -1.4284849 -9.917212 -0.904096 -0.07859881 0.41275337 -0.077893056
36577397.68959044 -13.068584 -1.4205074 -10.168747 -0.8981369 -0.07955432 0.42521286 -0.07883689
36607934.68959044 -13.138472 -1.4168639 -10.409702 -0.8919242 -0.07981652 0.43771294 -0.08067218
36638453.68959044 -13.194021 -1.398329 -10.67756 -0.8852324 -0.079338886 0.45071638 -0.08320923
36668953.68959044 -13.245053 -1.3988545 -10.923597 -0.87766683 -0.07977063 0.46456894 -0.08667942
36699433.68959044 -13.322849 -1.3889923 -11.151414 -0.870592 -0.0794906 0.47720104 -0.089610465
36729893.68959044 -13.409397 -1.3959651 -11.390407 -0.86236525 -0.07992994 0.49134117 -0.09230997
36760325.68959044 -13.480455 -1.3761909 -11.609855 -0.8538633 -0.079916015 0.5056302 -0.09417524
36790729.43959044 -13.563045 -1.365964 -11.854514 -0.84471977 -0.07949861 0.52032405 -0.09690925
36821098.68959044 -13.654019 -1.3654598 -12.07479 -0.8355207 -0.079044096 0.5344185 -0.10027051
36851425.68959044 -13.73499 -1.3776551 -12.287865 -0.82557297 -0.07961474 0.5489767 -0.103515
36881705.43959044 -13.827761 -1.3761867 -12.505008 -0.81564915 -0.07923768 0.5630018 -0.10708339
36911933.68959044 -13.944233 -1.3748982 -12.717915 -0.80601454 -0.07838175 0.5762479 -0.1101603
36942103.68959044 -14.055974 -1.3741118 -12.922947 -0.7962965 -0.07767146 0.5890995 -0.11331787
36972209.68959044 -14.146297 -1.3776034 -13.118622 -0.7864406 -0.07729496 0.6016289 -0.11653053
37002247.68959044 -14.264708 -1.3848082 -13.311278 -0.7766723 -0.076752156 0.61364186 -0.11972052
37032212.43959044 -14.376826 -1.3917542 -13.525812 -0.76644033 -0.07573342 0.62588245 -0.12290191
37062100.68959044 -14.486401 -1.3884883 -13.708969 -0.75698626 -0.07398394 0.6368883 -0.12598258
37091907.43959044 -14.603763 -1.4016659 -13.901377 -0.7468478 -0.07225607 0.6481265 -0.13011311
37121630.68959044 -14.731563 -1.412909 -14.093957 -0.7367885 -0.07076978 0.6589282 -0.13397035
37151266.68959044 -14.853038 -1.4139733 -14.2783785 -0.72660106 -0.06836677 0.6695047 -0.13834918
37180816.68959044 -14.987789 -1.4264076 -14.452898 -0.71679324 -0.06601307 0.67945385 -0.14209966
37210276.68959044 -15.124085 -1.4336805 -14.637379 -0.706511 -0.06442249 0.6895181 -0.14579682
37239649.43959044 -15.266398 -1.438498 -14.780329 -0.6973154 -0.062203486 0.6983444 -0.14898723
37268979.68959044 -15.4106245 -1.4580472 -14.943539 -0.6871381 -0.060594134 0.70766914 -0.15288585
37298226.68959044 -15.553648 -1.4778377 -15.108329 -0.67701143 -0.059338853 0.7167915 -0.15602684
37327344.68959044 -15.70956 -1.465698 -15.238567 -0.6675639 -0.057908546 0.7253087 -0.15789995
37356378.68959044 -15.851191 -1.4950778 -15.391241 -0.657464 -0.056839786 0.73415244 -0.15978275
37385334.43959044 -16.00289 -1.4880453 -15.526813 -0.64758486 -0.055700522 0.7426396 -0.16130011
37414212.68959044 -16.172646 -1.496107 -15.620377 -0.6382291 -0.05568837 0.75070447 -0.16126171
37443010.68959044 -16.313793 -1.5318956 -15.797567 -0.62718236 -0.05484678 0.7596841 -0.16283202
37471727.68959044 -16.474108 -1.5452932 -15.91699 -0.61708796 -0.054257467 0.7679146 -0.16299026
37500357.68959044 -16.647179 -1.5663167 -16.058525 -0.60639113 -0.05373663 0.77634037 -0.163395
37528896.68959044 -16.788872 -1.605223 -16.17709 -0.59642637 -0.053537607 0.78373075 -0.16485004
37557341.68959044 -16.969559 -1.6179175 -16.26882 -0.58637065 -0.05184245 0.7909541 -0.16695324
37585688.68959044 -17.141724 -1.6203737 -16.379135 -0.57500535 -0.0501795 0.7989937 -0.16870098
37613934.43959044 -17.321527 -1.6575583 -16.48484 -0.56428266 -0.048234116 0.80616975 -0.17131504
37642075.68959044 -17.496159 -1.6899276 -16.565863 -0.5534796 -0.045323573 0.81326556 -0.17379679
37670114.43959044 -17.662277 -1.7132163 -16.657465 -0.54221225 -0.041759558 0.8205561 -0.17592567
37698050.43959044 -17.85105 -1.7322047 -16.739246 -0.5303373 -0.03931068 0.8283758 -0.17604128
37725882.43959044 -18.017067 -1.7717133 -16.796108 -0.5190784 -0.036433924 0.83530545 -0.17746851
37753610.68959044 -18.187798 -1.8188555 -16.875023 -0.5073831 -0.03290684 0.8422202 -0.17928977
37781231.68959044 -18.379694 -1.834759 -16.93825 -0.49537647 -0.029733246 0.84912705 -0.18083549
37808742.43959044 -18.54895 -1.880337 -17.000555 -0.48319355 -0.026090842 0.855359 -0.18494388
37836148.43959044 -18.70596 -1.9189708 -17.06345 -0.47070524 -0.022044873 0.86141026 -0.189534
37863455.43959044 -18.899242 -1.936333 -17.110811 -0.45855227 -0.017544668 0.86716235 -0.193524
37890665.43959044 -19.081188 -1.9744895 -17.157856 -0.44618824 -0.013767749 0.87267035 -0.19792186
37917786.68959044 -19.279812 -1.9878652 -17.195051 -0.43350545 -0.009780804 0.8784446 -0.20077954
37944822.68959044 -19.483177 -1.9939914 -17.225618 -0.42127568 -0.0055037257 0.8838488 -0.2032433
37971780.68959044 -19.654724 -2.0315754 -17.234335 -0.40907195 -0.0017144738 0.88870597 -0.2070241
37998666.43959044 -19.844177 -2.0511599 -17.253235 -0.39670935 0.0022968394 0.89373744 -0.20940363
38025485.43959044 -20.033625 -2.0804517 -17.267715 -0.3842061 0.005839205 0.8987845 -0.21104029
38052240.68959044 -20.213306 -2.1069326 -17.27427 -0.3720893 0.008623205 0.90360326 -0.2120763
38078934.68959044 -20.395954 -2.1355317 -17.282812 -0.3589646 0.011371614 0.9088258 -0.21225147
38105572.68959044 -20.593994 -2.1440537 -17.278725 -0.34604076 0.014433524 0.91386247 -0.21190326
38132156.68959044 -20.779943 -2.17245 -17.264988 -0.33341396 0.01794549 0.9185385 -0.21166065
38158686.68959044 -20.96428 -2.1826897 -17.236345 -0.3194246 0.02058332 0.92377263 -0.2102101
38185161.68959044 -21.142994 -2.2196774 -17.22061 -0.30643347 0.023963366 0.9281722 -0.20981127
38211581.68959044 -21.329206 -2.2418337 -17.185503 -0.29321712 0.026879396 0.9323781 -0.20969577
38237949.68959044 -21.518345 -2.2497816 -17.146418 -0.2801457 0.03034104 0.9362751 -0.20973021
38264263.68959044 -21.69438 -2.247859 -17.093151 -0.26725268 0.03381831 0.939718 -0.21062401
38290521.68959044 -21.873993 -2.3041785 -17.059706 -0.25339332 0.03660073 0.94316363 -0.21188371
38316726.68959044 -22.057295 -2.3229995 -16.995575 -0.23959506 0.039412543 0.9466326 -0.21196128
38342879.43959044 -22.225513 -2.3577816 -16.947899 -0.22556083 0.042787302 0.9498472 -0.21232486
38368984.68959044 -22.421808 -2.3807402 -16.874958 -0.21068728 0.046236467 0.95332193 -0.21130615
38395044.68959044 -22.589094 -2.3983228 -16.799292 -0.1961536 0.04947205 0.9565446 -0.20999718
38421059.68959044 -22.740534 -2.4241486 -16.72553 -0.18160957 0.05371674 0.9595441 -0.20834486
38447030.68959044 -22.907288 -2.4412105 -16.639547 -0.16645212 0.05803496 0.9623467 -0.20691693
38472959.43959044 -23.062185 -2.478196 -16.557123 -0.15109867 0.062193967 0.96478456 -0.20613556
38498852.43959044 -23.236572 -2.4777513 -16.462008 -0.1356826 0.067025475 0.96699476 -0.20498553
38524711.68959044 -23.393526 -2.5104487 -16.352795 -0.120263815 0.07196023 0.96864736 -0.20513555
38550542.68959044 -23.5517 -2.535681 -16.254887 -0.10473647 0.0773484 0.9702135 -0.20428762
38576346.68959044 -23.70716 -2.538414 -16.145763 -0.088769384 0.0824535 0.97191036 -0.20177148
38602129.68959044 -23.863964 -2.5534298 -16.0212 -0.072997436 0.08800834 0.973252 -0.1992649
38627890.68959044 -24.009247 -2.5757985 -15.907581 -0.056868758 0.09276977 0.97449505 -0.19626296
38653634.68959044 -24.153418 -2.5869508 -15.7813425 -0.040213495 0.09767176 0.97544384 -0.19326748
38679361.68959044 -24.291063 -2.5897834 -15.656114 -0.024357334 0.103282 0.97598875 -0.19022533
38705073.68959044 -24.412146 -2.603999 -15.533936 -0.008751329 0.10808427 0.97625923 -0.18750784
38730772.43959044 -24.544502 -2.627342 -15.415597 0.007468488 0.113051385 0.9761659 -0.18510471
38756459.68959044 -24.67305 -2.652615 -15.275894 0.023333963 0.117637336 0.97580427 -0.18281992
38782133.68959044 -24.79444 -2.675529 -15.137887 0.03923483 0.12240132 0.97502726 -0.1811091
38807798.68959044 -24.91343 -2.707701 -15.011962 0.05512515 0.12642345 0.97407126 -0.17934188
38833454.68959044 -25.043514 -2.7179039 -14.861007 0.070302024 0.13176605 0.97268933 -0.17768165
38859099.68959044 -25.16246 -2.7128186 -14.700109 0.086118184 0.13729927 0.9709983 -0.17576984
38884734.68959044 -25.25001 -2.739262 -14.566259 0.10131828 0.14155452 0.96914434 -0.1745171
38910361.43959044 -25.331326 -2.7363958 -14.38521 0.116033144 0.14684679 0.9670546 -0.17256205
38935984.68959044 -25.433674 -2.7559159 -14.241869 0.13144542 0.1518862 0.9646341 -0.17068623
38961603.68959044 -25.514984 -2.792976 -14.078635 0.14716324 0.15662801 0.96188736 -0.16906635
38987222.68959044 -25.613794 -2.8128529 -13.9198885 0.16237237 0.16245252 0.9588108 -0.16711171
39012841.68959044 -25.677992 -2.8320482 -13.748122 0.17738597 0.16832313 0.95552677 -0.1648338
39038459.68959044 -25.759373 -2.8496983 -13.5796995 0.19249487 0.17413463 0.95185757 -0.16306464
39064077.68959044 -25.814285 -2.8839266 -13.412912 0.20793225 0.18002371 0.9478133 -0.16126288
39089701.68959044 -25.879148 -2.8772717 -13.232662 0.2229847 0.186761 0.9434997 -0.15876563
39115333.68959044 -25.919855 -2.9097383 -13.066015 0.23754343 0.19382207 0.93878335 -0.15713684
39140973.68959044 -25.960686 -2.939055 -12.880318 0.2529041 0.20167996 0.9334061 -0.15529925
39166627.68959044 -25.994406 -2.9468899 -12.691132 0.26756474 0.20903775 0.9280071 -0.15334682
39192311.43959044 -26.01749 -2.9794273 -12.517023 0.2822391 0.21621591 0.9222525 -0.15179686
39218018.43959044 -26.064056 -2.9757557 -12.3310585 0.29730675 0.2240783 0.9160629 -0.14908513
39243751.43959044 -26.077944 -2.996285 -12.149089 0.31176406 0.23138137 0.9097599 -0.14697914
39269514.68959044 -26.080036 -3.016225 -11.993479 0.32582164 0.23839743 0.90337014 -0.14466982
39295312.68959044 -26.054596 -3.0341845 -11.80819 0.3394275 0.24473335 0.89698344 -0.14253192
39321149.68959044 -26.06314 -3.0261705 -11.609415 0.35401496 0.25007504 0.8902862 -0.1397371
39347025.68959044 -26.043211 -3.0428658 -11.431232 0.36805397 0.25544342 0.88338125 -0.13755955
39372943.68959044 -26.031353 -3.0521252 -11.25871 0.38191715 0.26147273 0.8761052 -0.13494872
39398899.68959044 -26.015108 -3.0533342 -11.065935 0.39605176 0.2661909 0.8688084 -0.1321267
39424893.68959044 -25.988035 -3.0482702 -10.887909 0.4093969 0.27047828 0.8617587 -0.12887031
39450925.68959044 -25.947956 -3.0603328 -10.703686 0.42264163 0.27542084 0.85409975 -0.12661391
39476993.68959044 -25.877457 -3.060534 -10.552943 0.4354574 0.2792178 0.8468182 -0.1237463
39503095.68959044 -25.812487 -3.053081 -10.377644 0.4483522 0.28250614 0.83936125 -0.12100988
39529233.68959044 -25.746521 -3.0201206 -10.208222 0.46149385 0.28475344 0.8319972 -0.11713043
39555408.68959044 -25.688454 -3.0665216 -10.06915 0.47406223 0.2865387 0.82461125 -0.11479085
39581621.68959044 -25.596659 -3.0666795 -9.9333725 0.4856629 0.28848377 0.81754816 -0.11190956
39607877.43959044 -25.509369 -3.0505886 -9.758293 0.49754092 0.28783193 0.8110227 -0.108848825
39634172.68959044 -25.404755 -3.0583224 -9.626713 0.5083095 0.28719944 0.8049016 -0.10616715
39660509.68959044 -25.33198 -3.0471005 -9.4741745 0.51979876 0.28600872 0.7983924 -0.10284879
39686885.68959044 -25.231356 -3.0401053 -9.317108 0.5300001 0.283544 0.7929325 -0.099804156
39713303.68959044 -25.13183 -3.0560455 -9.180372 0.5390395 0.27972704 0.7884283 -0.09782647
39739760.68959044 -24.994127 -3.0651956 -9.0797825 0.5472801 0.27694455 0.78403914 -0.09523093
39766254.68959044 -24.846611 -3.0507464 -8.920958 0.55565757 0.2714439 0.7803683 -0.09267278
39792782.68959044 -24.704266 -3.0275054 -8.777361 0.56198406 0.2679914 0.7773504 -0.08989394
39819346.68959044 -24.594147 -3.026967 -8.648144 0.56800824 0.26310194 0.77481025 -0.08839223
39845942.43959044 -24.439072 -3.0099902 -8.517479 0.572187 0.25974575 0.7731371 -0.085983805
39872572.68959044 -24.293436 -3.006608 -8.386383 0.57535934 0.25768337 0.77163506 -0.084500514
39899233.68959044 -24.14608 -2.979577 -8.2316265 0.5794603 0.2536719 0.76997113 -0.083790764
39925928.68959044 -23.994963 -2.9666066 -8.095272 0.58215225 0.24998978 0.76934284 -0.08194714
39952655.68959044 -23.839695 -2.9711714 -7.9594345 0.5837251 0.24596082 0.7694672 -0.08178445
39979416.68959044 -23.670647 -2.9486184 -7.8346214 0.5846362 0.24043153 0.770637 -0.0806962
40006209.68959044 -23.483599 -2.9368095 -7.731329 0.5850839 0.23502362 0.7720388 -0.0799808
40033037.68959044 -23.307367 -2.931582 -7.5924587 0.58626926 0.22888291 0.7728669 -0.08110372
40059902.68959044 -23.13076 -2.9142756 -7.4759274 0.5857786 0.22349246 0.774757 -0.08164632
40086806.43959044 -22.93048 -2.9078069 -7.3542233 0.585061 0.21897063 0.7764337 -0.08310376
40113752.68959044 -22.720377 -2.8920078 -7.2478027 0.5823308 0.21548633 0.77952445 -0.08245088
40140746.68959044 -22.493235 -2.864014 -7.1502953 0.57967377 0.21206856 0.782442 -0.08240078
40167793.43959044 -22.274405 -2.8635314 -7.0323925 0.5755486 0.20862523 0.7864001 -0.082428046
40194901.68959044 -22.061548 -2.844621 -6.910368 0.571679 0.20398921 0.79040563 -0.08264621
40222077.68959044 -21.817244 -2.8565743 -6.8173265 0.5669063 0.19965239 0.79485214 -0.08346466
40249329.68959044 -21.578224 -2.838105 -6.726671 0.56239647 0.19467676 0.7992674 -0.08356308
40276660.68959044 -21.318134 -2.846299 -6.629101 0.55736107 0.18976602 0.80380684 -0.08504167
40304075.68959044 -21.063347 -2.8257437 -6.5303087 0.5527384 0.18351269 0.8083646 -0.08573201
40331582.68959044 -20.820023 -2.8348203 -6.4361906 0.54791737 0.17721406 0.81283426 -0.08764893
40359187.68959044 -20.565992 -2.824139 -6.350667 0.5428328 0.17009777 0.8176044 -0.089008085
40386893.43959044 -20.29538 -2.829607 -6.2427626 0.53791827 0.16278476 0.8220718 -0.09134079
40414709.68959044 -20.026026 -2.8228173 -6.1298637 0.5332024 0.15485148 0.8264152 -0.09356338
40442638.68959044 -19.755955 -2.8291233 -6.0444794 0.5275032 0.1468016 0.83117723 -0.09661337
40470681.68959044 -19.477188 -2.8397448 -5.9261847 0.5225814 0.13826603 0.83525234 -0.10072158
40498837.68959044 -19.193888 -2.8531756 -5.8335304 0.5176595 0.1304202 0.83908325 -0.10468307
40527105.68959044 -18.911682 -2.8703704 -5.752099 0.5122392 0.12319592 0.84302086 -0.10839599
40555481.68959044 -18.628227 -2.9039214 -5.65874 0.50740236 0.11657326 0.8463448 -0.112489715
40583960.43959044 -18.332626 -2.9121737 -5.564954 0.50289875 0.10868077 0.8495079 -0.11669508
40612540.68959044 -18.028131 -2.9158545 -5.458293 0.4988664 0.10060571 0.85232985 -0.12060124
40641217.68959044 -17.717388 -2.9347062 -5.3652334 0.49454024 0.09286006 0.85518014 -0.12439434
40669989.68959044 -17.420366 -2.9515119 -5.254401 0.49046075 0.08534062 0.85772085 -0.12837507
40698853.43959044 -17.1131 -2.9737604 -5.166888 0.4859176 0.0781067 0.860477 -0.13176835
40727798.68959044 -16.79822 -3.0032032 -5.0612164 0.4818947 0.07106279 0.8627105 -0.13586146
40756818.43959044 -16.481974 -3.0324185 -4.9549704 0.47718087 0.06511275 0.8653965 -0.13837507
40785907.43959044 -16.156412 -3.057542 -4.8630295 0.47236958 0.059924845 0.8681398 -0.14003342
40815051.68959044 -15.834848 -3.094188 -4.776866 0.46703666 0.05683093 0.87101316 -0.14136173
40844241.68959044 -15.547595 -3.1364667 -4.6023417 0.46277207 0.05314179 0.87323594 -0.14309782
40873463.68959044 -15.20693 -3.1493149 -4.4909773 0.45634902 0.048721455 0.8766084 -0.14467096
40902708.43959044 -14.883718 -3.2075849 -4.3774247 0.44913343 0.04552247 0.8802624 -0.14609951
40931973.68959044 -14.5849085 -3.2382333 -4.222609 0.44262043 0.041349255 0.8835593 -0.14731073
40961248.68959044 -14.253399 -3.2440462 -4.1242456 0.4348252 0.03599853 0.8874596 -0.14848147
40990529.43959044 -13.959431 -3.2561636 -3.9755135 0.42698878 0.030621605 0.8912795 -0.1495454
41019811.68959044 -13.650271 -3.3024216 -3.837348 0.41914618 0.025921391 0.8948385 -0.15135628
41049092.43959044 -13.339565 -3.2889712 -3.6878104 0.41177344 0.021272799 0.8983137 -0.15173249
41078364.68959044 -13.045445 -3.3445425 -3.5272388 0.4039195 0.01851968 0.90169543 -0.15313902
41107620.68959044 -12.726484 -3.3437843 -3.3625417 0.39652357 0.017195722 0.9052189 -0.1518296
41136851.68959044 -12.390922 -3.3979414 -3.2358294 0.3881659 0.018915229 0.9088443 -0.15156375
41166048.43959044 -12.043248 -3.4303067 -3.0976212 0.37999025 0.021083446 0.9123791 -0.15075591
41195203.68959044 -11.738632 -3.4702964 -2.9179626 0.37244135 0.02190946 0.915496 -0.15058081
41224304.68959044 -11.426207 -3.4924266 -2.7957122 0.36403093 0.021691097 0.9188861 -0.15053032
41253346.68959044 -11.080706 -3.5343075 -2.6058617 0.35545972 0.022226505 0.92214334 -0.15101714
41282328.68959044 -10.755242 -3.5780478 -2.4901571 0.3459576 0.022681646 0.92569107 -0.1513106
41311244.43959044 -10.454578 -3.570464 -2.3040082 0.33744165 0.020980012 0.928892 -0.15117079
41340096.68959044 -10.115745 -3.6040049 -2.141384 0.327848 0.01859972 0.93234676 -0.15132543
41368881.68959044 -9.783069 -3.6018927 -1.9539449 0.31749243 0.0138234515 0.93615544 -0.15040137
41397597.68959044 -9.442724 -3.65315 -1.7912226 0.3059785 0.009667587 0.94007707 -0.15012951
41426240.68959044 -9.127522 -3.6873207 -1.6070716 0.2945871 0.004140135 0.9437026 -0.15042211
41454805.68959044 -8.857304 -3.699082 -1.4374818 0.2835048 -0.0011199791 0.9472142 -0.14969663
41483291.68959044 -8.576361 -3.7335942 -1.2250272 0.272153 -0.006005975 0.9505068 -0.14977817
41511693.68959044 -8.254009 -3.709001 -1.0542462 0.2598539 -0.012061794 0.9539266 -0.1495144
41540010.68959044 -7.906291 -3.688461 -0.87098926 0.24700518 -0.01825206 0.9570835 -0.15048757
41568248.43959044 -7.6079235 -3.6901984 -0.6579659 0.23427196 -0.02366417 0.960038 -0.15127344
41596404.68959044 -7.3066535 -3.682568 -0.4890411 0.22015688 -0.028615827 0.96309245 -0.15220104
41624484.68959044 -6.986575 -3.6640244 -0.29462385 0.20602687 -0.033982206 0.9659393 -0.1528384
41652493.68959044 -6.690072 -3.6779604 -0.09022331 0.19219352 -0.038689785 0.9683986 -0.15417214
41680438.43959044 -6.4162655 -3.7173054 0.08116585 0.17784439 -0.04324314 0.9706734 -0.15586717
41708319.68959044 -6.1260757 -3.6634743 0.31177193 0.16458246 -0.048966795 0.97267586 -0.15625788
41736145.43959044 -5.866736 -3.6609557 0.5380763 0.15119816 -0.054697268 0.97439283 -0.15718149
41763925.68959044 -5.5379667 -3.6509056 0.7444209 0.13642858 -0.06091799 0.97608846 -0.15788458
41791669.68959044 -5.3027954 -3.67803 0.95307267 0.12313354 -0.06714983 0.9772207 -0.15927589
41819389.68959044 -5.01452 -3.68682 1.1670822 0.10883603 -0.07434009 0.9782105 -0.1604137
41847099.68959044 -4.7501388 -3.6609316 1.3910478 0.094972804 -0.082106054 0.9790559 -0.16027643
41874809.43959044 -4.466685 -3.6482446 1.6224343 0.08051136 -0.08964719 0.97969127 -0.16026975
41902527.68959044 -4.2042255 -3.6418047 1.8569359 0.067400575 -0.097105175 0.9799407 -0.16044953
41930262.68959044 -3.968871 -3.6578755 2.0868096 0.05374056 -0.10403413 0.9799317 -0.16131537
41958026.68959044 -3.733317 -3.6353507 2.3400896 0.041583348 -0.1114894 0.9798552 -0.1603897
41985818.68959044 -3.513563 -3.6200862 2.5607388 0.029466532 -0.11891453 0.9795446 -0.15963568
42013640.68959044 -3.28013 -3.6206276 2.7804763 0.016874326 -0.12586723 0.97893953 -0.15984419
42041494.68959044 -3.0379941 -3.5682204 3.055148 0.005093161 -0.13383669 0.978254 -0.15836965
42069381.68959044 -2.831319 -3.582003 3.2519588 -0.0072077 -0.13975443 0.97743297 -0.15824547
42097301.68959044 -2.5971117 -3.5606558 3.5171206 -0.019544287 -0.14375342 0.9768157 -0.1574295
42125258.68959044 -2.3893378 -3.5388749 3.7531295 -0.031939127 -0.14771721 0.97609806 -0.15617976
42153259.43959044 -2.189124 -3.5258548 4.0182724 -0.044217948 -0.15071633 0.9754189 -0.1545554
42181307.68959044 -1.9479101 -3.5245135 4.276618 -0.057591006 -0.15319587 0.9747303 -0.15203677
42209406.68959044 -1.7702678 -3.518405 4.5366187 -0.07022465 -0.15534902 0.9740702 -0.14873654
42237559.68959044 -1.5781598 -3.4944062 4.8203425 -0.083236486 -0.15795985 0.9731319 -0.14537773
42265767.68959044 -1.3716356 -3.4463372 5.091369 -0.09685172 -0.16150431 0.9717548 -0.14222814
42294029.68959044 -1.2027862 -3.4076514 5.3603363 -0.10977371 -0.16479932 0.97031003 -0.13888653
42322345.43959044 -1.0463055 -3.3853579 5.6268897 -0.122732155 -0.16961202 0.968313 -0.13615648
42350709.68959044 -0.8629043 -3.341731 5.913826 -0.1365848 -0.17435259 0.96602404 -0.133204
42379114.68959044 -0.7074025 -3.3230414 6.2103906 -0.1496373 -0.17819875 0.9638353 -0.12990549
42407557.43959044 -0.56993085 -3.2798347 6.4633393 -0.16319376 -0.18300857 0.9611047 -0.12709607
42436032.43959044 -0.4267931 -3.237752 6.7629857 -0.17637663 -0.1878052 0.95825994 -0.12392933
42464532.68959044 -0.2986766 -3.200312 7.057952 -0.18967721 -0.19245288 0.95512193 -0.12135334
42493052.68959044 -0.15288398 -3.1627827 7.3328295 -0.20358226 -0.19730356 0.95156974 -0.1189142
42521587.68959044 -0.022566974 -3.1474214 7.6220794 -0.2174626 -0.2010563 0.9479578 -0.11688674
42550129.68959044 0.07593024 -3.0943384 7.9062157 -0.23138946 -0.20494732 0.94415003 -0.114176884
42578675.43959044 0.17245996 -3.0442104 8.180293 -0.24543233 -0.2083825 0.94016194 -0.111513354
42607223.43959044 0.25630617 -3.004465 8.460557 -0.26001233 -0.21193293 0.93573624 -0.108976044
42635764.68959044 0.34968972 -2.9662178 8.720103 -0.27455497 -0.21508765 0.9311887 -0.106040485
42664300.68959044 0.43832743 -2.9497452 9.014177 -0.29070413 -0.21885751 0.9257965 -0.10243732
42692822.68959044 0.5003128 -2.8971639 9.305595 -0.3052613 -0.22334282 0.9205451 -0.09762384
42721328.43959044 0.5451727 -2.8431196 9.558333 -0.32051805 -0.22732809 0.91481984 -0.09324636
42749814.43959044 0.6056626 -2.8352623 9.846786 -0.33563006 -0.23069067 0.9089134 -0.08950324
42778277.68959044 0.61133385 -2.7864318 10.114324 -0.3496799 -0.23310919 0.9033574 -0.085613124
42806713.68959044 0.65845585 -2.7639513 10.373922 -0.36397645 -0.23336945 0.897889 -0.08279596
42835119.43959044 0.68347 -2.7400742 10.624203 -0.37842402 -0.23189832 0.89238447 -0.08166056
42863490.68959044 0.68243766 -2.7333784 10.857013 -0.39186478 -0.2288861 0.88738304 -0.08126895
42891821.68959044 0.6861119 -2.6984549 11.126852 -0.40639502 -0.22449383 0.88208735 -0.079797536
42920111.68959044 0.68381596 -2.648901 11.455501 -0.4213292 -0.22027197 0.87637275 -0.07702469
42948355.68959044 0.66372585 -2.6341753 11.662205 -0.43572375 -0.2160884 0.8705958 -0.07425342
42976551.43959044 0.6409626 -2.6322193 11.903872 -0.4497511 -0.21196838 0.86463416 -0.07211914
43004698.43959044 0.62849665 -2.60435 12.168354 -0.46438986 -0.20687675 0.8583372 -0.06929197
43032790.68959044 0.6103873 -2.5913386 12.416152 -0.47829723 -0.20339389 0.8516714 -0.06722051
43060825.68959044 0.5628977 -2.557734 12.66481 -0.49087057 -0.20092973 0.8452343 -0.065210745
43088802.68959044 0.50894165 -2.5120673 12.903955 -0.5042164 -0.19845675 0.8380586 -0.0635505
43116723.43959044 0.45213938 -2.4764423 13.145244 -0.5168208 -0.19683719 0.83085746 -0.06186551
43144589.68959044 0.39189625 -2.4297793 13.387276 -0.52926654 -0.19677205 0.8232372 -0.058636207
43172400.68959044 0.31271458 -2.3736627 13.626476 -0.5420647 -0.19695711 0.8150909 -0.054778334
43200156.68959044 0.2484312 -2.3623562 13.852803 -0.5544643 -0.19728759 0.80685097 -0.051366918
43227858.68959044 0.15050507 -2.3235283 14.060706 -0.5657759 -0.19923827 0.7987982 -0.046079785
43255510.68959044 0.08702183 -2.3268073 14.303131 -0.5788753 -0.20067345 0.78923875 -0.041662112
43283113.68959044 -0.0019922256 -2.2891412 14.497939 -0.5900131 -0.2022278 0.7807987 -0.036632888
43310668.68959044 -0.07102966 -2.3024673 14.713214 -0.6014237 -0.20345283 0.7718254 -0.034381803
43338200.68959044 -0.16486263 -2.2758465 14.920144 -0.61270386 -0.20312162 0.76305723 -0.032852214
43365692.68959044 -0.27385902 -2.2895992 15.161987 -0.62356526 -0.20223373 0.7543834 -0.03425941
43393123.68959044 -0.38322544 -2.2724977 15.402841 -0.6336687 -0.20085002 0.74617016 -0.036786944
43420519.68959044 -0.49956512 -2.2227821 15.522671 -0.6427536 -0.19875024 0.7388006 -0.0392427
43447883.68959044 -0.61243534 -2.2093968 15.738904 -0.6529369 -0.19746225 0.73004943 -0.041351788
43475220.68959044 -0.73026943 -2.201105 15.936269 -0.6624587 -0.19572198 0.7217959 -0.04303502
43502539.68959044 -0.8463917 -2.1958706 16.113083 -0.67151463 -0.19436403 0.71365124 -0.044640478
43529846.68959044 -0.98568726 -2.185751 16.271687 -0.6798182 -0.19290106 0.7061247 -0.044992678
43557146.68959044 -1.1209879 -2.1728528 16.466364 -0.68908435 -0.19142017 0.6974276 -0.045999635
43584440.68959044 -1.2822247 -2.1435688 16.624392 -0.69697106 -0.18941976 0.6900968 -0.04602153
43611734.68959044 -1.391676 -2.15626 16.79269 -0.70576495 -0.18861237 0.68120587 -0.04774799
43639025.68959044 -1.5371017 -2.1255038 16.933075 -0.71407735 -0.18655147 0.6731049 -0.047137573
43666315.68959044 -1.6467247 -2.125823 17.058975 -0.7221822 -0.18580507 0.6646147 -0.04708263
43693605.68959044 -1.8537102 -2.097846 17.222502 -0.73035914 -0.18472303 0.65604144 -0.045415673
43720898.68959044 -1.9950886 -2.116249 17.374903 -0.73951465 -0.18462817 0.6458434 -0.04378197
43748195.68959044 -2.1494293 -2.1237962 17.512642 -0.7481973 -0.18404542 0.63614595 -0.040576298
43775502.68959044 -2.2923508 -2.1224566 17.638346 -0.7567616 -0.18413453 0.6261002 -0.037482977
43802817.68959044 -2.4744797 -2.1458642 17.785788 -0.76596344 -0.18377863 0.61514986 -0.033408806
43830140.68959044 -2.6347103 -2.1590784 17.907104 -0.7747745 -0.18394652 0.6041985 -0.028851572
43857471.68959044 -2.8157387 -2.1680954 18.033207 -0.78319097 -0.183803 0.59355015 -0.022947893
43884809.43959044 -3.0354404 -2.166071 18.150093 -0.7915258 -0.18349342 0.5827157 -0.01611047
43912154.68959044 -3.2352734 -2.1665082 18.273006 -0.7997081 -0.18376523 0.57150143 -0.009127785
43939502.68959044 -3.4106731 -2.1791139 18.371098 -0.80750346 -0.18408655 0.5603936 -0.003060871
43966849.68959044 -3.5819778 -2.1962159 18.478977 -0.81534076 -0.18477325 0.5486944 0.0035848557
43994193.68959044 -3.7612267 -2.217568 18.569933 -0.8221249 -0.1866663 0.5377379 0.010211611
44021531.68959044 -3.9622307 -2.2227376 18.675953 -0.828774 -0.18918324 0.52633727 0.017677616
44048861.43959044 -4.1322308 -2.2421029 18.76183 -0.8349306 -0.19184427 0.5152833 0.023869079
44076183.68959044 -4.327423 -2.2659936 18.850117 -0.8410571 -0.19414325 0.50406104 0.029219091
44103498.68959044 -4.510893 -2.294026 18.935299 -0.8466788 -0.1970401 0.4930676 0.034561876
44130802.68959044 -4.710781 -2.3028274 19.006487 -0.8524146 -0.19893369 0.48181486 0.04085641
44158097.43959044 -4.895281 -2.34029 19.07508 -0.8579215 -0.20152561 0.4702777 0.046873644
44185383.68959044 -5.1007595 -2.3569686 19.147194 -0.8631261 -0.20367783 0.4589979 0.053382676
44212658.68959044 -5.2736034 -2.388364 19.202663 -0.8678881 -0.20611972 0.44813564 0.058816146
44239922.43959044 -5.4819336 -2.4067225 19.252697 -0.8725881 -0.20736615 0.43789342 0.06195689
44267175.68959044 -5.656601 -2.434777 19.303915 -0.8771743 -0.20873658 0.427834 0.062868096
44294415.68959044 -5.844612 -2.4780483 19.365047 -0.88195467 -0.20961885 0.4176199 0.06172106
44321647.68959044 -6.016815 -2.500705 19.386261 -0.88620704 -0.2105297 0.4084377 0.05910149
44348864.68959044 -6.223303 -2.5181503 19.414558 -0.8906422 -0.21051887 0.39903134 0.05667685
44376067.68959044 -6.3950844 -2.5410702 19.437813 -0.8950998 -0.21002132 0.38960767 0.05378904
44403260.68959044 -6.586014 -2.5732923 19.458582 -0.89926124 -0.2100193 0.38014656 0.052054957
44430447.68959044 -6.8021736 -2.5847158 19.466274 -0.9034896 -0.2091929 0.370764 0.04978985
44457626.68959044 -6.9818764 -2.6183784 19.47978 -0.90739465 -0.20914522 0.3613868 0.04788485
44484801.43959044 -7.1572094 -2.655568 19.482765 -0.9111733 -0.20922546 0.35196027 0.045957517
44511973.68959044 -7.3628235 -2.6708515 19.469215 -0.91446954 -0.2094682 0.3433022 0.04485795
44539142.68959044 -7.5463104 -2.7031662 19.470476 -0.9182842 -0.20919746 0.33341232 0.042741265
44566310.68959044 -7.742258 -2.730537 19.458036 -0.9214016 -0.20952186 0.32451114 0.04257046
44593476.43959044 -7.9296093 -2.740956 19.42756 -0.9243572 -0.20985585 0.31565368 0.04344036
44620642.68959044 -8.118744 -2.7768383 19.393621 -0.9274544 -0.2104831 0.30585903 0.04444612
44647804.43959044 -8.300564 -2.8134062 19.374056 -0.9303111 -0.21130995 0.29627213 0.04574163
44674964.68959044 -8.483921 -2.832606 19.329103 -0.93295735 -0.21188809 0.28704885 0.04792787
44702117.68959044 -8.659956 -2.872373 19.300922 -0.9355527 -0.2128413 0.27750075 0.049327374
44729262.68959044 -8.855001 -2.9064734 19.259815 -0.9381607 -0.21383333 0.26724282 0.05206858
44756401.68959044 -9.033733 -2.9323826 19.194393 -0.9403525 -0.21495718 0.25770164 0.055862144
44783530.68959044 -9.227213 -2.9612374 19.155094 -0.9430922 -0.21476631 0.24679315 0.059545804
44810649.68959044 -9.39801 -2.9966216 19.09273 -0.94538265 -0.21509576 0.23600581 0.06547378
44837758.68959044 -9.574892 -3.0189176 19.017677 -0.947449 -0.21547613 0.22516027 0.07220313
44864859.68959044 -9.760567 -3.0522156 18.947548 -0.9495066 -0.21516222 0.21411382 0.07935895
44891950.68959044 -9.935322 -3.0918756 18.87938 -0.95150274 -0.21469852 0.20283945 0.08604139
44919032.68959044 -10.108898 -3.11763 18.795473 -0.9532502 -0.21383215 0.19221132 0.09297673
44946106.68959044 -10.2853985 -3.1416516 18.703989 -0.95469683 -0.21370308 0.18124394 0.10017806
44973170.43959044 -10.455404 -3.1693149 18.616285 -0.9558647 -0.21356332 0.17085925 0.107333325
45000224.68959044 -10.627762 -3.1970205 18.521286 -0.9569738 -0.21346319 0.16044821 0.11353864
45027269.68959044 -10.783089 -3.217349 18.428028 -0.95785236 -0.21299909 0.1504406 0.12049078
45054300.68959044 -10.942671 -3.2522392 18.327747 -0.9584755 -0.21298501 0.13991709 0.12800536
45081320.43959044 -11.110847 -3.2768455 18.219471 -0.95897275 -0.21256244 0.1298316 0.13539663
45108327.68959044 -11.254801 -3.3010216 18.109295 -0.95933586 -0.21212566 0.11975333 0.14260653
45135324.68959044 -11.416746 -3.3237953 18.001299 -0.95956063 -0.21132833 0.10916734 0.15055338
45162309.68959044 -11.563902 -3.3428907 17.878567 -0.95949507 -0.21100079 0.09871585 0.15843955
45189283.68959044 -11.704266 -3.3656187 17.755709 -0.9593491 -0.21029052 0.08917362 0.16575702
45216249.68959044 -11.846327 -3.3768196 17.626534 -0.9591382 -0.20977873 0.079435684 0.17244335
45243214.68959044 -11.969555 -3.404787 17.489887 -0.9584895 -0.20949467 0.07053432 0.18009669
45270177.68959044 -12.101066 -3.4087515 17.35662 -0.9580111 -0.20901324 0.06140084 0.18643577
45297141.68959044 -12.225677 -3.4241962 17.215181 -0.9575975 -0.20816685 0.05237915 0.19217221
45324109.68959044 -12.353252 -3.4343767 17.073467 -0.95698047 -0.20820592 0.042809572 0.19749972
45351085.68959044 -12.452796 -3.4355764 16.923592 -0.95614654 -0.2087399 0.035161607 0.20242329
45378070.68959044 -12.56097 -3.4368 16.774342 -0.9555543 -0.20915996 0.027279152 0.20597088
45405066.43959044 -12.663545 -3.4614143 16.629505 -0.95480245 -0.21038502 0.019615527 0.20905922
45432074.68959044 -12.767999 -3.4536123 16.47469 -0.95435494 -0.21110629 0.013027049 0.21088172
45459098.68959044 -12.85553 -3.467843 16.30222 -0.953884 -0.2123355 0.0066951243 0.2120713
45486138.68959044 -12.948688 -3.45434 16.133678 -0.95378673 -0.21266755 0.0010771205 0.21227881
45513197.68959044 -13.016602 -3.4463377 15.965303 -0.9533432 -0.21353282 -0.0033736438 0.21337572
45540278.68959044 -13.115915 -3.456689 15.808183 -0.9537028 -0.21270543 -0.009261342 0.21241876
45567382.68959044 -13.177894 -3.4716034 15.622735 -0.95323503 -0.21413627 -0.013652389 0.21284333
45594515.68959044 -13.25082 -3.4633121 15.446775 -0.95410687 -0.21282789 -0.01712551 0.20997892
45621680.43959044 -13.311359 -3.4594212 15.267743 -0.9544401 -0.21202418 -0.020559544 0.2089667
45648882.68959044 -13.364615 -3.4537077 15.0705 -0.9550804 -0.21025933 -0.023432968 0.20751731
45676125.43959044 -13.422126 -3.431158 14.852848 -0.95548743 -0.2079476 -0.027077176 0.20752925
45703412.43959044 -13.472237 -3.4187794 14.652545 -0.956307 -0.20525463 -0.02947303 0.2061041
45730744.68959044 -13.509672 -3.4392338 14.445645 -0.95681155 -0.20392892 -0.03161115 0.20475698
45758121.43959044 -13.55455 -3.4031396 14.247713 -0.95797855 -0.19982228 -0.033988286 0.20296063
45785541.43959044 -13.567185 -3.4047036 14.024909 -0.9587576 -0.1974291 -0.036300026 0.20121634
45813004.43959044 -13.608409 -3.3841515 13.815178 -0.95955455 -0.19482301 -0.038491305 0.19954325
45840505.68959044 -13.637619 -3.3839016 13.594651 -0.9602539 -0.19287372 -0.04109952 0.19754273
45868040.68959044 -13.645227 -3.361638 13.372265 -0.9611515 -0.19083604 -0.04254618 0.19483162
45895607.68959044 -13.663331 -3.3460364 13.134127 -0.96216893 -0.1880475 -0.0432093 0.19235937
45923202.43959044 -13.668208 -3.339201 12.923434 -0.963431 -0.18586685 -0.043500606 0.18804786
45950822.68959044 -13.679399 -3.321198 12.703896 -0.9650032 -0.18438064 -0.043029975 0.18144178
45978462.68959044 -13.705574 -3.3199787 12.480049 -0.96662605 -0.18352848 -0.042530987 0.17361607
46006116.68959044 -13.688394 -3.24619 12.196006 -0.9685423 -0.18137687 -0.041624703 0.16521424
46033785.68959044 -13.698416 -3.2544227 11.955282 -0.97025573 -0.18037808 -0.040207412 0.15636843
46061462.68959044 -13.68629 -3.2338347 11.722213 -0.97197664 -0.17912687 -0.03845524 0.14729652
46089144.68959044 -13.692266 -3.2025285 11.477656 -0.9737929 -0.17650458 -0.036240824 0.13878092
46116830.68959044 -13.667145 -3.1953235 11.252588 -0.97554773 -0.17425661 -0.033284876 0.12974416
46144514.68959044 -13.660716 -3.187469 10.999592 -0.97707105 -0.1720071 -0.03208175 0.121311784
46172198.43959044 -13.649225 -3.175783 10.76112 -0.9786711 -0.1692591 -0.03116959 0.112173036
46199879.68959044 -13.626915 -3.1638825 10.519681 -0.98000103 -0.16700906 -0.029550929 0.10408054
46227559.68959044 -13.581019 -3.1221662 10.298077 -0.98139685 -0.16436628 -0.028724046 0.09496792
46255238.43959044 -13.56365 -3.127303 10.084013 -0.98240197 -0.16292281 -0.0283024 0.0868424
46282921.68959044 -13.521054 -3.1261325 9.825758 -0.98324263 -0.1613656 -0.0275899 0.08021201
46310610.43959044 -13.50232 -3.1040292 9.561887 -0.98403466 -0.15955038 -0.02684966 0.07415269
46338309.43959044 -13.47116 -3.0975132 9.30032 -0.98463315 -0.15816343 -0.026919525 0.068973474
46366018.43959044 -13.44342 -3.0409627 9.062036 -0.9853159 -0.15606034 -0.026556635 0.06397339
46393742.68959044 -13.415174 -3.073938 8.830897 -0.98556864 -0.156306 -0.026642004 0.059271522
46421485.68959044 -13.406646 -3.0329738 8.541784 -0.98614466 -0.15456636 -0.026725523 0.053979836
46449250.68959044 -13.361613 -3.026772 8.299404 -0.9865288 -0.15416034 -0.026191482 0.048057754
46477039.68959044 -13.34938 -2.9754815 8.03739 -0.9870471 -0.15267353 -0.026191711 0.041749723
46504862.68959044 -13.317165 -2.9825735 7.7917395 -0.9870445 -0.15395308 -0.025916453 0.03701459
46532722.68959044 -13.288532 -2.9549325 7.5258694 -0.98730004 -0.15340476 -0.025687952 0.032339584
46560626.43959044 -13.258351 -2.9365957 7.271699 -0.98743844 -0.1530779 -0.025520226 0.029685492
46588579.68959044 -13.237675 -2.9146461 7.011092 -0.98754174 -0.15258618 -0.025413683 0.028861033
46616586.68959044 -13.206573 -2.923713 6.7787504 -0.9875136 -0.15315983 -0.023936482 0.028037312
46644651.68959044 -13.139964 -2.8853347 6.502613 -0.987709 -0.1517057 -0.02181639 0.030667923
46672778.68959044 -13.11475 -2.8615496 6.241826 -0.9877518 -0.15161306 -0.01913457 0.03152584
46700973.43959044 -13.098723 -2.8487039 5.9979525 -0.9877628 -0.15165372 -0.016358186 0.03253046
46729237.68959044 -13.036306 -2.8382776 5.7540894 -0.9878367 -0.1518179 -0.010506265 0.031929884
46757576.68959044 -13.020726 -2.793869 5.461195 -0.98801535 -0.15133114 -0.0058026887 0.029846776
46785995.68959044 -12.980143 -2.7977467 5.2075024 -0.9881253 -0.15141542 0.0011027281 0.026086802
46814493.68959044 -12.954514 -2.7386703 4.909275 -0.98834634 -0.15055406 0.008258047 0.020901343
46843077.68959044 -12.91557 -2.7234488 4.624263 -0.98828834 -0.15099971 0.016101182 0.015038524
46871748.68959044 -12.895955 -2.6922212 4.3620768 -0.98817134 -0.15128824 0.023152463 0.009665383
46900511.43959044 -12.869803 -2.6666865 4.0758576 -0.98795825 -0.15156254 0.030561598 0.0057751616
46929370.68959044 -12.841686 -2.6490595 3.7829092 -0.98777974 -0.15139343 0.03693589 0.0026520423
46958330.68959044 -12.80826 -2.6217022 3.489871 -0.9876169 -0.15093577 0.042783275 -0.00093141256
46987393.68959044 -12.789507 -2.5931423 3.1982799 -0.98744583 -0.15026984 0.04849659 -0.004232102
47016560.68959044 -12.780224 -2.5512655 2.8957968 -0.9873576 -0.14908922 0.053333405 -0.00727737
47045831.68959044 -12.774102 -2.509135 2.5838525 -0.98722875 -0.14852427 0.056926373 -0.008913108
47075204.68959044 -12.747504 -2.4826975 2.2886486 -0.986934 -0.14864294 0.061513178 -0.009102656
47104678.68959044 -12.731168 -2.422038 1.9836752 -0.9868012 -0.14797111 0.06528051 -0.008147102
47134243.43959044 -12.712348 -2.3902645 1.6859243 -0.9864824 -0.14823627 0.06938312 -0.008036254
47163894.68959044 -12.687045 -2.3514645 1.3848621 -0.9860179 -0.14907616 0.07408382 -0.007527502
47193625.68959044 -12.671258 -2.321768 1.0899105 -0.98557854 -0.14963345 0.07869553 -0.0072024288
47223429.68959044 -12.655319 -2.2665358 0.78746724 -0.9851846 -0.14939119 0.08382986 -0.008129811
47253303.43959044 -12.654906 -2.2411335 0.48346376 -0.9846988 -0.14964662 0.088861994 -0.008822592
47283240.68959044 -12.647539 -2.1793592 0.1650548 -0.98412514 -0.14928997 0.09536086 -0.010793547
47313238.68959044 -12.633256 -2.1314156 -0.15852451 -0.9833901 -0.14925808 0.10236696 -0.013675538
47343297.68959044 -12.635205 -2.0787754 -0.4644208 -0.9826942 -0.14865854 0.10934711 -0.015999725
47373418.68959044 -12.630983 -2.0432363 -0.75902605 -0.9816044 -0.1492487 0.11759034 -0.018716916
47403602.68959044 -12.638768 -1.9967403 -1.0607162 -0.9804605 -0.14921814 0.12626934 -0.022074621
47433848.68959044 -12.637539 -1.9329125 -1.3809137 -0.979009 -0.14942527 0.13607132 -0.0264223
47464151.68959044 -12.654441 -1.8724906 -1.6890664 -0.9775738 -0.1487581 0.14553489 -0.032249894
47494504.68959044 -12.668639 -1.8166583 -1.9994574 -0.9759035 -0.14802206 0.15573971 -0.03803986
47524897.68959044 -12.686245 -1.7659256 -2.3096285 -0.9740862 -0.14671317 0.16619325 -0.044846572
47555324.68959044 -12.698995 -1.710768 -2.637166 -0.9720962 -0.1450126 0.1771169 -0.051283065
47585779.68959044 -12.712952 -1.6542206 -2.963233 -0.9699722 -0.14292316 0.18794307 -0.05834751
47616260.43959044 -12.73113 -1.609051 -3.2770205 -0.9674709 -0.14128986 0.19888191 -0.06695705
47646767.68959044 -12.760026 -1.5458827 -3.598713 -0.96470636 -0.13872035 0.21039717 -0.07636359
47677307.68959044 -12.793512 -1.4947219 -3.9287424 -0.961718 -0.13588534 0.22188228 -0.08603408
47707883.68959044 -12.827856 -1.4498892 -4.262886 -0.9584188 -0.13300267 0.23348466 -0.0960655
47738498.68959044 -12.857956 -1.393671 -4.5846586 -0.9549574 -0.12936795 0.24531475 -0.10555118
47769155.43959044 -12.904432 -1.3379846 -4.9044056 -0.95133173 -0.12495711 0.25688183 -0.11560917
47799860.68959044 -12.961183 -1.2858877 -5.237136 -0.9475286 -0.12043204 0.26850304 -0.12486749
47830615.43959044 -13.015316 -1.2352915 -5.5624943 -0.9433617 -0.11604372 0.28089365 -0.13304654
47861425.68959044 -13.081381 -1.188849 -5.8840427 -0.9391172 -0.11018173 0.29324135 -0.14116839
47892297.43959044 -13.150812 -1.1501846 -6.2073975 -0.9347519 -0.10329295 0.30536693 -0.1494002
47923230.68959044 -13.211832 -1.1195292 -6.531685 -0.93014365 -0.09624675 0.31811434 -0.15611729
47954234.68959044 -13.31007 -1.0767651 -6.841999 -0.9254652 -0.08750309 0.33044595 -0.16328786
47985317.68959044 -13.416863 -1.0320196 -7.155443 -0.9207735 -0.07911171 0.34245417 -0.16924134
48016480.68959044 -13.515282 -0.98779106 -7.460453 -0.91560364 -0.07047853 0.35513636 -0.17487414
48047724.43959044 -13.617288 -0.95272374 -7.7708607 -0.9095071 -0.062821664 0.3689866 -0.18082945
48079046.43959044 -13.742709 -0.9134464 -8.071053 -0.90309227 -0.054319095 0.3833781 -0.18572848
48110435.43959044 -13.86096 -0.88856506 -8.35544 -0.8957773 -0.046057824 0.399359 -0.18966854
48141879.68959044 -13.997652 -0.8605579 -8.642897 -0.88771087 -0.037220847 0.41622669 -0.19323406
48173365.68959044 -14.135021 -0.84335387 -8.916618 -0.87883115 -0.028142467 0.43329987 -0.19777547
48204877.68959044 -14.269422 -0.8198667 -9.187477 -0.8689514 -0.01960385 0.4513694 -0.20200221
48236393.68959044 -14.418984 -0.8018755 -9.453165 -0.8581631 -0.010211531 0.47026816 -0.20566888
48267885.68959044 -14.577428 -0.7824482 -9.703743 -0.8468022 0.00014064647 0.48867047 -0.2100648
48299328.68959044 -14.764853 -0.7701949 -9.983138 -0.8338594 0.011216811 0.5089053 -0.21346708
48330703.43959044 -14.939402 -0.7568617 -10.271856 -0.81920236 0.022270808 0.5308113 -0.21598838
48361982.68959044 -15.12763 -0.746516 -10.5165415 -0.8039441 0.03297785 0.55275756 -0.21689953
48393140.68959044 -15.31476 -0.7426524 -10.745112 -0.7871974 0.043400697 0.5755612 -0.21717708
48424155.68959044 -15.5152 -0.73700905 -10.936394 -0.7697358 0.053351738 0.59796774 -0.21701379
48455008.43959044 -15.733847 -0.71709657 -11.14502 -0.75146806 0.06303279 0.62042016 -0.21541028
48485681.43959044 -15.907579 -0.72191095 -11.362555 -0.7309505 0.071624 0.643925 -0.21434094
48516159.43959044 -16.109905 -0.723917 -11.555714 -0.70967 0.080208845 0.666588 -0.21353115
48546428.68959044 -16.278284 -0.7462096 -11.693574 -0.6883148 0.087286964 0.687899 -0.21306978
48576474.68959044 -16.486671 -0.7445116 -11.860478 -0.66639584 0.094466835 0.7088608 -0.21097136
48606292.43959044 -16.681692 -0.75635576 -12.009195 -0.64379424 0.1005693 0.729044 -0.20954639
48635879.43959044 -16.872616 -0.758368 -12.138591 -0.6211768 0.106004976 0.7481574 -0.20775683
48665232.68959044 -17.062874 -0.77625275 -12.267319 -0.5978582 0.1102907 0.7666082 -0.2066722
48694357.68959044 -17.260056 -0.77828026 -12.373865 -0.57571083 0.11243898 0.783346 -0.20563014
48723254.68959044 -17.443249 -0.789166 -12.4935465 -0.55305 0.11241355 0.7998448 -0.20432168
48751929.43959044 -17.638824 -0.79555225 -12.597641 -0.53064114 0.11147316 0.8154782 -0.20245725
48780390.43959044 -17.825275 -0.8067236 -12.68848 -0.5087188 0.110131055 0.8297641 -0.2014146
48808650.43959044 -18.015339 -0.8206706 -12.758266 -0.4880128 0.10791998 0.84260374 -0.20053886
48836717.68959044 -18.199062 -0.832438 -12.833629 -0.46861494 0.10468726 0.85404134 -0.2001351
48864603.43959044 -18.380901 -0.84614944 -12.892814 -0.45189646 0.10112531 0.8631133 -0.20149155
48892321.68959044 -18.56997 -0.8514235 -12.932341 -0.43623203 0.09735704 0.87114173 -0.203311
48919888.43959044 -18.741947 -0.86473584 -12.963817 -0.42166662 0.093620464 0.87801456 -0.2062109
48947322.68959044 -18.903618 -0.89198136 -13.00039 -0.40691635 0.08909249 0.8848126 -0.20877817
48974640.68959044 -19.064224 -0.9172039 -13.02437 -0.39297447 0.08417101 0.8910511 -0.21098404
49001858.68959044 -19.22481 -0.9472046 -13.044797 -0.37892264 0.080211185 0.89712936 -0.21246827
49028990.43959044 -19.397705 -0.96496296 -13.045984 -0.36543295 0.076978564 0.9029177 -0.21277408
49056044.68959044 -19.555086 -0.9931946 -13.040504 -0.3521205 0.07436233 0.9084759 -0.21249251
49083029.43959044 -19.714973 -1.030479 -13.032746 -0.33838397 0.07314513 0.9140677 -0.21124974
49109951.43959044 -19.87511 -1.0576553 -13.009393 -0.32506245 0.072589606 0.9191559 -0.21028024
49136812.68959044 -20.023699 -1.1002653 -12.98988 -0.31155986 0.072622746 0.923875 -0.21002747
49163643.68959044 -20.181065 -1.1250858 -12.950363 -0.2990483 0.07279625 0.9278476 -0.21064109
49190415.68959044 -20.326237 -1.1656396 -12.909607 -0.2858834 0.07187517 0.9318148 -0.21172127
49217098.68959044 -20.474213 -1.2049096 -12.8581505 -0.27296194 0.0715115 0.9355398 -0.21246932
49243723.68959044 -20.614256 -1.2444024 -12.811754 -0.2601123 0.070681855 0.9391681 -0.21285899
49270291.68959044 -20.757774 -1.2852191 -12.747402 -0.24683572 0.07035729 0.9428245 -0.2126125
49296802.43959044 -20.900778 -1.33616 -12.684307 -0.23325433 0.07053602 0.9465206 -0.21146125
49323254.68959044 -21.04057 -1.3797511 -12.605354 -0.21954915 0.07264769 0.9498648 -0.21042214
49349645.68959044 -21.17686 -1.4298799 -12.525729 -0.205328 0.074279666 0.95331013 -0.2086213
49375975.68959044 -21.30669 -1.4757917 -12.442104 -0.19128044 0.07640805 0.9563064 -0.20748931
49402247.68959044 -21.434536 -1.5204859 -12.34787 -0.17762914 0.07776672 0.9591462 -0.20600693
49428465.68959044 -21.551886 -1.570967 -12.252357 -0.16330625 0.0801185 0.96155435 -0.20573106
49454632.43959044 -21.689081 -1.6252525 -12.141626 -0.14890116 0.08125 0.9638616 -0.20542091
49480751.43959044 -21.80616 -1.6771642 -12.028376 -0.1350482 0.08241246 0.96567464 -0.2060164
49506827.68959044 -21.921255 -1.7344191 -11.933021 -0.121169634 0.08327149 0.9671242 -0.20749612
49532869.68959044 -22.035673 -1.7926291 -11.815731 -0.10678328 0.08331086 0.9684344 -0.20926423
49558881.43959044 -22.16957 -1.8548594 -11.685304 -0.091440015 0.0829581 0.9697421 -0.21061085
49584868.68959044 -22.275846 -1.9041595 -11.54952 -0.076982096 0.08379126 0.97058904 -0.21215501
49610838.68959044 -22.385576 -1.9597565 -11.42968 -0.062012378 0.08426955 0.9710643 -0.2146796
49636792.68959044 -22.479527 -2.0228355 -11.283592 -0.0474506 0.08570307 0.9712834 -0.21682273
49662740.68959044 -22.577055 -2.075254 -11.147194 -0.032451943 0.0876584 0.97122645 -0.2190481
49688683.43959044 -22.67927 -2.1489544 -10.9977865 -0.017367225 0.08941296 0.97084916 -0.22171092
49714620.68959044 -22.768944 -2.2018657 -10.848158 -0.0023979824 0.09177306 0.97044766 -0.2231665
49740553.68959044 -22.856262 -2.2506943 -10.686431 0.012282559 0.0955225 0.9696762 -0.2246169
49766480.68959044 -22.942217 -2.3110216 -10.524811 0.027909387 0.09964934 0.9685134 -0.22643511
49792395.68959044 -23.02734 -2.3643034 -10.359873 0.043972723 0.10398367 0.9670384 -0.2282336
49818293.68959044 -23.105196 -2.4248958 -10.184144 0.06016495 0.10883285 0.9651669 -0.23019202
49844172.68959044 -23.18785 -2.4813929 -10.012171 0.07718296 0.114074595 0.96312135 -0.23114322
49870029.68959044 -23.253729 -2.5285869 -9.837768 0.09417281 0.119493894 0.9607433 -0.23200238
49895864.43959044 -23.319138 -2.5803857 -9.662222 0.11151988 0.1257774 0.95805585 -0.2321044
49921676.68959044 -23.384228 -2.641141 -9.473045 0.12898575 0.13329992 0.9548827 -0.2319331
49947466.68959044 -23.433447 -2.6910815 -9.2762785 0.14551081 0.1418439 0.9516701 -0.23028465
49973236.68959044 -23.49653 -2.743695 -9.090136 0.1624412 0.15086949 0.94807905 -0.22802953
49998987.68959044 -23.535425 -2.793566 -8.892078 0.17950591 0.1590704 0.9443732 -0.22501905
50024721.68959044 -23.584929 -2.8411026 -8.675097 0.19562218 0.16862796 0.9403091 -0.22162022
50050443.68959044 -23.617332 -2.905785 -8.4754925 0.21157654 0.17756592 0.9358433 -0.21886772
50076156.68959044 -23.65872 -2.9477057 -8.268911 0.22789419 0.18696603 0.93102896 -0.21515813
50101861.68959044 -23.67987 -2.9995155 -8.062078 0.24355371 0.19690856 0.9257807 -0.21175185
50127560.68959044 -23.706448 -3.033766 -7.8498416 0.25939092 0.20732073 0.92019147 -0.20732136
50153257.68959044 -23.713005 -3.074647 -7.6267323 0.27470735 0.21777646 0.914167 -0.20348972
50178959.68959044 -23.721962 -3.1273265 -7.4125905 0.28981864 0.22934312 0.907376 -0.2001894
50204674.68959044 -23.724741 -3.1743488 -7.210325 0.30436325 0.24078736 0.90035975 -0.19681686
50230409.68959044 -23.716026 -3.2188628 -6.997547 0.318134 0.2525446 0.89322597 -0.19276771
50256170.43959044 -23.695791 -3.26182 -6.7833357 0.33142343 0.26402974 0.8859547 -0.18849735
50281965.43959044 -23.666035 -3.3044434 -6.565114 0.34406868 0.2762896 0.8784557 -0.18329327
50307795.43959044 -23.644766 -3.3543096 -6.340784 0.35688835 0.28849164 0.8705127 -0.17779483
50333667.43959044 -23.611237 -3.4012587 -6.1181364 0.3690265 0.3010176 0.8625459 -0.17094599
50359582.68959044 -23.562618 -3.4424984 -5.9003134 0.38111833 0.3134548 0.85419405 -0.16385241
50385545.43959044 -23.527092 -3.4770985 -5.674467 0.39332342 0.3259982 0.84536624 -0.1561339
50411531.68959044 -23.473104 -3.507244 -5.458891 0.4046743 0.3385817 0.8364697 -0.14805268
50437570.68959044 -23.408665 -3.5378132 -5.259041 0.41585568 0.35062206 0.8272976 -0.14038122
50463690.43959044 -23.328773 -3.5720325 -5.0477743 0.42703265 0.3618284 0.81808007 -0.13216798
50489868.68959044 -23.243044 -3.6047568 -4.835064 0.43838722 0.37119544 0.80908954 -0.124116264
50516102.68959044 -23.15034 -3.624961 -4.620164 0.44918263 0.37871608 0.8007499 -0.11665691
50542388.68959044 -23.090485 -3.667636 -4.405243 0.4609653 0.38489935 0.79200864 -0.10993564
50568728.68959044 -22.990303 -3.6984024 -4.1969833 0.4716218 0.38962632 0.7841611 -0.104189925
50595116.68959044 -22.878828 -3.709609 -3.9868155 0.4813735 0.39147678 0.7778518 -0.09986033
50621554.68959044 -22.777418 -3.7575822 -3.807869 0.49118015 0.38982818 0.77262926 -0.09909656
50648039.68959044 -22.59198 -3.7514648 -3.5949116 0.4996021 0.3860817 0.7692997 -0.09755388
50674572.68959044 -22.451122 -3.737206 -3.409192 0.5075227 0.38158232 0.7665549 -0.0959652
50701149.68959044 -22.295628 -3.7417798 -3.2039366 0.514901 0.37750453 0.7636792 -0.09571596
50727774.68959044 -22.130856 -3.743651 -3.0271358 0.52188826 0.3730157 0.76118827 -0.09531235
50754451.43959044 -21.965193 -3.7457356 -2.8368921 0.527519 0.369473 0.75896746 -0.09582227
50781184.68959044 -21.788235 -3.7284431 -2.6553621 0.5325147 0.3664134 0.7569008 -0.096283495
50807979.68959044 -21.5951 -3.7254763 -2.4813232 0.5371103 0.3635308 0.7548215 -0.097991996
50834841.43959044 -21.401588 -3.726215 -2.3104305 0.541579 0.36023185 0.75298816 -0.099670336
50861776.68959044 -21.201733 -3.6994624 -2.1398106 0.54523563 0.35742387 0.7514939 -0.10111058
50888792.43959044 -21.001583 -3.6946354 -1.9835033 0.54912233 0.35336295 0.7502403 -0.1036287
50915893.68959044 -20.79432 -3.6874843 -1.8214655 0.5518553 0.34839702 0.7502118 -0.10610178
50943087.68959044 -20.56801 -3.655981 -1.6773453 0.5531258 0.34325552 0.75128955 -0.1085891
50970379.68959044 -20.330582 -3.6418014 -1.5243626 0.55523765 0.33676928 0.7523033 -0.11107338
50997777.68959044 -20.126347 -3.612533 -1.3777847 0.5564207 0.32881838 0.75464 -0.113105975
51025282.68959044 -19.871895 -3.5868254 -1.1972466 0.55827636 0.32008922 0.7566903 -0.11528322
51052899.68959044 -19.637482 -3.5484242 -1.0785389 0.55842435 0.31077567 0.76006854 -0.11779913
51080636.43959044 -19.379244 -3.5287948 -0.93042946 0.5586755 0.29913315 0.76392937 -0.121708915
51108495.68959044 -19.115705 -3.4600494 -0.78961754 0.5592782 0.28620675 0.76788235 -0.1251015
51136481.43959044 -18.839493 -3.443453 -0.6477022 0.55858535 0.2732959 0.7722465 -0.13010502
51164593.68959044 -18.572725 -3.3829484 -0.5137634 0.557099 0.2610948 0.77692705 -0.13362104
51192838.68959044 -18.290653 -3.3311996 -0.36845684 0.55605716 0.24862726 0.7810339 -0.13773562
51221218.68959044 -17.99717 -3.286034 -0.24730968 0.5532784 0.2371023 0.7859961 -0.14098154
51249734.68959044 -17.711971 -3.249298 -0.12159729 0.550453 0.22576419 0.7906728 -0.14445986
51278386.68959044 -17.42405 -3.1903021 0.008126259 0.5475167 0.21451223 0.79535455 -0.14704128
51307172.43959044 -17.128038 -3.1717694 0.12251091 0.5437884 0.203947 0.8000818 -0.15022974
51336084.68959044 -16.831276 -3.1277046 0.24938679 0.53955436 0.19363473 0.8050683 -0.15248546
51365111.68959044 -16.51323 -3.0851014 0.37708855 0.5348576 0.18270704 0.8103413 -0.15457238
51394241.68959044 -16.173819 -3.0410376 0.5062046 0.5296219 0.17158797 0.8157448 -0.1569036
51423457.68959044 -15.859263 -2.9926944 0.6497431 0.52395433 0.16064535 0.82115054 -0.15930079
51452747.68959044 -15.530027 -2.9450533 0.7977047 0.5184695 0.14994246 0.82624316 -0.16133481
51482096.68959044 -15.20182 -2.9242468 0.92419386 0.5116691 0.14022996 0.8317886 -0.16327319
51511486.43959044 -14.857475 -2.88893 1.0493989 0.5046641 0.13111362 0.83741415 -0.16389312
51540901.68959044 -14.5119095 -2.8637247 1.1835155 0.49687308 0.123450115 0.84314215 -0.16428173
51570328.68959044 -14.178093 -2.8295472 1.3086038 0.4884969 0.11578876 0.8489517 -0.16506009
51599752.68959044 -13.821245 -2.8069322 1.439476 0.47942156 0.10787341 0.85484964 -0.16658466
51629163.43959044 -13.454825 -2.7625794 1.5849986 0.4694556 0.099768765 0.86141026 -0.1662229
51658553.68959044 -13.130655 -2.7385912 1.7139463 0.4590595 0.09081575 0.867911 -0.16657594
51687916.43959044 -12.796091 -2.7245176 1.8715444 0.44847038 0.08225752 0.87425405 -0.16669695
51717238.68959044 -12.435341 -2.707008 2.0175312 0.4369436 0.07297538 0.8810149 -0.16603556
51746502.68959044 -12.086711 -2.664372 2.1814842 0.4256769 0.06311307 0.88749474 -0.16483058
51775691.43959044 -11.736582 -2.6653183 2.3303769 0.41241533 0.054080337 0.89442194 -0.16431162
51804792.68959044 -11.387931 -2.6320825 2.5005574 0.39842004 0.04448668 0.90146416 -0.16323265
51833797.68959044 -11.051626 -2.6037366 2.6677794 0.38345435 0.03446944 0.9085015 -0.16247961
51862704.43959044 -10.695179 -2.5773735 2.8479123 0.3672675 0.024223316 0.9155959 -0.16190132
51891515.43959044 -10.346803 -2.5642405 3.0247362 0.35014778 0.0138418805 0.922559 -0.16152331
51920226.68959044 -10.005964 -2.556128 3.1806545 0.33228028 0.003237863 0.9292456 -0.16149919
51948840.68959044 -9.668665 -2.5503526 3.3657165 0.31363043 -0.008062637 0.9355885 -0.16200364
51977354.43959044 -9.348139 -2.5654676 3.5465765 0.29450464 -0.019916564 0.9414882 -0.16269712
52005770.68959044 -9.008821 -2.5381374 3.7406588 0.27411065 -0.03441136 0.9471717 -0.1629265
52034094.68959044 -8.676334 -2.531425 3.935814 0.25313357 -0.049296416 0.9522823 -0.16325395
52062342.68959044 -8.356026 -2.5387168 4.1180806 0.2317451 -0.064697996 0.95660174 -0.16438232
52090528.43959044 -8.048538 -2.5470648 4.300576 0.21053557 -0.07986859 0.96021473 -0.1651771
52118664.43959044 -7.7443085 -2.5607858 4.5176473 0.18938759 -0.09419603 0.9630912 -0.16647792
52146765.68959044 -7.4402204 -2.575928 4.7218485 0.16807619 -0.1078684 0.96549344 -0.16714433
52174850.68959044 -7.15301 -2.5821579 4.929968 0.14743091 -0.12183523 0.9671589 -0.1674036
52202935.68959044 -6.852501 -2.5839727 5.130277 0.12706466 -0.13515888 0.9682442 -0.16760027
52231030.68959044 -6.578723 -2.578317 5.3654757 0.10677414 -0.14753811 0.9689861 -0.16702646
52259151.68959044 -6.298089 -2.6145277 5.5924873 0.08550744 -0.15883951 0.9692198 -0.16754577
52287305.68959044 -6.0207586 -2.6263318 5.821974 0.064585306 -0.17010987 0.9689379 -0.16748373
52315498.68959044 -5.7365055 -2.6607957 6.044171 0.04206564 -0.18131806 0.9681625 -0.16737925
52343731.68959044 -5.4797125 -2.6916618 6.276448 0.020930894 -0.19200605 0.96682584 -0.16716313
52372003.68959044 -5.2370706 -2.708952 6.5059423 -0.0010258817 -0.20134772 0.9652573 -0.1665426
52400320.43959044 -5.003958 -2.7257853 6.7564273 -0.021964103 -0.20991993 0.96337914 -0.16538435
52428689.68959044 -4.7869263 -2.7528749 7.003867 -0.044228204 -0.21823722 0.9609597 -0.16423437
52457118.43959044 -4.5622115 -2.8019433 7.2581983 -0.06600478 -0.22753073 0.9577176 -0.16324899
52485612.68959044 -4.351202 -2.8000646 7.4896913 -0.08796376 -0.23498328 0.9546566 -0.16023742
52514168.43959044 -4.1461825 -2.8267658 7.750834 -0.10959777 -0.24315219 0.9507787 -0.1577503
52542786.68959044 -3.949798 -2.8462949 8.003628 -0.13061829 -0.25173306 0.946393 -0.15462747
52571458.68959044 -3.7762792 -2.864907 8.258904 -0.15137067 -0.2595859 0.9416454 -0.15167747
52600178.68959044 -3.5947 -2.8703566 8.511325 -0.17217925 -0.26838183 0.9361025 -0.14845058
52628937.68959044 -3.460513 -2.8910275 8.774141 -0.19168918 -0.27596095 0.93056136 -0.14545251
52657727.68959044 -3.3039367 -2.9228544 9.052223 -0.21168147 -0.28356946 0.9244342 -0.1421294
52686543.68959044 -3.1611137 -2.9485674 9.3231945 -0.23138987 -0.29026747 0.9182185 -0.13812451
52715379.68959044 -3.0270386 -2.9404771 9.601366 -0.25134185 -0.2948622 0.91216373 -0.13357006
52744229.68959044 -2.905902 -2.962659 9.8761635 -0.2706574 -0.2995615 0.9056826 -0.12940837
52773090.68959044 -2.8140895 -2.947896 10.129355 -0.2898665 -0.30293036 0.89935154 -0.12400602
52801956.68959044 -2.7240314 -2.9455626 10.403952 -0.30901417 -0.30710694 0.89227563 -0.118489824
52830822.68959044 -2.6316435 -2.9595113 10.667456 -0.3279211 -0.31075862 0.8849309 -0.11311118
52859684.68959044 -2.5447838 -2.967359 10.932905 -0.34664136 -0.3141228 0.8771711 -0.108340286
52888533.68959044 -2.4788647 -2.9835503 11.1786585 -0.36403158 -0.31807077 0.8692793 -0.103273965
52917366.43959044 -2.438713 -2.9974542 11.421624 -0.38082632 -0.31968623 0.86197764 -0.098826595
52946178.68959044 -2.3852007 -3.0147176 11.690228 -0.39803028 -0.32025066 0.8544333 -0.0946317
52974967.68959044 -2.3529437 -3.0268745 11.917637 -0.4140795 -0.31913123 0.8475009 -0.09184639
53003729.68959044 -2.3271103 -3.027283 12.170087 -0.4298003 -0.31890318 0.84006053 -0.08871807
53032457.68959044 -2.3031046 -3.0499175 12.399263 -0.44534332 -0.31763566 0.83275676 -0.08540015
53061144.68959044 -2.3189955 -3.0491955 12.63728 -0.45965618 -0.31676164 0.82571995 -0.08102383
53089792.43959044 -2.3253555 -3.0380063 12.869942 -0.47359747 -0.3153717 0.81876063 -0.07666288
53118402.68959044 -2.3429914 -3.0424087 13.087126 -0.48673669 -0.31313995 0.8122348 -0.0728378
53146971.68959044 -2.3634405 -3.0615995 13.321302 -0.50063396 -0.310755 0.8049118 -0.07010037
53175497.43959044 -2.4004326 -3.0706706 13.522076 -0.5124114 -0.30936953 0.79816455 -0.06825196
53203977.68959044 -2.4477386 -3.0784068 13.7367935 -0.52413696 -0.30732128 0.79154724 -0.06547606
53232409.68959044 -2.4996648 -3.070337 13.951399 -0.5359313 -0.30457023 0.78475714 -0.06458334
53260793.68959044 -2.5411744 -3.0907946 14.172886 -0.5468367 -0.30094275 0.778588 -0.06483781
53289132.68959044 -2.632269 -3.0770216 14.341024 -0.5566201 -0.29855493 0.7725985 -0.064269565
53317430.43959044 -2.705062 -3.0805216 14.553955 -0.56774265 -0.29519776 0.7658214 -0.06359429
53345685.68959044 -2.788107 -3.0768886 14.743928 -0.57856256 -0.29261118 0.75887537 -0.06125663
53373899.68959044 -2.882738 -3.0731819 14.921895 -0.5891057 -0.29062012 0.7517333 -0.058237474
53402073.68959044 -2.9667892 -3.0988553 15.092745 -0.60020745 -0.29011708 0.7433851 -0.05442315
53430207.43959044 -3.0831757 -3.0892444 15.260404 -0.6105783 -0.289929 0.73533344 -0.04919446
53458300.68959044 -3.1758242 -3.1161218 15.429597 -0.62156415 -0.29009986 0.7263439 -0.043870095
53486351.43959044 -3.306922 -3.1174242 15.595409 -0.6318656 -0.2892552 0.7180342 -0.03878544
53514358.43959044 -3.4312925 -3.139322 15.752571 -0.64196897 -0.28918505 0.7092717 -0.03437395
53542324.68959044 -3.555705 -3.1428092 15.905564 -0.65170366 -0.28883433 0.70072645 -0.028974917
53570249.68959044 -3.6821632 -3.155468 16.064022 -0.66151696 -0.28800747 0.692004 -0.024029877
53598136.68959044 -3.8182335 -3.1638074 16.202028 -0.6705143 -0.28761238 0.68359905 -0.019548317
53625984.68959044 -3.9711618 -3.1595626 16.32986 -0.67914224 -0.28740063 0.6752449 -0.014526906
53653795.68959044 -4.1042747 -3.1871376 16.468464 -0.6881061 -0.28783393 0.6660015 -0.010180077
53681570.43959044 -4.2632933 -3.210475 16.600445 -0.69657594 -0.28819317 0.65703493 -0.0056496575
53709307.68959044 -4.4114723 -3.208095 16.70418 -0.70423084 -0.28877032 0.648591 -0.0006529388
53737008.68959044 -4.5696325 -3.2094512 16.81685 -0.7123134 -0.2898171 0.63921595 0.004329348
53764676.68959044 -4.735506 -3.2019925 16.901497 -0.7198175 -0.28971893 0.63075525 0.0085809855
53792312.68959044 -4.9002934 -3.2137413 16.992619 -0.7272897 -0.2903912 0.62176555 0.011419577
53819916.43959044 -5.0782356 -3.2377636 17.095207 -0.73569196 -0.29072732 0.61161005 0.012964891
53847487.68959044 -5.2477264 -3.242823 17.169834 -0.7433641 -0.29055163 0.60229594 0.015141533
53875027.68959044 -5.4254704 -3.2582169 17.237034 -0.75128365 -0.29079476 0.5922292 0.01661117
53902539.43959044 -5.611477 -3.277402 17.319948 -0.75999784 -0.2905759 0.5810627 0.018306246
53930023.68959044 -5.8003273 -3.2723937 17.377815 -0.76817346 -0.29069313 0.5700778 0.020456601
53957481.68959044 -5.986927 -3.2967997 17.431545 -0.77592313 -0.2918581 0.5587879 0.022766242
53984910.43959044 -6.183914 -3.306393 17.478298 -0.7838011 -0.29277626 0.5471102 0.024666324
54012314.68959044 -6.3700466 -3.3314855 17.530922 -0.79201216 -0.29404023 0.5343499 0.026968416
54039688.68959044 -6.572363 -3.3510957 17.574978 -0.7997401 -0.2955246 0.52173144 0.029619394
54067036.68959044 -6.7710934 -3.3664715 17.605099 -0.8075788 -0.29684603 0.5085242 0.033196583
54094359.68959044 -6.9861717 -3.3792636 17.626982 -0.8149559 -0.29817352 0.49552435 0.037351735
54121656.68959044 -7.184305 -3.4035103 17.638565 -0.8220857 -0.30003747 0.48214093 0.04114392
54148928.68959044 -7.3905334 -3.4060512 17.638073 -0.828975 -0.30112672 0.4690756 0.04573083
54176176.68959044 -7.6004143 -3.4185054 17.639198 -0.8360759 -0.3018146 0.45544448 0.049552884
54203401.68959044 -7.809992 -3.4481971 17.632378 -0.84283733 -0.30300725 0.44153753 0.053445354
54230606.68959044 -8.029621 -3.4723468 17.610455 -0.8496103 -0.30456436 0.42659837 0.05845329
54257791.43959044 -8.231319 -3.4684057 17.599659 -0.8571804 -0.30415684 0.4106562 0.06396744
54284957.68959044 -8.45153 -3.467687 17.566957 -0.8641141 -0.30428344 0.39475286 0.069919124
54312106.68959044 -8.669241 -3.49523 17.532898 -0.8712482 -0.3041272 0.37778825 0.075560875
54339236.43959044 -8.873634 -3.5265863 17.482773 -0.87816066 -0.3035615 0.36042193 0.08234301
54366348.43959044 -9.079233 -3.5348816 17.429094 -0.8845893 -0.30295327 0.34277743 0.09069028
54393443.68959044 -9.290392 -3.5427003 17.370358 -0.89089584 -0.3015943 0.32479832 0.099255435
54420522.68959044 -9.494778 -3.5598168 17.292847 -0.89674526 -0.30029878 0.30666724 0.10781366
54447589.68959044 -9.690365 -3.5836911 17.21778 -0.9021322 -0.29880947 0.2887295 0.116214216
54474645.68959044 -9.888586 -3.5918622 17.130096 -0.9074167 -0.29661304 0.26999214 0.12537873
54501693.43959044 -10.078936 -3.6083832 17.044506 -0.91222316 -0.29454604 0.25094295 0.13460794
54528736.68959044 -10.278242 -3.6317248 16.948265 -0.91673344 -0.29207957 0.23166203 0.14360386
54555778.43959044 -10.463253 -3.6527529 16.83829 -0.9202281 -0.290258 0.2130821 0.15338342
54582820.68959044 -10.645823 -3.6658878 16.735731 -0.9234666 -0.2879998 0.1939505 0.16324435
54609868.43959044 -10.824921 -3.68291 16.617659 -0.92615074 -0.28578636 0.17564012 0.17239948
54636923.68959044 -11.0048275 -3.6951265 16.504875 -0.92860776 -0.28337568 0.1566532 0.18123391
54663984.43959044 -11.182333 -3.7045736 16.372982 -0.9302394 -0.2812692 0.13913903 0.1902173
54691059.68959044 -11.350817 -3.71945 16.240185 -0.9319859 -0.27859122 0.12097652 0.19787341
54718163.43959044 -11.506035 -3.73343 16.098297 -0.9328059 -0.2766575 0.10386381 0.20626731
54745296.68959044 -11.658707 -3.742875 15.955313 -0.93329424 -0.274472 0.08654775 0.21479419
54772460.68959044 -11.815887 -3.7479935 15.810503 -0.93354195 -0.27205634 0.069673985 0.22277878
54799655.68959044 -11.9565525 -3.7453222 15.652532 -0.9333718 -0.2694033 0.053431142 0.2310503
54826881.68959044 -12.099382 -3.764369 15.493534 -0.9333336 -0.2667228 0.037346154 0.23738715
54854140.43959044 -12.2273855 -3.7797327 15.339355 -0.93279505 -0.26446086 0.021444026 0.24391398
54881437.68959044 -12.349044 -3.7796288 15.166211 -0.9315415 -0.26239997 0.0065277154 0.2516627
54908774.68959044 -12.461711 -3.7866268 14.992917 -0.9304688 -0.26011184 -0.0078587085 0.25789124
54936157.68959044 -12.58274 -3.797595 14.815527 -0.9292747 -0.25845963 -0.020873442 0.26308095
54963585.68959044 -12.686008 -3.7973146 14.631656 -0.9282572 -0.25813827 -0.03232805 0.26581597
54991060.43959044 -12.793993 -3.7864828 14.440039 -0.9281884 -0.25809675 -0.0417424 0.264783
55018582.68959044 -12.884558 -3.7838602 14.252349 -0.92788947 -0.25895393 -0.050569803 0.26345158
55046150.68959044 -12.969889 -3.7948666 14.058358 -0.9272077 -0.26009968 -0.058831487 0.26300743
55073762.68959044 -13.0490055 -3.7705984 13.859573 -0.9265352 -0.2610186 -0.06663363 0.26260594
55101414.68959044 -13.129625 -3.7794504 13.658629 -0.92629695 -0.26134512 -0.07429559 0.2610613
55129109.68959044 -13.19466 -3.7728367 13.454497 -0.9258915 -0.26229417 -0.08075444 0.25962573
55156839.68959044 -13.2493725 -3.770956 13.263716 -0.92580265 -0.2625021 -0.08733509 0.25759408
55184604.68959044 -13.296822 -3.7850637 13.053025 -0.9259312 -0.2630509 -0.092357785 0.25480536
55212400.68959044 -13.342024 -3.7749376 12.839877 -0.92580664 -0.2626159 -0.09722541 0.2538941
55240225.68959044 -13.378386 -3.7740173 12.628062 -0.9257848 -0.2623683 -0.10111208 0.2527089
55268077.68959044 -13.406012 -3.7642412 12.407333 -0.9265003 -0.2603436 -0.10471983 0.2507034
55295951.68959044 -13.415405 -3.7280788 12.169515 -0.92714924 -0.25863534 -0.107161626 0.2490352
55323840.68959044 -13.432129 -3.7362862 11.942229 -0.92750466 -0.25838187 -0.109525464 0.24693733
55351742.43959044 -13.446574 -3.733304 11.726369 -0.9281902 -0.25819606 -0.11214051 0.24335644
55379656.68959044 -13.446144 -3.7219791 11.499588 -0.92898023 -0.25817254 -0.11301924 0.23993623
55407580.68959044 -13.442667 -3.6906452 11.2523365 -0.93014383 -0.2585072 -0.11302175 0.23501623
55435513.43959044 -13.443131 -3.7027655 11.022176 -0.9313538 -0.25907183 -0.11409509 0.22900721
55463453.43959044 -13.419716 -3.69374 10.773125 -0.9326058 -0.25948474 -0.11491737 0.22295313
55491404.43959044 -13.394405 -3.6474357 10.504165 -0.9345119 -0.2584408 -0.11371161 0.2167153
55519365.68959044 -13.362746 -3.6272964 10.250131 -0.93598044 -0.25806826 -0.113627955 0.2107847
55547339.68959044 -13.345379 -3.5969338 10.007916 -0.93744856 -0.2573978 -0.11291658 0.20539367
55575330.43959044 -13.296705 -3.6118894 9.722598 -0.93914205 -0.25752762 -0.11137116 0.19821256
55603342.43959044 -13.251696 -3.6102452 9.480976 -0.940559 -0.25816786 -0.109903485 0.19136162
55631384.68959044 -13.214081 -3.5705256 9.190148 -0.94230705 -0.25821173 -0.10802117 0.18361826
55659459.68959044 -13.1659775 -3.566226 8.927823 -0.9436103 -0.2596939 -0.106411874 0.17559966
55687574.68959044 -13.130373 -3.5283298 8.671345 -0.94536006 -0.26060444 -0.103446275 0.16636907
55715733.43959044 -13.063969 -3.5250278 8.402882 -0.9464964 -0.26233232 -0.10121433 0.15837315
55743944.68959044 -13.013873 -3.5010753 8.11952 -0.9478049 -0.26357177 -0.0990215 0.14963485
55772216.68959044 -12.943619 -3.4807281 7.825472 -0.94894594 -0.2645318 -0.09746355 0.1415114
55800556.68959044 -12.890531 -3.4590278 7.5313263 -0.95001286 -0.26505128 -0.0959603 0.13422056
55828971.68959044 -12.820851 -3.4145403 7.2299356 -0.95117736 -0.265026 -0.094634116 0.12675719
55857465.43959044 -12.740931 -3.4092917 6.9315014 -0.95215005 -0.2654101 -0.09227952 0.12021784
55886049.43959044 -12.657226 -3.3789315 6.636587 -0.9530191 -0.26605654 -0.090034075 0.11341307
55914729.68959044 -12.599355 -3.3442729 6.3269835 -0.9539539 -0.26622874 -0.08885977 0.10582113
55943512.68959044 -12.52891 -3.3092582 6.011157 -0.9549341 -0.26657218 -0.08660645 0.09767046
55972408.43959044 -12.452218 -3.281868 5.682624 -0.956112 -0.266837 -0.08409736 0.08703711
56001427.68959044 -12.362581 -3.2513602 5.364339 -0.95747995 -0.26643452 -0.0801097 0.07633672
56030578.68959044 -12.277441 -3.2324452 5.0395155 -0.9589406 -0.26517984 -0.0754382 0.06649585
