7343.413349514563 -0.0 -0.0 -0.0 -0.0 -0.0 1.0 -0.0
20671.413349514565 -0.0 -0.0 -0.0 -0.0 -0.0 1.0 -0.0
33848.413349514565 -0.006363918 -0.0076418254 -0.008070411 0.0042566084 -0.0011800752 0.9999901 -0.00057862955
47188.413349514565 -0.006363918 -0.0076418254 -0.008070411 0.0042566084 -0.0011800752 0.9999901 -0.00057862955
60685.413349514565 -0.006363918 -0.0076418254 -0.008070411 0.0042566084 -0.0011800752 0.9999901 -0.00057862955
73808.41334951457 -0.015546828 -0.018788612 -0.020459136 0.010576979 -0.003561736 0.99993515 -0.0022796884
87521.41334951457 -0.015546828 -0.018788612 -0.020459136 0.010576979 -0.003561736 0.99993515 -0.0022796884
100734.41334951457 -0.015546828 -0.018788612 -0.020459136 0.010576979 -0.003561736 0.99993515 -0.0022796884
114018.41334951457 -0.024384804 -0.03132845 -0.033416085 0.015954513 -0.0053898194 0.9998523 -0.0034619141
127215.41334951457 -0.024384804 -0.03132845 -0.033416085 0.015954513 -0.0053898194 0.99985224 -0.003461914
140564.41334951457 -0.029488312 -0.039378494 -0.041446127 0.020052975 -0.0043247696 0.99978393 -0.003354641
154214.41334951457 -0.029488312 -0.039378494 -0.041446127 0.020052975 -0.0043247696 0.99978393 -0.003354641
167203.41334951457 -0.036923267 -0.04871321 -0.0523157 0.024250478 -0.0033602077 0.9996975 -0.0023523832
180585.41334951457 -0.036923267 -0.04871321 -0.0523157 0.024250478 -0.0033602077 0.9996975 -0.0023523832
193954.41334951457 -0.043806154 -0.057435974 -0.06472559 0.028460031 -0.002458561 0.9995917 -0.00069138734
207234.41334951457 -0.043806154 -0.057435974 -0.06472559 0.028460031 -0.002458561 0.9995917 -0.00069138734
220567.41334951457 -0.043806154 -0.057435974 -0.06472559 0.028460031 -0.002458561 0.9995917 -0.00069138734
233910.41334951457 -0.052538197 -0.069811374 -0.079245105 0.03306705 -0.003513767 0.99944687 -0.00053089403
247454.41334951457 -0.05513422 -0.07458263 -0.08557648 0.034436148 -0.005507034 0.99939084 -0.001325762
260545.41334951457 -0.0572936 -0.07922725 -0.091847464 0.035927046 -0.0064276606 0.99933225 -0.0017601377
273895.4133495146 -0.060389623 -0.082887515 -0.09764695 0.038170934 -0.008360777 0.9992353 -0.00141896
287273.4133495146 -0.062262673 -0.08603992 -0.10282726 0.04045344 -0.010365897 0.99912757 -0.0005575149
300585.4133495146 -0.065097235 -0.09067557 -0.11025309 0.042724278 -0.011295652 0.9990231 6.345213e-05
313921.4133495146 -0.06785922 -0.09333129 -0.11625336 0.04476212 -0.0120076435 0.9989255 0.00043547136
327285.4133495146 -0.06859437 -0.096977875 -0.12103761 0.04587029 -0.011832516 0.99887735 2.1087992e-05
340615.4133495146 -0.071631245 -0.09985866 -0.1259147 0.04698724 -0.012238767 0.99882054 0.00015286074
354018.4133495146 -0.07358573 -0.10202276 -0.1321684 0.04811558 -0.01139193 0.99877685 -9.080304e-05
367268.4133495146 -0.07606489 -0.10531752 -0.14080226 0.04901403 -0.01143658 0.99873203 -0.0011093253
380643.4133495146 -0.077918276 -0.10778178 -0.14674458 0.04990821 -0.010659295 0.99869615 -0.0012698591
394001.4133495146 -0.08054223 -0.11064487 -0.15097168 0.051030397 -0.0099331895 0.9986462 -0.0017380889
407384.4133495146 -0.080611125 -0.11309287 -0.15688047 0.050509118 -0.010228299 0.99867076 -0.0010028877
420660.4133495146 -0.08185154 -0.11530233 -0.16267624 0.05090741 -0.010358375 0.99864966 9.639746e-05
434015.4133495146 -0.08450397 -0.1186477 -0.17033249 0.051721595 -0.011454357 0.99859554 0.0008296255
447358.4133495146 -0.08401545 -0.12140389 -0.1746569 0.052249964 -0.0118314065 0.99856234 0.0017935237
460700.4133495146 -0.086050324 -0.12463684 -0.18289664 0.05321417 -0.012619695 0.99850017 0.002540992
473992.4133495146 -0.08808005 -0.12678476 -0.18990153 0.054522034 -0.013579312 0.998415 0.0032404088
487387.4133495146 -0.086923085 -0.12811096 -0.19242185 0.055042148 -0.014792268 0.9983677 0.0036634493
500629.4133495146 -0.089456685 -0.1310314 -0.20206322 0.055477068 -0.015601901 0.9983269 0.004727068
514026.4133495146 -0.08934229 -0.13011241 -0.20813239 0.055293288 -0.01643136 0.99831736 0.0059280605
527341.4133495146 -0.09092168 -0.13332681 -0.21295063 0.055906154 -0.015067784 0.99830997 0.004973388
540929.4133495146 -0.08211925 -0.12084843 -0.19075097 0.05921016 -0.014233378 0.9981387 0.003283241
554100.4133495146 -0.08292146 -0.12236337 -0.19793497 0.06186172 -0.01312512 0.9979961 0.0021746024
567521.4133495146 -0.08391064 -0.123583116 -0.20558618 0.06337435 -0.012446556 0.99791163 0.0011378054
580741.4133495146 -0.08459217 -0.12647574 -0.2079586 0.0643902 -0.011174578 0.99786216 0.00042125845
594022.4133495146 -0.08605768 -0.12730902 -0.21433823 0.06507901 -0.010272444 0.9978272 0.00047954376
607419.4133495146 -0.08924213 -0.12973996 -0.22171842 0.064556316 -0.010458316 0.9978593 0.00027572786
620762.4133495146 -0.0852542 -0.12875815 -0.22488618 0.06347838 -0.009546652 0.99793696 0.0011102527
634200.4133495146 -0.088230245 -0.13199027 -0.23502792 0.064086914 -0.008405856 0.99790794 0.0014433581
647372.4133495146 -0.08816968 -0.13327177 -0.23869546 0.06460364 -0.010214852 0.9978585 0.00066605036
660796.4133495146 -0.089094296 -0.13506922 -0.24420361 0.06579206 -0.011477852 0.9977674 0.00017034032
674000.4133495146 -0.09169291 -0.13613029 -0.25189787 0.06725274 -0.013084366 0.9976502 0.00013451112
687368.4133495146 -0.089687556 -0.13584356 -0.2559945 0.06793654 -0.014745864 0.99758065 -0.00021548866
700718.4133495146 -0.092374764 -0.13781877 -0.26531902 0.0695517 -0.017116863 0.99743146 -0.00040677638
714041.4133495146 -0.09367364 -0.1377959 -0.2710169 0.07135532 -0.018033458 0.99728775 -0.00064465875
727371.4133495146 -0.09400375 -0.13801941 -0.27780867 0.07295045 -0.019420546 0.9971458 -0.0011876388
740811.4133495146 -0.09515131 -0.14051552 -0.28479907 0.07448546 -0.019097395 0.9970371 -0.0020687634
754360.4133495146 -0.09661933 -0.14050218 -0.29153153 0.0761856 -0.018719885 0.9969141 -0.0027579544
767467.4133495146 -0.097300224 -0.14163923 -0.29882407 0.07727657 -0.018542765 0.9968296 -0.003892343
780853.4133495146 -0.0990056 -0.14350145 -0.30270365 0.07825777 -0.018036174 0.99675715 -0.005067555
794082.4133495146 -0.10010674 -0.14396407 -0.30712497 0.079336494 -0.016894346 0.99668735 -0.005892006
807493.4133495146 -0.10209077 -0.14460029 -0.31854197 0.07925037 -0.01667609 0.99669236 -0.0067578945
820750.4133495146 -0.10275468 -0.14523377 -0.3204243 0.07963132 -0.016756417 0.99665153 -0.00798722
834117.4133495146 -0.10559025 -0.14720358 -0.32865182 0.08016876 -0.015155375 0.99662465 -0.009092641
847510.4133495146 -0.10643302 -0.14727718 -0.3352383 0.07965238 -0.015674308 0.99664915 -0.010017741
860809.4133495146 -0.10727207 -0.14864592 -0.33620256 0.080153115 -0.015982347 0.9966027 -0.0101604005
874107.4133495146 -0.110381514 -0.15008423 -0.34091613 0.08141558 -0.01666398 0.996488 -0.01027664
887513.4133495146 -0.110637024 -0.15272254 -0.3458707 0.08209893 -0.016405633 0.99644 -0.009896316
900900.4133495146 -0.113326296 -0.15313198 -0.35043567 0.08354517 -0.016294535 0.99633235 -0.008744896
914158.4133495146 -0.11636795 -0.15389696 -0.35607222 0.08498384 -0.015938636 0.99622726 -0.0074178097
927569.4133495146 -0.115348525 -0.15582272 -0.35818857 0.08537299 -0.0149393715 0.99621576 -0.0065198713
940780.4133495146 -0.11838769 -0.15637828 -0.3672868 0.08612451 -0.014554847 0.9961616 -0.005737026
954081.4133495146 -0.123187974 -0.15733168 -0.37440822 0.08706316 -0.014460237 0.9960873 -0.0045786207
967722.4133495146 -0.12269912 -0.16053942 -0.37483925 0.086238064 -0.012106139 0.9961907 -0.004543712
980868.4133495146 -0.12459746 -0.16162056 -0.380429 0.08703773 -0.012230362 0.99612236 -0.0038953132
994207.4133495146 -0.12853308 -0.16487415 -0.38187346 0.08835657 -0.011752412 0.9960111 -0.004133974
1007507.4133495146 -0.13022575 -0.16296558 -0.38684604 0.08867871 -0.009547592 0.9960075 -0.003748731
1020886.4133495146 -0.13119534 -0.16582376 -0.3891833 0.08926967 -0.009445676 0.9959516 -0.004722124
1034207.4133495146 -0.13773617 -0.16803545 -0.39483446 0.09035092 -0.00917195 0.9958522 -0.005576519
1047573.4133495146 -0.13875286 -0.16830994 -0.39998603 0.08971255 -0.007029013 0.9959248 -0.006015801
1060851.4133495146 -0.1396482 -0.17167313 -0.398546 0.090581976 -0.006498447 0.995844 -0.006890527
1074368.4133495146 -0.14398588 -0.17400905 -0.4053415 0.09198449 -0.0059383665 0.99571466 -0.007475173
1087627.4133495146 -0.14520371 -0.17255843 -0.40924522 0.092748985 -0.005983325 0.9956402 -0.0078975065
1101021.4133495146 -0.14634718 -0.17700167 -0.4108615 0.093708545 -0.0054981536 0.99554527 -0.008845191
1114207.4133495146 -0.14953671 -0.17973603 -0.415177 0.09501624 -0.005144072 0.9954191 -0.009299026
1127565.4133495146 -0.14897843 -0.17986247 -0.41662818 0.096009135 -0.005570315 0.9953152 -0.009949334
1140911.4133495146 -0.1530447 -0.18349501 -0.42049012 0.09793387 -0.0061855237 0.99511397 -0.010906719
1154224.4133495146 -0.15560742 -0.18664964 -0.42548317 0.099806935 -0.0057717683 0.9949194 -0.011861975
1167513.4133495146 -0.15720393 -0.1850586 -0.42951792 0.101011895 -0.0062444336 0.9947862 -0.012577054
1180914.4133495146 -0.15874 -0.19004242 -0.4314184 0.101831585 -0.006490471 0.99468744 -0.013607113
1194406.4133495146 -0.16242817 -0.1935511 -0.43482292 0.103051566 -0.0070621786 0.9945455 -0.01448567
1207698.4133495146 -0.1648426 -0.1940669 -0.44157827 0.10363889 -0.0077724587 0.99447304 -0.014900531
1220932.4133495146 -0.16722465 -0.19694826 -0.44312912 0.10562798 -0.0077231764 0.9942502 -0.01580228
1234339.4133495146 -0.17050217 -0.19815876 -0.4458019 0.1080712 -0.008076746 0.9939685 -0.01679647
1247658.4133495146 -0.17195654 -0.1994042 -0.44986156 0.110131286 -0.008475658 0.9937123 -0.018308844
1260934.4133495146 -0.17612047 -0.20179917 -0.44955817 0.11232385 -0.009015761 0.9934207 -0.020433154
1274289.4133495146 -0.17976654 -0.20412953 -0.45320338 0.11376184 -0.009605881 0.99320155 -0.022729967
1287780.4133495146 -0.18446933 -0.20683296 -0.46210414 0.11407992 -0.010358984 0.9931093 -0.024747146
1300905.4133495146 -0.18377347 -0.2073889 -0.4560621 0.11512853 -0.010449018 0.9929507 -0.026177026
1314302.4133495146 -0.19016732 -0.21110491 -0.46518978 0.11687971 -0.01061265 0.9926943 -0.028010057
1327579.4133495146 -0.19034193 -0.21144085 -0.46444714 0.118764535 -0.010538744 0.99240685 -0.03021004
1340965.4133495146 -0.19672579 -0.21553183 -0.46734315 0.12190625 -0.011118868 0.99193233 -0.032947805
1354239.4133495146 -0.20113264 -0.21701285 -0.46615037 0.124181695 -0.011726977 0.9915385 -0.03595671
1367705.4133495146 -0.20473266 -0.21862367 -0.4688783 0.12491887 -0.012199825 0.9913169 -0.039207805
1381139.4133495146 -0.20764197 -0.22298259 -0.4685983 0.12557967 -0.012440235 0.99108887 -0.04263695
1394493.4133495146 -0.21203347 -0.22743149 -0.47145337 0.12638578 -0.012379115 0.9908359 -0.0460181
1407680.4133495146 -0.21419863 -0.22724037 -0.47025776 0.12728648 -0.011888579 0.99060714 -0.048522886
1421007.4133495146 -0.2184311 -0.22858496 -0.466882 0.1294168 -0.012270103 0.99018776 -0.05127384
1434309.4133495146 -0.22323321 -0.2306919 -0.4665828 0.1318424 -0.012249598 0.9897234 -0.053993147
1447721.4133495146 -0.22544864 -0.22993949 -0.45956624 0.13412176 -0.012793041 0.9892628 -0.05662887
1461024.4133495146 -0.23023151 -0.2345804 -0.45921543 0.13631187 -0.012929636 0.988822 -0.059017293
1474396.4133495146 -0.23726018 -0.23742256 -0.4610926 0.13831161 -0.013780172 0.9883838 -0.061460964
1487707.4133495146 -0.24271488 -0.23899515 -0.46487096 0.13858877 -0.013823928 0.9881856 -0.06396382
1501043.4133495146 -0.24880296 -0.2426909 -0.4622079 0.13922042 -0.012844003 0.98792094 -0.06682055
1514577.4133495146 -0.25457692 -0.24740258 -0.46243504 0.138162 -0.012043707 0.9878918 -0.06954134
1527732.4133495146 -0.26173562 -0.24851905 -0.46175203 0.13716704 -0.009953212 0.98795366 -0.07094956
1541051.4133495146 -0.2653213 -0.25064343 -0.45917255 0.13499457 -0.008480619 0.9881601 -0.07241728
1554401.4133495146 -0.2737682 -0.25178427 -0.45492855 0.13512647 -0.0054258527 0.98814225 -0.07270741
1567739.4133495146 -0.27871346 -0.25041264 -0.45017415 0.13491546 -0.0012717596 0.9882584 -0.071704514
1581067.4133495146 -0.28406146 -0.2518797 -0.44560713 0.13460565 0.0030041467 0.9883636 -0.070778966
1594358.4133495146 -0.28843018 -0.2519929 -0.43975544 0.13418786 0.008058832 0.9885411 -0.068667755
1607916.4133495146 -0.2953875 -0.25318757 -0.43425882 0.13389958 0.012637327 0.9886745 -0.06658752
1621241.4133495146 -0.29992297 -0.2514086 -0.42763987 0.13254282 0.017502908 0.98893327 -0.06432055
1634397.4133495146 -0.30492687 -0.25072896 -0.42238292 0.1307292 0.021606067 0.98920244 -0.06262296
1647729.4133495146 -0.310158 -0.24988624 -0.41363248 0.12806584 0.025070867 0.98953223 -0.06161711
1661127.4133495146 -0.31670186 -0.24988292 -0.40972453 0.12442576 0.028004054 0.9899958 -0.060352456
1674397.4133495146 -0.32050046 -0.24749331 -0.4013276 0.12116775 0.030747827 0.9903898 -0.05916916
1687819.4133495146 -0.32456356 -0.24634624 -0.3948128 0.11877625 0.03317613 0.9906501 -0.058343556
1701076.4133495146 -0.32757565 -0.24325599 -0.3860541 0.11643137 0.034316022 0.99092615 -0.057719383
1714629.4133495146 -0.33180875 -0.23993348 -0.3767466 0.1141642 0.035130396 0.9912239 -0.056636445
1727849.4133495146 -0.33513373 -0.23967591 -0.36837965 0.11202198 0.036909733 0.99141043 -0.056517597
1741361.4133495146 -0.3384512 -0.23559283 -0.36102533 0.1092579 0.038179565 0.9917456 -0.055188555
1754424.4133495146 -0.34084505 -0.2309688 -0.35151362 0.106561475 0.039300345 0.99203944 -0.05438664
1767775.4133495146 -0.3443876 -0.22574255 -0.3400057 0.10446032 0.04025007 0.9922262 -0.05436134
1781049.4133495146 -0.3465067 -0.22102788 -0.32726172 0.102737024 0.042130105 0.9922698 -0.055415247
1794404.4133495146 -0.34857693 -0.2160486 -0.3150806 0.101477034 0.042680807 0.99230313 -0.05670318
1807738.4133495146 -0.3499264 -0.21253726 -0.3094281 0.100329295 0.046528306 0.9922378 -0.056861665
1821158.4133495146 -0.3531279 -0.20824207 -0.29786178 0.099899665 0.047971744 0.9921693 -0.057608843
1834330.4133495146 -0.3518406 -0.20637855 -0.28924695 0.09858091 0.050235555 0.99215025 -0.058275897
1847737.4133495146 -0.35497475 -0.20156203 -0.27606082 0.1001028 0.051724553 0.9919634 -0.057555262
1861071.4133495146 -0.35464883 -0.19839498 -0.26475304 0.101075485 0.053265028 0.991821 -0.056901447
1874426.4133495146 -0.35857883 -0.19306184 -0.25368533 0.1028679 0.05355738 0.99171287 -0.055275287
1887720.4133495146 -0.3569054 -0.18962303 -0.24302001 0.10197566 0.054994218 0.99174035 -0.055025224
1901164.4133495146 -0.3549615 -0.18584561 -0.23510668 0.103220485 0.055388507 0.99165046 -0.053917877
1914433.4133495146 -0.35436198 -0.18031833 -0.22099955 0.10564705 0.05488016 0.99142796 -0.05382817
1927800.4133495146 -0.34802493 -0.17020504 -0.1994671 0.10864546 0.0553671 0.9910851 -0.053675946
1941197.4133495146 -0.35150126 -0.16929135 -0.1939892 0.11284818 0.05746092 0.9905285 -0.053073753
1954489.4133495146 -0.35053545 -0.16542444 -0.18500432 0.11570191 0.05789404 0.9901775 -0.05300889
1967808.4133495146 -0.34619778 -0.16006824 -0.1704918 0.11714861 0.05904696 0.9899731 -0.05237248
1981147.4133495146 -0.34387255 -0.15091692 -0.1515068 0.119563326 0.058131292 0.98983747 -0.05046928
1994519.4133495146 -0.34095526 -0.14358501 -0.1318547 0.12241994 0.058376834 0.98957133 -0.048519336
2007820.4133495146 -0.34224743 -0.14074911 -0.12553714 0.12638399 0.058234684 0.9891053 -0.04802767
2021168.4133495146 -0.3434363 -0.13721432 -0.12053032 0.1320932 0.057979945 0.98839414 -0.047610227
2034494.4133495146 -0.3413263 -0.13101953 -0.11003186 0.1375222 0.057904754 0.98761606 -0.048468787
2047907.4133495146 -0.33661824 -0.12516612 -0.09803375 0.14201571 0.05915795 0.98681176 -0.050342694
2061384.4133495146 -0.33721974 -0.12082507 -0.08956136 0.14693037 0.060226955 0.98596555 -0.051538136
2074546.4133495146 -0.3341988 -0.11401603 -0.07729922 0.14990385 0.059475683 0.9855366 -0.052050736
2087796.4133495146 -0.3309413 -0.11153158 -0.07111627 0.15160237 0.060324386 0.9851946 -0.05262359
2101186.413349515 -0.32814085 -0.107900456 -0.060269836 0.15396601 0.059942212 0.98482376 -0.053138137
2114544.413349515 -0.32403463 -0.09853631 -0.04520861 0.1561525 0.05844735 0.98456115 -0.05328785
2128033.413349515 -0.32122317 -0.09365828 -0.03715894 0.15749826 0.05697761 0.98439556 -0.05397488
2141378.413349515 -0.32048455 -0.088903986 -0.027215537 0.16073646 0.05639855 0.98383224 -0.05529201
2154825.413349515 -0.3148341 -0.08092194 -0.015321124 0.16422094 0.05683471 0.98317343 -0.056314986
2167843.413349515 -0.31316862 -0.077890046 -0.008950743 0.16828343 0.056770593 0.98238695 -0.058083627
2181244.413349515 -0.31298053 -0.070810094 0.004245645 0.17064154 0.05623335 0.9819598 -0.058942992
2194602.413349515 -0.31401494 -0.07145406 0.005007128 0.17019553 0.057616513 0.9818993 -0.0598958
2207912.413349515 -0.31202975 -0.066485494 0.010670229 0.16638564 0.05721302 0.9827101 -0.05764851
2221251.413349515 -0.30411822 -0.060746413 0.026787672 0.16416466 0.055897195 0.9832893 -0.05538677
2234590.413349515 -0.30319667 -0.056808747 0.038795415 0.16837637 0.05383813 0.98280853 -0.053276155
2248011.413349515 -0.3025635 -0.05489704 0.04445819 0.17406511 0.052789014 0.98195237 -0.051809892
2261273.413349515 -0.29802826 -0.049514182 0.055973943 0.17645146 0.05440595 0.9815279 -0.050077338
2274655.413349515 -0.29836473 -0.047687188 0.06104276 0.17705864 0.053990144 0.98154444 -0.048019227
2288000.413349515 -0.2992678 -0.04370008 0.06598605 0.176939 0.056940507 0.9816432 -0.04274458
2301284.413349515 -0.29828426 -0.042848907 0.072142795 0.17652465 0.056348775 0.981914 -0.038843818
2314647.413349515 -0.29474643 -0.038269937 0.08353212 0.1775883 0.056588676 0.981904 -0.033537284
2327928.413349515 -0.2912857 -0.035946686 0.092528135 0.17907254 0.056922812 0.98173785 -0.02972536
2341314.413349515 -0.2908164 -0.033814743 0.09868689 0.18111716 0.055812985 0.9815435 -0.025570912
2354712.413349515 -0.28991047 -0.031208448 0.104932055 0.18081145 0.05451176 0.98177576 -0.021261204
2367901.413349515 -0.28869307 -0.02920428 0.1115573 0.17948827 0.053754367 0.9821432 -0.017004387
2381295.413349515 -0.28834704 -0.0279107 0.11643412 0.17845327 0.05243086 0.98246366 -0.013063651
2394685.413349515 -0.28865656 -0.027070923 0.11933682 0.17821938 0.05117777 0.9826109 -0.009728641
2408000.413349515 -0.28739735 -0.026433308 0.12573172 0.17899545 0.048687667 0.9826174 -0.0073002637
2421287.413349515 -0.28725755 -0.025150403 0.12829547 0.17864724 0.0471811 0.9827726 -0.0041452628
2434646.413349515 -0.29093972 -0.027410243 0.12956196 0.17849982 0.0442908 0.9829396 -0.0024531654
2448093.413349515 -0.2893391 -0.027224854 0.13443495 0.17633826 0.042474046 0.98341274 0.00044265145
2461461.413349515 -0.29017454 -0.028904928 0.13604967 0.17507713 0.040486634 0.9837189 0.00246503
2474719.413349515 -0.29189932 -0.031503435 0.13632222 0.17382921 0.03976298 0.9839627 0.0044572405
2488028.413349515 -0.29213718 -0.032461595 0.13902889 0.17207897 0.03861859 0.9843071 0.0060766833
2501369.413349515 -0.2927505 -0.03547765 0.14011651 0.17064582 0.038318288 0.98456347 0.006817738
2514745.413349515 -0.2930633 -0.038241297 0.14238524 0.1694755 0.03784662 0.9847847 0.0066958307
2528008.413349515 -0.29391438 -0.04087481 0.14272906 0.16728143 0.03671851 0.9852039 0.006476412
2541436.413349515 -0.29556525 -0.04460358 0.14293349 0.16597894 0.03604674 0.9854541 0.0056462158
2554862.413349515 -0.2976119 -0.048797503 0.13987237 0.16389918 0.03563472 0.9858202 0.0050814073
2568168.413349515 -0.2985861 -0.052163515 0.1385928 0.16062622 0.03583603 0.9863536 0.004654864
2581548.413349515 -0.30168742 -0.056173205 0.13543797 0.15781948 0.03505437 0.98683894 0.0036202618
2594851.413349515 -0.30423614 -0.061331283 0.13234845 0.15487097 0.034975268 0.98731124 0.002872766
2608128.413349515 -0.30727234 -0.06539178 0.12871043 0.15222025 0.035408597 0.98771054 0.0017980165
2621384.413349515 -0.3096913 -0.07003149 0.12583037 0.15131122 0.03446524 0.9878852 0.00014798311
2634776.413349515 -0.31095034 -0.07550423 0.119421944 0.1494776 0.034996416 0.98814476 -0.001283618
2648102.413349515 -0.31459296 -0.080384985 0.11483038 0.1484273 0.036363274 0.9882521 -0.0022092988
2661417.413349515 -0.31629685 -0.08584873 0.10892817 0.14584076 0.037174087 0.98860365 -0.0033790155
2674719.413349515 -0.3182735 -0.091282815 0.10375514 0.14222768 0.040038787 0.9890154 -0.0041067074
2688193.413349515 -0.3218428 -0.09616185 0.098944515 0.13852993 0.043026175 0.9894127 -0.004550587
2701381.413349515 -0.32598183 -0.10169122 0.08930681 0.13589141 0.04673337 0.9896069 -0.005258668
2714756.413349515 -0.3267713 -0.10697553 0.08350968 0.13307047 0.05083032 0.9897823 -0.006300157
2728079.413349515 -0.33061948 -0.111155085 0.07685391 0.13140225 0.055236004 0.98976046 -0.0075337077
2741463.413349515 -0.33464798 -0.118419446 0.06669697 0.12983797 0.05833593 0.9897705 -0.009664929
2754803.413349515 -0.33683962 -0.12368582 0.060591348 0.12776871 0.06136716 0.9898334 -0.011792625
2768102.413349515 -0.34116933 -0.12865569 0.04891679 0.124980345 0.063289806 0.9900417 -0.013851309
2781416.413349515 -0.34303015 -0.13324463 0.040295057 0.12219113 0.06293932 0.99038637 -0.015582633
2794779.413349515 -0.34496224 -0.13915698 0.033916615 0.120094724 0.062482063 0.9906321 -0.017924568
2808131.413349515 -0.34959686 -0.14512248 0.020467144 0.11908292 0.06294815 0.99068093 -0.02020133
2821459.413349515 -0.35110998 -0.15061787 0.012388036 0.11832947 0.062779754 0.99072415 -0.022859197
2834877.413349515 -0.35367537 -0.15708548 1.0417774e-05 0.117539585 0.06320335 0.99073434 -0.025205908
2848106.413349515 -0.35733104 -0.16112572 -0.011813472 0.117235646 0.06357296 0.9906834 -0.027581872
2861496.413349515 -0.36114168 -0.16484284 -0.019623267 0.11652331 0.062159095 0.99080575 -0.02936968
2874870.413349515 -0.3650111 -0.17054091 -0.030925075 0.11536153 0.062001295 0.9908988 -0.031101037
2888205.413349515 -0.37026566 -0.17820027 -0.045508742 0.11461847 0.0614613 0.9910058 -0.03150681
2901491.413349515 -0.37115937 -0.18159452 -0.055402182 0.11346439 0.061867997 0.9911619 -0.029940441
2914785.413349515 -0.37524685 -0.18634352 -0.065370515 0.11364128 0.060070764 0.99130523 -0.028126663
2928160.413349515 -0.3788427 -0.19241703 -0.07686574 0.11391772 0.059626695 0.991355 -0.026127195
2941433.413349515 -0.3836874 -0.19847803 -0.08965321 0.11438456 0.058219425 0.99143744 -0.024054486
2954766.413349515 -0.38855198 -0.20263636 -0.09999021 0.11544711 0.057384502 0.9914206 -0.021546705
2968132.413349515 -0.390491 -0.20692873 -0.110306084 0.1159113 0.05704399 0.99143326 -0.019253265
2981469.413349515 -0.39724633 -0.21283785 -0.1255292 0.11742289 0.05679232 0.991311 -0.017003052
2994894.413349515 -0.40235823 -0.21703258 -0.13396676 0.119683705 0.054842643 0.9911697 -0.01583981
3008249.413349515 -0.4055221 -0.22327448 -0.14675303 0.1214001 0.054998226 0.9909667 -0.014913735
3021598.413349515 -0.4107534 -0.22618817 -0.15671733 0.12328344 0.05407515 0.9907976 -0.014044803
3034921.413349515 -0.41564617 -0.23066443 -0.16702124 0.12530932 0.053178754 0.99059415 -0.013890184
3048184.413349515 -0.41930032 -0.23456877 -0.175274 0.12759936 0.052046046 0.99035764 -0.014195451
3061522.413349515 -0.4246719 -0.23758794 -0.18616833 0.13101774 0.051605016 0.9899285 -0.0145922685
3074880.413349515 -0.4302456 -0.24277784 -0.19933088 0.13576107 0.050811205 0.9893169 -0.015471802
3088294.413349515 -0.4344185 -0.24519537 -0.21019128 0.14143512 0.050562076 0.98850715 -0.017126793
3101839.413349515 -0.43962878 -0.24921094 -0.22001329 0.14786209 0.0500024 0.98755133 -0.019470228
3114921.413349515 -0.44341463 -0.25133866 -0.22931138 0.15324703 0.049443595 0.986717 -0.021454798
3128239.413349515 -0.44565904 -0.25259393 -0.23749511 0.15780686 0.048634905 0.9860002 -0.023138538
3141616.413349515 -0.45309055 -0.25759047 -0.24993865 0.16234107 0.04751553 0.9852854 -0.024504347
3154891.413349515 -0.45663384 -0.26022685 -0.2564926 0.16684362 0.04662715 0.9845519 -0.02543013
3168159.413349515 -0.45996553 -0.26177248 -0.26579523 0.17132366 0.04587549 0.98380214 -0.02601809
3181651.413349515 -0.46512458 -0.26588216 -0.27522883 0.17638831 0.046054833 0.9828634 -0.02730771
3194916.413349515 -0.47002438 -0.26916873 -0.28278846 0.18119127 0.045738302 0.9819572 -0.028945243
3208306.413349515 -0.47273532 -0.27020252 -0.29101896 0.18472116 0.045885272 0.981264 -0.029895889
3221565.413349515 -0.47772437 -0.27403384 -0.29834515 0.1880041 0.046811637 0.9805636 -0.030956294
3234952.413349515 -0.481783 -0.27661327 -0.3040572 0.19118603 0.04729541 0.9799033 -0.03163394
3248283.413349515 -0.48349497 -0.27820268 -0.30945283 0.19365498 0.04747059 0.9794034 -0.03183374
3261749.413349515 -0.49302787 -0.28365594 -0.31661683 0.19556193 0.04869376 0.9789701 -0.031654973
3274943.413349515 -0.4965458 -0.28529212 -0.32148415 0.19652589 0.049670592 0.9787461 -0.031088265
3288271.413349515 -0.49862775 -0.28691977 -0.3244247 0.19646843 0.052121446 0.97866327 -0.030029573
3301645.413349515 -0.5040661 -0.29106534 -0.3358581 0.19749597 0.05474815 0.97834224 -0.029061606
3314887.413349515 -0.5038551 -0.28769913 -0.33101127 0.19882722 0.05767826 0.97793156 -0.02812442
3328289.413349515 -0.50653446 -0.28739086 -0.3386808 0.20041683 0.059869513 0.97747475 -0.028141951
3341689.413349515 -0.5090492 -0.28882164 -0.3413 0.20224829 0.063822106 0.976839 -0.028425133
3355043.413349515 -0.5121309 -0.2904384 -0.3438762 0.20376262 0.06672258 0.9763067 -0.029227661
3368361.413349515 -0.5163249 -0.29108775 -0.34784368 0.20452471 0.06835872 0.9760196 -0.029706445
3381651.413349515 -0.5145659 -0.29021522 -0.34652507 0.2043369 0.0706472 0.9759158 -0.029047718
3395157.413349515 -0.51772565 -0.2928979 -0.34632894 0.20458828 0.07162133 0.97581226 -0.028365558
3408328.413349515 -0.5190215 -0.2959463 -0.34634626 0.20433275 0.07293054 0.97578055 -0.027956432
3421673.413349515 -0.52025 -0.29607636 -0.3461716 0.20477754 0.07363696 0.9756648 -0.026869224
3434924.413349515 -0.5222154 -0.29552305 -0.3453291 0.2055101 0.07333322 0.9755612 -0.025849367
3448347.413349515 -0.5216001 -0.29555997 -0.3412056 0.20527509 0.07407476 0.9755602 -0.025640931
3461614.413349515 -0.52339435 -0.29214984 -0.3380923 0.20503221 0.07341927 0.9756829 -0.024784824
3474978.413349515 -0.5264649 -0.2924884 -0.33712387 0.20360543 0.07320423 0.9760087 -0.024351308
3488308.413349515 -0.52613616 -0.28975403 -0.3322793 0.20139432 0.074118346 0.9764026 -0.024185771
3501721.413349515 -0.52640384 -0.28699592 -0.32917494 0.19829148 0.0753206 0.9769424 -0.024309473
3515080.413349515 -0.52550775 -0.28473216 -0.3246333 0.19500196 0.07690413 0.9774604 -0.025124725
3528327.413349515 -0.52475953 -0.2796686 -0.31794304 0.19185717 0.078701384 0.977917 -0.025985317
3541672.413349515 -0.52266544 -0.2764075 -0.3120496 0.18855609 0.08073477 0.9783487 -0.027610013
3555018.413349515 -0.52095807 -0.2727045 -0.30275396 0.1857278 0.08277822 0.97866017 -0.029620318
3568319.413349515 -0.5198933 -0.26701033 -0.29305172 0.18319522 0.08529941 0.97885364 -0.03176859
3581690.413349515 -0.5152951 -0.26209918 -0.2835913 0.1796127 0.08757426 0.97922456 -0.0344857
3595073.413349515 -0.5131286 -0.25821844 -0.27459204 0.17659433 0.088050514 0.9796352 -0.03710195
3608393.413349515 -0.51214826 -0.2535535 -0.26572427 0.1736066 0.087959826 0.98009646 -0.03917602
3621942.413349515 -0.5086056 -0.2490995 -0.2549278 0.17013595 0.08769147 0.98064667 -0.041184492
3635050.413349515 -0.5053539 -0.24456681 -0.24507073 0.16665068 0.08718518 0.981212 -0.04300342
3648378.413349515 -0.5018697 -0.23623718 -0.23241468 0.16275828 0.08569052 0.9819071 -0.045003586
3661734.413349515 -0.4981623 -0.2310879 -0.22107418 0.15903555 0.084823124 0.98246425 -0.047716994
3675153.413349515 -0.49505228 -0.22444604 -0.2076515 0.15667918 0.08308187 0.9828381 -0.050778072
3688415.413349515 -0.49159253 -0.2184138 -0.19795743 0.15504082 0.08178881 0.9830239 -0.054195043
3701802.413349515 -0.48505223 -0.21243492 -0.18420866 0.15300314 0.08049693 0.98322386 -0.058149
3715264.413349515 -0.48344925 -0.20854762 -0.17275652 0.15107626 0.07919408 0.9834132 -0.06166597
3728661.413349515 -0.47840634 -0.2011632 -0.15788229 0.14916793 0.07826335 0.9836184 -0.064177305
3741768.413349515 -0.47439617 -0.19742997 -0.1464706 0.14764099 0.07755796 0.98374283 -0.06661135
3755171.413349515 -0.47009692 -0.19240637 -0.13401033 0.1472369 0.077939734 0.98365915 -0.06827468
3768478.413349515 -0.46445152 -0.18479899 -0.121512316 0.14786822 0.077540405 0.9834637 -0.07015483
3782212.413349515 -0.4610276 -0.18116961 -0.10894306 0.14980468 0.07769835 0.98296237 -0.07284613
3795250.413349515 -0.45672888 -0.17501688 -0.094246104 0.15127836 0.076830864 0.982597 -0.07559774
3808371.413349515 -0.4499675 -0.16737041 -0.08123177 0.151138 0.07729319 0.9824624 -0.07714109
3821864.413349515 -0.4475776 -0.1644514 -0.07061804 0.15132457 0.07751159 0.98231035 -0.07848111
3835397.413349515 -0.4446629 -0.16012098 -0.058334813 0.15115303 0.0772372 0.98226523 -0.079638295
3848461.413349515 -0.43583754 -0.15210001 -0.042005293 0.1501262 0.07908324 0.98234224 -0.07881547
3862261.413349515 -0.4339906 -0.15103276 -0.033779886 0.15177758 0.077266596 0.98215264 -0.07981104
3875368.413349515 -0.4300149 -0.14649056 -0.021947876 0.15372442 0.07477606 0.9819993 -0.08034184
3888415.413349515 -0.42442986 -0.14204328 -0.012423833 0.1555644 0.072674036 0.98185813 -0.0804543
3901897.413349515 -0.41949683 -0.13605285 0.0024380125 0.1581374 0.07091892 0.98154527 -0.080820985
3915297.413349515 -0.41517228 -0.12966147 0.014802063 0.16109909 0.0681403 0.98122 -0.081310734
3928527.413349515 -0.4091044 -0.12661459 0.023488298 0.16329233 0.06764304 0.9808565 -0.081735656
3941846.413349515 -0.4064504 -0.12268297 0.03441981 0.16615982 0.06654826 0.98048496 -0.0813117
3955169.413349515 -0.4002535 -0.117642984 0.04701005 0.16867004 0.06704744 0.98004407 -0.08104758
3968454.413349515 -0.39583355 -0.113465585 0.0548017 0.17095232 0.06690151 0.9797324 -0.080149025
3981825.413349515 -0.39438814 -0.11074588 0.062172927 0.173741 0.06803173 0.9792516 -0.07907049
3995166.413349515 -0.3893137 -0.104929194 0.073377684 0.17679174 0.07064974 0.9786625 -0.077285826
4008556.413349515 -0.38421094 -0.10044621 0.079511754 0.18083057 0.07396515 0.9778016 -0.07571975
4022117.413349515 -0.38049254 -0.09620237 0.088664986 0.18574062 0.07897034 0.97663265 -0.07384285
4035403.413349515 -0.3769623 -0.09334628 0.09438238 0.1895407 0.08364895 0.9757053 -0.07124914
4048537.413349515 -0.37707287 -0.09319435 0.0958278 0.19245316 0.08659757 0.97508174 -0.06839749
4061866.413349515 -0.37023416 -0.08660595 0.10552526 0.19379531 0.08956637 0.9748498 -0.06394723
4075150.413349515 -0.3661407 -0.082718834 0.1107981 0.19538416 0.092323154 0.97464 -0.05812347
4088502.413349515 -0.36299372 -0.08193493 0.11504024 0.19798563 0.09225728 0.974386 -0.05350054
4101870.413349515 -0.3579831 -0.07655938 0.12471401 0.20170267 0.092464894 0.9739211 -0.04737115
4115179.413349515 -0.35514668 -0.07280566 0.12807618 0.206331 0.09001713 0.9734462 -0.0415565
4128518.413349515 -0.35175255 -0.07040725 0.13102321 0.21094508 0.08679729 0.9729468 -0.036646906
4141936.413349515 -0.34914735 -0.06775048 0.13501921 0.21484329 0.08428293 0.9724761 -0.03207815
4155392.413349515 -0.34509072 -0.063718416 0.14201275 0.21901439 0.0806026 0.9719801 -0.028120108
4169045.413349515 -0.3434405 -0.06253635 0.14361161 0.22231829 0.07753695 0.97157925 -0.024422785
4181925.413349515 -0.34047323 -0.059170343 0.14870791 0.22402532 0.07676052 0.9713428 -0.02033827
4195324.413349515 -0.33883035 -0.0557704 0.15343396 0.22511175 0.07605523 0.97122943 -0.015929822
4208598.413349515 -0.33542782 -0.05441409 0.15697959 0.22659643 0.07602435 0.9709395 -0.012286411
4221930.413349515 -0.33460918 -0.052095823 0.15664884 0.22996788 0.07783016 0.970039 -0.00903161
4235298.413349515 -0.33246702 -0.051208097 0.16196531 0.23556554 0.08065751 0.9684734 -0.00791318
4248529.413349515 -0.33251095 -0.0495044 0.16234703 0.2409802 0.08290457 0.96696275 -0.0061954022
4261897.413349515 -0.331013 -0.04849258 0.16728136 0.24448828 0.0877098 0.965668 -0.0042160405
4275215.413349515 -0.33208904 -0.049419872 0.16600554 0.2467306 0.09414917 0.9644978 -0.0020094577
4288702.413349515 -0.33182657 -0.04829748 0.17029113 0.2479503 0.099631354 0.96363515 0.0012967791
4301923.413349515 -0.32947654 -0.048998155 0.1707921 0.24889901 0.10701949 0.96258986 0.0041247313
4315300.413349515 -0.330427 -0.04848016 0.17200705 0.25064301 0.11238544 0.9615088 0.006967341
4328556.413349515 -0.33105093 -0.048722703 0.17566398 0.25168598 0.118223734 0.960507 0.010186516
4341888.413349515 -0.33146438 -0.050144766 0.17338845 0.2528328 0.12355412 0.95951533 0.011848942
4355347.413349515 -0.33411074 -0.05220435 0.17296402 0.25383914 0.12925074 0.9584881 0.012672054
4368570.413349515 -0.3357392 -0.05378715 0.17092825 0.25357038 0.13406779 0.9578953 0.012831694
4382136.413349515 -0.33442047 -0.055298872 0.17212416 0.2529497 0.13976103 0.95725286 0.012257037
4395303.413349515 -0.3361513 -0.058466494 0.17265947 0.25139016 0.14378604 0.9570819 0.011086227
4408676.413349515 -0.33828777 -0.06211878 0.16808975 0.24701692 0.15015742 0.9572427 0.011032809
4421997.413349515 -0.33775282 -0.06236091 0.16573927 0.24182905 0.15283471 0.9581446 0.010916495
4435321.413349515 -0.3404405 -0.06517517 0.16062029 0.23673563 0.15540478 0.95900124 0.011055849
4448645.413349515 -0.34155008 -0.06861862 0.15585956 0.23212352 0.1564769 0.95996755 0.009797551
4462170.413349515 -0.34157196 -0.07149447 0.15305792 0.22809306 0.15515114 0.9611731 0.006927405
4475382.413349515 -0.34564978 -0.0777409 0.14563467 0.22427595 0.1555873 0.96201676 0.004086929
4488834.413349515 -0.34353232 -0.077265196 0.1452292 0.21947053 0.15360405 0.9634505 0.0013390833
4502173.413349515 -0.34422868 -0.08268094 0.13676126 0.21332452 0.15422204 0.9647309 -0.0015987175
4515492.413349515 -0.34598774 -0.08587487 0.1324746 0.20696843 0.15380616 0.96617746 -0.0029772471
4528864.413349515 -0.3471746 -0.09132378 0.12603493 0.19978242 0.1526293 0.9678733 -0.003568724
4542013.413349515 -0.34588102 -0.093864925 0.12208921 0.19371629 0.15167949 0.9692563 -0.0031230522
4555644.413349515 -0.34637722 -0.09574243 0.11681858 0.18814424 0.15049747 0.97054183 -0.0009150751
4568743.413349515 -0.34680486 -0.09723544 0.11268904 0.18299533 0.14847116 0.971838 0.00027475628
4582250.413349515 -0.3483149 -0.10140197 0.104301184 0.17788714 0.14668225 0.97305715 0.0005528441
4595427.413349515 -0.35034826 -0.106766626 0.09394774 0.17248829 0.14596777 0.97413546 0.001166123
4609129.413349515 -0.35069948 -0.110547125 0.08892925 0.16635345 0.1442311 0.97545946 0.0016890275
4622169.413349515 -0.35238183 -0.11422075 0.079931855 0.16143753 0.14094321 0.9767649 0.001811921
4635357.413349515 -0.35442764 -0.117457464 0.07004009 0.15738517 0.13832566 0.9777955 0.0034531695
4648785.413349515 -0.35530913 -0.12238863 0.0608551 0.15394075 0.13557346 0.9787198 0.005460025
4662147.413349515 -0.3539842 -0.1250779 0.055718448 0.15111619 0.13211471 0.9796162 0.007859245
4675466.413349515 -0.35462034 -0.1289429 0.048959497 0.14824459 0.12704557 0.9806982 0.010683851
4688764.413349515 -0.3533855 -0.13043559 0.041276038 0.14486921 0.12100471 0.981919 0.014352141
4702126.413349515 -0.3568952 -0.13405134 0.030833324 0.14277714 0.11333787 0.98309106 0.017358398
4715422.413349515 -0.36046848 -0.13876124 0.020868054 0.14142309 0.10478289 0.9841847 0.020014869
4728894.413349515 -0.3592256 -0.14100966 0.013354323 0.14110611 0.09679974 0.9849882 0.022740332
4742446.413349515 -0.3609463 -0.14499769 0.003248253 0.14194904 0.08826104 0.98562664 0.024506766
4755437.413349515 -0.35943067 -0.14588533 -0.001668233 0.14296483 0.079206735 0.98619664 0.026525946
4768792.413349515 -0.3599546 -0.14922595 -0.012278283 0.14432898 0.070612036 0.9866073 0.028092822
4782137.413349515 -0.36232534 -0.15298608 -0.02385214 0.14627303 0.06196126 0.986854 0.02973639
4795434.413349515 -0.3611842 -0.1538265 -0.027614847 0.14843461 0.051456224 0.98709965 0.030883119
4808804.413349515 -0.36071646 -0.15645763 -0.03382709 0.15073197 0.041347403 0.98720676 0.031515807
4822143.413349515 -0.3602416 -0.15753959 -0.04075396 0.15383324 0.032938447 0.9870111 0.03255161
4835626.413349515 -0.36161342 -0.1602405 -0.049689043 0.15821047 0.023302771 0.9866045 0.03221904
4848978.413349515 -0.3600654 -0.1613088 -0.056058787 0.16301066 0.01404415 0.98600787 0.031919222
4862182.413349515 -0.3615983 -0.16471091 -0.066036716 0.16869068 0.005249194 0.9851766 0.030709332
4875481.413349515 -0.36298025 -0.16564406 -0.07338481 0.17517686 -0.0043670107 0.98409975 0.029011844
4888953.413349515 -0.36185604 -0.16789642 -0.081679955 0.18249895 -0.014247309 0.9827555 0.026132228
4902187.413349515 -0.36438102 -0.17061217 -0.09155684 0.19049625 -0.025424274 0.9810862 0.023122927
4915513.413349515 -0.3633364 -0.17137726 -0.097350106 0.19868223 -0.036557823 0.97917813 0.019979205
4928951.413349515 -0.3638337 -0.17284451 -0.10726869 0.20712183 -0.04961828 0.9769243 0.016048126
4942248.413349515 -0.36479723 -0.17571503 -0.11664605 0.21616194 -0.06276086 0.974266 0.011872075
4955699.413349515 -0.36583835 -0.17760308 -0.12366253 0.22573763 -0.0772318 0.9710933 0.00745835
4968978.413349515 -0.3667323 -0.17830424 -0.13129348 0.23569945 -0.091450125 0.9675094 0.0028883659
4982304.413349515 -0.36649528 -0.17747249 -0.13790295 0.24565974 -0.10456958 0.96369773 -0.0017952767
4995603.413349515 -0.3682454 -0.17828546 -0.14201389 0.25567085 -0.11808972 0.95949435 -0.0076040225
5008850.413349515 -0.36936563 -0.17827955 -0.15104833 0.26440874 -0.13074073 0.95541334 -0.013429921
5022305.413349515 -0.37422496 -0.17963783 -0.15882215 0.27209908 -0.14285582 0.95139813 -0.019901376
5035591.413349515 -0.37448758 -0.18022247 -0.16566366 0.2786604 -0.15134081 0.94803697 -0.025891127
5048921.413349515 -0.37623703 -0.17868452 -0.17277563 0.28498712 -0.15938729 0.94468194 -0.03088772
5062243.413349515 -0.38139796 -0.18096982 -0.17950767 0.29203945 -0.16612785 0.94116503 -0.03637357
5075673.413349515 -0.38486323 -0.17856964 -0.18473342 0.29906023 -0.17096622 0.9378885 -0.041214973
5089014.413349515 -0.38871396 -0.17789903 -0.1912579 0.30598643 -0.1741837 0.9348047 -0.04661228
5102357.413349515 -0.39396816 -0.17576739 -0.19598813 0.31290373 -0.175779 0.9319142 -0.052239414
5115615.413349515 -0.39904553 -0.17378548 -0.20279136 0.31934944 -0.17525767 0.92950183 -0.05768095
5129011.413349515 -0.40212744 -0.17077996 -0.20642035 0.32568344 -0.17414775 0.92714787 -0.06324385
5142278.413349515 -0.40805477 -0.16873789 -0.2102757 0.3323247 -0.17187725 0.9248517 -0.06832123
5155953.413349515 -0.41421732 -0.16510518 -0.2136987 0.3393774 -0.16912328 0.922437 -0.07300916
5168972.413349515 -0.4191741 -0.1605382 -0.21638305 0.34612152 -0.1664289 0.92008024 -0.07716036
5182291.413349515 -0.42436746 -0.15755972 -0.21776617 0.3528774 -0.16312002 0.91777277 -0.08100948
5195732.413349515 -0.43222466 -0.15470219 -0.22103341 0.36002156 -0.15998706 0.91522855 -0.08453062
5209020.413349515 -0.4385564 -0.15083607 -0.22484536 0.366942 -0.15632781 0.91284174 -0.0873798
5222279.413349515 -0.44693917 -0.14786734 -0.22518189 0.37393147 -0.15253018 0.9104165 -0.08973141
5235604.413349515 -0.4521041 -0.14224352 -0.22198932 0.3803278 -0.14872101 0.9082104 -0.09157913
5249065.413349515 -0.45827785 -0.1380477 -0.22253369 0.38601765 -0.14405032 0.90645427 -0.09263172
5262613.413349515 -0.46702257 -0.13553047 -0.22314946 0.39175117 -0.13917907 0.9047258 -0.09290546
5275759.413349515 -0.475908 -0.13186991 -0.22440116 0.39720663 -0.1345078 0.9031085 -0.092355944
5289144.413349515 -0.4823525 -0.12788048 -0.22209422 0.40252754 -0.13044572 0.9014258 -0.091581546
5302352.413349515 -0.4951945 -0.12576687 -0.22577292 0.4081642 -0.124367155 0.8999032 -0.09005084
5315659.413349515 -0.50425404 -0.12197389 -0.22372913 0.41392875 -0.11944893 0.898079 -0.088595755
5328957.413349515 -0.511097 -0.118343815 -0.22173865 0.41995114 -0.114554144 0.89602613 -0.08749685
5342280.413349515 -0.5181329 -0.11224777 -0.21697378 0.426638 -0.1092357 0.89371127 -0.085602924
5355585.413349515 -0.5282661 -0.109369785 -0.2149914 0.4323537 -0.10393697 0.8917408 -0.0840585
5369034.413349515 -0.53798413 -0.10697845 -0.21340086 0.4366966 -0.09818337 0.89041317 -0.082587235
5382314.413349515 -0.542401 -0.10189256 -0.20779724 0.4405273 -0.091627665 0.8894491 -0.08012754
5395623.413349515 -0.5515056 -0.099301845 -0.2037919 0.44427088 -0.08549592 0.8883918 -0.0779358
5409135.413349515 -0.5632803 -0.09775637 -0.20143554 0.44791916 -0.07880409 0.8873517 -0.07592992
5422339.413349515 -0.5677861 -0.092466936 -0.19524612 0.45206204 -0.07233597 0.8860182 -0.073342994
5435710.413349515 -0.57775986 -0.08960822 -0.18999869 0.4561419 -0.065641105 0.88461614 -0.07127607
5449083.413349515 -0.5902612 -0.08825173 -0.18751758 0.45919272 -0.05882536 0.88362736 -0.06988816
5462394.413349515 -0.5946506 -0.08483569 -0.18097094 0.4620736 -0.05302372 0.8826253 -0.06818493
5475756.413349515 -0.60089415 -0.08168197 -0.17664126 0.4652907 -0.046320867 0.8814686 -0.06612107
5489182.413349515 -0.617239 -0.0829384 -0.17638394 0.46937275 -0.040395215 0.8797168 -0.06446559
5502710.413349515 -0.6175944 -0.07582068 -0.16603547 0.4736025 -0.03334849 0.87800646 -0.06077249
5515904.413349515 -0.62470585 -0.074886724 -0.15921 0.47705042 -0.027757745 0.8765315 -0.05783643
5529151.413349515 -0.6336206 -0.073760204 -0.15210405 0.4799931 -0.022601532 0.8752834 -0.054540783
5542408.413349515 -0.6401389 -0.071094565 -0.14524731 0.48200965 -0.017978406 0.87452066 -0.050569177
5555677.413349515 -0.6520118 -0.071498886 -0.14437035 0.48279163 -0.012324257 0.87440896 -0.046577618
5568991.413349515 -0.65657246 -0.06923642 -0.13455454 0.48402053 -0.008161572 0.8739862 -0.042494737
5582530.413349515 -0.66188395 -0.06557567 -0.12769634 0.48646364 -0.004933077 0.8728799 -0.0375426
5595923.413349515 -0.67103475 -0.06361739 -0.12248233 0.4891755 -0.001908502 0.87155956 -0.03298124
5609021.413349515 -0.67577714 -0.06331013 -0.114640325 0.4909776 -0.00013773396 0.87068397 -0.029162055
5622353.413349515 -0.68048346 -0.058530334 -0.105712175 0.49282 0.0011986541 0.86977863 -0.024745239
5635736.413349515 -0.6882712 -0.058044188 -0.10379177 0.49250722 0.0024040795 0.87002546 -0.022060806
5649007.413349515 -0.69854856 -0.059206873 -0.099026114 0.49192128 0.0037776523 0.8703979 -0.02016969
5662417.413349515 -0.70814586 -0.0562725 -0.09510207 0.49172702 0.0027089883 0.87054986 -0.018446792
5675669.413349515 -0.71675354 -0.05628708 -0.09483883 0.49107653 0.0044640913 0.87093765 -0.017076068
5689111.413349515 -0.7168102 -0.05432417 -0.079936326 0.49163803 0.0050934535 0.870618 -0.017044436
5702373.413349515 -0.71932435 -0.049201004 -0.06957227 0.4912211 0.0051075174 0.87086546 -0.016408507
5715814.413349515 -0.72956383 -0.046878092 -0.05941403 0.49151996 0.0035986563 0.8707063 -0.016301923
5729077.413349515 -0.7342255 -0.043653045 -0.049834788 0.49207518 0.0037759806 0.87038225 -0.01681038
5742433.413349515 -0.7407304 -0.043120332 -0.043693542 0.492413 0.0036888751 0.87015206 -0.018743766
5755844.413349515 -0.7438314 -0.040561814 -0.03556031 0.49422643 0.0054774242 0.86908394 -0.02008466
5769136.413349515 -0.7470423 -0.037141174 -0.02541688 0.4963398 0.007296908 0.8678227 -0.021849839
5782379.413349515 -0.75257677 -0.036525104 -0.016279161 0.49843124 0.010562261 0.8665259 -0.024242764
5795748.413349515 -0.7572258 -0.03562333 -0.008594483 0.49957296 0.0148214325 0.8657497 -0.026165377
5809250.413349515 -0.75846404 -0.030870339 0.00321728 0.5004789 0.019741673 0.8651022 -0.027006937
5822535.413349515 -0.7654903 -0.02940213 0.011967629 0.5015777 0.024175966 0.86432344 -0.027934896
5836095.413349515 -0.7689052 -0.02847132 0.01997596 0.50175166 0.029296495 0.8640791 -0.027464723
5849082.413349515 -0.77295387 -0.025620129 0.02957359 0.50210446 0.0327435 0.863789 -0.02621993
5862429.413349515 -0.77786434 -0.022960138 0.041847944 0.5032792 0.03590138 0.8630503 -0.023777409
5875765.413349515 -0.7846092 -0.022883158 0.04963383 0.5032877 0.037898805 0.8630151 -0.021682039
5889088.413349515 -0.78837866 -0.020307368 0.061107993 0.50304586 0.03971751 0.8631258 -0.019525094
5902583.413349515 -0.7941695 -0.017564097 0.07103461 0.5021696 0.041471805 0.86358976 -0.017848553
5915796.413349515 -0.7967349 -0.016248878 0.08269696 0.5020021 0.04251655 0.86364394 -0.017475931
5929126.413349515 -0.8050241 -0.011749007 0.095725775 0.5028922 0.041759707 0.86315566 -0.017830843
5942474.413349515 -0.80716807 -0.0094873635 0.10703282 0.5023351 0.042577002 0.8634361 -0.018023524
5955885.413349515 -0.81246865 -0.007558412 0.11615442 0.5021286 0.043531124 0.8635042 -0.018233722
5969162.413349515 -0.8134258 -0.0031837188 0.13166371 0.5026479 0.04406648 0.863156 -0.019104986
5982484.413349515 -0.82127464 -0.00039615668 0.14237046 0.5033052 0.044224717 0.8627269 -0.02074375
5995917.413349515 -0.82489276 0.0009719748 0.14996737 0.5023729 0.04759398 0.86308366 -0.021045798
6009375.413349515 -0.8278236 0.0029978435 0.16186331 0.50208414 0.05126368 0.86300707 -0.022414299
6022578.413349515 -0.83215463 0.004999684 0.17262994 0.50225455 0.054018036 0.8626984 -0.023958743
6035931.413349515 -0.8361428 0.0058583654 0.18330553 0.5027826 0.056507014 0.8621744 -0.02592198
6049167.413349515 -0.8398795 0.0084836 0.19438167 0.50355667 0.060126662 0.8614355 -0.027283518
6062483.413349515 -0.844451 0.0088970475 0.20675474 0.50524217 0.06397986 0.86009115 -0.029669011
6075883.413349515 -0.84987235 0.009979691 0.21712692 0.506408 0.06721873 0.8590984 -0.031347252
6089298.413349515 -0.85248923 0.011748591 0.22814935 0.5060939 0.0710937 0.8589461 -0.032037288
6102587.413349515 -0.85769737 0.012135362 0.2394355 0.505952 0.073873684 0.85877347 -0.032611087
6115963.413349515 -0.8616482 0.011322288 0.25047535 0.5061518 0.077241994 0.8583635 -0.032499623
6129285.413349515 -0.8642088 0.0117528215 0.26027536 0.50609297 0.079616226 0.8582038 -0.03189726
6142571.413349515 -0.86692923 0.012079008 0.2709592 0.50664973 0.08218833 0.8576707 -0.030856583
6155899.413349515 -0.8728359 0.010764793 0.2811343 0.50851095 0.08309785 0.85650104 -0.030287666
6169226.413349515 -0.874038 0.010861095 0.2894047 0.50926715 0.08412775 0.8559846 -0.02932314
6182620.413349515 -0.8763653 0.012225937 0.29955733 0.5109194 0.08492406 0.8550011 -0.026876666
6196066.413349515 -0.88172483 0.009798203 0.307692 0.51259595 0.086094595 0.8539182 -0.025630215
6209333.413349515 -0.8847082 0.008000806 0.31745648 0.51424193 0.08791868 0.8527969 -0.023727912
6222686.413349515 -0.8873311 0.0073110014 0.3253439 0.5146639 0.090488076 0.85233426 -0.021434618
6235840.413349515 -0.8909818 0.005328618 0.33333322 0.51590234 0.092689894 0.85137695 -0.020267041
6249334.413349515 -0.8941151 0.0034015551 0.34041747 0.51606286 0.094853304 0.8510663 -0.019186696
6262599.413349515 -0.8961774 0.0032055825 0.3497086 0.5179852 0.09706457 0.849711 -0.016155548
6275874.413349515 -0.89822423 0.0008331761 0.3586491 0.52013713 0.09760827 0.84836066 -0.014638248
6289371.413349515 -0.900947 -0.0030088648 0.36646524 0.52217263 0.09843856 0.8470365 -0.013223137
6302853.413349515 -0.9052096 -0.0017295703 0.37572232 0.52492183 0.09778492 0.84544986 -0.010478648
6315941.413349515 -0.9085549 -0.0011394508 0.38311663 0.52726156 0.09688651 0.8441099 -0.009306008
6329400.413349515 -0.9109986 -0.0024489313 0.3906179 0.52907497 0.096384645 0.84303933 -0.008630944
6342580.413349515 -0.913874 -0.0038316324 0.3981308 0.5305988 0.09677166 0.8420538 -0.0067602117
6356116.413349515 -0.9159831 -0.004737992 0.40550423 0.5321017 0.095819764 0.8412247 -0.005246662
6369487.413349515 -0.91732687 -0.006422829 0.4131938 0.533078 0.09504952 0.8407016 -0.0037926245
6382623.413349515 -0.92084813 -0.007531833 0.41998225 0.53435695 0.09436898 0.83997273 -0.0017234676
6395931.413349515 -0.9231491 -0.008416399 0.4262081 0.5356404 0.093844816 0.8392154 0.00017776176
6409325.413349515 -0.926249 -0.010603953 0.43260145 0.5369234 0.09354321 0.83842766 0.0014334075
6422759.413349515 -0.92910045 -0.010969948 0.4403609 0.5389182 0.09291874 0.8372102 0.0035336923
6436111.413349515 -0.9322635 -0.012170158 0.4467516 0.5405594 0.09162146 0.8362872 0.004985204
6449373.413349515 -0.93541634 -0.014680792 0.45281935 0.54183596 0.09104201 0.8355139 0.006455035
6462772.413349515 -0.93866587 -0.014806174 0.46005705 0.5435087 0.08920323 0.8346124 0.0079448735
6476157.413349515 -0.9418771 -0.015949558 0.4656669 0.54531515 0.08723557 0.83363235 0.008858366
6489294.413349515 -0.94253457 -0.017226677 0.47195065 0.54700005 0.08501587 0.8327517 0.009375402
6502588.413349515 -0.94631696 -0.01879811 0.47883117 0.5497688 0.08340277 0.8310774 0.010428736
6516110.413349515 -0.9494754 -0.020116225 0.48475513 0.55273205 0.08104275 0.82933336 0.011200504
6529351.413349515 -0.9523097 -0.021380551 0.48969904 0.55533785 0.078208186 0.82786065 0.01140633
6542739.413349515 -0.9574435 -0.022450663 0.49728224 0.55863863 0.07602616 0.82583094 0.012094786
6556129.413349515 -0.96020216 -0.02250819 0.5042781 0.56193566 0.074132584 0.82375526 0.0126454625
6569333.413349515 -0.9628043 -0.02469908 0.509515 0.5648766 0.07349955 0.82179874 0.0126089025
6582750.413349515 -0.9699951 -0.026249811 0.5175732 0.56867486 0.0734992 0.8191637 0.013327647
6596002.413349515 -0.9693406 -0.02635995 0.5252762 0.5717981 0.07321197 0.81700724 0.013644746
6609391.413349515 -0.9777916 -0.027951226 0.5290198 0.57473344 0.07298656 0.81496453 0.013687035
6622815.413349515 -0.9791445 -0.028843712 0.5365245 0.5773937 0.07298261 0.81308687 0.0134068215
6636181.413349515 -0.98904437 -0.032314006 0.54180086 0.58050126 0.07354073 0.81082445 0.013181169
6649365.413349515 -0.98999673 -0.03284269 0.5453692 0.58317214 0.07396885 0.8088705 0.012942491
6662795.413349515 -0.99865556 -0.036138896 0.55261594 0.5868349 0.07395866 0.8062481 0.010906657
6676158.413349515 -0.9990935 -0.037032075 0.5602107 0.5905106 0.07375341 0.8035961 0.009535966
6689457.413349515 -1.0028808 -0.036558725 0.56436443 0.59392565 0.073181964 0.80114794 0.007664331
6702825.413349515 -1.0082917 -0.040269487 0.572421 0.5973445 0.0735523 0.79859084 0.00471725
6716228.413349515 -1.0094366 -0.041153587 0.5806313 0.5999481 0.07261434 0.7967332 0.002370252
6729421.413349515 -1.0165823 -0.043285746 0.5851578 0.6017363 0.07209789 0.795434 -0.0002644376
6742732.413349515 -1.0227039 -0.046997365 0.5912619 0.6034858 0.072545014 0.7940636 -0.0022539834
6756046.413349515 -1.0233648 -0.04931586 0.5973212 0.6052597 0.073096186 0.79265964 -0.0028903363
6769468.413349515 -1.0281364 -0.052907832 0.60214984 0.6074856 0.073834516 0.79088676 -0.002811662
6782906.413349515 -1.0302254 -0.053343184 0.61005086 0.6108139 0.07285255 0.7884096 -0.0030377617
6796078.413349515 -1.0364883 -0.0577411 0.61487323 0.61389035 0.072668724 0.7860362 -0.0022554484
6809565.413349515 -1.04125 -0.06270005 0.6180601 0.6168782 0.07254152 0.7837056 -0.0021507503
6822728.413349515 -1.0449257 -0.063788384 0.62408334 0.62008613 0.071150355 0.78129846 -0.0018895835
6836159.413349515 -1.0470045 -0.06618881 0.6304423 0.62305444 0.070852734 0.77896035 -0.0019650683
6849469.413349515 -1.0512786 -0.06867352 0.6342837 0.62544394 0.07025453 0.77709615 -0.002404613
6862831.413349515 -1.0568919 -0.07105411 0.6406903 0.6283298 0.069889255 0.7747935 -0.0035010872
6876112.413349515 -1.0596149 -0.074986115 0.6449182 0.6309435 0.0712667 0.77253926 -0.0038203162
6889525.413349515 -1.0613618 -0.07720606 0.6470825 0.6334399 0.071805306 0.7704427 -0.003987904
6902753.413349515 -1.061586 -0.07803512 0.6529643 0.63623303 0.07267901 0.76805776 -0.0035507653
6916123.413349515 -1.066575 -0.08265748 0.65719366 0.6384916 0.07349552 0.7661039 -0.0034287835
6929414.413349515 -1.0705206 -0.08549802 0.6605337 0.6409889 0.073015936 0.7640616 -0.0034250584
6942746.413349515 -1.0749754 -0.08798182 0.6653309 0.64439404 0.07255991 0.7612386 -0.0027036322
6956151.413349515 -1.0784929 -0.0894469 0.67063665 0.64783394 0.07223147 0.75834733 -0.0018021498
6969475.413349515 -1.0813969 -0.09267333 0.6724001 0.6506166 0.07222235 0.75596267 -0.0015836468
6982817.413349515 -1.0860848 -0.09405142 0.6801398 0.65406597 0.07135457 0.7530632 -0.00146561
6996175.413349515 -1.0871434 -0.095855586 0.6827204 0.6564236 0.07189442 0.7509587 -0.00059667585
7009484.413349515 -1.0863776 -0.09552364 0.6872572 0.6592723 0.07021219 0.74861765 -0.0013953213
7022831.413349515 -1.0899404 -0.09642925 0.6931187 0.662045 0.07027971 0.7461601 -0.0014920109
7036605.413349515 -1.0931926 -0.100495905 0.6961484 0.6645464 0.0712383 0.743843 -0.0009390693
7049529.413349515 -1.0925314 -0.09943838 0.699676 0.6665656 0.07140495 0.74201864 -0.00021214374
7062829.413349515 -1.0942445 -0.09997633 0.70638704 0.66910005 0.071215674 0.73975235 -0.00022998547
7076258.413349515 -1.0969594 -0.101516545 0.71039534 0.67125946 0.07181881 0.7377348 0.00042352863
7089501.413349515 -1.0948654 -0.098075815 0.711251 0.6727573 0.07101944 0.7364467 0.00046805033
7103204.413349515 -1.1017998 -0.10084498 0.7185588 0.6756233 0.07110282 0.73381037 0.0001754098
7116243.413349515 -1.101805 -0.1017283 0.7253038 0.67825013 0.07032816 0.73145694 -0.0012205
7129565.413349515 -1.1004767 -0.099014215 0.72764206 0.68036616 0.0699459 0.729524 -0.002063469
7142871.413349515 -1.1030965 -0.09977876 0.7340157 0.68288416 0.06880056 0.72726965 -0.0038201415
7156145.413349515 -1.1010964 -0.09908745 0.7395523 0.6852483 0.068937205 0.72502214 -0.005027607
7169616.413349515 -1.1003991 -0.09608286 0.74321175 0.6871975 0.06843683 0.7232137 -0.006160489
7182944.413349515 -1.1028042 -0.09692107 0.7494514 0.6891584 0.06837416 0.7213354 -0.007815056
7196242.413349515 -1.0992548 -0.09704193 0.75596714 0.6912585 0.06845351 0.71929616 -0.009431725
7209643.413349515 -1.0995625 -0.09404201 0.76188564 0.693219 0.06726155 0.7174969 -0.011027548
7222922.413349515 -1.104141 -0.096037894 0.7683866 0.6956523 0.06747002 0.7150996 -0.01218119
7236393.413349515 -1.1009948 -0.09558972 0.77554154 0.69801456 0.067809425 0.71275836 -0.012375403
7249582.413349515 -1.101382 -0.09400113 0.7801922 0.70023185 0.067840956 0.7105751 -0.012491865
7262896.413349515 -1.1056824 -0.093321875 0.7876784 0.7025389 0.06661472 0.7083926 -0.013473523
7276254.413349515 -1.0978642 -0.09100568 0.79358315 0.7045292 0.06672654 0.7063914 -0.014050785
7289766.413349515 -1.1010991 -0.09067448 0.7997848 0.70642716 0.06710088 0.7044424 -0.014802015
7302868.413349515 -1.1042035 -0.09057697 0.8061014 0.7086867 0.06848821 0.7020161 -0.015684381
7316284.413349515 -1.10179 -0.090382844 0.813789 0.71102816 0.06975721 0.69948626 -0.017086957
7329562.413349515 -1.104181 -0.09085558 0.81745934 0.7128769 0.07272675 0.69728434 -0.01766173
7342950.413349515 -1.106162 -0.09178407 0.82568955 0.71548086 0.07462182 0.69436777 -0.019294046
7356252.413349515 -1.1019688 -0.08915367 0.83251184 0.7178979 0.0762009 0.69169605 -0.019302446
7369588.413349515 -1.1031126 -0.08859411 0.8384546 0.7198072 0.07845864 0.6894616 -0.019094134
7382939.413349515 -1.1029619 -0.09012911 0.84473664 0.72169244 0.080424994 0.6872666 -0.018881775
7396426.413349515 -1.1059115 -0.0916529 0.85147125 0.72367233 0.08169891 0.68505913 -0.017824106
7409612.413349515 -1.1056719 -0.0933957 0.8576214 0.7248442 0.08221691 0.6837668 -0.017442575
7423010.413349515 -1.1055009 -0.09107237 0.8636787 0.7258312 0.08216163 0.6827711 -0.015564414
7436321.413349515 -1.109147 -0.093942404 0.8687352 0.72651356 0.083085105 0.681968 -0.013948517
7449720.413349515 -1.1096839 -0.09707608 0.87570846 0.7273787 0.08365746 0.6809855 -0.0134314215
7463039.413349515 -1.1109388 -0.09775627 0.8799441 0.7279289 0.08450384 0.6803269 -0.011577732
7476334.413349515 -1.1119716 -0.098962694 0.8853937 0.72901934 0.08538283 0.6790783 -0.0096650645
7489669.413349515 -1.1146488 -0.10205284 0.8908895 0.730014 0.0856404 0.6779918 -0.008509574
7503053.413349515 -1.1156164 -0.102843195 0.8962035 0.73127 0.08638108 0.67656744 -0.0062511256
7516370.413349515 -1.1178982 -0.10617992 0.9009516 0.7323925 0.08837686 0.6751103 -0.0041232468
7529720.413349515 -1.1190046 -0.10969576 0.90674627 0.7329092 0.08937148 0.6744239 -0.0030591094
7543023.413349515 -1.1253399 -0.112962216 0.9114064 0.7335216 0.09078835 0.67357445 -0.001063081
7556347.413349515 -1.125436 -0.114474535 0.9165088 0.7346821 0.09132942 0.67223567 0.0006903379
7569660.413349515 -1.1299815 -0.11643703 0.9222952 0.7360034 0.09154948 0.6707556 0.0021581769
7583086.413349515 -1.1339866 -0.11925359 0.9280559 0.73775756 0.09140155 0.6688414 0.0032796662
7596389.413349515 -1.1328347 -0.121182814 0.9317868 0.73917174 0.09141763 0.66727114 0.004141384
7609724.413349515 -1.1389542 -0.12590341 0.9362668 0.7399812 0.091108344 0.6664121 0.0046866615
7622989.413349515 -1.138107 -0.12963347 0.9396677 0.7405952 0.09108052 0.66573346 0.0046884483
7636394.413349515 -1.1409217 -0.13234347 0.9456862 0.7419974 0.09104245 0.66417193 0.0051807184
7649722.413349515 -1.1499171 -0.13515396 0.9496525 0.74230134 0.090558395 0.66389227 0.005917455
7663060.413349515 -1.151067 -0.13529797 0.95498675 0.743177 0.09008627 0.66297054 0.006523194
7676594.413349515 -1.1549292 -0.13863562 0.9604013 0.7440402 0.090011865 0.66200435 0.0072371885
7689807.413349515 -1.1565866 -0.14327437 0.96472925 0.7446702 0.090797916 0.6611723 0.00856142
7703000.413349515 -1.160804 -0.14617679 0.9698682 0.74505234 0.0918111 0.6605823 0.009938614
7716440.413349515 -1.1641686 -0.14944367 0.9736202 0.74587953 0.0940092 0.6592875 0.012884291
7729753.413349515 -1.1703386 -0.15074253 0.9800365 0.74694455 0.095204905 0.6578904 0.013793025
7743102.413349515 -1.1736658 -0.15382394 0.9855922 0.74830735 0.09789118 0.6559024 0.015666153
7756373.413349515 -1.1784391 -0.15850717 0.9899983 0.7491547 0.10200518 0.6542396 0.018242726
7769782.413349515 -1.1791835 -0.16016693 0.9955957 0.7503075 0.10439141 0.65249085 0.019921176
7783104.413349515 -1.1801442 -0.15808254 0.99998844 0.7508955 0.10388997 0.6518442 0.021494647
7796505.413349515 -1.184567 -0.16018125 1.0073123 0.7516905 0.10433508 0.65074825 0.024541585
7809765.413349515 -1.1889287 -0.16675214 1.0132134 0.752306 0.105621435 0.64969224 0.027927322
7823117.413349515 -1.1901686 -0.16659594 1.0191035 0.75339705 0.104393 0.6484766 0.031194976
7836461.413349515 -1.1966848 -0.16772778 1.0242002 0.75497687 0.10402735 0.6465339 0.034383025
7849742.413349515 -1.1969963 -0.1726838 1.0299013 0.7567237 0.103728905 0.6444873 0.035294108
7863156.413349515 -1.1968057 -0.17381963 1.0366745 0.7581056 0.103567414 0.64279616 0.03691721
7876459.413349515 -1.1949389 -0.17377585 1.0413852 0.7587749 0.10248328 0.6421013 0.03825979
7889875.413349515 -1.1998942 -0.17852171 1.0473984 0.7585431 0.10331571 0.64211065 0.040400762
7903150.413349515 -1.2014716 -0.17891255 1.053812 0.7590739 0.1015782 0.6416384 0.042296104
7916423.413349515 -1.2060568 -0.1824435 1.0591184 0.75939465 0.100639485 0.6412541 0.044549182
7929730.413349515 -1.2103705 -0.18733521 1.0678382 0.7609216 0.098821275 0.6396202 0.046030514
7943128.413349515 -1.2127997 -0.1865425 1.073056 0.76156205 0.0948037 0.63937163 0.047324095
7956513.413349515 -1.2137086 -0.18990241 1.075407 0.7615379 0.09349942 0.6394506 0.04920258
7969827.413349515 -1.2182635 -0.1944453 1.0816542 0.76146287 0.092085324 0.6397855 0.048674405
7983075.413349515 -1.2162999 -0.19651188 1.083991 0.7611312 0.092186965 0.63996154 0.05128444
7996502.413349515 -1.2167287 -0.20096374 1.0890182 0.76081496 0.09169462 0.6404885 0.050270606
8009827.413349515 -1.2203681 -0.20601273 1.0961391 0.7604905 0.090866745 0.64107716 0.049168915
8023138.413349515 -1.219956 -0.20882913 1.1011748 0.75990945 0.0898306 0.64200354 0.04795498
8036683.413349515 -1.2218176 -0.21449742 1.1050133 0.7585428 0.08972604 0.6436912 0.047158238
8049779.413349515 -1.2241513 -0.21940891 1.109175 0.7570959 0.089176275 0.6455622 0.045857225
8063149.413349515 -1.225968 -0.22495596 1.1144518 0.7561083 0.089773685 0.6467164 0.044707913
8076523.413349515 -1.2287749 -0.23035 1.1192236 0.7551876 0.08991128 0.6479435 0.04215531
8089847.413349515 -1.2309 -0.23485154 1.1234679 0.75402576 0.09042565 0.6493586 0.040023945
8103203.413349515 -1.2310721 -0.23894633 1.1259662 0.7530072 0.09107965 0.6505876 0.037690226
8116487.413349515 -1.2363456 -0.24641714 1.1312081 0.7521084 0.09164645 0.6516814 0.035287198
8129835.413349515 -1.2388078 -0.24889222 1.134201 0.75100195 0.09177402 0.65304625 0.03322954
8143188.413349515 -1.2389711 -0.2545918 1.1362627 0.74971646 0.092231065 0.65455866 0.031172026
8156656.413349515 -1.2412409 -0.2604334 1.1401414 0.74883467 0.09188736 0.65573865 0.028465876
8169884.413349515 -1.2437865 -0.2660134 1.1437011 0.74814856 0.09187731 0.65660536 0.02649172
8183200.413349515 -1.2439308 -0.27067456 1.1459898 0.74740005 0.0918772 0.65750694 0.025227444
8196572.413349515 -1.243882 -0.27676782 1.1491674 0.74687326 0.09248439 0.65807146 0.023854716
8209929.413349515 -1.245592 -0.28287944 1.1503915 0.74583656 0.09395222 0.65907586 0.022802088
8223297.413349515 -1.2426034 -0.2837056 1.1490606 0.7449601 0.09448223 0.6600268 0.021729883
8236502.413349515 -1.2457854 -0.29297793 1.1512169 0.744723 0.09653472 0.6600603 0.019729286
8249845.413349515 -1.2471396 -0.29779607 1.158223 0.7455881 0.09749881 0.65900123 0.017602421
8263185.413349515 -1.2483716 -0.30217993 1.1604983 0.7460369 0.09807676 0.65847486 0.014858028
8276617.413349515 -1.2449838 -0.3055415 1.1591442 0.7462794 0.09943631 0.65804094 0.012717052
8289920.413349515 -1.2460519 -0.31081432 1.1568327 0.74600434 0.10052776 0.65823895 0.009657454
8303343.413349515 -1.2433463 -0.31621373 1.1597168 0.7462893 0.10049916 0.6579663 0.005706367
8316834.413349515 -1.2448218 -0.3184385 1.1595783 0.74653906 0.09973941 0.65782046 0.0019727177
8330251.413349515 -1.2442119 -0.32036746 1.1588523 0.74718344 0.09728839 0.65745646 -0.0017451717
8343411.413349515 -1.2447139 -0.32667905 1.1593486 0.7480383 0.09506526 0.6567928 -0.0049539413
8356678.413349515 -1.2472689 -0.3316619 1.1586556 0.7492217 0.09165313 0.6559012 -0.0077623944
8369971.413349515 -1.2502356 -0.3383246 1.1578047 0.75066394 0.08857342 0.6546308 -0.010819226
8383288.413349515 -1.2495344 -0.34103936 1.1567463 0.75164807 0.084589936 0.6539573 -0.014480432
8396614.413349515 -1.2530125 -0.34574372 1.1578239 0.7527418 0.08031674 0.6531059 -0.01953851
8409942.413349515 -1.2540276 -0.3523447 1.1529211 0.7524754 0.07681773 0.6536857 -0.023977593
8423308.413349515 -1.2556539 -0.35591984 1.1513337 0.7522895 0.07286596 0.65418 -0.028278708
8436677.413349515 -1.2590097 -0.36067638 1.1521956 0.7522921 0.068603225 0.65441376 -0.0330596
8449946.413349515 -1.2581782 -0.362327 1.1529694 0.75264 0.06433916 0.6541974 -0.037674397
8463259.413349515 -1.2559506 -0.3685658 1.1519134 0.75260115 0.06298908 0.6541814 -0.040873323
8476613.413349515 -1.2547673 -0.37186775 1.1464045 0.75159603 0.06173462 0.65523624 -0.044247385
8489932.413349515 -1.2564577 -0.37893298 1.1476907 0.7514186 0.059842326 0.65525144 -0.049342122
8503316.413349515 -1.255894 -0.38574225 1.1457292 0.74990195 0.059450325 0.6567872 -0.05237659
8516635.413349515 -1.2663114 -0.39656228 1.144646 0.74840313 0.060020827 0.6582394 -0.054874428
8530017.413349515 -1.2729006 -0.40321273 1.1479666 0.74727416 0.059072003 0.65931535 -0.05826822
8543637.413349515 -1.2691079 -0.4006608 1.1425786 0.74532425 0.057169545 0.66140413 -0.061384846
8556718.413349515 -1.2691965 -0.40251616 1.1423284 0.7437014 0.05592888 0.66306585 -0.064217985
8570103.413349515 -1.2673811 -0.4051598 1.1411679 0.74173045 0.05332693 0.6651368 -0.06771433
8583402.413349515 -1.2666601 -0.40818477 1.1392242 0.7395726 0.050407764 0.6674883 -0.07036239
8596735.413349515 -1.2688866 -0.41229588 1.1400052 0.7378856 0.04615057 0.6693404 -0.07333838
8610021.413349515 -1.2734797 -0.4201092 1.1368784 0.7357125 0.042736318 0.67165756 -0.07600543
8623407.413349515 -1.2703679 -0.42018872 1.1322763 0.7335908 0.03784723 0.67402333 -0.07813314
8636855.413349515 -1.2735049 -0.42414963 1.1308382 0.73164165 0.03380412 0.67613083 -0.08003063
8650266.413349515 -1.2767149 -0.43191624 1.1252648 0.7294811 0.031253394 0.6784584 -0.081085555
8663476.413349515 -1.2682312 -0.42715275 1.1215644 0.7277285 0.02536488 0.68029106 -0.08349898
8676813.413349515 -1.2708869 -0.43289816 1.1189338 0.72660106 0.021805039 0.6814444 -0.0849055
8690029.413349515 -1.2745225 -0.4354762 1.1138711 0.72566575 0.016402507 0.68224263 -0.08766534
8703430.413349515 -1.2749338 -0.43777952 1.1104478 0.72500145 0.010581022 0.6826283 -0.09099277
8716792.413349515 -1.2773676 -0.44176564 1.1077473 0.7245261 0.0052660964 0.682756 -0.09422553
8730081.413349515 -1.2823962 -0.44602314 1.1067935 0.72437125 -0.00028401532 0.68249255 -0.097417615
8743481.413349515 -1.2800534 -0.44691765 1.1033067 0.723097 -0.0054680253 0.6833364 -0.10075813
8756736.413349515 -1.2825695 -0.4496561 1.0992813 0.72158366 -0.009834231 0.6843754 -0.10416628
8770104.413349515 -1.2858206 -0.45201373 1.0977768 0.7204677 -0.013937957 0.6847097 -0.109108664
8783412.413349515 -1.287319 -0.45426863 1.0966142 0.71943116 -0.017994976 0.68471175 -0.11517304
8796683.413349515 -1.2884701 -0.45572296 1.0931808 0.71908224 -0.02047994 0.6841579 -0.12012179
8810131.413349515 -1.2929715 -0.4613709 1.0848227 0.7189038 -0.02195432 0.68358654 -0.12411654
8823391.413349515 -1.2880745 -0.46145508 1.0780408 0.7194486 -0.023652343 0.6823376 -0.12747443
8836831.413349515 -1.2817361 -0.45693094 1.0700128 0.7198582 -0.026574098 0.68102634 -0.1315341
8850321.413349515 -1.2772228 -0.45807368 1.0616914 0.7200268 -0.029148307 0.67977273 -0.13645844
8863619.413349515 -1.279527 -0.45927632 1.0533068 0.7202517 -0.032890275 0.6784305 -0.14102446
8876922.413349515 -1.2837983 -0.46485892 1.0496774 0.720908 -0.03484888 0.67675495 -0.14518964
8890219.413349515 -1.2836156 -0.46581352 1.0424116 0.72107315 -0.036712218 0.67586774 -0.14801559
8903452.413349515 -1.278245 -0.4625656 1.0359855 0.7217005 -0.03871259 0.67446846 -0.15080486
8916788.413349515 -1.2825596 -0.4665576 1.0297207 0.7225854 -0.038765043 0.6729392 -0.15336432
8930135.413349515 -1.2803512 -0.46580487 1.0226724 0.7239919 -0.03850552 0.6710266 -0.15516582
8943479.413349515 -1.2835435 -0.46848556 1.0190187 0.72421974 -0.039045226 0.66985315 -0.15899105
8956790.413349515 -1.2815142 -0.47194868 1.011526 0.7240518 -0.038821045 0.66925806 -0.16228263
8970317.413349515 -1.2931064 -0.47920075 1.0074348 0.72259253 -0.038164318 0.67019457 -0.16505401
8983778.413349515 -1.2923136 -0.48176262 0.99790055 0.72030365 -0.03753149 0.67203027 -0.16771811
8996919.413349515 -1.2924087 -0.48037606 0.9924034 0.7184785 -0.037299097 0.67331946 -0.1704063
9010179.413349515 -1.2885227 -0.48101076 0.9824702 0.7159136 -0.03639751 0.67543036 -0.17302246
9023548.413349515 -1.291682 -0.4855663 0.9780563 0.7136759 -0.03547996 0.6770681 -0.17603025
9036855.413349515 -1.2913017 -0.48997092 0.971355 0.7122313 -0.03300652 0.67829084 -0.17764772
9050135.413349515 -1.2924726 -0.4917976 0.9620183 0.7118883 -0.03081224 0.6787074 -0.17782581
9063466.413349515 -1.2863997 -0.48492235 0.95442104 0.711985 -0.03108613 0.6782981 -0.17894931
9076816.413349515 -1.2816973 -0.48713404 0.9463823 0.71159095 -0.028275244 0.6790663 -0.17806683
9090190.413349515 -1.2814535 -0.48837122 0.93917376 0.7110133 -0.026439346 0.6799743 -0.17718914
9103571.413349515 -1.2827619 -0.4881261 0.9324776 0.70960546 -0.025043083 0.681869 -0.17574929
9116804.413349515 -1.2862824 -0.49231842 0.92554116 0.7075092 -0.024033785 0.6842573 -0.17505743
9130181.413349515 -1.2900105 -0.49522257 0.9199871 0.70473135 -0.023388075 0.6873864 -0.17408861
9143523.413349515 -1.2868702 -0.49118498 0.90788686 0.7014484 -0.024695273 0.6908317 -0.17352788
9156867.413349515 -1.2872653 -0.4935139 0.8986046 0.6985605 -0.025479406 0.69374007 -0.17346136
9170211.413349515 -1.2905091 -0.49717665 0.8934811 0.6953236 -0.027360864 0.69662625 -0.17460935
9183773.413349515 -1.2869763 -0.4977178 0.88642406 0.6917005 -0.030941654 0.6996668 -0.17623672
9197111.413349515 -1.2920561 -0.5045135 0.87616265 0.68779176 -0.033497 0.7029957 -0.17781332
9210347.413349515 -1.287874 -0.5051152 0.8673139 0.68453544 -0.03733442 0.70551014 -0.17964657
9223673.413349515 -1.2815037 -0.50337934 0.85505635 0.68131745 -0.041431393 0.70794326 -0.1814009
9237066.413349515 -1.2868974 -0.50675386 0.8460029 0.6788187 -0.044548284 0.70980376 -0.18275502
9250324.413349515 -1.2878493 -0.5105676 0.8379143 0.67631227 -0.046822842 0.7115445 -0.18469888
9263747.413349515 -1.287142 -0.50967157 0.82597697 0.673393 -0.049203712 0.7136901 -0.18646011
9277061.413349515 -1.2828953 -0.51139504 0.8224315 0.6713666 -0.04992169 0.7149934 -0.18857151
9290230.413349515 -1.2795835 -0.5083338 0.80881345 0.6694208 -0.05264591 0.7162593 -0.18993923
9303521.413349515 -1.2764986 -0.5092045 0.79937816 0.6681602 -0.053772002 0.7166483 -0.19257683
9316902.413349515 -1.2785884 -0.5124246 0.7905497 0.6674995 -0.05449122 0.7165453 -0.19503361
9330175.413349515 -1.2776366 -0.514716 0.77878773 0.66664475 -0.055037104 0.7167223 -0.1971418
9343572.413349515 -1.2816277 -0.5186805 0.769961 0.6649862 -0.055847146 0.71753603 -0.1995408
9357109.413349515 -1.2756644 -0.5152123 0.76351416 0.66312975 -0.056781992 0.7187417 -0.20110983
9370336.413349515 -1.2794762 -0.5203321 0.7534374 0.6599129 -0.05695393 0.7212063 -0.20281191
9383694.413349515 -1.2798438 -0.5228399 0.7444492 0.6561815 -0.057340145 0.7241475 -0.20432413
9397049.413349515 -1.2768598 -0.5238839 0.7332846 0.65213543 -0.057200585 0.72763443 -0.20492849
9410270.413349515 -1.2775939 -0.5258099 0.7280307 0.64790016 -0.05802851 0.7308321 -0.20674288
9423682.413349515 -1.2762058 -0.52646035 0.7177665 0.64335513 -0.059618164 0.73423177 -0.20843133
9436993.413349515 -1.2732072 -0.5265871 0.7077229 0.63953507 -0.060908463 0.73704237 -0.20988944
9450350.413349515 -1.2693722 -0.52529144 0.6982684 0.63588464 -0.063513406 0.73925793 -0.21240203
9463797.413349515 -1.268414 -0.52985597 0.6879201 0.63187224 -0.06579307 0.7415696 -0.21559998
9476998.413349515 -1.2662878 -0.5286705 0.6789654 0.62830955 -0.06857583 0.74353224 -0.21836746
9490357.413349515 -1.2595339 -0.5242814 0.6708344 0.6253196 -0.072760135 0.74437785 -0.22267252
9503857.413349515 -1.2598786 -0.52379817 0.6619847 0.6236723 -0.076602444 0.7442494 -0.22640173
9516972.413349515 -1.2608542 -0.5264999 0.65350634 0.62302727 -0.079406075 0.74340737 -0.22995049
9530486.413349515 -1.2625734 -0.5288755 0.6413366 0.6217685 -0.081583515 0.7432965 -0.23293449
9543699.413349515 -1.2568595 -0.5279393 0.6332773 0.61911446 -0.08369529 0.74385506 -0.23742789
9557034.413349515 -1.2544606 -0.52609503 0.626547 0.6158264 -0.086318865 0.7450894 -0.24114025
9570352.413349515 -1.2544892 -0.52716994 0.6157823 0.6127039 -0.08771971 0.7465087 -0.2441801
9583785.413349515 -1.252031 -0.52584076 0.6073529 0.6100325 -0.090223126 0.74737763 -0.24727887
9597151.413349515 -1.2494369 -0.5274265 0.6006326 0.6084022 -0.09038089 0.7480423 -0.24922065
9610532.413349515 -1.2451293 -0.52255994 0.59287363 0.6072844 -0.0913551 0.74861777 -0.24986275
9623739.413349515 -1.2424567 -0.5227351 0.58164626 0.6052679 -0.092118785 0.7499556 -0.2504626
9637038.413349515 -1.2398888 -0.52160275 0.5752165 0.60346437 -0.093232565 0.75098556 -0.25131494
9650366.413349515 -1.2389421 -0.518917 0.5692914 0.6023804 -0.09604372 0.75134933 -0.25176898
9663672.413349515 -1.2362506 -0.5162014 0.5598685 0.6016966 -0.097356685 0.75194454 -0.2511221
9677046.413349515 -1.2349437 -0.51670074 0.5516462 0.60023135 -0.10043693 0.75250995 -0.2517214
9690376.413349515 -1.2270844 -0.51316464 0.5422109 0.59887683 -0.10367738 0.7528822 -0.25251922
9704365.413349515 -1.2272012 -0.512763 0.5320757 0.5973634 -0.10640926 0.7538101 -0.2521992
9717241.413349515 -1.2270073 -0.5141864 0.52300674 0.5963656 -0.108706035 0.7543763 -0.25188807
9730366.413349515 -1.226594 -0.51540923 0.5136537 0.59562045 -0.11103122 0.7547009 -0.25166407
9743706.413349515 -1.2211425 -0.5107331 0.5026555 0.5947173 -0.11322794 0.75535727 -0.25085104
9757234.413349515 -1.2185816 -0.50886256 0.49412358 0.59376395 -0.11600157 0.7555529 -0.25125268
9770455.413349515 -1.2140737 -0.5077219 0.49036682 0.5939622 -0.11799629 0.7546047 -0.25270045
9783776.413349515 -1.2106297 -0.50692886 0.47490048 0.59214497 -0.119250685 0.7559207 -0.25244334
9797211.413349515 -1.2038362 -0.50693965 0.46254873 0.59012103 -0.11892799 0.75732684 -0.25311938
9810500.413349515 -1.2053169 -0.5095257 0.4533195 0.5885004 -0.119546175 0.7579731 -0.2546621
9823778.413349515 -1.1980233 -0.5083538 0.44557494 0.58643967 -0.121079564 0.75830907 -0.2576736
9837064.413349515 -1.1895025 -0.5073656 0.43834418 0.5843369 -0.122536086 0.75884616 -0.2601689
9850493.413349515 -1.1856456 -0.5064686 0.42731494 0.58205825 -0.12457009 0.7591376 -0.2634403
9863770.413349515 -1.1817908 -0.5088568 0.41640437 0.579761 -0.12678404 0.75906897 -0.26761428
9877116.413349515 -1.1733482 -0.5073538 0.40870756 0.5783147 -0.129246 0.7582755 -0.27178282
9890526.413349515 -1.171136 -0.5113017 0.39865464 0.5763901 -0.13173592 0.7577778 -0.27603054
9903865.413349515 -1.1704966 -0.5146105 0.38799977 0.57374465 -0.1329314 0.7583398 -0.279405
9917146.413349515 -1.1623359 -0.5118979 0.3805201 0.5705092 -0.1341037 0.75961345 -0.28199804
9930424.413349515 -1.1593797 -0.51342666 0.36985618 0.5669262 -0.13397661 0.7618116 -0.28335157
9943908.413349515 -1.1534407 -0.5150528 0.35935384 0.5634709 -0.13396092 0.7639534 -0.28448263
9957231.413349515 -1.1443768 -0.5129271 0.35481095 0.56099737 -0.13511677 0.76499295 -0.28602678
9970509.413349515 -1.140274 -0.5148435 0.34489393 0.5592035 -0.13695803 0.76538485 -0.28761077
9983809.413349515 -1.1354941 -0.51571494 0.33134848 0.55769897 -0.13705947 0.7663383 -0.2879448
9997229.413349515 -1.1278197 -0.5139495 0.32443345 0.5561931 -0.13817108 0.7668758 -0.28889355
10010446.413349515 -1.1264234 -0.5184338 0.3132401 0.5543308 -0.13846196 0.7677839 -0.28992003
10023812.413349515 -1.1215923 -0.51890504 0.30304658 0.5519424 -0.13820036 0.7695231 -0.2899905
10037263.413349515 -1.1170241 -0.5208293 0.29165012 0.54951876 -0.13726993 0.7716479 -0.2893884
10050419.413349515 -1.1124957 -0.5189388 0.28446186 0.5472972 -0.13660607 0.7735929 -0.2887192
10063850.413349515 -1.1065563 -0.51983035 0.27456576 0.5447119 -0.13617921 0.7756996 -0.2881569
10077319.413349515 -1.1020432 -0.5221107 0.2677219 0.54232 -0.13609774 0.7775392 -0.2877487
10090583.413349515 -1.095646 -0.52163374 0.25975484 0.5402591 -0.1360631 0.77920693 -0.28712994
10103854.413349515 -1.0908695 -0.52338535 0.2492817 0.53795755 -0.13652554 0.7809467 -0.2865044
10117246.413349515 -1.0882598 -0.5249679 0.23924577 0.5358433 -0.13660927 0.7827514 -0.2854998
10130703.413349515 -1.0769396 -0.521641 0.22840631 0.5339066 -0.13628136 0.78473204 -0.28384313
10143821.413349515 -1.0741433 -0.5224464 0.21941113 0.53219086 -0.13751331 0.78589547 -0.28325146
10157221.413349515 -1.0721214 -0.5256071 0.20566535 0.5304175 -0.13815674 0.7874083 -0.2820607
10170530.413349515 -1.0606508 -0.5221203 0.20290655 0.52921623 -0.14100493 0.78773576 -0.28199333
10183884.413349515 -1.055054 -0.51991403 0.19457233 0.5283857 -0.14208892 0.7888102 -0.27999616
10197363.413349515 -1.0543883 -0.5244875 0.18531191 0.52751654 -0.14313507 0.7897884 -0.27833968
10210571.413349515 -1.04613 -0.5256327 0.17415905 0.52668434 -0.14336379 0.7910165 -0.27630305
10223975.413349515 -1.0425133 -0.52835256 0.16196185 0.52528524 -0.14452432 0.7923578 -0.27451286
10237217.413349515 -1.0344051 -0.5210621 0.15590781 0.5242366 -0.14766446 0.7931861 -0.27244645
10250707.413349515 -1.0251209 -0.52320755 0.14849705 0.52262264 -0.14885204 0.7944903 -0.2710976
10263926.413349515 -1.0234777 -0.5298231 0.13380814 0.52003324 -0.14934385 0.79667574 -0.26938757
10277299.413349515 -1.0188259 -0.52275205 0.12728047 0.51839906 -0.15258795 0.79774916 -0.26753622
10290764.413349515 -1.0038208 -0.5168828 0.11982006 0.5169534 -0.15480667 0.79882044 -0.26585722
10304019.413349515 -1.0002205 -0.5153198 0.11081767 0.5154361 -0.15675539 0.7999926 -0.26413098
10317463.413349515 -0.99647695 -0.5135944 0.10183644 0.51371545 -0.15911934 0.8011141 -0.26266667
10330583.413349515 -0.9927328 -0.51852465 0.09022635 0.5109068 -0.16058344 0.8028103 -0.26207417
10343973.413349515 -0.9916426 -0.52420235 0.06974304 0.50713605 -0.1619726 0.8053783 -0.26066002
10357709.413349515 -0.98426557 -0.51750493 0.06833702 0.5054346 -0.16507933 0.8058335 -0.2606092
10370652.413349515 -0.9715382 -0.51616263 0.059885442 0.5023151 -0.16686893 0.80737936 -0.26071608
10384082.413349515 -0.9693091 -0.5172751 0.050819457 0.49935812 -0.16956662 0.80847925 -0.2612471
10397381.413349515 -0.9614499 -0.5139791 0.045574665 0.49655387 -0.17240989 0.8096131 -0.26121956
10410591.413349515 -0.953622 -0.5103915 0.037332475 0.49371153 -0.17508824 0.81066686 -0.26155755
10424286.413349515 -0.9496682 -0.5125264 0.021899164 0.4897392 -0.17638567 0.8127432 -0.26171017
10437295.413349515 -0.9432944 -0.5100869 0.019131541 0.48713475 -0.17968054 0.8130479 -0.2633778
10450639.413349515 -0.93818176 -0.5093061 0.0032744408 0.4832352 -0.18066382 0.81521916 -0.26317686
10464004.413349515 -0.93195987 -0.50900793 -0.007384777 0.47971308 -0.18333729 0.81630254 -0.26441073
10477456.413349515 -0.9260686 -0.5100259 -0.018450022 0.47637197 -0.18610205 0.8173489 -0.26528585
10490602.413349515 -0.91749614 -0.5059042 -0.027702749 0.47401938 -0.18891306 0.8181208 -0.26513377
10504016.413349515 -0.91133296 -0.50685257 -0.038122594 0.47145674 -0.19134763 0.81919223 -0.26464838
10517330.413349515 -0.9057418 -0.5079057 -0.050128877 0.468836 -0.19379608 0.82053524 -0.26335883
10530791.413349515 -0.8981139 -0.5051285 -0.06074989 0.4664321 -0.19615029 0.8217835 -0.2619889
10544237.413349515 -0.891862 -0.5052 -0.0709483 0.4634806 -0.1988242 0.823222 -0.26069215
10557768.413349515 -0.88256896 -0.5025315 -0.076482415 0.4602297 -0.20092724 0.82503325 -0.2591081
10570715.413349515 -0.87770677 -0.5046935 -0.0843606 0.45561406 -0.2027566 0.8276378 -0.2575294
10584160.413349515 -0.8696134 -0.5039632 -0.09284395 0.4494174 -0.20406924 0.8314356 -0.2551365
10597351.413349515 -0.8680996 -0.5066552 -0.107231915 0.44300023 -0.20548977 0.83553714 -0.25179848
10610925.413349515 -0.8637945 -0.50950027 -0.11911905 0.4376875 -0.20636812 0.83927286 -0.24791723
10624210.413349515 -0.8508443 -0.5047785 -0.13006806 0.43363595 -0.20822003 0.84201854 -0.24414977
10637420.413349515 -0.8457284 -0.50273836 -0.13604623 0.43128407 -0.2109099 0.8431609 -0.24205536
10650902.413349515 -0.8364031 -0.49874464 -0.14510402 0.42871314 -0.2129165 0.84458625 -0.23988692
10664055.413349515 -0.8318283 -0.5002353 -0.15507618 0.42576626 -0.21311887 0.8465325 -0.23808855
10677462.413349515 -0.8225686 -0.4997344 -0.16610649 0.4219434 -0.21284568 0.8491932 -0.23565088
10690713.413349515 -0.81656855 -0.50062627 -0.16941717 0.41778085 -0.21398397 0.8512612 -0.23457287
10704082.413349515 -0.80931056 -0.5007096 -0.17999643 0.41322365 -0.21294056 0.8546112 -0.23139198
10717867.413349515 -0.8017248 -0.49788284 -0.18634713 0.4094614 -0.2130074 0.85746205 -0.22743806
10731071.413349515 -0.7912021 -0.4947366 -0.1871627 0.4061269 -0.21382014 0.859702 -0.22417496
10744208.413349515 -0.7837459 -0.49154508 -0.1935119 0.40196967 -0.21346034 0.8629398 -0.21952236
10758033.413349515 -0.7758735 -0.49211124 -0.21216229 0.3968276 -0.21035367 0.8676741 -0.21312182
10770924.413349515 -0.77434325 -0.49576646 -0.21753001 0.3937818 -0.20981032 0.8700223 -0.20970654
10784296.413349515 -0.76105297 -0.49333578 -0.22592661 0.38992745 -0.21059833 0.8726183 -0.20528603
10797508.413349515 -0.75580156 -0.48536998 -0.2335597 0.3878494 -0.21109053 0.8745172 -0.20058264
10810913.413349515 -0.74771273 -0.4806463 -0.24528685 0.38576448 -0.2103906 0.8766695 -0.19588813
10824273.413349515 -0.7371629 -0.471524 -0.25208116 0.38489848 -0.21023497 0.878015 -0.19168755
10837475.413349515 -0.7308232 -0.47124106 -0.26345357 0.3827985 -0.20937404 0.8797374 -0.18891804
10850876.413349515 -0.71962535 -0.46912017 -0.26780227 0.3804569 -0.20967196 0.88096917 -0.18757302
10864267.413349515 -0.7089531 -0.46319404 -0.26840806 0.37765825 -0.21248184 0.8815478 -0.18734783
10877496.413349515 -0.7057672 -0.46437597 -0.28269765 0.37402695 -0.21258275 0.8833022 -0.18625186
10890881.413349515 -0.70016867 -0.46033698 -0.29502535 0.3697931 -0.2135946 0.88503796 -0.18530609
10904097.413349515 -0.6934678 -0.457321 -0.2923302 0.36518133 -0.21716146 0.88605624 -0.18544
10917539.413349515 -0.68245655 -0.44839287 -0.29608977 0.36109698 -0.22026256 0.887319 -0.18373428
10931097.413349515 -0.67444074 -0.4434024 -0.3018084 0.3570637 -0.22365978 0.8883949 -0.1823085
10944716.413349515 -0.6671135 -0.43891078 -0.30822593 0.353864 -0.22654687 0.8891499 -0.18129896
10957947.413349515 -0.6576147 -0.42947578 -0.31134015 0.35178202 -0.22860232 0.88981533 -0.17949697
10970920.413349515 -0.6480308 -0.4237512 -0.3180305 0.3492803 -0.22863185 0.8909798 -0.17856573
10984166.413349515 -0.639547 -0.41254568 -0.32156742 0.3462904 -0.22882453 0.89219564 -0.1780713
10997543.413349515 -0.62896776 -0.40441576 -0.32452127 0.34302714 -0.22586198 0.8941592 -0.17832008
11010806.413349515 -0.6186515 -0.39244998 -0.32495984 0.34034243 -0.22185469 0.89611727 -0.1786659
11024244.413349515 -0.6089989 -0.38536036 -0.33190683 0.33704427 -0.21869245 0.8979696 -0.17951442
11037591.413349515 -0.59665227 -0.37370953 -0.3288579 0.33517084 -0.2165043 0.899038 -0.18032508
11050912.413349515 -0.58588135 -0.3634023 -0.33021635 0.33344847 -0.21356253 0.9003166 -0.18064678
11064217.413349515 -0.5779495 -0.35439444 -0.3329246 0.33147287 -0.21114282 0.9015305 -0.1810727
11077494.413349515 -0.56588167 -0.34486973 -0.3325783 0.32933798 -0.2093394 0.9026431 -0.18151847
11090851.413349515 -0.5595126 -0.33445233 -0.3387316 0.32725787 -0.20619266 0.90430415 -0.18061244
11104498.413349515 -0.5502762 -0.32531622 -0.3414935 0.3248216 -0.2031349 0.90601563 -0.17989686
11117507.413349515 -0.53946966 -0.31576794 -0.34052968 0.32256997 -0.19926193 0.90793157 -0.17861551
11130827.413349515 -0.53236127 -0.30407786 -0.33763695 0.32002732 -0.19640532 0.9096931 -0.17738621
11144270.413349515 -0.5250617 -0.2965095 -0.3372226 0.31689036 -0.19328254 0.91168106 -0.17623878
11157601.413349515 -0.5134683 -0.28517178 -0.3342361 0.31372216 -0.18811774 0.91442037 -0.17327891
11170859.413349515 -0.50421643 -0.2711741 -0.33342692 0.3096996 -0.18423182 0.91723883 -0.16975786
11184375.413349515 -0.49600333 -0.25984 -0.33161592 0.30593506 -0.1804494 0.91989535 -0.16623588
11197515.413349515 -0.48390192 -0.25016385 -0.32790783 0.3029906 -0.17621632 0.9223365 -0.16260344
11210806.413349515 -0.47702152 -0.23934466 -0.3215296 0.30119023 -0.17372847 0.92392874 -0.15955766
11224185.413349515 -0.47258464 -0.2334975 -0.32228053 0.29903013 -0.17105307 0.9256069 -0.1567599
11237784.413349515 -0.46105334 -0.22293276 -0.31644583 0.29671514 -0.16763112 0.9275785 -0.15316027
11250910.413349515 -0.45422363 -0.2116828 -0.31166893 0.29392132 -0.16310766 0.92991334 -0.14922288
11264423.413349515 -0.446656 -0.2015277 -0.31016085 0.2899029 -0.15751438 0.93287736 -0.14451775
11277717.413349515 -0.43894866 -0.19356082 -0.307231 0.28587878 -0.15239546 0.9356326 -0.1401449
11290966.413349515 -0.43425187 -0.18491676 -0.30610016 0.28233078 -0.14788544 0.93804586 -0.13597536
11304239.413349515 -0.42762232 -0.17679824 -0.30633062 0.27970436 -0.1432852 0.9402783 -0.13081178
11317562.413349515 -0.41825524 -0.16761833 -0.29833254 0.27779785 -0.14038867 0.94185054 -0.12663732
11330856.413349515 -0.41400963 -0.15731451 -0.29105675 0.27624348 -0.13698289 0.9433882 -0.12224525
11344183.413349515 -0.40637994 -0.1479323 -0.2875457 0.27280912 -0.13388631 0.94549406 -0.11700724
11357812.413349515 -0.39662892 -0.1412543 -0.28008318 0.2695424 -0.12977806 0.94759685 -0.112092935
11371547.413349515 -0.3940342 -0.13452291 -0.27720147 0.26604337 -0.12569554 0.9498009 -0.106301114
11384553.413349515 -0.38746315 -0.12446898 -0.27430224 0.26345026 -0.121329024 0.95194083 -0.09839736
11397770.413349515 -0.38102058 -0.117244884 -0.26878354 0.26050738 -0.118603565 0.9537356 -0.091964975
11411047.413349515 -0.3761903 -0.11097716 -0.26276228 0.25768852 -0.114740156 0.9556171 -0.085014254
11424412.413349515 -0.37224597 -0.10431194 -0.25599748 0.25454938 -0.11232393 0.9572723 -0.07885234
11437642.413349515 -0.36630496 -0.09704588 -0.24936023 0.25061616 -0.1079003 0.9593243 -0.07242966
11451169.413349515 -0.3626175 -0.091961175 -0.24185266 0.24612202 -0.103496775 0.9613908 -0.06663418
11464447.413349515 -0.35665917 -0.082161084 -0.2320032 0.24158731 -0.09908775 0.9634282 -0.060194183
11477649.413349515 -0.35325074 -0.075828046 -0.22852024 0.2366697 -0.0959522 0.96532947 -0.054034155
11491039.413349515 -0.35087088 -0.07171866 -0.21911463 0.23110265 -0.09251593 0.96724486 -0.04969772
11504462.413349515 -0.3473724 -0.0647696 -0.21142095 0.22423097 -0.08933661 0.96939677 -0.044826902
11517731.413349515 -0.34496272 -0.057993982 -0.20465378 0.216375 -0.08525159 0.9717377 -0.040495906
11531140.413349515 -0.3433569 -0.05328677 -0.19991097 0.20668921 -0.078667544 0.97455627 -0.03648652
11544432.413349515 -0.34267408 -0.048567094 -0.19090186 0.19785717 -0.07578433 0.97669643 -0.03425437
11557703.413349515 -0.3385275 -0.042640615 -0.18713759 0.18826197 -0.07027491 0.9791096 -0.031036975
11571045.413349515 -0.33527675 -0.036638673 -0.17507263 0.18036458 -0.06856288 0.9807378 -0.03035147
11584595.413349515 -0.33424142 -0.033303194 -0.16970524 0.17263675 -0.06675313 0.9822793 -0.029463045
11597726.413349515 -0.33259007 -0.027046843 -0.16060348 0.16625163 -0.06630649 0.9834512 -0.028066924
11611088.413349515 -0.33329403 -0.020704363 -0.15799305 0.15861095 -0.065213054 0.98487055 -0.024897521
11624376.413349515 -0.33080295 -0.011597808 -0.14833745 0.15038882 -0.06423382 0.986325 -0.020499054
11637822.413349515 -0.32904148 -0.006340657 -0.13918537 0.14144792 -0.062586926 0.9878179 -0.017068274
11651069.413349515 -0.3299279 -0.003604719 -0.13289432 0.13234341 -0.060523927 0.98926306 -0.013446947
11664389.413349515 -0.32969877 0.0009134351 -0.12547171 0.123549536 -0.05832909 0.9905847 -0.008684385
11677723.413349515 -0.329457 0.006264126 -0.11442546 0.116034605 -0.055163722 0.9917069 -0.0032389625
11691067.413349515 -0.32889524 0.009945964 -0.10621084 0.107985534 -0.05201273 0.992788 0.002404161
11704462.413349515 -0.33043545 0.0133478 -0.102123655 0.1011072 -0.048517868 0.9936585 0.008142074
11717824.413349515 -0.3327379 0.01600038 -0.094154336 0.09347924 -0.04455244 0.9945283 0.013792255
11731099.413349515 -0.33322012 0.01917432 -0.086377464 0.08532137 -0.040379696 0.9953378 0.019809967
11744407.413349515 -0.33457327 0.02013933 -0.08162886 0.0784958 -0.03495837 0.9959753 0.02548606
11757778.413349515 -0.3364191 0.023647904 -0.072946034 0.0735072 -0.029156096 0.9963525 0.032069985
11771078.413349515 -0.33614266 0.02585473 -0.06765013 0.06922439 -0.023039797 0.9965892 0.03856397
11784438.413349515 -0.34072852 0.028623587 -0.0592791 0.06619729 -0.017384466 0.996681 0.044076752
11797901.413349515 -0.3421727 0.029928062 -0.052279353 0.061952524 -0.009235696 0.9968218 0.049223263
11811278.413349515 -0.343489 0.032492176 -0.050035775 0.058044136 -0.002579455 0.996788 0.055116396
11824567.413349515 -0.3476904 0.032848563 -0.038835097 0.056956835 0.0028054502 0.99667734 0.05815779
11837721.413349515 -0.34680718 0.032891627 -0.032206167 0.05807113 0.0093391305 0.99638164 0.061352607
11851115.413349515 -0.35122758 0.034912046 -0.024551857 0.06130546 0.017423507 0.9957804 0.06602663
11864524.413349515 -0.35206664 0.03595812 -0.018225702 0.06307499 0.024085505 0.995311 0.06926316
11877835.413349515 -0.35296386 0.03769529 -0.008187564 0.06671964 0.033614747 0.9944638 0.0738946
11891229.413349515 -0.35448498 0.0361657 -0.011002722 0.07049258 0.043919835 0.9935171 0.07762511
11904634.413349515 -0.35502225 0.03956823 0.00046908692 0.07480353 0.053134385 0.9923921 0.08209197
11917901.413349515 -0.35370147 0.037537154 0.013041725 0.0799782 0.06119327 0.9913142 0.08458801
11931155.413349515 -0.35419676 0.040627535 0.022347664 0.08376482 0.07050982 0.9900441 0.08845703
11944703.413349515 -0.36046553 0.03863411 0.016470997 0.08743716 0.08045089 0.9887051 0.0913492
11957883.413349515 -0.35864747 0.04054696 0.026020484 0.0935755 0.08991649 0.986889 0.095962964
11971217.413349515 -0.35627365 0.041363675 0.03490596 0.100784734 0.0999538 0.9848006 0.100097574
11984558.413349515 -0.35729685 0.037246637 0.036414184 0.105782084 0.1127044 0.9826372 0.10262561
11997837.413349515 -0.35849628 0.0356132 0.033650585 0.11007172 0.12597556 0.9802355 0.10560625
12011179.413349515 -0.36263585 0.032565273 0.034900386 0.11408794 0.13812831 0.9777929 0.10874537
12024440.413349515 -0.35675037 0.034519106 0.046510752 0.114436656 0.15375994 0.9749231 0.11308026
12037799.413349515 -0.32988855 -0.0062410403 -0.0060705654 0.11399433 0.16975492 0.9724778 0.111694284
12051111.413349515 -0.32982168 -0.0073107593 -0.00385583 0.116131745 0.1862454 0.9688755 0.1144829
12064518.413349515 -0.3300076 -0.010190386 -0.0017538432 0.11861326 0.19997947 0.96560407 0.11639572
12077819.413349515 -0.32873738 -0.012307159 -6.273715e-05 0.12101971 0.21401408 0.9620688 0.11821954
12091251.413349515 -0.32773536 -0.013283927 -0.0011037856 0.12406015 0.22690709 0.9586578 0.118733495
12104507.413349515 -0.32704052 -0.014548246 0.0011796299 0.12671335 0.23917082 0.95529747 0.11894464
12117973.413349515 -0.325675 -0.018148694 -0.00092280447 0.12805179 0.2532055 0.9516631 0.11758887
12131313.413349515 -0.32263395 -0.018970352 0.0020834152 0.12859455 0.26550233 0.9483875 0.11633202
12144561.413349515 -0.31922418 -0.021012342 0.0047579254 0.12840956 0.27855736 0.9448934 0.11442575
12158235.413349515 -0.3189184 -0.02246608 0.0019007435 0.12858443 0.29437163 0.94047195 0.111013345
12171394.413349515 -0.31447086 -0.021985425 0.004484145 0.12844168 0.3032082 0.9379958 0.10831198
12184513.413349515 -0.3107967 -0.020310799 0.011533938 0.12754577 0.31913367 0.9329877 0.106863394
12198163.413349515 -0.3038425 -0.02182651 0.017044451 0.12657727 0.3335376 0.9285683 0.10242967
12211175.413349515 -0.30066758 -0.018221296 0.021309705 0.12725708 0.3443905 0.92477065 0.100000516
12224665.413349515 -0.29628628 -0.0154350065 0.027006999 0.12536092 0.36008134 0.9192507 0.098001525
12237864.413349515 -0.29087228 -0.014327511 0.035661496 0.12314871 0.37574658 0.9135729 0.09504497
12251220.413349515 -0.28901803 -0.011316188 0.04617524 0.12135882 0.3866052 0.90934837 0.09430834
12264512.413349515 -0.28869215 -0.013244182 0.051560506 0.1221493 0.4037092 0.9020369 0.09180383
12277860.413349515 -0.28519586 -0.015190214 0.05447817 0.122487515 0.4148638 0.897342 0.08753412
12291164.413349515 -0.28376085 -0.011492893 0.05582268 0.12538072 0.42533737 0.8923466 0.0841743
12304683.413349515 -0.27889803 -0.009997711 0.061669003 0.12527788 0.43271923 0.88917416 0.08018031
12318151.413349515 -0.2789383 -0.005464554 0.07624464 0.13080853 0.4069006 0.9000396 0.085145645
12331476.413349515 -0.27864027 -0.005421847 0.076270215 0.13076732 0.41656083 0.8957945 0.083242625
12344794.413349515 -0.2787031 -0.0057270452 0.076010495 0.13153397 0.424707 0.89196813 0.08194923
12358210.413349515 -0.2782762 -0.005726911 0.07586075 0.1311559 0.42987648 0.8895529 0.08185388
12371267.413349515 -0.2781001 -0.005953692 0.075010434 0.13015045 0.43078 0.8893837 0.080537125
12384650.413349515 -0.27746436 -0.006319657 0.07500076 0.12988767 0.42942163 0.890104 0.08025706
12398094.413349515 -0.27689606 -0.005945392 0.075282395 0.12865345 0.42405158 0.8928277 0.08054364
12411414.413349515 -0.27692148 -0.0060159415 0.07504465 0.12877618 0.4118105 0.8985831 0.0798578
12424587.413349515 -0.2779344 -0.0056044087 0.075061165 0.13168699 0.39633116 0.90497404 0.08125463
12438136.413349515 -0.27844405 -0.0063887425 0.073971115 0.13359106 0.38088167 0.9114504 0.079629675
12451349.413349515 -0.2789116 -0.0074194856 0.072256185 0.13398291 0.3623118 0.9192285 0.07614302
12464767.413349515 -0.2771135 -0.006822396 0.07195515 0.12752445 0.35423893 0.9232405 0.07667639
12478056.413349515 -0.27694488 -0.0058708973 0.074312516 0.12884018 0.3355234 0.929753 0.07989767
12491389.413349515 -0.27793485 -0.006088771 0.074873984 0.13410863 0.3074506 0.9388673 0.07757082
12504589.413349515 -0.2788653 -0.005572697 0.075375594 0.13496955 0.28114682 0.94713986 0.075271815
12518173.413349515 -0.28034437 -0.0056491066 0.078341626 0.13892235 0.2684144 0.9500401 0.07796298
12531310.413349515 -0.28301167 -0.005680777 0.076783545 0.14244345 0.25714025 0.9525248 0.07928105
12544640.413349515 -0.28822592 -0.003968902 0.07581869 0.15196116 0.23671718 0.95609915 0.08214159
12558026.413349515 -0.29410994 -0.0019367188 0.077272505 0.16182454 0.22040674 0.9580422 0.08595879
12571391.413349515 -0.29716426 -0.0013809558 0.08242992 0.16245158 0.21204376 0.95969117 0.08740604
12584708.413349515 -0.30200315 0.0015811231 0.080415286 0.15796742 0.20223634 0.96259403 0.08694631
12598060.413349515 -0.30576614 0.0047331154 0.080520496 0.15587424 0.17967787 0.9677469 0.082976736
12611371.413349515 -0.30651516 0.002001457 0.08867718 0.15959968 0.15177003 0.972566 0.07489537
12624803.413349515 -0.30379176 0.0027251085 0.08795847 0.15520534 0.1289669 0.9768921 0.07043282
12638111.413349515 -0.30594233 0.0065261154 0.08834056 0.14966556 0.11289346 0.97971165 0.070855066
12651444.413349515 -0.30014735 0.01069401 0.085793026 0.1369798 0.09387569 0.98374885 0.068280354
12664908.413349515 -0.2928745 0.013770962 0.08390317 0.12296366 0.07614274 0.9874931 0.062766664
12678103.413349515 -0.28841552 0.013126736 0.0905787 0.11534769 0.05874461 0.98968434 0.06139183
12691559.413349515 -0.28962895 0.014388312 0.08966714 0.11164799 0.037404966 0.991377 0.057509582
12704805.413349515 -0.20830241 -0.033000775 -0.01570569 0.065822996 0.10754474 0.9912244 0.039695863
12718036.413349515 -0.2130824 -0.028952109 -0.016908297 0.06398384 0.0894322 0.99321276 0.0379003
12731409.413349515 -0.21841295 -0.026007319 -0.012688741 0.062383674 0.07205226 0.9948558 0.034332097
12744776.413349515 -0.23521036 -0.018588865 -0.008248558 0.06431019 0.057148527 0.9957639 0.03244339
12758209.413349515 -0.24835174 -0.010717646 -0.012385008 0.06572223 0.04278769 0.9964678 0.030029207
12771644.413349515 -0.25217867 -0.0036305573 -0.0085604 0.0647922 0.024249796 0.99726105 0.026160732
12784927.413349515 -0.25715587 -0.0009936502 -0.00876224 0.06261249 0.00967772 0.9977784 0.020598855
12798211.413349515 -0.27486575 -0.0033060699 -0.011437543 0.064096205 -0.0029172369 0.9978245 0.015150436
12811415.413349515 -0.2867888 0.009058243 -0.007825481 0.06552758 -0.013429254 0.99767345 0.013176127
12824750.413349515 -0.2890106 0.017529177 -0.01385083 0.061534785 -0.02694998 0.99770224 0.008799719
12838030.413349515 -0.31247205 0.014988133 -0.018517004 0.058512613 -0.03438327 0.997694 0.0008991661
12851501.413349515 -0.33225587 0.012539203 -0.012908389 0.04792341 -0.044763766 0.99781334 -0.008260787
12864812.413349515 -0.28499547 0.0037518372 0.017736306 0.040196773 -0.052853554 0.99769807 -0.013762812
12878088.413349515 -0.2657984 -0.0084247105 0.027734065 0.037103493 -0.056941286 0.9975094 -0.018867878
12891638.413349515 -0.24825405 -0.01827647 0.041562833 0.03285353 -0.060279902 0.9973426 -0.024388887
12904881.413349515 -0.20438984 -0.017364644 0.11142111 0.029389447 -0.0671225 0.9968498 -0.030353611
12918211.413349515 -0.15731552 -0.0048026503 0.17267817 0.024901533 -0.07191728 0.99652433 -0.033869807
12931450.413349515 -0.12921354 -0.002912233 0.18424238 0.020459276 -0.0701504 0.9964989 -0.04062528
12944956.413349515 -0.10413681 -0.01039119 0.20534216 0.016424866 -0.07118718 0.996186 -0.04770809
12958284.413349515 -0.13674164 -0.05091789 -0.0181732 0.010850088 -0.06896244 0.9960473 -0.054921176
12972179.413349515 -0.13257523 -0.053704526 -0.023469647 0.008692102 -0.06792621 0.9957264 -0.061963793
12985111.413349515 -0.12946454 -0.056086756 -0.027232118 0.0069665792 -0.06823219 0.99533665 -0.067830086
